./input/BaseInstances/2M1_n=130,r=0.5,t=224,v0.txt;./input/Processed/ToolSetInt.csv
7;720;1440
Machine: 0
74;0;0;166;0;0,24,25,26,27,34,35,36,37,38,39,63,64,69,70,71,72,73,74,75,76,77,78,79,80,81,82,83,84,85,86,87,88,89,90,91,92,111,134,138,141,142,143,144,145,146,147,175,180,181,182,183,184,185,186,187,188,189,190,191,192,193,194,195,196,197,198,199,200,201,202,205,206,207,208,209,210,211,212,213,
31;0;166;342;0;0,24,25,26,27,34,35,36,37,38,39,63,64,69,70,71,72,73,74,75,76,77,78,79,80,81,82,83,84,85,86,87,88,89,90,91,92,111,134,138,141,142,143,144,145,146,147,175,180,181,182,183,184,185,186,187,188,189,190,191,192,193,194,195,196,197,198,199,200,201,202,205,206,207,208,209,210,211,212,213,
31;1;342;370;0;0,24,25,26,27,34,35,36,37,38,39,63,64,69,70,71,72,73,74,75,76,77,78,79,80,81,82,83,84,85,86,87,88,89,90,91,92,111,134,138,141,142,143,144,145,146,147,175,180,181,182,183,184,185,186,187,188,189,190,191,192,193,194,195,196,197,198,199,200,201,202,205,206,207,208,209,210,211,212,213,
61;0;370;524;1;0,24,25,26,27,34,35,36,37,38,39,63,64,69,70,71,72,73,74,75,76,77,78,79,80,81,82,83,84,85,86,87,88,89,90,91,92,111,134,138,141,142,143,144,145,146,147,175,180,181,182,183,184,185,186,187,188,189,190,191,192,193,194,195,196,197,198,199,200,201,202,205,206,207,208,209,210,211,212,213,
61;1;524;565;1;0,24,25,26,27,34,35,36,37,38,39,63,64,69,70,71,72,73,74,75,76,77,78,79,80,81,82,83,84,85,86,87,88,89,90,91,92,111,134,138,141,142,143,144,145,146,147,175,180,181,182,183,184,185,186,187,188,189,190,191,192,193,194,195,196,197,198,199,200,201,202,205,206,207,208,209,210,211,212,213,
35;0;565;569;0;0,24,25,26,27,34,35,36,37,38,39,63,64,69,70,71,72,73,74,75,76,77,78,79,80,81,82,83,84,85,86,87,88,89,90,91,92,111,134,138,141,142,143,144,145,146,147,175,180,181,182,183,184,185,186,187,188,189,190,191,192,193,194,195,196,197,198,199,200,201,202,205,206,207,208,209,210,211,212,213,
35;1;569;661;0;0,24,25,26,27,34,35,36,37,38,39,63,64,69,70,71,72,73,74,75,76,77,78,79,80,81,82,83,84,85,86,87,88,89,90,91,92,111,134,138,141,142,143,144,145,146,147,175,180,181,182,183,184,185,186,187,188,189,190,191,192,193,194,195,196,197,198,199,200,201,202,205,206,207,208,209,210,211,212,213,
32;0;661;829;1;0,24,25,26,27,34,35,36,37,38,39,63,64,69,70,71,72,73,74,75,76,77,78,79,80,81,82,83,84,85,86,87,88,89,90,91,92,111,134,138,141,142,143,144,145,146,147,175,180,181,182,183,184,185,186,187,188,189,190,191,192,193,194,195,196,197,198,199,200,201,202,205,206,207,208,209,210,211,212,213,
49;0;829;856;1;0,24,25,26,27,34,35,36,37,38,39,63,64,69,70,71,72,73,74,75,76,77,78,79,80,81,82,83,84,85,86,87,88,89,90,91,92,111,134,138,141,142,143,144,145,146,147,175,180,181,182,183,184,185,186,187,188,189,190,191,192,193,194,195,196,197,198,199,200,201,202,205,206,207,208,209,210,211,212,213,
49;1;856;860;1;0,24,25,26,27,34,35,36,37,38,39,63,64,69,70,71,72,73,74,75,76,77,78,79,80,81,82,83,84,85,86,87,88,89,90,91,92,111,134,138,141,142,143,144,145,146,147,175,180,181,182,183,184,185,186,187,188,189,190,191,192,193,194,195,196,197,198,199,200,201,202,205,206,207,208,209,210,211,212,213,
85;0;860;896;1;0,24,25,26,27,34,35,36,37,38,39,63,64,69,70,71,72,73,74,75,76,77,78,79,80,81,82,83,84,85,86,87,88,89,90,91,92,111,134,138,141,142,143,144,145,146,147,175,180,181,182,183,184,185,186,187,188,189,190,191,192,193,194,195,196,197,198,199,200,201,202,205,206,207,208,209,210,211,212,213,
85;1;896;937;1;0,24,25,26,27,34,35,36,37,38,39,63,64,69,70,71,72,73,74,75,76,77,78,79,80,81,82,83,84,85,86,87,88,89,90,91,92,111,134,138,141,142,143,144,145,146,147,175,180,181,182,183,184,185,186,187,188,189,190,191,192,193,194,195,196,197,198,199,200,201,202,205,206,207,208,209,210,211,212,213,
39;0;937;1016;0;0,24,25,26,27,34,35,36,37,38,39,63,64,69,70,71,72,73,74,75,76,77,78,79,80,81,82,83,84,85,86,87,88,89,90,91,92,111,134,138,141,142,143,144,145,146,147,175,180,181,182,183,184,185,186,187,188,189,190,191,192,193,194,195,196,197,198,199,200,201,202,205,206,207,208,209,210,211,212,213,
39;1;1016;1174;0;0,24,25,26,27,34,35,36,37,38,39,63,64,69,70,71,72,73,74,75,76,77,78,79,80,81,82,83,84,85,86,87,88,89,90,91,92,111,134,138,141,142,143,144,145,146,147,175,180,181,182,183,184,185,186,187,188,189,190,191,192,193,194,195,196,197,198,199,200,201,202,205,206,207,208,209,210,211,212,213,
28;0;1174;1202;1;0,24,25,26,27,34,35,36,37,38,39,63,64,69,70,71,72,73,74,75,76,77,78,79,80,81,82,83,84,85,86,87,88,89,90,91,92,111,134,138,141,142,143,144,145,146,147,175,180,181,182,183,184,185,186,187,188,189,190,191,192,193,194,195,196,197,198,199,200,201,202,205,206,207,208,209,210,211,212,213,
26;0;1202;1362;0;0,24,25,26,27,34,35,36,37,38,39,63,64,69,70,71,72,73,74,75,76,77,78,79,80,81,82,83,84,85,86,87,88,89,90,91,92,111,134,138,141,142,143,144,145,146,147,175,180,181,182,183,184,185,186,187,188,189,190,191,192,193,194,195,196,197,198,199,200,201,202,205,206,207,208,209,210,211,212,213,
38;0;1362;1520;0;0,24,25,26,27,34,35,36,37,38,39,63,64,69,70,71,72,73,74,75,76,77,78,79,80,81,82,83,84,85,86,87,88,89,90,91,92,111,134,138,141,142,143,144,145,146,147,175,180,181,182,183,184,185,186,187,188,189,190,191,192,193,194,195,196,197,198,199,200,201,202,205,206,207,208,209,210,211,212,213,
64;0;1520;1531;1;0,24,25,26,27,34,35,36,37,38,39,63,64,69,70,71,72,73,74,75,76,77,78,79,80,81,82,83,84,85,86,87,88,89,90,91,92,111,134,138,141,142,143,144,145,146,147,175,180,181,182,183,184,185,186,187,188,189,190,191,192,193,194,195,196,197,198,199,200,201,202,205,206,207,208,209,210,211,212,213,
60;0;1531;1637;1;0,24,25,26,27,34,35,36,37,38,39,63,64,69,70,71,72,73,74,75,76,77,78,79,80,81,82,83,84,85,86,87,88,89,90,91,92,111,134,138,141,142,143,144,145,146,147,175,180,181,182,183,184,185,186,187,188,189,190,191,192,193,194,195,196,197,198,199,200,201,202,205,206,207,208,209,210,211,212,213,
10;0;1637;1671;0;0,24,25,26,27,34,35,36,37,38,39,63,64,69,70,71,72,73,74,75,76,77,78,79,80,81,82,83,84,85,86,87,88,89,90,91,92,111,134,138,141,142,143,144,145,146,147,175,180,181,182,183,184,185,186,187,188,189,190,191,192,193,194,195,196,197,198,199,200,201,202,205,206,207,208,209,210,211,212,213,
77;0;1671;1831;1;0,24,25,26,27,34,35,36,37,38,39,63,64,69,70,71,72,73,74,75,76,77,78,79,80,81,82,83,84,85,86,87,88,89,90,91,92,111,134,138,141,142,143,144,145,146,147,175,180,181,182,183,184,185,186,187,188,189,190,191,192,193,194,195,196,197,198,199,200,201,202,205,206,207,208,209,210,211,212,213,
77;1;1831;1850;1;0,24,25,26,27,34,35,36,37,38,39,63,64,69,70,71,72,73,74,75,76,77,78,79,80,81,82,83,84,85,86,87,88,89,90,91,92,111,134,138,141,142,143,144,145,146,147,175,180,181,182,183,184,185,186,187,188,189,190,191,192,193,194,195,196,197,198,199,200,201,202,205,206,207,208,209,210,211,212,213,
69;0;1850;1929;1;0,24,25,26,27,34,35,36,37,38,39,63,64,69,70,71,72,73,74,75,76,77,78,79,80,81,82,83,84,85,86,87,88,89,90,91,92,111,134,138,141,142,143,144,145,146,147,175,180,181,182,183,184,185,186,187,188,189,190,191,192,193,194,195,196,197,198,199,200,201,202,205,206,207,208,209,210,211,212,213,
69;1;1929;2087;1;0,24,25,26,27,34,35,36,37,38,39,63,64,69,70,71,72,73,74,75,76,77,78,79,80,81,82,83,84,85,86,87,88,89,90,91,92,111,134,138,141,142,143,144,145,146,147,175,180,181,182,183,184,185,186,187,188,189,190,191,192,193,194,195,196,197,198,199,200,201,202,205,206,207,208,209,210,211,212,213,
27;0;2087;2151;0;0,24,25,26,27,34,35,36,37,38,39,63,64,69,70,71,72,73,74,75,76,77,78,79,80,81,82,83,84,85,86,87,88,89,90,91,92,111,134,138,141,142,143,144,145,146,147,175,180,181,182,183,184,185,186,187,188,189,190,191,192,193,194,195,196,197,198,199,200,201,202,205,206,207,208,209,210,211,212,213,
27;1;2151;2325;0;0,24,25,26,27,34,35,36,37,38,39,63,64,69,70,71,72,73,74,75,76,77,78,79,80,81,82,83,84,85,86,87,88,89,90,91,92,111,134,138,141,142,143,144,145,146,147,175,180,181,182,183,184,185,186,187,188,189,190,191,192,193,194,195,196,197,198,199,200,201,202,205,206,207,208,209,210,211,212,213,
41;0;2325;2370;1;0,24,25,26,27,34,35,36,37,38,39,63,64,69,70,71,72,73,74,75,76,77,78,79,80,81,82,83,84,85,86,87,88,89,90,91,92,111,134,138,141,142,143,144,145,146,147,175,180,181,182,183,184,185,186,187,188,189,190,191,192,193,194,195,196,197,198,199,200,201,202,205,206,207,208,209,210,211,212,213,
41;1;2370;2374;1;0,24,25,26,27,34,35,36,37,38,39,63,64,69,70,71,72,73,74,75,76,77,78,79,80,81,82,83,84,85,86,87,88,89,90,91,92,111,134,138,141,142,143,144,145,146,147,175,180,181,182,183,184,185,186,187,188,189,190,191,192,193,194,195,196,197,198,199,200,201,202,205,206,207,208,209,210,211,212,213,
71;0;2374;2542;0;0,24,25,26,27,34,35,36,37,38,39,63,64,69,70,71,72,73,74,75,76,77,78,79,80,81,82,83,84,85,86,87,88,89,90,91,92,111,134,138,141,142,143,144,145,146,147,175,180,181,182,183,184,185,186,187,188,189,190,191,192,193,194,195,196,197,198,199,200,201,202,205,206,207,208,209,210,211,212,213,
71;1;2542;2553;0;0,24,25,26,27,34,35,36,37,38,39,63,64,69,70,71,72,73,74,75,76,77,78,79,80,81,82,83,84,85,86,87,88,89,90,91,92,111,134,138,141,142,143,144,145,146,147,175,180,181,182,183,184,185,186,187,188,189,190,191,192,193,194,195,196,197,198,199,200,201,202,205,206,207,208,209,210,211,212,213,
70;0;2553;2557;0;0,24,25,26,27,34,35,36,37,38,39,63,64,69,70,71,72,73,74,75,76,77,78,79,80,81,82,83,84,85,86,87,88,89,90,91,92,111,134,138,141,142,143,144,145,146,147,175,180,181,182,183,184,185,186,187,188,189,190,191,192,193,194,195,196,197,198,199,200,201,202,205,206,207,208,209,210,211,212,213,
57;0;2557;2632;1;0,24,25,26,27,34,35,36,37,38,39,63,64,69,70,71,72,73,74,75,76,77,78,79,80,81,82,83,84,85,86,87,88,89,90,91,92,111,134,138,141,142,143,144,145,146,147,175,180,181,182,183,184,185,186,187,188,189,190,191,192,193,194,195,196,197,198,199,200,201,202,205,206,207,208,209,210,211,212,213,
57;1;2632;2733;1;0,24,25,26,27,34,35,36,37,38,39,63,64,69,70,71,72,73,74,75,76,77,78,79,80,81,82,83,84,85,86,87,88,89,90,91,92,111,134,138,141,142,143,144,145,146,147,175,180,181,182,183,184,185,186,187,188,189,190,191,192,193,194,195,196,197,198,199,200,201,202,205,206,207,208,209,210,211,212,213,
15;0;2733;2811;0;0,24,25,26,27,34,35,36,37,38,39,63,64,69,70,71,72,73,74,75,76,77,78,79,80,81,82,83,84,85,86,87,88,89,90,91,92,111,134,138,141,142,143,144,145,146,147,175,180,181,182,183,184,185,186,187,188,189,190,191,192,193,194,195,196,197,198,199,200,201,202,205,206,207,208,209,210,211,212,213,
15;1;2811;2949;0;0,24,25,26,27,34,35,36,37,38,39,63,64,69,70,71,72,73,74,75,76,77,78,79,80,81,82,83,84,85,86,87,88,89,90,91,92,111,134,138,141,142,143,144,145,146,147,175,180,181,182,183,184,185,186,187,188,189,190,191,192,193,194,195,196,197,198,199,200,201,202,205,206,207,208,209,210,211,212,213,
53;0;2949;2981;1;0,24,25,26,27,34,35,36,37,38,39,63,64,69,70,71,72,73,74,75,76,77,78,79,80,81,82,83,84,85,86,87,88,89,90,91,92,111,134,138,141,142,143,144,145,146,147,175,180,181,182,183,184,185,186,187,188,189,190,191,192,193,194,195,196,197,198,199,200,201,202,205,206,207,208,209,210,211,212,213,
53;1;2981;3141;1;0,24,25,26,27,34,35,36,37,38,39,63,64,69,70,71,72,73,74,75,76,77,78,79,80,81,82,83,84,85,86,87,88,89,90,91,92,111,134,138,141,142,143,144,145,146,147,175,180,181,182,183,184,185,186,187,188,189,190,191,192,193,194,195,196,197,198,199,200,201,202,205,206,207,208,209,210,211,212,213,
78;0;3141;3242;0;0,24,25,26,27,34,35,36,37,38,39,63,64,69,70,71,72,73,74,75,76,77,78,79,80,81,82,83,84,85,86,87,88,89,90,91,92,111,134,138,141,142,143,144,145,146,147,175,180,181,182,183,184,185,186,187,188,189,190,191,192,193,194,195,196,197,198,199,200,201,202,205,206,207,208,209,210,211,212,213,
72;0;3242;3380;1;0,24,25,26,27,34,35,36,37,38,39,63,64,69,70,71,72,73,74,75,76,77,78,79,80,81,82,83,84,85,86,87,88,89,90,91,92,111,134,138,141,142,143,144,145,146,147,175,180,181,182,183,184,185,186,187,188,189,190,191,192,193,194,195,196,197,198,199,200,201,202,205,206,207,208,209,210,211,212,213,
79;0;3380;3495;0;0,24,25,26,27,34,35,36,37,38,39,63,64,69,70,71,72,73,74,75,76,77,78,79,80,81,82,83,84,85,86,87,88,89,90,91,92,111,134,138,141,142,143,144,145,146,147,175,180,181,182,183,184,185,186,187,188,189,190,191,192,193,194,195,196,197,198,199,200,201,202,205,206,207,208,209,210,211,212,213,
79;1;3495;3663;0;0,24,25,26,27,34,35,36,37,38,39,63,64,69,70,71,72,73,74,75,76,77,78,79,80,81,82,83,84,85,86,87,88,89,90,91,92,111,134,138,141,142,143,144,145,146,147,175,180,181,182,183,184,185,186,187,188,189,190,191,192,193,194,195,196,197,198,199,200,201,202,205,206,207,208,209,210,211,212,213,
12;0;3663;3704;1;0,24,25,26,27,34,35,36,37,38,39,63,64,69,70,71,72,73,74,75,76,77,78,79,80,81,82,83,84,85,86,87,88,89,90,91,92,111,134,138,141,142,143,144,145,146,147,175,180,181,182,183,184,185,186,187,188,189,190,191,192,193,194,195,196,197,198,199,200,201,202,205,206,207,208,209,210,211,212,213,
8;0;3704;3810;1;0,24,25,26,27,34,35,36,37,38,39,63,64,69,70,71,72,73,74,75,76,77,78,79,80,81,82,83,84,85,86,87,88,89,90,91,92,111,134,138,141,142,143,144,145,146,147,175,180,181,182,183,184,185,186,187,188,189,190,191,192,193,194,195,196,197,198,199,200,201,202,205,206,207,208,209,210,211,212,213,
24;0;3810;3911;1;0,24,25,26,27,34,35,36,37,38,39,63,64,69,70,71,72,73,74,75,76,77,78,79,80,81,82,83,84,85,86,87,88,89,90,91,92,111,134,138,141,142,143,144,145,146,147,175,180,181,182,183,184,185,186,187,188,189,190,191,192,193,194,195,196,197,198,199,200,201,202,205,206,207,208,209,210,211,212,213,
73;0;3911;4063;1;0,24,25,26,27,34,35,36,37,38,39,63,64,69,70,71,72,73,74,75,76,77,78,79,80,81,82,83,84,85,86,87,88,89,90,91,92,111,134,138,141,142,143,144,145,146,147,175,180,181,182,183,184,185,186,187,188,189,190,191,192,193,194,195,196,197,198,199,200,201,202,205,206,207,208,209,210,211,212,213,
73;1;4063;4231;1;0,24,25,26,27,34,35,36,37,38,39,63,64,69,70,71,72,73,74,75,76,77,78,79,80,81,82,83,84,85,86,87,88,89,90,91,92,111,134,138,141,142,143,144,145,146,147,175,180,181,182,183,184,185,186,187,188,189,190,191,192,193,194,195,196,197,198,199,200,201,202,205,206,207,208,209,210,211,212,213,
59;0;4231;4363;0;0,24,25,26,27,34,35,36,37,38,39,63,64,69,70,71,72,73,74,75,76,77,78,79,80,81,82,83,84,85,86,87,88,89,90,91,92,111,134,138,141,142,143,144,145,146,147,175,180,181,182,183,184,185,186,187,188,189,190,191,192,193,194,195,196,197,198,199,200,201,202,205,206,207,208,209,210,211,212,213,
59;1;4363;4408;0;0,24,25,26,27,34,35,36,37,38,39,63,64,69,70,71,72,73,74,75,76,77,78,79,80,81,82,83,84,85,86,87,88,89,90,91,92,111,134,138,141,142,143,144,145,146,147,175,180,181,182,183,184,185,186,187,188,189,190,191,192,193,194,195,196,197,198,199,200,201,202,205,206,207,208,209,210,211,212,213,
76;0;4408;4453;1;0,24,25,26,27,34,35,36,37,38,39,63,64,69,70,71,72,73,74,75,76,77,78,79,80,81,82,83,84,85,86,87,88,89,90,91,92,111,134,138,141,142,143,144,145,146,147,175,180,181,182,183,184,185,186,187,188,189,190,191,192,193,194,195,196,197,198,199,200,201,202,205,206,207,208,209,210,211,212,213,
2;0;4453;4464;1;0,24,25,26,27,34,35,36,37,38,39,63,64,69,70,71,72,73,74,75,76,77,78,79,80,81,82,83,84,85,86,87,88,89,90,91,92,111,134,138,141,142,143,144,145,146,147,175,180,181,182,183,184,185,186,187,188,189,190,191,192,193,194,195,196,197,198,199,200,201,202,205,206,207,208,209,210,211,212,213,
52;0;4464;4622;1;0,24,25,26,27,34,35,36,37,38,39,63,64,69,70,71,72,73,74,75,76,77,78,79,80,81,82,83,84,85,86,87,88,89,90,91,92,111,134,138,141,142,143,144,145,146,147,175,180,181,182,183,184,185,186,187,188,189,190,191,192,193,194,195,196,197,198,199,200,201,202,205,206,207,208,209,210,211,212,213,
19;0;4622;4786;0;0,24,25,26,27,34,35,36,37,38,39,63,64,69,70,71,72,73,74,75,76,77,78,79,80,81,82,83,84,85,86,87,88,89,90,91,92,111,134,138,141,142,143,144,145,146,147,175,180,181,182,183,184,185,186,187,188,189,190,191,192,193,194,195,196,197,198,199,200,201,202,205,206,207,208,209,210,211,212,213,
19;1;4786;4797;0;0,24,25,26,27,34,35,36,37,38,39,63,64,69,70,71,72,73,74,75,76,77,78,79,80,81,82,83,84,85,86,87,88,89,90,91,92,111,134,138,141,142,143,144,145,146,147,175,180,181,182,183,184,185,186,187,188,189,190,191,192,193,194,195,196,197,198,199,200,201,202,205,206,207,208,209,210,211,212,213,
3;0;4797;4877;0;0,24,25,26,27,34,35,36,37,38,39,63,64,69,70,71,72,73,74,75,76,77,78,79,80,81,82,83,84,85,86,87,88,89,90,91,92,111,134,138,141,142,143,144,145,146,147,175,180,181,182,183,184,185,186,187,188,189,190,191,192,193,194,195,196,197,198,199,200,201,202,205,206,207,208,209,210,211,212,213,
3;1;4877;4905;0;0,24,25,26,27,34,35,36,37,38,39,63,64,69,70,71,72,73,74,75,76,77,78,79,80,81,82,83,84,85,86,87,88,89,90,91,92,111,134,138,141,142,143,144,145,146,147,175,180,181,182,183,184,185,186,187,188,189,190,191,192,193,194,195,196,197,198,199,200,201,202,205,206,207,208,209,210,211,212,213,
42;0;4905;4946;0;0,24,25,26,27,34,35,36,37,38,39,63,64,69,70,71,72,73,74,75,76,77,78,79,80,81,82,83,84,85,86,87,88,89,90,91,92,111,134,138,141,142,143,144,145,146,147,175,180,181,182,183,184,185,186,187,188,189,190,191,192,193,194,195,196,197,198,199,200,201,202,205,206,207,208,209,210,211,212,213,
1;0;4946;5032;0;0,8,9,10,11,12,13,14,15,16,17,18,19,20,21,22,23,24,34,35,38,39,40,41,42,43,44,45,46,47,48,49,50,51,52,53,54,55,56,57,58,59,60,61,62,63,69,70,72,106,107,134,150,151,152,153,154,155,156,157,158,159,160,161,162,163,164,165,166,167,168,169,170,171,172,173,174,175,176,177,
1;1;5032;5071;0;0,8,9,10,11,12,13,14,15,16,17,18,19,20,21,22,23,24,34,35,38,39,40,41,42,43,44,45,46,47,48,49,50,51,52,53,54,55,56,57,58,59,60,61,62,63,69,70,72,106,107,134,150,151,152,153,154,155,156,157,158,159,160,161,162,163,164,165,166,167,168,169,170,171,172,173,174,175,176,177,
17;0;5071;5220;1;0,8,9,10,11,12,13,14,15,16,17,18,19,20,21,22,23,24,34,35,38,39,40,41,42,43,44,45,46,47,48,49,50,51,52,53,54,55,56,57,58,59,60,61,62,63,69,70,72,106,107,134,150,151,152,153,154,155,156,157,158,159,160,161,162,163,164,165,166,167,168,169,170,171,172,173,174,175,176,177,
17;1;5220;5244;1;0,8,9,10,11,12,13,14,15,16,17,18,19,20,21,22,23,24,34,35,38,39,40,41,42,43,44,45,46,47,48,49,50,51,52,53,54,55,56,57,58,59,60,61,62,63,69,70,72,106,107,134,150,151,152,153,154,155,156,157,158,159,160,161,162,163,164,165,166,167,168,169,170,171,172,173,174,175,176,177,
7;0;5244;5248;0;0,8,9,10,11,12,13,14,15,16,17,18,19,20,21,22,23,24,34,35,38,39,40,41,42,43,44,45,46,47,48,49,50,51,52,53,54,55,56,57,58,59,60,61,62,63,69,70,72,106,107,134,150,151,152,153,154,155,156,157,158,159,160,161,162,163,164,165,166,167,168,169,170,171,172,173,174,175,176,177,
7;1;5248;5293;0;0,8,9,10,11,12,13,14,15,16,17,18,19,20,21,22,23,24,34,35,38,39,40,41,42,43,44,45,46,47,48,49,50,51,52,53,54,55,56,57,58,59,60,61,62,63,69,70,72,106,107,134,150,151,152,153,154,155,156,157,158,159,160,161,162,163,164,165,166,167,168,169,170,171,172,173,174,175,176,177,
23;0;5293;5317;0;0,8,9,10,11,12,13,14,15,16,17,18,19,20,21,22,23,24,34,35,38,39,40,41,42,43,44,45,46,47,48,49,50,51,52,53,54,55,56,57,58,59,60,61,62,63,69,70,72,106,107,134,150,151,152,153,154,155,156,157,158,159,160,161,162,163,164,165,166,167,168,169,170,171,172,173,174,175,176,177,
23;1;5317;5358;0;0,8,9,10,11,12,13,14,15,16,17,18,19,20,21,22,23,24,34,35,38,39,40,41,42,43,44,45,46,47,48,49,50,51,52,53,54,55,56,57,58,59,60,61,62,63,69,70,72,106,107,134,150,151,152,153,154,155,156,157,158,159,160,161,162,163,164,165,166,167,168,169,170,171,172,173,174,175,176,177,
9;0;5358;5427;1;0,8,9,10,11,12,13,14,15,16,17,18,19,20,21,22,23,24,34,35,38,39,40,41,42,43,44,45,46,47,48,49,50,51,52,53,54,55,56,57,58,59,60,61,62,63,69,70,72,106,107,134,150,151,152,153,154,155,156,157,158,159,160,161,162,163,164,165,166,167,168,169,170,171,172,173,174,175,176,177,
9;1;5427;5501;1;0,8,9,10,11,12,13,14,15,16,17,18,19,20,21,22,23,24,34,35,38,39,40,41,42,43,44,45,46,47,48,49,50,51,52,53,54,55,56,57,58,59,60,61,62,63,69,70,72,106,107,134,150,151,152,153,154,155,156,157,158,159,160,161,162,163,164,165,166,167,168,169,170,171,172,173,174,175,176,177,
50;0;5501;5560;0;0,8,9,10,11,12,13,14,15,16,17,18,19,20,21,22,23,24,34,35,38,39,40,41,42,43,44,45,46,47,48,49,50,51,52,53,54,55,56,57,58,59,60,61,62,63,69,70,72,106,107,134,150,151,152,153,154,155,156,157,158,159,160,161,162,163,164,165,166,167,168,169,170,171,172,173,174,175,176,177,
Machine: 1
67;0;0;11;0;0,1,2,3,4,5,6,7,28,29,30,31,32,33,36,37,65,66,67,68,93,94,95,96,97,98,99,100,101,102,103,104,105,108,109,110,111,112,113,114,115,116,117,118,119,120,121,122,123,124,125,126,127,128,129,130,131,132,133,135,136,137,139,140,148,149,178,179,203,204,214,215,216,217,218,219,220,221,222,223,
67;1;11;106;0;0,1,2,3,4,5,6,7,28,29,30,31,32,33,36,37,65,66,67,68,93,94,95,96,97,98,99,100,101,102,103,104,105,108,109,110,111,112,113,114,115,116,117,118,119,120,121,122,123,124,125,126,127,128,129,130,131,132,133,135,136,137,139,140,148,149,178,179,203,204,214,215,216,217,218,219,220,221,222,223,
56;0;106;240;1;0,1,2,3,4,5,6,7,28,29,30,31,32,33,36,37,65,66,67,68,93,94,95,96,97,98,99,100,101,102,103,104,105,108,109,110,111,112,113,114,115,116,117,118,119,120,121,122,123,124,125,126,127,128,129,130,131,132,133,135,136,137,139,140,148,149,178,179,203,204,214,215,216,217,218,219,220,221,222,223,
75;0;240;295;0;0,1,2,3,4,5,6,7,28,29,30,31,32,33,36,37,65,66,67,68,93,94,95,96,97,98,99,100,101,102,103,104,105,108,109,110,111,112,113,114,115,116,117,118,119,120,121,122,123,124,125,126,127,128,129,130,131,132,133,135,136,137,139,140,148,149,178,179,203,204,214,215,216,217,218,219,220,221,222,223,
75;1;295;306;0;0,1,2,3,4,5,6,7,28,29,30,31,32,33,36,37,65,66,67,68,93,94,95,96,97,98,99,100,101,102,103,104,105,108,109,110,111,112,113,114,115,116,117,118,119,120,121,122,123,124,125,126,127,128,129,130,131,132,133,135,136,137,139,140,148,149,178,179,203,204,214,215,216,217,218,219,220,221,222,223,
80;0;306;322;1;0,1,2,3,4,5,6,7,28,29,30,31,32,33,36,37,65,66,67,68,93,94,95,96,97,98,99,100,101,102,103,104,105,108,109,110,111,112,113,114,115,116,117,118,119,120,121,122,123,124,125,126,127,128,129,130,131,132,133,135,136,137,139,140,148,149,178,179,203,204,214,215,216,217,218,219,220,221,222,223,
4;0;322;452;1;0,1,2,3,4,5,6,7,28,29,30,31,32,33,36,37,65,66,67,68,93,94,95,96,97,98,99,100,101,102,103,104,105,108,109,110,111,112,113,114,115,116,117,118,119,120,121,122,123,124,125,126,127,128,129,130,131,132,133,135,136,137,139,140,148,149,178,179,203,204,214,215,216,217,218,219,220,221,222,223,
34;0;452;615;0;0,1,2,3,4,5,6,7,28,29,30,31,32,33,36,37,65,66,67,68,93,94,95,96,97,98,99,100,101,102,103,104,105,108,109,110,111,112,113,114,115,116,117,118,119,120,121,122,123,124,125,126,127,128,129,130,131,132,133,135,136,137,139,140,148,149,178,179,203,204,214,215,216,217,218,219,220,221,222,223,
20;0;615;737;1;0,1,2,3,4,5,6,7,28,29,30,31,32,33,36,37,65,66,67,68,93,94,95,96,97,98,99,100,101,102,103,104,105,108,109,110,111,112,113,114,115,116,117,118,119,120,121,122,123,124,125,126,127,128,129,130,131,132,133,135,136,137,139,140,148,149,178,179,203,204,214,215,216,217,218,219,220,221,222,223,
37;0;737;765;1;0,1,2,3,4,5,6,7,28,29,30,31,32,33,36,37,65,66,67,68,93,94,95,96,97,98,99,100,101,102,103,104,105,108,109,110,111,112,113,114,115,116,117,118,119,120,121,122,123,124,125,126,127,128,129,130,131,132,133,135,136,137,139,140,148,149,178,179,203,204,214,215,216,217,218,219,220,221,222,223,
37;1;765;781;1;0,1,2,3,4,5,6,7,28,29,30,31,32,33,36,37,65,66,67,68,93,94,95,96,97,98,99,100,101,102,103,104,105,108,109,110,111,112,113,114,115,116,117,118,119,120,121,122,123,124,125,126,127,128,129,130,131,132,133,135,136,137,139,140,148,149,178,179,203,204,214,215,216,217,218,219,220,221,222,223,
65;0;781;871;1;0,1,2,3,4,5,6,7,28,29,30,31,32,33,36,37,65,66,67,68,93,94,95,96,97,98,99,100,101,102,103,104,105,108,109,110,111,112,113,114,115,116,117,118,119,120,121,122,123,124,125,126,127,128,129,130,131,132,133,135,136,137,139,140,148,149,178,179,203,204,214,215,216,217,218,219,220,221,222,223,
65;1;871;988;1;0,1,2,3,4,5,6,7,28,29,30,31,32,33,36,37,65,66,67,68,93,94,95,96,97,98,99,100,101,102,103,104,105,108,109,110,111,112,113,114,115,116,117,118,119,120,121,122,123,124,125,126,127,128,129,130,131,132,133,135,136,137,139,140,148,149,178,179,203,204,214,215,216,217,218,219,220,221,222,223,
63;0;988;1068;0;0,1,2,3,4,5,6,7,28,29,30,31,32,33,36,37,65,66,67,68,93,94,95,96,97,98,99,100,101,102,103,104,105,108,109,110,111,112,113,114,115,116,117,118,119,120,121,122,123,124,125,126,127,128,129,130,131,132,133,135,136,137,139,140,148,149,178,179,203,204,214,215,216,217,218,219,220,221,222,223,
63;1;1068;1231;0;0,1,2,3,4,5,6,7,28,29,30,31,32,33,36,37,65,66,67,68,93,94,95,96,97,98,99,100,101,102,103,104,105,108,109,110,111,112,113,114,115,116,117,118,119,120,121,122,123,124,125,126,127,128,129,130,131,132,133,135,136,137,139,140,148,149,178,179,203,204,214,215,216,217,218,219,220,221,222,223,
6;0;1231;1381;0;0,1,2,3,4,5,6,7,28,29,30,31,32,33,36,37,65,66,67,68,93,94,95,96,97,98,99,100,101,102,103,104,105,108,109,110,111,112,113,114,115,116,117,118,119,120,121,122,123,124,125,126,127,128,129,130,131,132,133,135,136,137,139,140,148,149,178,179,203,204,214,215,216,217,218,219,220,221,222,223,
40;0;1381;1494;1;0,1,2,3,4,5,6,7,28,29,30,31,32,33,36,37,65,66,67,68,93,94,95,96,97,98,99,100,101,102,103,104,105,108,109,110,111,112,113,114,115,116,117,118,119,120,121,122,123,124,125,126,127,128,129,130,131,132,133,135,136,137,139,140,148,149,178,179,203,204,214,215,216,217,218,219,220,221,222,223,
48;0;1494;1641;1;0,1,2,3,4,5,6,7,28,29,30,31,32,33,36,37,65,66,67,68,93,94,95,96,97,98,99,100,101,102,103,104,105,108,109,110,111,112,113,114,115,116,117,118,119,120,121,122,123,124,125,126,127,128,129,130,131,132,133,135,136,137,139,140,148,149,178,179,203,204,214,215,216,217,218,219,220,221,222,223,
82;0;1641;1793;0;0,1,2,3,4,5,6,7,28,29,30,31,32,33,36,37,65,66,67,68,93,94,95,96,97,98,99,100,101,102,103,104,105,108,109,110,111,112,113,114,115,116,117,118,119,120,121,122,123,124,125,126,127,128,129,130,131,132,133,135,136,137,139,140,148,149,178,179,203,204,214,215,216,217,218,219,220,221,222,223,
54;0;1793;1958;0;0,1,2,3,4,5,6,7,28,29,30,31,32,33,36,37,65,66,67,68,93,94,95,96,97,98,99,100,101,102,103,104,105,108,109,110,111,112,113,114,115,116,117,118,119,120,121,122,123,124,125,126,127,128,129,130,131,132,133,135,136,137,139,140,148,149,178,179,203,204,214,215,216,217,218,219,220,221,222,223,
81;0;1958;1997;1;0,1,2,3,4,5,6,7,28,29,30,31,32,33,36,37,65,66,67,68,93,94,95,96,97,98,99,100,101,102,103,104,105,108,109,110,111,112,113,114,115,116,117,118,119,120,121,122,123,124,125,126,127,128,129,130,131,132,133,135,136,137,139,140,148,149,178,179,203,204,214,215,216,217,218,219,220,221,222,223,
81;1;1997;2149;1;0,1,2,3,4,5,6,7,28,29,30,31,32,33,36,37,65,66,67,68,93,94,95,96,97,98,99,100,101,102,103,104,105,108,109,110,111,112,113,114,115,116,117,118,119,120,121,122,123,124,125,126,127,128,129,130,131,132,133,135,136,137,139,140,148,149,178,179,203,204,214,215,216,217,218,219,220,221,222,223,
0;0;2149;2183;1;0,1,2,3,4,5,6,7,28,29,30,31,32,33,36,37,65,66,67,68,93,94,95,96,97,98,99,100,101,102,103,104,105,108,109,110,111,112,113,114,115,116,117,118,119,120,121,122,123,124,125,126,127,128,129,130,131,132,133,135,136,137,139,140,148,149,178,179,203,204,214,215,216,217,218,219,220,221,222,223,
0;1;2183;2251;1;0,1,2,3,4,5,6,7,28,29,30,31,32,33,36,37,65,66,67,68,93,94,95,96,97,98,99,100,101,102,103,104,105,108,109,110,111,112,113,114,115,116,117,118,119,120,121,122,123,124,125,126,127,128,129,130,131,132,133,135,136,137,139,140,148,149,178,179,203,204,214,215,216,217,218,219,220,221,222,223,
47;0;2251;2334;0;0,1,2,3,4,5,6,7,28,29,30,31,32,33,36,37,65,66,67,68,93,94,95,96,97,98,99,100,101,102,103,104,105,108,109,110,111,112,113,114,115,116,117,118,119,120,121,122,123,124,125,126,127,128,129,130,131,132,133,135,136,137,139,140,148,149,178,179,203,204,214,215,216,217,218,219,220,221,222,223,
47;1;2334;2440;0;0,1,2,3,4,5,6,7,28,29,30,31,32,33,36,37,65,66,67,68,93,94,95,96,97,98,99,100,101,102,103,104,105,108,109,110,111,112,113,114,115,116,117,118,119,120,121,122,123,124,125,126,127,128,129,130,131,132,133,135,136,137,139,140,148,149,178,179,203,204,214,215,216,217,218,219,220,221,222,223,
44;0;2440;2570;1;0,1,2,3,4,5,6,7,28,29,30,31,32,33,36,37,65,66,67,68,93,94,95,96,97,98,99,100,101,102,103,104,105,108,109,110,111,112,113,114,115,116,117,118,119,120,121,122,123,124,125,126,127,128,129,130,131,132,133,135,136,137,139,140,148,149,178,179,203,204,214,215,216,217,218,219,220,221,222,223,
83;0;2570;2636;0;0,1,2,3,4,5,6,7,28,29,30,31,32,33,36,37,65,66,67,68,93,94,95,96,97,98,99,100,101,102,103,104,105,108,109,110,111,112,113,114,115,116,117,118,119,120,121,122,123,124,125,126,127,128,129,130,131,132,133,135,136,137,139,140,148,149,178,179,203,204,214,215,216,217,218,219,220,221,222,223,
83;1;2636;2690;0;0,1,2,3,4,5,6,7,28,29,30,31,32,33,36,37,65,66,67,68,93,94,95,96,97,98,99,100,101,102,103,104,105,108,109,110,111,112,113,114,115,116,117,118,119,120,121,122,123,124,125,126,127,128,129,130,131,132,133,135,136,137,139,140,148,149,178,179,203,204,214,215,216,217,218,219,220,221,222,223,
51;0;2690;2762;0;0,1,2,3,4,5,6,7,28,29,30,31,32,33,36,37,65,66,67,68,93,94,95,96,97,98,99,100,101,102,103,104,105,108,109,110,111,112,113,114,115,116,117,118,119,120,121,122,123,124,125,126,127,128,129,130,131,132,133,135,136,137,139,140,148,149,178,179,203,204,214,215,216,217,218,219,220,221,222,223,
51;1;2762;2876;0;0,1,2,3,4,5,6,7,28,29,30,31,32,33,36,37,65,66,67,68,93,94,95,96,97,98,99,100,101,102,103,104,105,108,109,110,111,112,113,114,115,116,117,118,119,120,121,122,123,124,125,126,127,128,129,130,131,132,133,135,136,137,139,140,148,149,178,179,203,204,214,215,216,217,218,219,220,221,222,223,
84;0;2876;2887;1;0,1,2,3,4,5,6,7,28,29,30,31,32,33,36,37,65,66,67,68,93,94,95,96,97,98,99,100,101,102,103,104,105,108,109,110,111,112,113,114,115,116,117,118,119,120,121,122,123,124,125,126,127,128,129,130,131,132,133,135,136,137,139,140,148,149,178,179,203,204,214,215,216,217,218,219,220,221,222,223,
14;0;2887;2982;0;0,1,2,3,4,5,6,7,28,29,30,31,32,33,36,37,65,66,67,68,93,94,95,96,97,98,99,100,101,102,103,104,105,108,109,110,111,112,113,114,115,116,117,118,119,120,121,122,123,124,125,126,127,128,129,130,131,132,133,135,136,137,139,140,148,149,178,179,203,204,214,215,216,217,218,219,220,221,222,223,
36;0;2982;3142;1;0,1,2,3,4,5,6,7,28,29,30,31,32,33,36,37,65,66,67,68,93,94,95,96,97,98,99,100,101,102,103,104,105,108,109,110,111,112,113,114,115,116,117,118,119,120,121,122,123,124,125,126,127,128,129,130,131,132,133,135,136,137,139,140,148,149,178,179,203,204,214,215,216,217,218,219,220,221,222,223,
43;0;3142;3208;0;0,1,2,3,4,5,6,7,28,29,30,31,32,33,36,37,65,66,67,68,93,94,95,96,97,98,99,100,101,102,103,104,105,108,109,110,111,112,113,114,115,116,117,118,119,120,121,122,123,124,125,126,127,128,129,130,131,132,133,135,136,137,139,140,148,149,178,179,203,204,214,215,216,217,218,219,220,221,222,223,
43;1;3208;3261;0;0,1,2,3,4,5,6,7,28,29,30,31,32,33,36,37,65,66,67,68,93,94,95,96,97,98,99,100,101,102,103,104,105,108,109,110,111,112,113,114,115,116,117,118,119,120,121,122,123,124,125,126,127,128,129,130,131,132,133,135,136,137,139,140,148,149,178,179,203,204,214,215,216,217,218,219,220,221,222,223,
58;0;3261;3375;0;0,1,2,3,4,5,6,7,28,29,30,31,32,33,36,37,65,66,67,68,93,94,95,96,97,98,99,100,101,102,103,104,105,108,109,110,111,112,113,114,115,116,117,118,119,120,121,122,123,124,125,126,127,128,129,130,131,132,133,135,136,137,139,140,148,149,178,179,203,204,214,215,216,217,218,219,220,221,222,223,
62;0;3375;3509;0;0,1,2,3,4,5,6,7,28,29,30,31,32,33,36,37,65,66,67,68,93,94,95,96,97,98,99,100,101,102,103,104,105,108,109,110,111,112,113,114,115,116,117,118,119,120,121,122,123,124,125,126,127,128,129,130,131,132,133,135,136,137,139,140,148,149,178,179,203,204,214,215,216,217,218,219,220,221,222,223,
13;0;3509;3615;1;0,1,2,3,4,5,6,7,28,29,30,31,32,33,36,37,65,66,67,68,93,94,95,96,97,98,99,100,101,102,103,104,105,108,109,110,111,112,113,114,115,116,117,118,119,120,121,122,123,124,125,126,127,128,129,130,131,132,133,135,136,137,139,140,148,149,178,179,203,204,214,215,216,217,218,219,220,221,222,223,
13;1;3615;3721;1;0,1,2,3,4,5,6,7,28,29,30,31,32,33,36,37,65,66,67,68,93,94,95,96,97,98,99,100,101,102,103,104,105,108,109,110,111,112,113,114,115,116,117,118,119,120,121,122,123,124,125,126,127,128,129,130,131,132,133,135,136,137,139,140,148,149,178,179,203,204,214,215,216,217,218,219,220,221,222,223,
33;0;3721;3781;1;0,1,2,3,4,5,6,7,28,29,30,31,32,33,36,37,65,66,67,68,93,94,95,96,97,98,99,100,101,102,103,104,105,108,109,110,111,112,113,114,115,116,117,118,119,120,121,122,123,124,125,126,127,128,129,130,131,132,133,135,136,137,139,140,148,149,178,179,203,204,214,215,216,217,218,219,220,221,222,223,
33;1;3781;3797;1;0,1,2,3,4,5,6,7,28,29,30,31,32,33,36,37,65,66,67,68,93,94,95,96,97,98,99,100,101,102,103,104,105,108,109,110,111,112,113,114,115,116,117,118,119,120,121,122,123,124,125,126,127,128,129,130,131,132,133,135,136,137,139,140,148,149,178,179,203,204,214,215,216,217,218,219,220,221,222,223,
66;0;3797;3914;0;0,1,2,3,4,5,6,7,28,29,30,31,32,33,36,37,65,66,67,68,93,94,95,96,97,98,99,100,101,102,103,104,105,108,109,110,111,112,113,114,115,116,117,118,119,120,121,122,123,124,125,126,127,128,129,130,131,132,133,135,136,137,139,140,148,149,178,179,203,204,214,215,216,217,218,219,220,221,222,223,
29;0;3914;4028;1;0,1,2,3,4,5,6,7,28,29,30,31,32,33,36,37,65,66,67,68,93,94,95,96,97,98,99,100,101,102,103,104,105,108,109,110,111,112,113,114,115,116,117,118,119,120,121,122,123,124,125,126,127,128,129,130,131,132,133,135,136,137,139,140,148,149,178,179,203,204,214,215,216,217,218,219,220,221,222,223,
29;1;4028;4193;1;0,1,2,3,4,5,6,7,28,29,30,31,32,33,36,37,65,66,67,68,93,94,95,96,97,98,99,100,101,102,103,104,105,108,109,110,111,112,113,114,115,116,117,118,119,120,121,122,123,124,125,126,127,128,129,130,131,132,133,135,136,137,139,140,148,149,178,179,203,204,214,215,216,217,218,219,220,221,222,223,
46;0;4193;4356;0;0,1,2,3,4,5,6,7,28,29,30,31,32,33,36,37,65,66,67,68,93,94,95,96,97,98,99,100,101,102,103,104,105,108,109,110,111,112,113,114,115,116,117,118,119,120,121,122,123,124,125,126,127,128,129,130,131,132,133,135,136,137,139,140,148,149,178,179,203,204,214,215,216,217,218,219,220,221,222,223,
55;0;4356;4461;0;0,1,2,3,4,5,6,7,28,29,30,31,32,33,36,37,65,66,67,68,93,94,95,96,97,98,99,100,101,102,103,104,105,108,109,110,111,112,113,114,115,116,117,118,119,120,121,122,123,124,125,126,127,128,129,130,131,132,133,135,136,137,139,140,148,149,178,179,203,204,214,215,216,217,218,219,220,221,222,223,
55;1;4461;4583;0;0,1,2,3,4,5,6,7,28,29,30,31,32,33,36,37,65,66,67,68,93,94,95,96,97,98,99,100,101,102,103,104,105,108,109,110,111,112,113,114,115,116,117,118,119,120,121,122,123,124,125,126,127,128,129,130,131,132,133,135,136,137,139,140,148,149,178,179,203,204,214,215,216,217,218,219,220,221,222,223,
68;0;4583;4743;1;0,1,2,3,4,5,6,7,28,29,30,31,32,33,36,37,65,66,67,68,93,94,95,96,97,98,99,100,101,102,103,104,105,108,109,110,111,112,113,114,115,116,117,118,119,120,121,122,123,124,125,126,127,128,129,130,131,132,133,135,136,137,139,140,148,149,178,179,203,204,214,215,216,217,218,219,220,221,222,223,
11;0;4743;4773;0;0,1,2,3,4,5,6,7,28,29,30,31,32,33,36,37,65,66,67,68,93,94,95,96,97,98,99,100,101,102,103,104,105,108,109,110,111,112,113,114,115,116,117,118,119,120,121,122,123,124,125,126,127,128,129,130,131,132,133,135,136,137,139,140,148,149,178,179,203,204,214,215,216,217,218,219,220,221,222,223,
11;1;4773;4879;0;0,1,2,3,4,5,6,7,28,29,30,31,32,33,36,37,65,66,67,68,93,94,95,96,97,98,99,100,101,102,103,104,105,108,109,110,111,112,113,114,115,116,117,118,119,120,121,122,123,124,125,126,127,128,129,130,131,132,133,135,136,137,139,140,148,149,178,179,203,204,214,215,216,217,218,219,220,221,222,223,
25;0;4879;5004;1;0,1,2,3,4,5,6,7,28,29,30,31,32,33,36,37,65,66,67,68,93,94,95,96,97,98,99,100,101,102,103,104,105,108,109,110,111,112,113,114,115,116,117,118,119,120,121,122,123,124,125,126,127,128,129,130,131,132,133,135,136,137,139,140,148,149,178,179,203,204,214,215,216,217,218,219,220,221,222,223,
25;1;5004;5134;1;0,1,2,3,4,5,6,7,28,29,30,31,32,33,36,37,65,66,67,68,93,94,95,96,97,98,99,100,101,102,103,104,105,108,109,110,111,112,113,114,115,116,117,118,119,120,121,122,123,124,125,126,127,128,129,130,131,132,133,135,136,137,139,140,148,149,178,179,203,204,214,215,216,217,218,219,220,221,222,223,
5;0;5134;5218;1;0,1,2,3,4,5,6,7,28,29,30,31,32,33,36,37,65,66,67,68,93,94,95,96,97,98,99,100,101,102,103,104,105,108,109,110,111,112,113,114,115,116,117,118,119,120,121,122,123,124,125,126,127,128,129,130,131,132,133,135,136,137,139,140,148,149,178,179,203,204,214,215,216,217,218,219,220,221,222,223,
5;1;5218;5365;1;0,1,2,3,4,5,6,7,28,29,30,31,32,33,36,37,65,66,67,68,93,94,95,96,97,98,99,100,101,102,103,104,105,108,109,110,111,112,113,114,115,116,117,118,119,120,121,122,123,124,125,126,127,128,129,130,131,132,133,135,136,137,139,140,148,149,178,179,203,204,214,215,216,217,218,219,220,221,222,223,
45;0;5365;5387;1;0,1,2,3,4,5,6,7,28,29,30,31,32,33,36,37,65,66,67,68,93,94,95,96,97,98,99,100,101,102,103,104,105,108,109,110,111,112,113,114,115,116,117,118,119,120,121,122,123,124,125,126,127,128,129,130,131,132,133,135,136,137,139,140,148,149,178,179,203,204,214,215,216,217,218,219,220,221,222,223,
45;1;5387;5500;1;0,1,2,3,4,5,6,7,28,29,30,31,32,33,36,37,65,66,67,68,93,94,95,96,97,98,99,100,101,102,103,104,105,108,109,110,111,112,113,114,115,116,117,118,119,120,121,122,123,124,125,126,127,128,129,130,131,132,133,135,136,137,139,140,148,149,178,179,203,204,214,215,216,217,218,219,220,221,222,223,
16;0;5500;5525;1;0,1,2,3,4,5,6,7,28,29,30,31,32,33,36,37,65,66,67,68,93,94,95,96,97,98,99,100,101,102,103,104,105,108,109,110,111,112,113,114,115,116,117,118,119,120,121,122,123,124,125,126,127,128,129,130,131,132,133,135,136,137,139,140,148,149,178,179,203,204,214,215,216,217,218,219,220,221,222,223,
22;0;5525;5655;0;0,1,2,3,4,5,6,7,28,29,30,31,32,33,36,37,65,66,67,68,93,94,95,96,97,98,99,100,101,102,103,104,105,108,109,110,111,112,113,114,115,116,117,118,119,120,121,122,123,124,125,126,127,128,129,130,131,132,133,135,136,137,139,140,148,149,178,179,203,204,214,215,216,217,218,219,220,221,222,223,
21;0;5655;5806;1;0,1,2,3,4,5,6,7,28,29,30,31,32,33,36,37,65,66,67,68,93,94,95,96,97,98,99,100,101,102,103,104,105,108,109,110,111,112,113,114,115,116,117,118,119,120,121,122,123,124,125,126,127,128,129,130,131,132,133,135,136,137,139,140,148,149,178,179,203,204,214,215,216,217,218,219,220,221,222,223,
21;1;5806;5912;1;0,1,2,3,4,5,6,7,28,29,30,31,32,33,36,37,65,66,67,68,93,94,95,96,97,98,99,100,101,102,103,104,105,108,109,110,111,112,113,114,115,116,117,118,119,120,121,122,123,124,125,126,127,128,129,130,131,132,133,135,136,137,139,140,148,149,178,179,203,204,214,215,216,217,218,219,220,221,222,223,
18;0;5912;6007;0;0,1,2,3,4,5,6,7,28,29,30,31,32,33,36,37,65,66,67,68,93,94,95,96,97,98,99,100,101,102,103,104,105,108,109,110,111,112,113,114,115,116,117,118,119,120,121,122,123,124,125,126,127,128,129,130,131,132,133,135,136,137,139,140,148,149,178,179,203,204,214,215,216,217,218,219,220,221,222,223,
30;0;6007;6121;0;0,1,2,3,4,5,6,7,28,29,30,31,32,33,36,37,65,66,67,68,93,94,95,96,97,98,99,100,101,102,103,104,105,108,109,110,111,112,113,114,115,116,117,118,119,120,121,122,123,124,125,126,127,128,129,130,131,132,133,135,136,137,139,140,148,149,178,179,203,204,214,215,216,217,218,219,220,221,222,223,
END
fineshedJobsCount: 130
switchs: 68
switchsInstances: 1
unfineshedPriorityCount: 0
totalUnfineshed: 0
criticalMachineSwitchs: 0
criticalMachineTime: 6121
Final Solution: 3822
Time: 113396
PTL: 117
MCMC: 266
Best Initial: 3678
Mean Initial: 3628.09
