./input/BaseInstances/2M1_n=376,r=0.5,t=650,v0.txt;./input/Processed/ToolSetInt.csv
7;720;1440
Machine: 0
44;0;0;130;1;2,4,14,50,51,52,53,54,82,87,89,123,131,132,139,172,173,174,175,176,177,178,179,205,212,251,280,282,302,306,307,308,309,312,332,333,334,335,336,337,338,339,340,341,342,343,344,366,405,476,507,508,509,510,511,512,513,514,515,516,517,518,519,520,521,522,523,524,525,526,527,528,535,536,537,538,539,540,541,542,
153;0;130;293;1;2,4,14,50,51,52,53,54,82,87,89,123,131,132,139,172,173,174,175,176,177,178,179,205,212,251,280,282,302,306,307,308,309,312,332,333,334,335,336,337,338,339,340,341,342,343,344,366,405,476,507,508,509,510,511,512,513,514,515,516,517,518,519,520,521,522,523,524,525,526,527,528,535,536,537,538,539,540,541,542,
153;1;293;343;1;2,4,14,50,51,52,53,54,82,87,89,123,131,132,139,172,173,174,175,176,177,178,179,205,212,251,280,282,302,306,307,308,309,312,332,333,334,335,336,337,338,339,340,341,342,343,344,366,405,476,507,508,509,510,511,512,513,514,515,516,517,518,519,520,521,522,523,524,525,526,527,528,535,536,537,538,539,540,541,542,
240;0;343;495;1;2,4,14,50,51,52,53,54,82,87,89,123,131,132,139,172,173,174,175,176,177,178,179,205,212,251,280,282,302,306,307,308,309,312,332,333,334,335,336,337,338,339,340,341,342,343,344,366,405,476,507,508,509,510,511,512,513,514,515,516,517,518,519,520,521,522,523,524,525,526,527,528,535,536,537,538,539,540,541,542,
73;0;495;557;1;2,4,14,50,51,52,53,54,82,87,89,123,131,132,139,172,173,174,175,176,177,178,179,205,212,251,280,282,302,306,307,308,309,312,332,333,334,335,336,337,338,339,340,341,342,343,344,366,405,476,507,508,509,510,511,512,513,514,515,516,517,518,519,520,521,522,523,524,525,526,527,528,535,536,537,538,539,540,541,542,
73;1;557;725;1;2,4,14,50,51,52,53,54,82,87,89,123,131,132,139,172,173,174,175,176,177,178,179,205,212,251,280,282,302,306,307,308,309,312,332,333,334,335,336,337,338,339,340,341,342,343,344,366,405,476,507,508,509,510,511,512,513,514,515,516,517,518,519,520,521,522,523,524,525,526,527,528,535,536,537,538,539,540,541,542,
188;0;725;839;1;2,4,14,50,51,52,53,54,82,87,89,123,131,132,139,172,173,174,175,176,177,178,179,205,212,251,280,282,302,306,307,308,309,312,332,333,334,335,336,337,338,339,340,341,342,343,344,366,405,476,507,508,509,510,511,512,513,514,515,516,517,518,519,520,521,522,523,524,525,526,527,528,535,536,537,538,539,540,541,542,
13;0;839;916;1;2,4,14,50,51,52,53,54,82,87,89,123,131,132,139,172,173,174,175,176,177,178,179,205,212,251,280,282,302,306,307,308,309,312,332,333,334,335,336,337,338,339,340,341,342,343,344,366,405,476,507,508,509,510,511,512,513,514,515,516,517,518,519,520,521,522,523,524,525,526,527,528,535,536,537,538,539,540,541,542,
13;1;916;1022;1;2,4,14,50,51,52,53,54,82,87,89,123,131,132,139,172,173,174,175,176,177,178,179,205,212,251,280,282,302,306,307,308,309,312,332,333,334,335,336,337,338,339,340,341,342,343,344,366,405,476,507,508,509,510,511,512,513,514,515,516,517,518,519,520,521,522,523,524,525,526,527,528,535,536,537,538,539,540,541,542,
164;0;1022;1190;1;2,4,14,50,51,52,53,54,82,87,89,123,131,132,139,172,173,174,175,176,177,178,179,205,212,251,280,282,302,306,307,308,309,312,332,333,334,335,336,337,338,339,340,341,342,343,344,366,405,476,507,508,509,510,511,512,513,514,515,516,517,518,519,520,521,522,523,524,525,526,527,528,535,536,537,538,539,540,541,542,
90;0;1190;1218;0;2,4,14,50,51,52,53,54,82,87,89,123,131,132,139,172,173,174,175,176,177,178,179,205,212,251,280,282,302,306,307,308,309,312,332,333,334,335,336,337,338,339,340,341,342,343,344,366,405,476,507,508,509,510,511,512,513,514,515,516,517,518,519,520,521,522,523,524,525,526,527,528,535,536,537,538,539,540,541,542,
21;0;1218;1306;1;2,4,14,50,51,52,53,54,82,87,89,123,131,132,139,172,173,174,175,176,177,178,179,205,212,251,280,282,302,306,307,308,309,312,332,333,334,335,336,337,338,339,340,341,342,343,344,366,405,476,507,508,509,510,511,512,513,514,515,516,517,518,519,520,521,522,523,524,525,526,527,528,535,536,537,538,539,540,541,542,
21;1;1306;1412;1;2,4,14,50,51,52,53,54,82,87,89,123,131,132,139,172,173,174,175,176,177,178,179,205,212,251,280,282,302,306,307,308,309,312,332,333,334,335,336,337,338,339,340,341,342,343,344,366,405,476,507,508,509,510,511,512,513,514,515,516,517,518,519,520,521,522,523,524,525,526,527,528,535,536,537,538,539,540,541,542,
108;0;1412;1564;1;2,4,14,50,51,52,53,54,82,87,89,123,131,132,139,172,173,174,175,176,177,178,179,205,212,251,280,282,302,306,307,308,309,312,332,333,334,335,336,337,338,339,340,341,342,343,344,366,405,476,507,508,509,510,511,512,513,514,515,516,517,518,519,520,521,522,523,524,525,526,527,528,535,536,537,538,539,540,541,542,
24;0;1564;1665;1;2,4,14,50,51,52,53,54,82,87,89,123,131,132,139,172,173,174,175,176,177,178,179,205,212,251,280,282,302,306,307,308,309,312,332,333,334,335,336,337,338,339,340,341,342,343,344,366,405,476,507,508,509,510,511,512,513,514,515,516,517,518,519,520,521,522,523,524,525,526,527,528,535,536,537,538,539,540,541,542,
212;0;1665;1779;1;2,4,14,50,51,52,53,54,82,87,89,123,131,132,139,172,173,174,175,176,177,178,179,205,212,251,280,282,302,306,307,308,309,312,332,333,334,335,336,337,338,339,340,341,342,343,344,366,405,476,507,508,509,510,511,512,513,514,515,516,517,518,519,520,521,522,523,524,525,526,527,528,535,536,537,538,539,540,541,542,
201;0;1779;1793;1;2,4,14,50,51,52,53,54,82,87,89,123,131,132,139,172,173,174,175,176,177,178,179,205,212,251,280,282,302,306,307,308,309,312,332,333,334,335,336,337,338,339,340,341,342,343,344,366,405,476,507,508,509,510,511,512,513,514,515,516,517,518,519,520,521,522,523,524,525,526,527,528,535,536,537,538,539,540,541,542,
201;1;1793;1894;1;2,4,14,50,51,52,53,54,82,87,89,123,131,132,139,172,173,174,175,176,177,178,179,205,212,251,280,282,302,306,307,308,309,312,332,333,334,335,336,337,338,339,340,341,342,343,344,366,405,476,507,508,509,510,511,512,513,514,515,516,517,518,519,520,521,522,523,524,525,526,527,528,535,536,537,538,539,540,541,542,
78;0;1894;1995;0;2,4,14,50,51,52,53,54,82,87,89,123,131,132,139,172,173,174,175,176,177,178,179,205,212,251,280,282,302,306,307,308,309,312,332,333,334,335,336,337,338,339,340,341,342,343,344,366,405,476,507,508,509,510,511,512,513,514,515,516,517,518,519,520,521,522,523,524,525,526,527,528,535,536,537,538,539,540,541,542,
23;0;1995;2057;0;2,4,14,50,51,52,53,54,82,87,89,123,131,132,139,172,173,174,175,176,177,178,179,205,212,251,280,282,302,306,307,308,309,312,332,333,334,335,336,337,338,339,340,341,342,343,344,366,405,476,507,508,509,510,511,512,513,514,515,516,517,518,519,520,521,522,523,524,525,526,527,528,535,536,537,538,539,540,541,542,
23;1;2057;2098;0;2,4,14,50,51,52,53,54,82,87,89,123,131,132,139,172,173,174,175,176,177,178,179,205,212,251,280,282,302,306,307,308,309,312,332,333,334,335,336,337,338,339,340,341,342,343,344,366,405,476,507,508,509,510,511,512,513,514,515,516,517,518,519,520,521,522,523,524,525,526,527,528,535,536,537,538,539,540,541,542,
208;0;2098;2199;1;2,4,14,50,51,52,53,54,82,87,89,123,131,132,139,172,173,174,175,176,177,178,179,205,212,251,280,282,302,306,307,308,309,312,332,333,334,335,336,337,338,339,340,341,342,343,344,366,405,476,507,508,509,510,511,512,513,514,515,516,517,518,519,520,521,522,523,524,525,526,527,528,535,536,537,538,539,540,541,542,
229;0;2199;2351;1;2,4,14,50,51,52,53,54,82,87,89,123,131,132,139,172,173,174,175,176,177,178,179,205,212,251,280,282,302,306,307,308,309,312,332,333,334,335,336,337,338,339,340,341,342,343,344,366,405,476,507,508,509,510,511,512,513,514,515,516,517,518,519,520,521,522,523,524,525,526,527,528,535,536,537,538,539,540,541,542,
229;1;2351;2457;1;2,4,14,50,51,52,53,54,82,87,89,123,131,132,139,172,173,174,175,176,177,178,179,205,212,251,280,282,302,306,307,308,309,312,332,333,334,335,336,337,338,339,340,341,342,343,344,366,405,476,507,508,509,510,511,512,513,514,515,516,517,518,519,520,521,522,523,524,525,526,527,528,535,536,537,538,539,540,541,542,
79;0;2457;2518;0;2,4,14,50,51,52,53,54,82,87,89,123,131,132,139,172,173,174,175,176,177,178,179,205,212,251,280,282,302,306,307,308,309,312,332,333,334,335,336,337,338,339,340,341,342,343,344,366,405,476,507,508,509,510,511,512,513,514,515,516,517,518,519,520,521,522,523,524,525,526,527,528,535,536,537,538,539,540,541,542,
79;1;2518;2686;0;2,4,14,50,51,52,53,54,82,87,89,123,131,132,139,172,173,174,175,176,177,178,179,205,212,251,280,282,302,306,307,308,309,312,332,333,334,335,336,337,338,339,340,341,342,343,344,366,405,476,507,508,509,510,511,512,513,514,515,516,517,518,519,520,521,522,523,524,525,526,527,528,535,536,537,538,539,540,541,542,
4;0;2686;2816;1;2,4,14,50,51,52,53,54,82,87,89,123,131,132,139,172,173,174,175,176,177,178,179,205,212,251,280,282,302,306,307,308,309,312,332,333,334,335,336,337,338,339,340,341,342,343,344,366,405,476,507,508,509,510,511,512,513,514,515,516,517,518,519,520,521,522,523,524,525,526,527,528,535,536,537,538,539,540,541,542,
219;0;2816;2832;0;2,4,14,50,51,52,53,54,82,87,89,123,131,132,139,172,173,174,175,176,177,178,179,205,212,251,280,282,302,306,307,308,309,312,332,333,334,335,336,337,338,339,340,341,342,343,344,366,405,476,507,508,509,510,511,512,513,514,515,516,517,518,519,520,521,522,523,524,525,526,527,528,535,536,537,538,539,540,541,542,
219;1;2832;3000;0;2,4,14,50,51,52,53,54,82,87,89,123,131,132,139,172,173,174,175,176,177,178,179,205,212,251,280,282,302,306,307,308,309,312,332,333,334,335,336,337,338,339,340,341,342,343,344,366,405,476,507,508,509,510,511,512,513,514,515,516,517,518,519,520,521,522,523,524,525,526,527,528,535,536,537,538,539,540,541,542,
81;0;3000;3046;1;2,4,14,50,51,52,53,54,82,87,89,123,131,132,139,172,173,174,175,176,177,178,179,205,212,251,280,282,302,306,307,308,309,312,332,333,334,335,336,337,338,339,340,341,342,343,344,366,405,476,507,508,509,510,511,512,513,514,515,516,517,518,519,520,521,522,523,524,525,526,527,528,535,536,537,538,539,540,541,542,
81;1;3046;3198;1;2,4,14,50,51,52,53,54,82,87,89,123,131,132,139,172,173,174,175,176,177,178,179,205,212,251,280,282,302,306,307,308,309,312,332,333,334,335,336,337,338,339,340,341,342,343,344,366,405,476,507,508,509,510,511,512,513,514,515,516,517,518,519,520,521,522,523,524,525,526,527,528,535,536,537,538,539,540,541,542,
233;0;3198;3326;1;2,4,14,50,51,52,53,54,82,87,89,123,131,132,139,172,205,212,251,280,282,302,306,307,308,309,312,332,333,334,335,336,337,338,339,340,341,342,343,344,366,405,407,413,418,422,427,507,508,509,536,621,622,623,624,625,626,627,628,629,630,631,632,633,634,635,636,637,638,639,640,641,642,643,644,645,646,647,648,649,
233;1;3326;3494;1;2,4,14,50,51,52,53,54,82,87,89,123,131,132,139,172,205,212,251,280,282,302,306,307,308,309,312,332,333,334,335,336,337,338,339,340,341,342,343,344,366,405,407,413,418,422,427,507,508,509,536,621,622,623,624,625,626,627,628,629,630,631,632,633,634,635,636,637,638,639,640,641,642,643,644,645,646,647,648,649,
145;0;3494;3634;1;2,4,14,50,51,52,53,54,82,87,89,123,126,127,131,132,139,172,205,212,282,288,306,307,308,309,323,332,333,334,335,336,337,338,339,340,341,342,343,344,363,366,382,390,405,422,480,481,482,483,484,485,486,487,536,558,579,580,581,582,583,584,585,586,587,588,589,590,591,592,593,594,595,596,597,598,599,600,601,602,
145;1;3634;3735;1;2,4,14,50,51,52,53,54,82,87,89,123,126,127,131,132,139,172,205,212,282,288,306,307,308,309,323,332,333,334,335,336,337,338,339,340,341,342,343,344,363,366,382,390,405,422,480,481,482,483,484,485,486,487,536,558,579,580,581,582,583,584,585,586,587,588,589,590,591,592,593,594,595,596,597,598,599,600,601,602,
75;0;3735;3845;0;2,4,14,50,51,52,53,54,82,87,89,123,126,127,131,132,139,172,205,212,282,288,306,307,308,309,323,332,333,334,335,336,337,338,339,340,341,342,343,344,363,366,382,390,405,422,480,481,482,483,484,485,486,487,536,558,579,580,581,582,583,584,585,586,587,588,589,590,591,592,593,594,595,596,597,598,599,600,601,602,
75;1;3845;3856;0;2,4,14,50,51,52,53,54,82,87,89,123,126,127,131,132,139,172,205,212,282,288,306,307,308,309,323,332,333,334,335,336,337,338,339,340,341,342,343,344,363,366,382,390,405,422,480,481,482,483,484,485,486,487,536,558,579,580,581,582,583,584,585,586,587,588,589,590,591,592,593,594,595,596,597,598,599,600,601,602,
25;0;3856;3966;1;2,4,14,50,51,52,53,54,82,87,89,123,126,127,131,132,139,172,205,212,282,288,306,307,308,309,323,332,333,334,335,336,337,338,339,340,341,342,343,344,363,366,382,390,405,422,480,481,482,483,484,485,486,487,536,558,579,580,581,582,583,584,585,586,587,588,589,590,591,592,593,594,595,596,597,598,599,600,601,602,
25;1;3966;4096;1;2,4,14,50,51,52,53,54,82,87,89,123,126,127,131,132,139,172,205,212,282,288,306,307,308,309,323,332,333,334,335,336,337,338,339,340,341,342,343,344,363,366,382,390,405,422,480,481,482,483,484,485,486,487,536,558,579,580,581,582,583,584,585,586,587,588,589,590,591,592,593,594,595,596,597,598,599,600,601,602,
121;0;4096;4135;1;2,4,14,50,51,52,53,54,82,87,89,123,126,127,131,132,139,172,205,212,282,288,306,307,308,309,323,332,333,334,335,336,337,338,339,340,341,342,343,344,363,366,382,390,405,422,480,481,482,483,484,485,486,487,536,558,579,580,581,582,583,584,585,586,587,588,589,590,591,592,593,594,595,596,597,598,599,600,601,602,
121;1;4135;4313;1;2,4,14,50,51,52,53,54,82,87,89,123,126,127,131,132,139,172,205,212,282,288,306,307,308,309,323,332,333,334,335,336,337,338,339,340,341,342,343,344,363,366,382,390,405,422,480,481,482,483,484,485,486,487,536,558,579,580,581,582,583,584,585,586,587,588,589,590,591,592,593,594,595,596,597,598,599,600,601,602,
185;0;4313;4473;1;2,4,14,50,51,52,53,54,82,87,89,123,126,127,131,132,139,172,205,212,282,288,306,307,308,309,323,332,333,334,335,336,337,338,339,340,341,342,343,344,363,366,382,390,405,422,480,481,482,483,484,485,486,487,536,558,579,580,581,582,583,584,585,586,587,588,589,590,591,592,593,594,595,596,597,598,599,600,601,602,
185;1;4473;4641;1;2,4,14,50,51,52,53,54,82,87,89,123,126,127,131,132,139,172,205,212,282,288,306,307,308,309,323,332,333,334,335,336,337,338,339,340,341,342,343,344,363,366,382,390,405,422,480,481,482,483,484,485,486,487,536,558,579,580,581,582,583,584,585,586,587,588,589,590,591,592,593,594,595,596,597,598,599,600,601,602,
205;0;4641;4693;1;2,4,14,50,51,52,53,54,82,87,89,123,126,127,131,132,139,172,205,212,282,288,306,307,308,309,323,332,333,334,335,336,337,338,339,340,341,342,343,344,363,366,382,390,405,422,480,481,482,483,484,485,486,487,536,558,579,580,581,582,583,584,585,586,587,588,589,590,591,592,593,594,595,596,597,598,599,600,601,602,
205;1;4693;4807;1;2,4,14,50,51,52,53,54,82,87,89,123,126,127,131,132,139,172,205,212,282,288,306,307,308,309,323,332,333,334,335,336,337,338,339,340,341,342,343,344,363,366,382,390,405,422,480,481,482,483,484,485,486,487,536,558,579,580,581,582,583,584,585,586,587,588,589,590,591,592,593,594,595,596,597,598,599,600,601,602,
107;0;4807;4812;0;2,4,14,50,51,52,53,54,82,87,89,123,126,127,131,132,139,172,205,212,282,288,306,307,308,309,323,332,333,334,335,336,337,338,339,340,341,342,343,344,363,366,382,390,405,422,480,481,482,483,484,485,486,487,536,558,579,580,581,582,583,584,585,586,587,588,589,590,591,592,593,594,595,596,597,598,599,600,601,602,
107;1;4812;4926;0;2,4,14,50,51,52,53,54,82,87,89,123,126,127,131,132,139,172,205,212,282,288,306,307,308,309,323,332,333,334,335,336,337,338,339,340,341,342,343,344,363,366,382,390,405,422,480,481,482,483,484,485,486,487,536,558,579,580,581,582,583,584,585,586,587,588,589,590,591,592,593,594,595,596,597,598,599,600,601,602,
84;0;4926;4937;1;2,4,14,50,51,52,53,54,82,87,89,123,126,127,131,132,139,172,205,212,282,288,306,307,308,309,323,332,333,334,335,336,337,338,339,340,341,342,343,344,363,366,382,390,405,422,480,481,482,483,484,485,486,487,536,558,579,580,581,582,583,584,585,586,587,588,589,590,591,592,593,594,595,596,597,598,599,600,601,602,
125;0;4937;5061;1;2,4,14,46,47,48,49,50,51,89,98,110,111,112,115,128,129,131,132,172,180,189,190,212,250,264,265,269,271,272,274,275,282,287,288,292,294,299,306,318,319,320,321,345,346,347,348,349,350,351,352,353,354,355,356,357,358,359,360,361,362,363,364,365,366,367,368,382,390,391,392,393,394,395,396,397,398,399,536,558,
125;1;5061;5235;1;2,4,14,46,47,48,49,50,51,89,98,110,111,112,115,128,129,131,132,172,180,189,190,212,250,264,265,269,271,272,274,275,282,287,288,292,294,299,306,318,319,320,321,345,346,347,348,349,350,351,352,353,354,355,356,357,358,359,360,361,362,363,364,365,366,367,368,382,390,391,392,393,394,395,396,397,398,399,536,558,
173;0;5235;5274;1;2,4,14,46,47,48,49,50,51,89,98,110,111,112,115,128,129,131,132,172,180,189,190,212,250,264,265,269,271,272,274,275,282,287,288,292,294,299,306,318,319,320,321,345,346,347,348,349,350,351,352,353,354,355,356,357,358,359,360,361,362,363,364,365,366,367,368,382,390,391,392,393,394,395,396,397,398,399,536,558,
173;1;5274;5315;1;2,4,14,46,47,48,49,50,51,89,98,110,111,112,115,128,129,131,132,172,180,189,190,212,250,264,265,269,271,272,274,275,282,287,288,292,294,299,306,318,319,320,321,345,346,347,348,349,350,351,352,353,354,355,356,357,358,359,360,361,362,363,364,365,366,367,368,382,390,391,392,393,394,395,396,397,398,399,536,558,
80;0;5315;5331;1;2,4,14,46,47,48,49,50,51,89,98,110,111,112,115,128,129,131,132,172,180,189,190,212,250,264,265,269,271,272,274,275,282,287,288,292,294,299,306,318,319,320,321,345,346,347,348,349,350,351,352,353,354,355,356,357,358,359,360,361,362,363,364,365,366,367,368,382,390,391,392,393,394,395,396,397,398,399,536,558,
88;0;5331;5444;1;2,4,14,46,47,48,49,50,51,89,98,110,111,112,115,128,129,131,132,172,180,189,190,212,250,264,265,269,271,272,274,275,282,287,288,292,294,299,306,318,319,320,321,345,346,347,348,349,350,351,352,353,354,355,356,357,358,359,360,361,362,363,364,365,366,367,368,382,390,391,392,393,394,395,396,397,398,399,536,558,
128;0;5444;5485;1;2,4,14,46,47,48,49,50,51,89,98,110,111,112,115,128,129,131,132,172,180,189,190,212,250,264,265,269,271,272,274,275,282,287,288,292,294,299,306,318,319,320,321,345,346,347,348,349,350,351,352,353,354,355,356,357,358,359,360,361,362,363,364,365,366,367,368,382,390,391,392,393,394,395,396,397,398,399,536,558,
224;0;5485;5501;1;2,4,14,46,47,48,49,50,51,89,98,110,111,112,115,128,129,131,132,172,180,189,190,212,250,264,265,269,271,272,274,275,282,287,288,292,294,299,306,318,319,320,321,345,346,347,348,349,350,351,352,353,354,355,356,357,358,359,360,361,362,363,364,365,366,367,368,382,390,391,392,393,394,395,396,397,398,399,536,558,
37;0;5501;5533;1;2,4,14,46,47,48,49,50,51,89,98,110,111,112,115,128,129,131,132,172,180,189,190,212,250,264,265,269,271,272,274,275,282,287,288,292,294,299,306,318,319,320,321,345,346,347,348,349,350,351,352,353,354,355,356,357,358,359,360,361,362,363,364,365,366,367,368,382,390,391,392,393,394,395,396,397,398,399,536,558,
37;1;5533;5549;1;2,4,14,46,47,48,49,50,51,89,98,110,111,112,115,128,129,131,132,172,180,189,190,212,250,264,265,269,271,272,274,275,282,287,288,292,294,299,306,318,319,320,321,345,346,347,348,349,350,351,352,353,354,355,356,357,358,359,360,361,362,363,364,365,366,367,368,382,390,391,392,393,394,395,396,397,398,399,536,558,
33;0;5549;5598;1;2,4,14,46,47,48,49,50,51,89,98,110,111,112,115,128,129,131,132,172,180,189,190,212,250,264,265,269,271,272,274,275,282,287,288,292,294,299,306,318,319,320,321,345,346,347,348,349,350,351,352,353,354,355,356,357,358,359,360,361,362,363,364,365,366,367,368,382,390,391,392,393,394,395,396,397,398,399,536,558,
33;1;5598;5614;1;2,4,14,46,47,48,49,50,51,89,98,110,111,112,115,128,129,131,132,172,180,189,190,212,250,264,265,269,271,272,274,275,282,287,288,292,294,299,306,318,319,320,321,345,346,347,348,349,350,351,352,353,354,355,356,357,358,359,360,361,362,363,364,365,366,367,368,382,390,391,392,393,394,395,396,397,398,399,536,558,
181;0;5614;5720;1;2,4,14,46,47,48,49,50,51,89,98,110,111,112,115,128,129,131,132,172,180,189,190,212,250,264,265,269,271,272,274,275,282,287,288,292,294,299,306,318,319,320,321,345,346,347,348,349,350,351,352,353,354,355,356,357,358,359,360,361,362,363,364,365,366,367,368,382,390,391,392,393,394,395,396,397,398,399,536,558,
181;1;5720;5833;1;2,4,14,46,47,48,49,50,51,89,98,110,111,112,115,128,129,131,132,172,180,189,190,212,250,264,265,269,271,272,274,275,282,287,288,292,294,299,306,318,319,320,321,345,346,347,348,349,350,351,352,353,354,355,356,357,358,359,360,361,362,363,364,365,366,367,368,382,390,391,392,393,394,395,396,397,398,399,536,558,
45;0;5833;5911;1;2,4,14,46,47,48,49,50,51,89,98,110,111,112,115,128,129,131,132,172,180,189,190,212,250,264,265,269,271,272,274,275,282,287,288,292,294,299,306,318,319,320,321,345,346,347,348,349,350,351,352,353,354,355,356,357,358,359,360,361,362,363,364,365,366,367,368,382,390,391,392,393,394,395,396,397,398,399,536,558,
45;1;5911;6024;1;2,4,14,46,47,48,49,50,51,89,98,110,111,112,115,128,129,131,132,172,180,189,190,212,250,264,265,269,271,272,274,275,282,287,288,292,294,299,306,318,319,320,321,345,346,347,348,349,350,351,352,353,354,355,356,357,358,359,360,361,362,363,364,365,366,367,368,382,390,391,392,393,394,395,396,397,398,399,536,558,
64;0;6024;6035;1;2,4,14,46,47,48,49,50,51,89,98,110,111,112,115,128,129,131,132,172,180,189,190,212,250,264,265,269,271,272,274,275,282,287,288,292,294,299,306,318,319,320,321,345,346,347,348,349,350,351,352,353,354,355,356,357,358,359,360,361,362,363,364,365,366,367,368,382,390,391,392,393,394,395,396,397,398,399,536,558,
109;0;6035;6203;1;2,4,14,46,47,48,49,50,51,89,98,110,111,112,115,128,129,131,132,172,180,189,190,212,250,264,265,269,271,272,274,275,282,287,288,292,294,299,306,318,319,320,321,345,346,347,348,349,350,351,352,353,354,355,356,357,358,359,360,361,362,363,364,365,366,367,368,382,390,391,392,393,394,395,396,397,398,399,536,558,
109;1;6203;6366;1;2,4,14,46,47,48,49,50,51,89,98,110,111,112,115,128,129,131,132,172,180,189,190,212,250,264,265,269,271,272,274,275,282,287,288,292,294,299,306,318,319,320,321,345,346,347,348,349,350,351,352,353,354,355,356,357,358,359,360,361,362,363,364,365,366,367,368,382,390,391,392,393,394,395,396,397,398,399,536,558,
40;0;6366;6479;1;2,4,14,46,47,48,49,50,51,89,98,110,111,112,115,128,129,131,132,172,180,189,190,212,250,264,265,269,271,272,274,275,282,287,288,292,294,299,306,318,319,320,321,345,346,347,348,349,350,351,352,353,354,355,356,357,358,359,360,361,362,363,364,365,366,367,368,382,390,391,392,393,394,395,396,397,398,399,536,558,
209;0;6479;6642;1;2,26,46,47,48,49,50,51,57,58,60,69,89,98,110,111,112,131,132,133,134,135,137,138,140,189,212,256,257,258,259,260,261,262,268,272,275,276,282,306,318,369,370,371,372,373,374,375,376,377,378,379,380,381,382,383,384,385,386,387,388,389,536,545,546,547,548,549,550,551,552,553,554,555,556,603,604,605,606,607,
209;1;6642;6731;1;2,26,46,47,48,49,50,51,57,58,60,69,89,98,110,111,112,131,132,133,134,135,137,138,140,189,212,256,257,258,259,260,261,262,268,272,275,276,282,306,318,369,370,371,372,373,374,375,376,377,378,379,380,381,382,383,384,385,386,387,388,389,536,545,546,547,548,549,550,551,552,553,554,555,556,603,604,605,606,607,
99;0;6731;6768;0;2,26,46,47,48,49,50,51,57,58,60,69,89,98,110,111,112,131,132,133,134,135,137,138,140,189,212,256,257,258,259,260,261,262,268,272,275,276,282,306,318,369,370,371,372,373,374,375,376,377,378,379,380,381,382,383,384,385,386,387,388,389,536,545,546,547,548,549,550,551,552,553,554,555,556,603,604,605,606,607,
99;1;6768;6860;0;2,26,46,47,48,49,50,51,57,58,60,69,89,98,110,111,112,131,132,133,134,135,137,138,140,189,212,256,257,258,259,260,261,262,268,272,275,276,282,306,318,369,370,371,372,373,374,375,376,377,378,379,380,381,382,383,384,385,386,387,388,389,536,545,546,547,548,549,550,551,552,553,554,555,556,603,604,605,606,607,
2;0;6860;6871;1;2,26,46,47,48,49,50,51,57,58,60,69,89,98,110,111,112,131,132,133,134,135,137,138,140,189,212,256,257,258,259,260,261,262,268,272,275,276,282,306,318,369,370,371,372,373,374,375,376,377,378,379,380,381,382,383,384,385,386,387,388,389,536,545,546,547,548,549,550,551,552,553,554,555,556,603,604,605,606,607,
157;0;6871;6954;1;2,26,46,47,48,49,50,51,57,58,60,69,89,98,110,111,112,131,132,133,134,135,137,138,140,189,212,256,257,258,259,260,261,262,268,272,275,276,282,306,318,369,370,371,372,373,374,375,376,377,378,379,380,381,382,383,384,385,386,387,388,389,536,545,546,547,548,549,550,551,552,553,554,555,556,603,604,605,606,607,
157;1;6954;7007;1;2,26,46,47,48,49,50,51,57,58,60,69,89,98,110,111,112,131,132,133,134,135,137,138,140,189,212,256,257,258,259,260,261,262,268,272,275,276,282,306,318,369,370,371,372,373,374,375,376,377,378,379,380,381,382,383,384,385,386,387,388,389,536,545,546,547,548,549,550,551,552,553,554,555,556,603,604,605,606,607,
17;0;7007;7168;1;2,26,46,47,48,49,50,51,57,58,60,69,89,98,110,111,112,131,132,133,134,135,137,138,140,189,212,256,257,258,259,260,261,262,268,272,275,276,282,306,318,369,370,371,372,373,374,375,376,377,378,379,380,381,382,383,384,385,386,387,388,389,536,545,546,547,548,549,550,551,552,553,554,555,556,603,604,605,606,607,
17;1;7168;7192;1;2,26,46,47,48,49,50,51,57,58,60,69,89,98,110,111,112,131,132,133,134,135,137,138,140,189,212,256,257,258,259,260,261,262,268,272,275,276,282,306,318,369,370,371,372,373,374,375,376,377,378,379,380,381,382,383,384,385,386,387,388,389,536,545,546,547,548,549,550,551,552,553,554,555,556,603,604,605,606,607,
200;0;7192;7350;1;2,26,46,47,48,49,50,51,57,58,60,69,89,98,110,111,112,131,132,133,134,135,137,138,140,189,212,256,257,258,259,260,261,262,268,272,275,276,282,306,318,369,370,371,372,373,374,375,376,377,378,379,380,381,382,383,384,385,386,387,388,389,536,545,546,547,548,549,550,551,552,553,554,555,556,603,604,605,606,607,
35;0;7350;7394;0;2,26,46,47,48,49,50,51,57,58,60,69,89,98,110,111,112,131,132,133,134,135,137,138,140,189,212,256,257,258,259,260,261,262,268,272,275,276,282,306,318,369,370,371,372,373,374,375,376,377,378,379,380,381,382,383,384,385,386,387,388,389,536,545,546,547,548,549,550,551,552,553,554,555,556,603,604,605,606,607,
35;1;7394;7486;0;2,26,46,47,48,49,50,51,57,58,60,69,89,98,110,111,112,131,132,133,134,135,137,138,140,189,212,256,257,258,259,260,261,262,268,272,275,276,282,306,318,369,370,371,372,373,374,375,376,377,378,379,380,381,382,383,384,385,386,387,388,389,536,545,546,547,548,549,550,551,552,553,554,555,556,603,604,605,606,607,
226;0;7486;7514;0;2,26,46,47,48,49,50,51,57,58,60,69,89,98,110,111,112,131,132,133,134,135,137,138,140,189,212,256,257,258,259,260,261,262,268,272,275,276,282,306,318,369,370,371,372,373,374,375,376,377,378,379,380,381,382,383,384,385,386,387,388,389,536,545,546,547,548,549,550,551,552,553,554,555,556,603,604,605,606,607,
130;0;7514;7567;0;2,26,46,47,48,49,50,51,57,58,60,69,89,98,110,111,112,131,132,133,134,135,137,138,140,189,212,256,257,258,259,260,261,262,268,272,275,276,282,306,318,369,370,371,372,373,374,375,376,377,378,379,380,381,382,383,384,385,386,387,388,389,536,545,546,547,548,549,550,551,552,553,554,555,556,603,604,605,606,607,
149;0;7567;7668;1;2,26,46,47,48,49,50,51,57,58,60,69,89,98,110,111,112,131,132,133,134,135,137,138,140,189,212,256,257,258,259,260,261,262,268,272,275,276,282,306,318,369,370,371,372,373,374,375,376,377,378,379,380,381,382,383,384,385,386,387,388,389,536,545,546,547,548,549,550,551,552,553,554,555,556,603,604,605,606,607,
149;1;7668;7760;1;2,26,46,47,48,49,50,51,57,58,60,69,89,98,110,111,112,131,132,133,134,135,137,138,140,189,212,256,257,258,259,260,261,262,268,272,275,276,282,306,318,369,370,371,372,373,374,375,376,377,378,379,380,381,382,383,384,385,386,387,388,389,536,545,546,547,548,549,550,551,552,553,554,555,556,603,604,605,606,607,
182;0;7760;7813;0;2,26,46,47,48,49,50,51,57,58,60,69,89,98,110,111,112,131,132,133,134,135,137,138,140,189,212,256,257,258,259,260,261,262,268,272,275,276,282,306,318,369,370,371,372,373,374,375,376,377,378,379,380,381,382,383,384,385,386,387,388,389,536,545,546,547,548,549,550,551,552,553,554,555,556,603,604,605,606,607,
19;0;7813;7914;0;2,26,46,47,48,49,50,51,57,58,60,69,89,98,110,111,112,131,132,133,134,135,137,138,140,189,212,256,257,258,259,260,261,262,268,272,275,276,282,306,318,369,370,371,372,373,374,375,376,377,378,379,380,381,382,383,384,385,386,387,388,389,536,545,546,547,548,549,550,551,552,553,554,555,556,603,604,605,606,607,
19;1;7914;7925;0;2,26,46,47,48,49,50,51,57,58,60,69,89,98,110,111,112,131,132,133,134,135,137,138,140,189,212,256,257,258,259,260,261,262,268,272,275,276,282,306,318,369,370,371,372,373,374,375,376,377,378,379,380,381,382,383,384,385,386,387,388,389,536,545,546,547,548,549,550,551,552,553,554,555,556,603,604,605,606,607,
136;0;7925;7949;1;2,26,46,47,48,49,50,51,57,58,60,69,89,98,110,111,112,131,132,133,134,135,137,138,140,189,212,256,257,258,259,260,261,262,268,272,275,276,282,306,318,369,370,371,372,373,374,375,376,377,378,379,380,381,382,383,384,385,386,387,388,389,536,545,546,547,548,549,550,551,552,553,554,555,556,603,604,605,606,607,
169;0;7949;8013;1;2,26,46,47,48,49,50,51,57,58,60,69,89,98,110,111,112,131,132,133,134,135,137,138,140,189,212,256,257,258,259,260,261,262,268,272,275,276,282,306,318,369,370,371,372,373,374,375,376,377,378,379,380,381,382,383,384,385,386,387,388,389,536,545,546,547,548,549,550,551,552,553,554,555,556,603,604,605,606,607,
169;1;8013;8102;1;2,26,46,47,48,49,50,51,57,58,60,69,89,98,110,111,112,131,132,133,134,135,137,138,140,189,212,256,257,258,259,260,261,262,268,272,275,276,282,306,318,369,370,371,372,373,374,375,376,377,378,379,380,381,382,383,384,385,386,387,388,389,536,545,546,547,548,549,550,551,552,553,554,555,556,603,604,605,606,607,
104;0;8102;8194;1;2,26,46,47,48,49,50,51,57,58,60,69,89,98,110,111,112,131,132,133,134,135,137,138,140,189,212,256,257,258,259,260,261,262,268,272,275,276,282,306,318,369,370,371,372,373,374,375,376,377,378,379,380,381,382,383,384,385,386,387,388,389,536,545,546,547,548,549,550,551,552,553,554,555,556,603,604,605,606,607,
52;0;8194;8352;1;2,26,46,47,48,49,50,51,57,58,60,69,89,98,110,111,112,131,132,133,134,135,137,138,140,189,212,256,257,258,259,260,261,262,268,272,275,276,282,306,318,369,370,371,372,373,374,375,376,377,378,379,380,381,382,383,384,385,386,387,388,389,536,545,546,547,548,549,550,551,552,553,554,555,556,603,604,605,606,607,
28;0;8352;8380;1;2,26,46,47,48,49,50,51,57,58,60,69,89,98,110,111,112,131,132,133,134,135,137,138,140,189,212,256,257,258,259,260,261,262,268,272,275,276,282,306,318,369,370,371,372,373,374,375,376,377,378,379,380,381,382,383,384,385,386,387,388,389,536,545,546,547,548,549,550,551,552,553,554,555,556,603,604,605,606,607,
31;0;8380;8409;0;2,26,46,47,48,49,50,51,57,58,60,69,89,98,110,111,112,131,132,133,134,135,137,138,140,189,212,256,257,258,259,260,261,262,268,272,275,276,282,306,318,369,370,371,372,373,374,375,376,377,378,379,380,381,382,383,384,385,386,387,388,389,536,545,546,547,548,549,550,551,552,553,554,555,556,603,604,605,606,607,
31;1;8409;8437;0;2,26,46,47,48,49,50,51,57,58,60,69,89,98,110,111,112,131,132,133,134,135,137,138,140,189,212,256,257,258,259,260,261,262,268,272,275,276,282,306,318,369,370,371,372,373,374,375,376,377,378,379,380,381,382,383,384,385,386,387,388,389,536,545,546,547,548,549,550,551,552,553,554,555,556,603,604,605,606,607,
113;0;8437;8497;1;2,26,46,47,48,49,50,51,57,58,60,69,89,98,110,111,112,131,132,133,134,135,137,138,140,189,212,256,257,258,259,260,261,262,268,272,275,276,282,306,318,369,370,371,372,373,374,375,376,377,378,379,380,381,382,383,384,385,386,387,388,389,536,545,546,547,548,549,550,551,552,553,554,555,556,603,604,605,606,607,
113;1;8497;8589;1;2,26,46,47,48,49,50,51,57,58,60,69,89,98,110,111,112,131,132,133,134,135,137,138,140,189,212,256,257,258,259,260,261,262,268,272,275,276,282,306,318,369,370,371,372,373,374,375,376,377,378,379,380,381,382,383,384,385,386,387,388,389,536,545,546,547,548,549,550,551,552,553,554,555,556,603,604,605,606,607,
105;0;8589;8759;1;2,26,46,47,48,49,50,51,57,58,60,69,89,98,110,111,112,131,132,133,134,135,137,138,140,189,212,256,257,258,259,260,261,262,268,272,275,276,282,306,318,369,370,371,372,373,374,375,376,377,378,379,380,381,382,383,384,385,386,387,388,389,536,545,546,547,548,549,550,551,552,553,554,555,556,603,604,605,606,607,
105;1;8759;8848;1;2,26,46,47,48,49,50,51,57,58,60,69,89,98,110,111,112,131,132,133,134,135,137,138,140,189,212,256,257,258,259,260,261,262,268,272,275,276,282,306,318,369,370,371,372,373,374,375,376,377,378,379,380,381,382,383,384,385,386,387,388,389,536,545,546,547,548,549,550,551,552,553,554,555,556,603,604,605,606,607,
217;0;8848;9008;1;2,26,46,47,48,49,50,51,57,58,60,69,89,98,110,111,112,131,132,133,134,135,137,138,140,189,212,256,257,258,259,260,261,262,268,272,275,276,282,306,318,369,370,371,372,373,374,375,376,377,378,379,380,381,382,383,384,385,386,387,388,389,536,545,546,547,548,549,550,551,552,553,554,555,556,603,604,605,606,607,
217;1;9008;9100;1;2,26,46,47,48,49,50,51,57,58,60,69,89,98,110,111,112,131,132,133,134,135,137,138,140,189,212,256,257,258,259,260,261,262,268,272,275,276,282,306,318,369,370,371,372,373,374,375,376,377,378,379,380,381,382,383,384,385,386,387,388,389,536,545,546,547,548,549,550,551,552,553,554,555,556,603,604,605,606,607,
69;0;9100;9153;1;2,26,46,47,48,49,50,51,57,58,60,69,89,98,110,111,112,131,132,133,134,135,137,138,140,189,212,256,257,258,259,260,261,262,268,272,275,276,282,306,318,369,370,371,372,373,374,375,376,377,378,379,380,381,382,383,384,385,386,387,388,389,536,545,546,547,548,549,550,551,552,553,554,555,556,603,604,605,606,607,
69;1;9153;9311;1;2,26,46,47,48,49,50,51,57,58,60,69,89,98,110,111,112,131,132,133,134,135,137,138,140,189,212,256,257,258,259,260,261,262,268,272,275,276,282,306,318,369,370,371,372,373,374,375,376,377,378,379,380,381,382,383,384,385,386,387,388,389,536,545,546,547,548,549,550,551,552,553,554,555,556,603,604,605,606,607,
0;0;9311;9388;1;0,1,2,3,4,5,6,7,8,9,10,11,12,13,14,15,16,17,18,26,50,51,71,73,86,110,131,132,133,134,135,137,138,140,221,256,257,258,259,260,261,262,337,371,381,382,383,400,401,402,422,458,557,558,559,560,561,562,563,564,565,566,567,568,569,570,571,572,573,574,575,576,577,578,615,616,617,618,619,620,
0;1;9388;9456;1;0,1,2,3,4,5,6,7,8,9,10,11,12,13,14,15,16,17,18,26,50,51,71,73,86,110,131,132,133,134,135,137,138,140,221,256,257,258,259,260,261,262,337,371,381,382,383,400,401,402,422,458,557,558,559,560,561,562,563,564,565,566,567,568,569,570,571,572,573,574,575,576,577,578,615,616,617,618,619,620,
126;0;9456;9480;0;0,1,2,3,4,5,6,7,8,9,10,11,12,13,14,15,16,17,18,26,50,51,71,73,86,110,131,132,133,134,135,137,138,140,221,256,257,258,259,260,261,262,337,371,381,382,383,400,401,402,422,458,557,558,559,560,561,562,563,564,565,566,567,568,569,570,571,572,573,574,575,576,577,578,615,616,617,618,619,620,
245;0;9480;9516;1;0,1,2,3,4,5,6,7,8,9,10,11,12,13,14,15,16,17,18,26,50,51,71,73,86,110,131,132,133,134,135,137,138,140,221,256,257,258,259,260,261,262,337,371,381,382,383,400,401,402,422,458,557,558,559,560,561,562,563,564,565,566,567,568,569,570,571,572,573,574,575,576,577,578,615,616,617,618,619,620,
245;1;9516;9533;1;0,1,2,3,4,5,6,7,8,9,10,11,12,13,14,15,16,17,18,26,50,51,71,73,86,110,131,132,133,134,135,137,138,140,221,256,257,258,259,260,261,262,337,371,381,382,383,400,401,402,422,458,557,558,559,560,561,562,563,564,565,566,567,568,569,570,571,572,573,574,575,576,577,578,615,616,617,618,619,620,
118;0;9533;9594;0;0,1,2,3,4,5,6,7,8,9,10,11,12,13,14,15,16,17,18,26,50,51,71,73,86,110,131,132,133,134,135,137,138,140,221,256,257,258,259,260,261,262,337,371,381,382,383,400,401,402,422,458,557,558,559,560,561,562,563,564,565,566,567,568,569,570,571,572,573,574,575,576,577,578,615,616,617,618,619,620,
230;0;9594;9598;0;0,1,2,3,4,5,6,7,8,9,10,11,12,13,14,15,16,17,18,26,50,51,71,73,86,110,131,132,133,134,135,137,138,140,221,256,257,258,259,260,261,262,337,371,381,382,383,400,401,402,422,458,557,558,559,560,561,562,563,564,565,566,567,568,569,570,571,572,573,574,575,576,577,578,615,616,617,618,619,620,
192;0;9598;9602;1;0,1,2,3,4,5,6,7,8,9,10,11,12,13,14,15,16,17,18,26,50,51,71,73,86,110,131,132,133,134,135,137,138,140,221,256,257,258,259,260,261,262,337,371,381,382,383,400,401,402,422,458,557,558,559,560,561,562,563,564,565,566,567,568,569,570,571,572,573,574,575,576,577,578,615,616,617,618,619,620,
176;0;9602;9606;1;0,1,2,3,4,5,6,7,8,9,10,11,12,13,14,15,16,17,18,26,50,51,71,73,86,110,131,132,133,134,135,137,138,140,221,256,257,258,259,260,261,262,337,371,381,382,383,400,401,402,422,458,557,558,559,560,561,562,563,564,565,566,567,568,569,570,571,572,573,574,575,576,577,578,615,616,617,618,619,620,
161;0;9606;9767;1;0,1,2,3,4,5,6,7,8,9,10,11,12,13,14,15,16,17,18,26,50,51,71,73,86,110,131,132,133,134,135,137,138,140,221,256,257,258,259,260,261,262,337,371,381,382,383,400,401,402,422,458,557,558,559,560,561,562,563,564,565,566,567,568,569,570,571,572,573,574,575,576,577,578,615,616,617,618,619,620,
161;1;9767;9828;1;0,1,2,3,4,5,6,7,8,9,10,11,12,13,14,15,16,17,18,26,50,51,71,73,86,110,131,132,133,134,135,137,138,140,221,256,257,258,259,260,261,262,337,371,381,382,383,400,401,402,422,458,557,558,559,560,561,562,563,564,565,566,567,568,569,570,571,572,573,574,575,576,577,578,615,616,617,618,619,620,
183;0;9828;9902;0;0,1,2,3,4,5,6,7,8,9,10,11,12,13,14,15,16,17,18,26,50,51,71,73,86,110,131,132,133,134,135,137,138,140,221,256,257,258,259,260,261,262,337,371,381,382,383,400,401,402,422,458,557,558,559,560,561,562,563,564,565,566,567,568,569,570,571,572,573,574,575,576,577,578,615,616,617,618,619,620,
183;1;9902;9906;0;0,1,2,3,4,5,6,7,8,9,10,11,12,13,14,15,16,17,18,26,50,51,71,73,86,110,131,132,133,134,135,137,138,140,221,256,257,258,259,260,261,262,337,371,381,382,383,400,401,402,422,458,557,558,559,560,561,562,563,564,565,566,567,568,569,570,571,572,573,574,575,576,577,578,615,616,617,618,619,620,
198;0;9906;9910;0;0,1,2,3,4,5,6,7,8,9,10,11,12,13,14,15,16,17,18,26,50,51,71,73,86,110,131,132,133,134,135,137,138,140,221,256,257,258,259,260,261,262,337,371,381,382,383,400,401,402,422,458,557,558,559,560,561,562,563,564,565,566,567,568,569,570,571,572,573,574,575,576,577,578,615,616,617,618,619,620,
138;0;9910;9914;0;0,1,2,3,4,5,6,7,8,9,10,11,12,13,14,15,16,17,18,26,50,51,71,73,86,110,131,132,133,134,135,137,138,140,221,256,257,258,259,260,261,262,337,371,381,382,383,400,401,402,422,458,557,558,559,560,561,562,563,564,565,566,567,568,569,570,571,572,573,574,575,576,577,578,615,616,617,618,619,620,
3;0;9914;9956;0;0,1,2,3,4,5,6,7,8,9,10,11,12,13,14,15,16,17,18,26,50,51,71,73,86,110,131,132,133,134,135,137,138,140,221,256,257,258,259,260,261,262,337,371,381,382,383,400,401,402,422,458,557,558,559,560,561,562,563,564,565,566,567,568,569,570,571,572,573,574,575,576,577,578,615,616,617,618,619,620,
3;1;9956;9984;0;0,1,2,3,4,5,6,7,8,9,10,11,12,13,14,15,16,17,18,26,50,51,71,73,86,110,131,132,133,134,135,137,138,140,221,256,257,258,259,260,261,262,337,371,381,382,383,400,401,402,422,458,557,558,559,560,561,562,563,564,565,566,567,568,569,570,571,572,573,574,575,576,577,578,615,616,617,618,619,620,
120;0;9984;9988;1;0,1,2,3,4,5,6,7,8,9,10,11,12,13,14,15,16,17,18,26,50,51,71,73,86,110,131,132,133,134,135,137,138,140,221,256,257,258,259,260,261,262,337,371,381,382,383,400,401,402,422,458,557,558,559,560,561,562,563,564,565,566,567,568,569,570,571,572,573,574,575,576,577,578,615,616,617,618,619,620,
101;0;9988;9994;1;0,1,2,3,4,5,6,7,8,9,10,11,12,13,14,15,16,17,18,26,50,51,71,73,86,110,131,132,133,134,135,137,138,140,221,256,257,258,259,260,261,262,337,371,381,382,383,400,401,402,422,458,557,558,559,560,561,562,563,564,565,566,567,568,569,570,571,572,573,574,575,576,577,578,615,616,617,618,619,620,
101;1;9994;10011;1;0,1,2,3,4,5,6,7,8,9,10,11,12,13,14,15,16,17,18,26,50,51,71,73,86,110,131,132,133,134,135,137,138,140,221,256,257,258,259,260,261,262,337,371,381,382,383,400,401,402,422,458,557,558,559,560,561,562,563,564,565,566,567,568,569,570,571,572,573,574,575,576,577,578,615,616,617,618,619,620,
116;0;10011;10079;1;0,1,2,3,4,5,6,7,8,9,10,11,12,13,14,15,16,17,18,26,50,51,71,73,86,110,131,132,133,134,135,137,138,140,221,256,257,258,259,260,261,262,337,371,381,382,383,400,401,402,422,458,557,558,559,560,561,562,563,564,565,566,567,568,569,570,571,572,573,574,575,576,577,578,615,616,617,618,619,620,
Machine: 1
221;0;0;158;1;12,26,69,70,71,72,73,74,75,76,77,78,79,80,123,131,132,133,134,135,136,137,138,139,140,141,142,143,144,145,146,147,148,149,150,151,152,153,154,155,156,157,158,159,160,161,162,163,164,165,205,212,274,306,307,308,309,322,323,324,325,326,327,328,329,330,331,371,400,401,402,403,404,608,609,610,611,612,613,614,
221;1;158;176;1;12,26,69,70,71,72,73,74,75,76,77,78,79,80,123,131,132,133,134,135,136,137,138,139,140,141,142,143,144,145,146,147,148,149,150,151,152,153,154,155,156,157,158,159,160,161,162,163,164,165,205,212,274,306,307,308,309,322,323,324,325,326,327,328,329,330,331,371,400,401,402,403,404,608,609,610,611,612,613,614,
133;0;176;274;1;12,26,69,70,71,72,73,74,75,76,77,78,79,80,123,131,132,133,134,135,136,137,138,139,140,141,142,143,144,145,146,147,148,149,150,151,152,153,154,155,156,157,158,159,160,161,162,163,164,165,205,212,274,306,307,308,309,322,323,324,325,326,327,328,329,330,331,371,400,401,402,403,404,608,609,610,611,612,613,614,
133;1;274;442;1;12,26,69,70,71,72,73,74,75,76,77,78,79,80,123,131,132,133,134,135,136,137,138,139,140,141,142,143,144,145,146,147,148,149,150,151,152,153,154,155,156,157,158,159,160,161,162,163,164,165,205,212,274,306,307,308,309,322,323,324,325,326,327,328,329,330,331,371,400,401,402,403,404,608,609,610,611,612,613,614,
29;0;442;462;1;12,26,69,70,71,72,73,74,75,76,77,78,79,80,123,131,132,133,134,135,136,137,138,139,140,141,142,143,144,145,146,147,148,149,150,151,152,153,154,155,156,157,158,159,160,161,162,163,164,165,205,212,274,306,307,308,309,322,323,324,325,326,327,328,329,330,331,371,400,401,402,403,404,608,609,610,611,612,613,614,
29;1;462;627;1;12,26,69,70,71,72,73,74,75,76,77,78,79,80,123,131,132,133,134,135,136,137,138,139,140,141,142,143,144,145,146,147,148,149,150,151,152,153,154,155,156,157,158,159,160,161,162,163,164,165,205,212,274,306,307,308,309,322,323,324,325,326,327,328,329,330,331,371,400,401,402,403,404,608,609,610,611,612,613,614,
49;0;627;787;1;12,26,69,70,71,72,73,74,75,76,77,78,79,80,123,131,132,133,134,135,136,137,138,139,140,141,142,143,144,145,146,147,148,149,150,151,152,153,154,155,156,157,158,159,160,161,162,163,164,165,205,212,274,306,307,308,309,322,323,324,325,326,327,328,329,330,331,371,400,401,402,403,404,608,609,610,611,612,613,614,
49;1;787;791;1;12,26,69,70,71,72,73,74,75,76,77,78,79,80,123,131,132,133,134,135,136,137,138,139,140,141,142,143,144,145,146,147,148,149,150,151,152,153,154,155,156,157,158,159,160,161,162,163,164,165,205,212,274,306,307,308,309,322,323,324,325,326,327,328,329,330,331,371,400,401,402,403,404,608,609,610,611,612,613,614,
137;0;791;955;1;12,26,69,70,71,72,73,74,75,76,77,78,79,80,123,131,132,133,134,135,136,137,138,139,140,141,142,143,144,145,146,147,148,149,150,151,152,153,154,155,156,157,158,159,160,161,162,163,164,165,205,212,274,306,307,308,309,322,323,324,325,326,327,328,329,330,331,371,400,401,402,403,404,608,609,610,611,612,613,614,
137;1;955;1120;1;12,26,69,70,71,72,73,74,75,76,77,78,79,80,123,131,132,133,134,135,136,137,138,139,140,141,142,143,144,145,146,147,148,149,150,151,152,153,154,155,156,157,158,159,160,161,162,163,164,165,205,212,274,306,307,308,309,322,323,324,325,326,327,328,329,330,331,371,400,401,402,403,404,608,609,610,611,612,613,614,
57;0;1120;1294;1;12,26,69,70,71,72,73,74,75,76,77,78,79,80,123,131,132,133,134,135,136,137,138,139,140,141,142,143,144,145,146,147,148,149,150,151,152,153,154,155,156,157,158,159,160,161,162,163,164,165,205,212,274,306,307,308,309,322,323,324,325,326,327,328,329,330,331,371,400,401,402,403,404,608,609,610,611,612,613,614,
57;1;1294;1395;1;12,26,69,70,71,72,73,74,75,76,77,78,79,80,123,131,132,133,134,135,136,137,138,139,140,141,142,143,144,145,146,147,148,149,150,151,152,153,154,155,156,157,158,159,160,161,162,163,164,165,205,212,274,306,307,308,309,322,323,324,325,326,327,328,329,330,331,371,400,401,402,403,404,608,609,610,611,612,613,614,
112;0;1395;1545;1;12,26,69,70,71,72,73,74,75,76,77,78,79,80,123,131,132,133,134,135,136,137,138,139,140,141,142,143,144,145,146,147,148,149,150,151,152,153,154,155,156,157,158,159,160,161,162,163,164,165,205,212,274,306,307,308,309,322,323,324,325,326,327,328,329,330,331,371,400,401,402,403,404,608,609,610,611,612,613,614,
141;0;1545;1598;1;12,26,69,70,71,72,73,74,75,76,77,78,79,80,123,131,132,133,134,135,136,137,138,139,140,141,142,143,144,145,146,147,148,149,150,151,152,153,154,155,156,157,158,159,160,161,162,163,164,165,205,212,274,306,307,308,309,322,323,324,325,326,327,328,329,330,331,371,400,401,402,403,404,608,609,610,611,612,613,614,
141;1;1598;1672;1;12,26,69,70,71,72,73,74,75,76,77,78,79,80,123,131,132,133,134,135,136,137,138,139,140,141,142,143,144,145,146,147,148,149,150,151,152,153,154,155,156,157,158,159,160,161,162,163,164,165,205,212,274,306,307,308,309,322,323,324,325,326,327,328,329,330,331,371,400,401,402,403,404,608,609,610,611,612,613,614,
9;0;1672;1732;1;12,26,69,70,71,72,73,74,75,76,77,78,79,80,123,131,132,133,134,135,136,137,138,139,140,141,142,143,144,145,146,147,148,149,150,151,152,153,154,155,156,157,158,159,160,161,162,163,164,165,205,212,274,306,307,308,309,322,323,324,325,326,327,328,329,330,331,371,400,401,402,403,404,608,609,610,611,612,613,614,
9;1;1732;1806;1;12,26,69,70,71,72,73,74,75,76,77,78,79,80,123,131,132,133,134,135,136,137,138,139,140,141,142,143,144,145,146,147,148,149,150,151,152,153,154,155,156,157,158,159,160,161,162,163,164,165,205,212,274,306,307,308,309,322,323,324,325,326,327,328,329,330,331,371,400,401,402,403,404,608,609,610,611,612,613,614,
93;0;1806;1839;1;12,26,69,70,71,72,73,74,75,76,77,78,79,80,123,131,132,133,134,135,136,137,138,139,140,141,142,143,144,145,146,147,148,149,150,151,152,153,154,155,156,157,158,159,160,161,162,163,164,165,205,212,274,306,307,308,309,322,323,324,325,326,327,328,329,330,331,371,400,401,402,403,404,608,609,610,611,612,613,614,
93;1;1839;1892;1;12,26,69,70,71,72,73,74,75,76,77,78,79,80,123,131,132,133,134,135,136,137,138,139,140,141,142,143,144,145,146,147,148,149,150,151,152,153,154,155,156,157,158,159,160,161,162,163,164,165,205,212,274,306,307,308,309,322,323,324,325,326,327,328,329,330,331,371,400,401,402,403,404,608,609,610,611,612,613,614,
134;0;1892;1966;0;12,26,69,70,71,72,73,74,75,76,77,78,79,80,123,131,132,133,134,135,136,137,138,139,140,141,142,143,144,145,146,147,148,149,150,151,152,153,154,155,156,157,158,159,160,161,162,163,164,165,205,212,274,306,307,308,309,322,323,324,325,326,327,328,329,330,331,371,400,401,402,403,404,608,609,610,611,612,613,614,
239;0;1966;2062;0;12,26,69,70,71,72,73,74,75,76,77,78,79,80,123,131,132,133,134,135,136,137,138,139,140,141,142,143,144,145,146,147,148,149,150,151,152,153,154,155,156,157,158,159,160,161,162,163,164,165,205,212,274,306,307,308,309,322,323,324,325,326,327,328,329,330,331,371,400,401,402,403,404,608,609,610,611,612,613,614,
239;1;2062;2115;0;12,26,69,70,71,72,73,74,75,76,77,78,79,80,123,131,132,133,134,135,136,137,138,139,140,141,142,143,144,145,146,147,148,149,150,151,152,153,154,155,156,157,158,159,160,161,162,163,164,165,205,212,274,306,307,308,309,322,323,324,325,326,327,328,329,330,331,371,400,401,402,403,404,608,609,610,611,612,613,614,
56;0;2115;2249;1;19,20,21,22,23,24,25,26,27,28,29,30,31,32,33,34,35,36,37,38,39,40,41,42,43,44,45,57,58,60,69,70,71,72,73,74,75,76,77,78,79,80,123,131,132,172,212,306,371,400,401,402,403,404,441,442,443,444,445,446,447,545,546,547,548,549,550,551,552,553,554,555,556,608,609,610,611,612,613,614,
249;0;2249;2318;1;19,20,21,22,23,24,25,26,27,28,29,30,31,32,33,34,35,36,37,38,39,40,41,42,43,44,45,57,58,60,69,70,71,72,73,74,75,76,77,78,79,80,123,131,132,172,212,306,371,400,401,402,403,404,441,442,443,444,445,446,447,545,546,547,548,549,550,551,552,553,554,555,556,608,609,610,611,612,613,614,
249;1;2318;2336;1;19,20,21,22,23,24,25,26,27,28,29,30,31,32,33,34,35,36,37,38,39,40,41,42,43,44,45,57,58,60,69,70,71,72,73,74,75,76,77,78,79,80,123,131,132,172,212,306,371,400,401,402,403,404,441,442,443,444,445,446,447,545,546,547,548,549,550,551,552,553,554,555,556,608,609,610,611,612,613,614,
114;0;2336;2375;0;19,20,21,22,23,24,25,26,27,28,29,30,31,32,33,34,35,36,37,38,39,40,41,42,43,44,45,57,58,60,69,70,71,72,73,74,75,76,77,78,79,80,123,131,132,172,212,306,371,400,401,402,403,404,441,442,443,444,445,446,447,545,546,547,548,549,550,551,552,553,554,555,556,608,609,610,611,612,613,614,
180;0;2375;2464;1;19,20,21,22,23,24,25,26,27,28,29,30,31,32,33,34,35,36,37,38,39,40,41,42,43,44,45,57,58,60,69,70,71,72,73,74,75,76,77,78,79,80,123,131,132,172,212,306,371,400,401,402,403,404,441,442,443,444,445,446,447,545,546,547,548,549,550,551,552,553,554,555,556,608,609,610,611,612,613,614,
61;0;2464;2555;1;19,20,21,22,23,24,25,26,27,28,29,30,31,32,33,34,35,36,37,38,39,40,41,42,43,44,45,57,58,60,69,70,71,72,73,74,75,76,77,78,79,80,123,131,132,172,212,306,371,400,401,402,403,404,441,442,443,444,445,446,447,545,546,547,548,549,550,551,552,553,554,555,556,608,609,610,611,612,613,614,
61;1;2555;2596;1;19,20,21,22,23,24,25,26,27,28,29,30,31,32,33,34,35,36,37,38,39,40,41,42,43,44,45,57,58,60,69,70,71,72,73,74,75,76,77,78,79,80,123,131,132,172,212,306,371,400,401,402,403,404,441,442,443,444,445,446,447,545,546,547,548,549,550,551,552,553,554,555,556,608,609,610,611,612,613,614,
246;0;2596;2637;0;19,20,21,22,23,24,25,26,27,28,29,30,31,32,33,34,35,36,37,38,39,40,41,42,43,44,45,57,58,60,69,70,71,72,73,74,75,76,77,78,79,80,123,131,132,172,212,306,371,400,401,402,403,404,441,442,443,444,445,446,447,545,546,547,548,549,550,551,552,553,554,555,556,608,609,610,611,612,613,614,
111;0;2637;2683;0;19,20,21,22,23,24,25,26,27,28,29,30,31,32,33,34,35,36,37,38,39,40,41,42,43,44,45,57,58,60,69,70,71,72,73,74,75,76,77,78,79,80,123,131,132,172,212,306,371,400,401,402,403,404,441,442,443,444,445,446,447,545,546,547,548,549,550,551,552,553,554,555,556,608,609,610,611,612,613,614,
111;1;2683;2817;0;19,20,21,22,23,24,25,26,27,28,29,30,31,32,33,34,35,36,37,38,39,40,41,42,43,44,45,57,58,60,69,70,71,72,73,74,75,76,77,78,79,80,123,131,132,172,212,306,371,400,401,402,403,404,441,442,443,444,445,446,447,545,546,547,548,549,550,551,552,553,554,555,556,608,609,610,611,612,613,614,
41;0;2817;2910;1;19,20,21,22,23,24,25,26,27,28,29,30,31,32,33,34,35,36,37,38,39,40,41,42,43,44,45,57,58,60,69,70,71,72,73,74,75,76,77,78,79,80,123,131,132,172,212,306,371,400,401,402,403,404,441,442,443,444,445,446,447,545,546,547,548,549,550,551,552,553,554,555,556,608,609,610,611,612,613,614,
41;1;2910;2914;1;19,20,21,22,23,24,25,26,27,28,29,30,31,32,33,34,35,36,37,38,39,40,41,42,43,44,45,57,58,60,69,70,71,72,73,74,75,76,77,78,79,80,123,131,132,172,212,306,371,400,401,402,403,404,441,442,443,444,445,446,447,545,546,547,548,549,550,551,552,553,554,555,556,608,609,610,611,612,613,614,
177;0;2914;2948;1;19,20,21,22,23,24,25,26,27,28,29,30,31,32,33,34,35,36,37,38,39,40,41,42,43,44,45,57,58,60,69,70,71,72,73,74,75,76,77,78,79,80,123,131,132,172,212,306,371,400,401,402,403,404,441,442,443,444,445,446,447,545,546,547,548,549,550,551,552,553,554,555,556,608,609,610,611,612,613,614,
177;1;2948;3082;1;19,20,21,22,23,24,25,26,27,28,29,30,31,32,33,34,35,36,37,38,39,40,41,42,43,44,45,57,58,60,69,70,71,72,73,74,75,76,77,78,79,80,123,131,132,172,212,306,371,400,401,402,403,404,441,442,443,444,445,446,447,545,546,547,548,549,550,551,552,553,554,555,556,608,609,610,611,612,613,614,
96;0;3082;3171;1;19,20,21,22,23,24,25,26,27,28,29,30,31,32,33,34,35,36,37,38,39,40,41,42,43,44,45,57,58,60,69,70,71,72,73,74,75,76,77,78,79,80,123,131,132,172,212,306,371,400,401,402,403,404,441,442,443,444,445,446,447,545,546,547,548,549,550,551,552,553,554,555,556,608,609,610,611,612,613,614,
237;0;3171;3179;1;19,20,21,22,23,24,25,26,27,28,29,30,31,32,33,34,35,36,37,38,39,40,41,42,43,44,45,57,58,60,69,70,71,72,73,74,75,76,77,78,79,80,123,131,132,172,212,306,371,400,401,402,403,404,441,442,443,444,445,446,447,545,546,547,548,549,550,551,552,553,554,555,556,608,609,610,611,612,613,614,
237;1;3179;3347;1;19,20,21,22,23,24,25,26,27,28,29,30,31,32,33,34,35,36,37,38,39,40,41,42,43,44,45,57,58,60,69,70,71,72,73,74,75,76,77,78,79,80,123,131,132,172,212,306,371,400,401,402,403,404,441,442,443,444,445,446,447,545,546,547,548,549,550,551,552,553,554,555,556,608,609,610,611,612,613,614,
232;0;3347;3386;1;19,20,21,22,23,24,25,26,27,28,29,30,31,32,33,34,35,36,37,38,39,40,41,42,43,44,45,57,58,60,69,70,71,72,73,74,75,76,77,78,79,80,123,131,132,172,212,306,371,400,401,402,403,404,441,442,443,444,445,446,447,545,546,547,548,549,550,551,552,553,554,555,556,608,609,610,611,612,613,614,
89;0;3386;3522;1;19,20,21,22,23,24,25,26,27,28,29,30,31,32,33,34,35,36,37,38,39,40,41,42,43,44,45,57,58,60,69,70,71,72,73,74,75,76,77,78,79,80,123,131,132,172,212,306,371,400,401,402,403,404,441,442,443,444,445,446,447,545,546,547,548,549,550,551,552,553,554,555,556,608,609,610,611,612,613,614,
89;1;3522;3656;1;19,20,21,22,23,24,25,26,27,28,29,30,31,32,33,34,35,36,37,38,39,40,41,42,43,44,45,57,58,60,69,70,71,72,73,74,75,76,77,78,79,80,123,131,132,172,212,306,371,400,401,402,403,404,441,442,443,444,445,446,447,545,546,547,548,549,550,551,552,553,554,555,556,608,609,610,611,612,613,614,
204;0;3656;3745;1;19,20,21,22,23,24,25,26,27,28,29,30,31,32,33,34,35,36,37,38,39,40,41,42,43,44,45,57,58,60,69,70,71,72,73,74,75,76,77,78,79,80,123,131,132,172,212,306,371,400,401,402,403,404,441,442,443,444,445,446,447,545,546,547,548,549,550,551,552,553,554,555,556,608,609,610,611,612,613,614,
70;0;3745;3749;0;19,20,21,22,23,24,25,26,27,28,29,30,31,32,33,34,35,36,37,38,39,40,41,42,43,44,45,57,58,60,69,70,71,72,73,74,75,76,77,78,79,80,123,131,132,172,212,306,371,400,401,402,403,404,441,442,443,444,445,446,447,545,546,547,548,549,550,551,552,553,554,555,556,608,609,610,611,612,613,614,
152;0;3749;3767;1;19,20,21,22,23,24,25,26,27,28,29,30,31,32,33,34,35,36,37,38,39,40,41,42,43,44,45,57,58,60,69,70,71,72,73,74,75,76,77,78,79,80,123,131,132,172,212,306,371,400,401,402,403,404,441,442,443,444,445,446,447,545,546,547,548,549,550,551,552,553,554,555,556,608,609,610,611,612,613,614,
206;0;3767;3806;0;19,20,21,22,23,24,25,26,27,28,29,30,31,32,33,34,35,36,37,38,39,40,41,42,43,44,45,57,58,60,69,70,71,72,73,74,75,76,77,78,79,80,123,131,132,172,212,306,371,400,401,402,403,404,441,442,443,444,445,446,447,545,546,547,548,549,550,551,552,553,554,555,556,608,609,610,611,612,613,614,
129;0;3806;3947;1;19,20,21,22,23,24,25,26,27,28,29,30,31,32,33,34,35,36,37,38,39,40,41,42,43,44,45,57,58,60,69,70,71,72,73,74,75,76,77,78,79,80,123,131,132,172,212,306,371,400,401,402,403,404,441,442,443,444,445,446,447,545,546,547,548,549,550,551,552,553,554,555,556,608,609,610,611,612,613,614,
129;1;3947;4000;1;19,20,21,22,23,24,25,26,27,28,29,30,31,32,33,34,35,36,37,38,39,40,41,42,43,44,45,57,58,60,69,70,71,72,73,74,75,76,77,78,79,80,123,131,132,172,212,306,371,400,401,402,403,404,441,442,443,444,445,446,447,545,546,547,548,549,550,551,552,553,554,555,556,608,609,610,611,612,613,614,
175;0;4000;4050;0;19,20,21,22,23,24,25,26,27,28,29,30,31,32,33,34,35,36,37,38,39,40,41,42,43,44,45,57,58,60,69,70,71,72,73,74,75,76,77,78,79,80,123,131,132,172,212,306,371,400,401,402,403,404,441,442,443,444,445,446,447,545,546,547,548,549,550,551,552,553,554,555,556,608,609,610,611,612,613,614,
175;1;4050;4089;0;19,20,21,22,23,24,25,26,27,28,29,30,31,32,33,34,35,36,37,38,39,40,41,42,43,44,45,57,58,60,69,70,71,72,73,74,75,76,77,78,79,80,123,131,132,172,212,306,371,400,401,402,403,404,441,442,443,444,445,446,447,545,546,547,548,549,550,551,552,553,554,555,556,608,609,610,611,612,613,614,
12;0;4089;4130;1;19,20,21,22,23,24,25,26,27,28,29,30,31,32,33,34,35,36,37,38,39,40,41,42,43,44,45,57,58,60,69,70,71,72,73,74,75,76,77,78,79,80,123,131,132,172,212,306,371,400,401,402,403,404,441,442,443,444,445,446,447,545,546,547,548,549,550,551,552,553,554,555,556,608,609,610,611,612,613,614,
103;0;4130;4254;0;19,20,21,22,23,24,25,26,27,28,29,30,31,32,33,34,35,36,37,38,39,40,41,42,43,44,45,57,58,60,69,70,71,72,73,74,75,76,77,78,79,80,123,131,132,172,212,306,371,400,401,402,403,404,441,442,443,444,445,446,447,545,546,547,548,549,550,551,552,553,554,555,556,608,609,610,611,612,613,614,
103;1;4254;4295;0;19,20,21,22,23,24,25,26,27,28,29,30,31,32,33,34,35,36,37,38,39,40,41,42,43,44,45,57,58,60,69,70,71,72,73,74,75,76,77,78,79,80,123,131,132,172,212,306,371,400,401,402,403,404,441,442,443,444,445,446,447,545,546,547,548,549,550,551,552,553,554,555,556,608,609,610,611,612,613,614,
140;0;4295;4384;1;19,20,21,22,23,24,25,26,27,28,29,30,31,32,33,34,35,36,37,38,39,40,41,42,43,44,45,57,58,60,69,70,71,72,73,74,75,76,77,78,79,80,123,131,132,172,212,306,371,400,401,402,403,404,441,442,443,444,445,446,447,545,546,547,548,549,550,551,552,553,554,555,556,608,609,610,611,612,613,614,
124;0;4384;4534;1;19,20,21,22,23,24,25,26,27,28,29,30,31,32,33,34,35,36,37,38,39,40,41,42,43,44,45,57,58,60,69,70,71,72,73,74,75,76,77,78,79,80,123,131,132,172,212,306,371,400,401,402,403,404,441,442,443,444,445,446,447,545,546,547,548,549,550,551,552,553,554,555,556,608,609,610,611,612,613,614,
203;0;4534;4587;0;19,20,21,22,23,24,25,26,27,28,29,30,31,32,33,34,35,36,37,38,39,40,41,42,43,44,45,57,58,60,69,70,71,72,73,74,75,76,77,78,79,80,123,131,132,172,212,306,371,400,401,402,403,404,441,442,443,444,445,446,447,545,546,547,548,549,550,551,552,553,554,555,556,608,609,610,611,612,613,614,
203;1;4587;4721;0;19,20,21,22,23,24,25,26,27,28,29,30,31,32,33,34,35,36,37,38,39,40,41,42,43,44,45,57,58,60,69,70,71,72,73,74,75,76,77,78,79,80,123,131,132,172,212,306,371,400,401,402,403,404,441,442,443,444,445,446,447,545,546,547,548,549,550,551,552,553,554,555,556,608,609,610,611,612,613,614,
97;0;4721;4813;1;19,20,21,22,23,24,25,26,27,28,29,30,31,32,33,34,35,36,37,38,39,40,41,42,43,44,45,57,58,60,69,70,71,72,73,74,75,76,77,78,79,80,123,131,132,172,212,306,371,400,401,402,403,404,441,442,443,444,445,446,447,545,546,547,548,549,550,551,552,553,554,555,556,608,609,610,611,612,613,614,
97;1;4813;4963;1;19,20,21,22,23,24,25,26,27,28,29,30,31,32,33,34,35,36,37,38,39,40,41,42,43,44,45,57,58,60,69,70,71,72,73,74,75,76,77,78,79,80,123,131,132,172,212,306,371,400,401,402,403,404,441,442,443,444,445,446,447,545,546,547,548,549,550,551,552,553,554,555,556,608,609,610,611,612,613,614,
48;0;4963;5110;1;25,26,55,56,57,58,59,60,61,62,63,64,65,66,67,68,69,76,98,99,100,101,102,103,104,105,106,107,108,109,110,111,112,123,128,131,132,172,180,181,182,183,184,185,186,187,188,189,190,191,192,193,194,195,196,197,198,199,200,201,212,245,246,247,248,249,250,251,252,253,254,255,306,371,400,401,402,441,543,544,
16;0;5110;5135;1;25,26,55,56,57,58,59,60,61,62,63,64,65,66,67,68,69,76,98,99,100,101,102,103,104,105,106,107,108,109,110,111,112,123,128,131,132,172,180,181,182,183,184,185,186,187,188,189,190,191,192,193,194,195,196,197,198,199,200,201,212,245,246,247,248,249,250,251,252,253,254,255,306,371,400,401,402,441,543,544,
100;0;5135;5230;1;25,26,55,56,57,58,59,60,61,62,63,64,65,66,67,68,69,76,98,99,100,101,102,103,104,105,106,107,108,109,110,111,112,123,128,131,132,172,180,181,182,183,184,185,186,187,188,189,190,191,192,193,194,195,196,197,198,199,200,201,212,245,246,247,248,249,250,251,252,253,254,255,306,371,400,401,402,441,543,544,
5;0;5230;5316;1;25,26,55,56,57,58,59,60,61,62,63,64,65,66,67,68,69,76,98,99,100,101,102,103,104,105,106,107,108,109,110,111,112,123,128,131,132,172,180,181,182,183,184,185,186,187,188,189,190,191,192,193,194,195,196,197,198,199,200,201,212,245,246,247,248,249,250,251,252,253,254,255,306,371,400,401,402,441,543,544,
5;1;5316;5463;1;25,26,55,56,57,58,59,60,61,62,63,64,65,66,67,68,69,76,98,99,100,101,102,103,104,105,106,107,108,109,110,111,112,123,128,131,132,172,180,181,182,183,184,185,186,187,188,189,190,191,192,193,194,195,196,197,198,199,200,201,212,245,246,247,248,249,250,251,252,253,254,255,306,371,400,401,402,441,543,544,
194;0;5463;5528;0;25,26,55,56,57,58,59,60,61,62,63,64,65,66,67,68,69,76,98,99,100,101,102,103,104,105,106,107,108,109,110,111,112,123,128,131,132,172,180,181,182,183,184,185,186,187,188,189,190,191,192,193,194,195,196,197,198,199,200,201,212,245,246,247,248,249,250,251,252,253,254,255,306,371,400,401,402,441,543,544,
132;0;5528;5623;1;25,26,55,56,57,58,59,60,61,62,63,64,65,66,67,68,69,76,98,99,100,101,102,103,104,105,106,107,108,109,110,111,112,123,128,131,132,172,180,181,182,183,184,185,186,187,188,189,190,191,192,193,194,195,196,197,198,199,200,201,212,245,246,247,248,249,250,251,252,253,254,255,306,371,400,401,402,441,543,544,
248;0;5623;5648;1;25,26,55,56,57,58,59,60,61,62,63,64,65,66,67,68,69,76,98,99,100,101,102,103,104,105,106,107,108,109,110,111,112,123,128,131,132,172,180,181,182,183,184,185,186,187,188,189,190,191,192,193,194,195,196,197,198,199,200,201,212,245,246,247,248,249,250,251,252,253,254,255,306,371,400,401,402,441,543,544,
92;0;5648;5743;1;25,26,55,56,57,58,59,60,61,62,63,64,65,66,67,68,69,76,98,99,100,101,102,103,104,105,106,107,108,109,110,111,112,123,128,131,132,172,180,181,182,183,184,185,186,187,188,189,190,191,192,193,194,195,196,197,198,199,200,201,212,245,246,247,248,249,250,251,252,253,254,255,306,371,400,401,402,441,543,544,
184;0;5743;5890;1;25,26,55,56,57,58,59,60,61,62,63,64,65,66,67,68,69,76,98,99,100,101,102,103,104,105,106,107,108,109,110,111,112,123,128,131,132,172,180,181,182,183,184,185,186,187,188,189,190,191,192,193,194,195,196,197,198,199,200,201,212,245,246,247,248,249,250,251,252,253,254,255,306,371,400,401,402,441,543,544,
14;0;5890;5985;0;25,26,55,56,57,58,59,60,61,62,63,64,65,66,67,68,69,76,98,99,100,101,102,103,104,105,106,107,108,109,110,111,112,123,128,131,132,172,180,181,182,183,184,185,186,187,188,189,190,191,192,193,194,195,196,197,198,199,200,201,212,245,246,247,248,249,250,251,252,253,254,255,306,371,400,401,402,441,543,544,
199;0;5985;6040;0;25,26,55,56,57,58,59,60,61,62,63,64,65,66,67,68,69,76,98,99,100,101,102,103,104,105,106,107,108,109,110,111,112,123,128,131,132,172,180,181,182,183,184,185,186,187,188,189,190,191,192,193,194,195,196,197,198,199,200,201,212,245,246,247,248,249,250,251,252,253,254,255,306,371,400,401,402,441,543,544,
199;1;6040;6135;0;25,26,55,56,57,58,59,60,61,62,63,64,65,66,67,68,69,76,98,99,100,101,102,103,104,105,106,107,108,109,110,111,112,123,128,131,132,172,180,181,182,183,184,185,186,187,188,189,190,191,192,193,194,195,196,197,198,199,200,201,212,245,246,247,248,249,250,251,252,253,254,255,306,371,400,401,402,441,543,544,
155;0;6135;6208;0;25,26,55,56,57,58,59,60,61,62,63,64,65,66,67,68,69,76,98,99,100,101,102,103,104,105,106,107,108,109,110,111,112,123,128,131,132,172,180,181,182,183,184,185,186,187,188,189,190,191,192,193,194,195,196,197,198,199,200,201,212,245,246,247,248,249,250,251,252,253,254,255,306,371,400,401,402,441,543,544,
155;1;6208;6303;0;25,26,55,56,57,58,59,60,61,62,63,64,65,66,67,68,69,76,98,99,100,101,102,103,104,105,106,107,108,109,110,111,112,123,128,131,132,172,180,181,182,183,184,185,186,187,188,189,190,191,192,193,194,195,196,197,198,199,200,201,212,245,246,247,248,249,250,251,252,253,254,255,306,371,400,401,402,441,543,544,
77;0;6303;6471;1;25,26,57,58,60,69,76,88,98,99,100,101,102,103,104,105,106,107,108,109,110,111,112,113,114,115,116,117,118,119,120,121,122,123,124,125,126,127,128,129,130,131,132,166,167,168,169,170,171,172,189,190,212,250,306,371,400,401,402,427,441,488,489,490,491,492,493,494,495,496,497,498,499,500,501,502,503,504,505,506,
77;1;6471;6490;1;25,26,57,58,60,69,76,88,98,99,100,101,102,103,104,105,106,107,108,109,110,111,112,113,114,115,116,117,118,119,120,121,122,123,124,125,126,127,128,129,130,131,132,166,167,168,169,170,171,172,189,190,212,250,306,371,400,401,402,427,441,488,489,490,491,492,493,494,495,496,497,498,499,500,501,502,503,504,505,506,
60;0;6490;6596;1;25,26,57,58,60,69,76,88,98,99,100,101,102,103,104,105,106,107,108,109,110,111,112,113,114,115,116,117,118,119,120,121,122,123,124,125,126,127,128,129,130,131,132,166,167,168,169,170,171,172,189,190,212,250,306,371,400,401,402,427,441,488,489,490,491,492,493,494,495,496,497,498,499,500,501,502,503,504,505,506,
147;0;6596;6673;0;25,26,57,58,60,69,76,88,98,99,100,101,102,103,104,105,106,107,108,109,110,111,112,113,114,115,116,117,118,119,120,121,122,123,124,125,126,127,128,129,130,131,132,166,167,168,169,170,171,172,189,190,212,250,306,371,400,401,402,427,441,488,489,490,491,492,493,494,495,496,497,498,499,500,501,502,503,504,505,506,
147;1;6673;6707;0;25,26,57,58,60,69,76,88,98,99,100,101,102,103,104,105,106,107,108,109,110,111,112,113,114,115,116,117,118,119,120,121,122,123,124,125,126,127,128,129,130,131,132,166,167,168,169,170,171,172,189,190,212,250,306,371,400,401,402,427,441,488,489,490,491,492,493,494,495,496,497,498,499,500,501,502,503,504,505,506,
10;0;6707;6741;0;25,26,57,58,60,69,76,88,98,99,100,101,102,103,104,105,106,107,108,109,110,111,112,113,114,115,116,117,118,119,120,121,122,123,124,125,126,127,128,129,130,131,132,166,167,168,169,170,171,172,189,190,212,250,306,371,400,401,402,427,441,488,489,490,491,492,493,494,495,496,497,498,499,500,501,502,503,504,505,506,
8;0;6741;6847;1;25,26,57,58,60,69,76,88,98,99,100,101,102,103,104,105,106,107,108,109,110,111,112,113,114,115,116,117,118,119,120,121,122,123,124,125,126,127,128,129,130,131,132,166,167,168,169,170,171,172,189,190,212,250,306,371,400,401,402,427,441,488,489,490,491,492,493,494,495,496,497,498,499,500,501,502,503,504,505,506,
160;0;6847;6851;1;25,26,57,58,60,69,76,88,98,99,100,101,102,103,104,105,106,107,108,109,110,111,112,113,114,115,116,117,118,119,120,121,122,123,124,125,126,127,128,129,130,131,132,166,167,168,169,170,171,172,189,190,212,250,306,371,400,401,402,427,441,488,489,490,491,492,493,494,495,496,497,498,499,500,501,502,503,504,505,506,
162;0;6851;6870;0;25,26,57,58,60,69,76,88,98,99,100,101,102,103,104,105,106,107,108,109,110,111,112,113,114,115,116,117,118,119,120,121,122,123,124,125,126,127,128,129,130,131,132,166,167,168,169,170,171,172,189,190,212,250,306,371,400,401,402,427,441,488,489,490,491,492,493,494,495,496,497,498,499,500,501,502,503,504,505,506,
168;0;6870;6889;1;25,26,57,58,60,69,76,88,98,99,100,101,102,103,104,105,106,107,108,109,110,111,112,113,114,115,116,117,118,119,120,121,122,123,124,125,126,127,128,129,130,131,132,166,167,168,169,170,171,172,189,190,212,250,306,371,400,401,402,427,441,488,489,490,491,492,493,494,495,496,497,498,499,500,501,502,503,504,505,506,
235;0;6889;6905;0;25,26,57,58,60,69,76,88,98,99,100,101,102,103,104,105,106,107,108,109,110,111,112,113,114,115,116,117,118,119,120,121,122,123,124,125,126,127,128,129,130,131,132,166,167,168,169,170,171,172,189,190,212,250,306,371,400,401,402,427,441,488,489,490,491,492,493,494,495,496,497,498,499,500,501,502,503,504,505,506,
235;1;6905;6924;0;25,26,57,58,60,69,76,88,98,99,100,101,102,103,104,105,106,107,108,109,110,111,112,113,114,115,116,117,118,119,120,121,122,123,124,125,126,127,128,129,130,131,132,166,167,168,169,170,171,172,189,190,212,250,306,371,400,401,402,427,441,488,489,490,491,492,493,494,495,496,497,498,499,500,501,502,503,504,505,506,
85;0;6924;7099;1;25,26,57,58,60,69,76,88,98,99,100,101,102,103,104,105,106,107,108,109,110,111,112,113,114,115,116,117,118,119,120,121,122,123,124,125,126,127,128,129,130,131,132,166,167,168,169,170,171,172,189,190,212,250,306,371,400,401,402,427,441,488,489,490,491,492,493,494,495,496,497,498,499,500,501,502,503,504,505,506,
85;1;7099;7140;1;25,26,57,58,60,69,76,88,98,99,100,101,102,103,104,105,106,107,108,109,110,111,112,113,114,115,116,117,118,119,120,121,122,123,124,125,126,127,128,129,130,131,132,166,167,168,169,170,171,172,189,190,212,250,306,371,400,401,402,427,441,488,489,490,491,492,493,494,495,496,497,498,499,500,501,502,503,504,505,506,
11;0;7140;7184;0;25,26,57,58,60,69,76,88,98,99,100,101,102,103,104,105,106,107,108,109,110,111,112,113,114,115,116,117,118,119,120,121,122,123,124,125,126,127,128,129,130,131,132,166,167,168,169,170,171,172,189,190,212,250,306,371,400,401,402,427,441,488,489,490,491,492,493,494,495,496,497,498,499,500,501,502,503,504,505,506,
11;1;7184;7290;0;25,26,57,58,60,69,76,88,98,99,100,101,102,103,104,105,106,107,108,109,110,111,112,113,114,115,116,117,118,119,120,121,122,123,124,125,126,127,128,129,130,131,132,166,167,168,169,170,171,172,189,190,212,250,306,371,400,401,402,427,441,488,489,490,491,492,493,494,495,496,497,498,499,500,501,502,503,504,505,506,
213;0;7290;7370;1;25,26,57,58,60,69,76,88,98,99,100,101,102,103,104,105,106,107,108,109,110,111,112,113,114,115,116,117,118,119,120,121,122,123,124,125,126,127,128,129,130,131,132,166,167,168,169,170,171,172,189,190,212,250,306,371,400,401,402,427,441,488,489,490,491,492,493,494,495,496,497,498,499,500,501,502,503,504,505,506,
213;1;7370;7476;1;25,26,57,58,60,69,76,88,98,99,100,101,102,103,104,105,106,107,108,109,110,111,112,113,114,115,116,117,118,119,120,121,122,123,124,125,126,127,128,129,130,131,132,166,167,168,169,170,171,172,189,190,212,250,306,371,400,401,402,427,441,488,489,490,491,492,493,494,495,496,497,498,499,500,501,502,503,504,505,506,
225;0;7476;7633;1;25,26,57,58,60,69,76,88,98,99,100,101,102,103,104,105,106,107,108,109,110,111,112,113,114,115,116,117,118,119,120,121,122,123,124,125,126,127,128,129,130,131,132,166,167,168,169,170,171,172,189,190,212,250,306,371,400,401,402,427,441,488,489,490,491,492,493,494,495,496,497,498,499,500,501,502,503,504,505,506,
225;1;7633;7739;1;25,26,57,58,60,69,76,88,98,99,100,101,102,103,104,105,106,107,108,109,110,111,112,113,114,115,116,117,118,119,120,121,122,123,124,125,126,127,128,129,130,131,132,166,167,168,169,170,171,172,189,190,212,250,306,371,400,401,402,427,441,488,489,490,491,492,493,494,495,496,497,498,499,500,501,502,503,504,505,506,
53;0;7739;7771;1;3,4,16,25,26,46,47,48,49,69,76,88,89,98,99,100,101,102,103,104,105,106,107,108,109,110,111,112,113,114,123,126,128,131,132,166,167,168,169,170,171,172,190,212,231,296,306,310,311,312,313,314,315,316,317,336,371,400,401,402,441,448,449,450,451,452,453,529,530,531,532,533,534,535,536,603,604,605,606,607,
53;1;7771;7931;1;3,4,16,25,26,46,47,48,49,69,76,88,89,98,99,100,101,102,103,104,105,106,107,108,109,110,111,112,113,114,123,126,128,131,132,166,167,168,169,170,171,172,190,212,231,296,306,310,311,312,313,314,315,316,317,336,371,400,401,402,441,448,449,450,451,452,453,529,530,531,532,533,534,535,536,603,604,605,606,607,
127;0;7931;8069;0;3,4,16,25,26,46,47,48,49,69,76,88,89,98,99,100,101,102,103,104,105,106,107,108,109,110,111,112,113,114,123,126,128,131,132,166,167,168,169,170,171,172,190,212,231,296,306,310,311,312,313,314,315,316,317,336,371,400,401,402,441,448,449,450,451,452,453,529,530,531,532,533,534,535,536,603,604,605,606,607,
127;1;8069;8103;0;3,4,16,25,26,46,47,48,49,69,76,88,89,98,99,100,101,102,103,104,105,106,107,108,109,110,111,112,113,114,123,126,128,131,132,166,167,168,169,170,171,172,190,212,231,296,306,310,311,312,313,314,315,316,317,336,371,400,401,402,441,448,449,450,451,452,453,529,530,531,532,533,534,535,536,603,604,605,606,607,
158;0;8103;8157;0;3,4,16,25,26,46,47,48,49,69,76,88,89,98,99,100,101,102,103,104,105,106,107,108,109,110,111,112,113,114,123,126,128,131,132,166,167,168,169,170,171,172,190,212,231,296,306,310,311,312,313,314,315,316,317,336,371,400,401,402,441,448,449,450,451,452,453,529,530,531,532,533,534,535,536,603,604,605,606,607,
186;0;8157;8211;0;3,4,16,25,26,46,47,48,49,69,76,88,89,98,99,100,101,102,103,104,105,106,107,108,109,110,111,112,113,114,123,126,128,131,132,166,167,168,169,170,171,172,190,212,231,296,306,310,311,312,313,314,315,316,317,336,371,400,401,402,441,448,449,450,451,452,453,529,530,531,532,533,534,535,536,603,604,605,606,607,
220;0;8211;8222;1;3,4,16,25,26,46,47,48,49,69,76,88,89,98,99,100,101,102,103,104,105,106,107,108,109,110,111,112,113,114,123,126,128,131,132,166,167,168,169,170,171,172,190,212,231,296,306,310,311,312,313,314,315,316,317,336,371,400,401,402,441,448,449,450,451,452,453,529,530,531,532,533,534,535,536,603,604,605,606,607,
216;0;8222;8226;1;3,4,16,25,26,46,47,48,49,69,76,88,89,98,99,100,101,102,103,104,105,106,107,108,109,110,111,112,113,114,123,126,128,131,132,166,167,168,169,170,171,172,190,212,231,296,306,310,311,312,313,314,315,316,317,336,371,400,401,402,441,448,449,450,451,452,453,529,530,531,532,533,534,535,536,603,604,605,606,607,
65;0;8226;8315;1;3,4,16,25,26,46,47,48,49,69,76,88,89,98,99,100,101,102,103,104,105,106,107,108,109,110,111,112,113,114,123,126,128,131,132,166,167,168,169,170,171,172,190,212,231,296,306,310,311,312,313,314,315,316,317,336,371,400,401,402,441,448,449,450,451,452,453,529,530,531,532,533,534,535,536,603,604,605,606,607,
65;1;8315;8432;1;3,4,16,25,26,46,47,48,49,69,76,88,89,98,99,100,101,102,103,104,105,106,107,108,109,110,111,112,113,114,123,126,128,131,132,166,167,168,169,170,171,172,190,212,231,296,306,310,311,312,313,314,315,316,317,336,371,400,401,402,441,448,449,450,451,452,453,529,530,531,532,533,534,535,536,603,604,605,606,607,
197;0;8432;8583;1;3,4,16,25,26,46,47,48,49,69,76,88,89,98,99,100,101,102,103,104,105,106,107,108,109,110,111,112,113,114,123,126,128,131,132,166,167,168,169,170,171,172,190,212,231,296,306,310,311,312,313,314,315,316,317,336,371,400,401,402,441,448,449,450,451,452,453,529,530,531,532,533,534,535,536,603,604,605,606,607,
197;1;8583;8700;1;3,4,16,25,26,46,47,48,49,69,76,88,89,98,99,100,101,102,103,104,105,106,107,108,109,110,111,112,113,114,123,126,128,131,132,166,167,168,169,170,171,172,190,212,231,296,306,310,311,312,313,314,315,316,317,336,371,400,401,402,441,448,449,450,451,452,453,529,530,531,532,533,534,535,536,603,604,605,606,607,
68;0;8700;8860;1;3,4,16,25,26,46,47,48,49,69,76,88,89,98,99,100,101,102,103,104,105,106,107,108,109,110,111,112,113,114,123,126,128,131,132,166,167,168,169,170,171,172,190,212,231,296,306,310,311,312,313,314,315,316,317,336,371,400,401,402,441,448,449,450,451,452,453,529,530,531,532,533,534,535,536,603,604,605,606,607,
189;0;8860;8937;1;3,4,16,25,26,46,47,48,49,69,76,88,89,98,99,100,101,102,103,104,105,106,107,108,109,110,111,112,113,114,123,126,128,131,132,166,167,168,169,170,171,172,190,212,231,296,306,310,311,312,313,314,315,316,317,336,371,400,401,402,441,448,449,450,451,452,453,529,530,531,532,533,534,535,536,603,604,605,606,607,
189;1;8937;8990;1;3,4,16,25,26,46,47,48,49,69,76,88,89,98,99,100,101,102,103,104,105,106,107,108,109,110,111,112,113,114,123,126,128,131,132,166,167,168,169,170,171,172,190,212,231,296,306,310,311,312,313,314,315,316,317,336,371,400,401,402,441,448,449,450,451,452,453,529,530,531,532,533,534,535,536,603,604,605,606,607,
196;0;8990;9035;1;3,4,14,16,18,25,26,46,47,48,49,76,81,82,83,84,85,86,87,88,89,90,91,92,93,94,95,96,97,98,99,100,101,102,103,104,105,106,107,108,109,110,111,112,113,123,126,131,132,166,167,168,169,170,171,172,212,231,296,310,311,312,313,314,315,316,317,336,371,400,401,402,441,529,530,531,532,533,534,535,
165;0;9035;9118;1;3,4,14,16,18,25,26,46,47,48,49,76,81,82,83,84,85,86,87,88,89,90,91,92,93,94,95,96,97,98,99,100,101,102,103,104,105,106,107,108,109,110,111,112,113,123,126,131,132,166,167,168,169,170,171,172,212,231,296,310,311,312,313,314,315,316,317,336,371,400,401,402,441,529,530,531,532,533,534,535,
165;1;9118;9129;1;3,4,14,16,18,25,26,46,47,48,49,76,81,82,83,84,85,86,87,88,89,90,91,92,93,94,95,96,97,98,99,100,101,102,103,104,105,106,107,108,109,110,111,112,113,123,126,131,132,166,167,168,169,170,171,172,212,231,296,310,311,312,313,314,315,316,317,336,371,400,401,402,441,529,530,531,532,533,534,535,
59;0;9129;9161;0;3,4,14,16,18,25,26,46,47,48,49,76,81,82,83,84,85,86,87,88,89,90,91,92,93,94,95,96,97,98,99,100,101,102,103,104,105,106,107,108,109,110,111,112,113,123,126,131,132,166,167,168,169,170,171,172,212,231,296,310,311,312,313,314,315,316,317,336,371,400,401,402,441,529,530,531,532,533,534,535,
59;1;9161;9206;0;3,4,14,16,18,25,26,46,47,48,49,76,81,82,83,84,85,86,87,88,89,90,91,92,93,94,95,96,97,98,99,100,101,102,103,104,105,106,107,108,109,110,111,112,113,123,126,131,132,166,167,168,169,170,171,172,212,231,296,310,311,312,313,314,315,316,317,336,371,400,401,402,441,529,530,531,532,533,534,535,
71;0;9206;9254;0;3,4,14,16,18,25,26,46,47,48,49,76,81,82,83,84,85,86,87,88,89,90,91,92,93,94,95,96,97,98,99,100,101,102,103,104,105,106,107,108,109,110,111,112,113,123,126,131,132,166,167,168,169,170,171,172,212,231,296,310,311,312,313,314,315,316,317,336,371,400,401,402,441,529,530,531,532,533,534,535,
71;1;9254;9265;0;3,4,14,16,18,25,26,46,47,48,49,76,81,82,83,84,85,86,87,88,89,90,91,92,93,94,95,96,97,98,99,100,101,102,103,104,105,106,107,108,109,110,111,112,113,123,126,131,132,166,167,168,169,170,171,172,212,231,296,310,311,312,313,314,315,316,317,336,371,400,401,402,441,529,530,531,532,533,534,535,
117;0;9265;9298;1;3,4,14,16,18,25,26,46,47,48,49,76,81,82,83,84,85,86,87,88,89,90,91,92,93,94,95,96,97,98,99,100,101,102,103,104,105,106,107,108,109,110,111,112,113,123,126,131,132,166,167,168,169,170,171,172,212,231,296,310,311,312,313,314,315,316,317,336,371,400,401,402,441,529,530,531,532,533,534,535,
117;1;9298;9309;1;3,4,14,16,18,25,26,46,47,48,49,76,81,82,83,84,85,86,87,88,89,90,91,92,93,94,95,96,97,98,99,100,101,102,103,104,105,106,107,108,109,110,111,112,113,123,126,131,132,166,167,168,169,170,171,172,212,231,296,310,311,312,313,314,315,316,317,336,371,400,401,402,441,529,530,531,532,533,534,535,
218;0;9309;9363;0;3,4,14,16,18,25,26,46,47,48,49,76,81,82,83,84,85,86,87,88,89,90,91,92,93,94,95,96,97,98,99,100,101,102,103,104,105,106,107,108,109,110,111,112,113,123,126,131,132,166,167,168,169,170,171,172,212,231,296,310,311,312,313,314,315,316,317,336,371,400,401,402,441,529,530,531,532,533,534,535,
36;0;9363;9523;1;3,4,14,16,18,25,26,46,47,48,49,76,81,82,83,84,85,86,87,88,89,90,91,92,93,94,95,96,97,98,99,100,101,102,103,104,105,106,107,108,109,110,111,112,113,123,126,131,132,166,167,168,169,170,171,172,212,231,296,310,311,312,313,314,315,316,317,336,371,400,401,402,441,529,530,531,532,533,534,535,
87;0;9523;9557;0;3,4,14,16,18,25,26,46,47,48,49,76,81,82,83,84,85,86,87,88,89,90,91,92,93,94,95,96,97,98,99,100,101,102,103,104,105,106,107,108,109,110,111,112,113,123,126,131,132,166,167,168,169,170,171,172,212,231,296,310,311,312,313,314,315,316,317,336,371,400,401,402,441,529,530,531,532,533,534,535,
87;1;9557;9611;0;3,4,14,16,18,25,26,46,47,48,49,76,81,82,83,84,85,86,87,88,89,90,91,92,93,94,95,96,97,98,99,100,101,102,103,104,105,106,107,108,109,110,111,112,113,123,126,131,132,166,167,168,169,170,171,172,212,231,296,310,311,312,313,314,315,316,317,336,371,400,401,402,441,529,530,531,532,533,534,535,
146;0;9611;9645;0;3,4,14,16,18,25,26,46,47,48,49,76,81,82,83,84,85,86,87,88,89,90,91,92,93,94,95,96,97,98,99,100,101,102,103,104,105,106,107,108,109,110,111,112,113,123,126,131,132,166,167,168,169,170,171,172,212,231,296,310,311,312,313,314,315,316,317,336,371,400,401,402,441,529,530,531,532,533,534,535,
42;0;9645;9686;0;3,4,14,16,18,25,26,46,47,48,49,76,81,82,83,84,85,86,87,88,89,90,91,92,93,94,95,96,97,98,99,100,101,102,103,104,105,106,107,108,109,110,111,112,113,123,126,131,132,166,167,168,169,170,171,172,212,231,296,310,311,312,313,314,315,316,317,336,371,400,401,402,441,529,530,531,532,533,534,535,
76;0;9686;9731;1;3,4,14,16,18,25,26,46,47,48,49,76,81,82,83,84,85,86,87,88,89,90,91,92,93,94,95,96,97,98,99,100,101,102,103,104,105,106,107,108,109,110,111,112,113,123,126,131,132,166,167,168,169,170,171,172,212,231,296,310,311,312,313,314,315,316,317,336,371,400,401,402,441,529,530,531,532,533,534,535,
174;0;9731;9776;0;3,4,14,16,18,25,26,46,47,48,49,76,81,82,83,84,85,86,87,88,89,90,91,92,93,94,95,96,97,98,99,100,101,102,103,104,105,106,107,108,109,110,111,112,113,123,126,131,132,166,167,168,169,170,171,172,212,231,296,310,311,312,313,314,315,316,317,336,371,400,401,402,441,529,530,531,532,533,534,535,
7;0;9776;9880;0;3,4,14,16,18,25,26,46,47,48,49,76,81,82,83,84,85,86,87,88,89,90,91,92,93,94,95,96,97,98,99,100,101,102,103,104,105,106,107,108,109,110,111,112,113,123,126,131,132,166,167,168,169,170,171,172,212,231,296,310,311,312,313,314,315,316,317,336,371,400,401,402,441,529,530,531,532,533,534,535,
7;1;9880;9925;0;3,4,14,16,18,25,26,46,47,48,49,76,81,82,83,84,85,86,87,88,89,90,91,92,93,94,95,96,97,98,99,100,101,102,103,104,105,106,107,108,109,110,111,112,113,123,126,131,132,166,167,168,169,170,171,172,212,231,296,310,311,312,313,314,315,316,317,336,371,400,401,402,441,529,530,531,532,533,534,535,
144;0;9925;9929;1;3,4,14,16,18,25,26,46,47,48,49,76,81,82,83,84,85,86,87,88,89,90,91,92,93,94,95,96,97,98,99,100,101,102,103,104,105,106,107,108,109,110,111,112,113,123,126,131,132,166,167,168,169,170,171,172,212,231,296,310,311,312,313,314,315,316,317,336,371,400,401,402,441,529,530,531,532,533,534,535,
148;0;9929;9983;1;3,4,14,16,18,25,26,46,47,48,49,76,81,82,83,84,85,86,87,88,89,90,91,92,93,94,95,96,97,98,99,100,101,102,103,104,105,106,107,108,109,110,111,112,113,123,126,131,132,166,167,168,169,170,171,172,212,231,296,310,311,312,313,314,315,316,317,336,371,400,401,402,441,529,530,531,532,533,534,535,
83;0;9983;10022;0;3,4,14,16,18,25,26,46,47,48,49,76,81,82,83,84,85,86,87,88,89,90,91,92,93,94,95,96,97,98,99,100,101,102,103,104,105,106,107,108,109,110,111,112,113,123,126,131,132,166,167,168,169,170,171,172,212,231,296,310,311,312,313,314,315,316,317,336,371,400,401,402,441,529,530,531,532,533,534,535,
83;1;10022;10076;0;3,4,14,16,18,25,26,46,47,48,49,76,81,82,83,84,85,86,87,88,89,90,91,92,93,94,95,96,97,98,99,100,101,102,103,104,105,106,107,108,109,110,111,112,113,123,126,131,132,166,167,168,169,170,171,172,212,231,296,310,311,312,313,314,315,316,317,336,371,400,401,402,441,529,530,531,532,533,534,535,
END
fineshedJobsCount: 256
switchs: 457
switchsInstances: 10
unfineshedPriorityCount: 12
totalUnfineshed: 120
criticalMachineSwitchs: 248
criticalMachineTime: 10079
Final Solution: 6763
Time: 383417
PTL: 390
MCMC: 486
Best Initial: 1776
Mean Initial: 934.818
