./input/BaseInstances/6M1_n=130,r=0.6,t=165,v0.txt;./input/Processed/ToolSetInt.csv
7;720;1440
Machine: 0
0;0;0;28;1;0,1,2,3,4,5,6,7,8,9,10,11,12,13,14,15,16,17,18,19,20,21,22,23,24,25,36,37,38,39,40,41,42,43,44,45,53,54,55,56,57,58,59,60,61,62,63,64,67,69,70,71,72,73,74,75,76,77,78,79,81,85,100,103,104,105,106,107,108,120,127,137,151,158,159,160,161,162,163,164,
0;1;28;83;1;0,1,2,3,4,5,6,7,8,9,10,11,12,13,14,15,16,17,18,19,20,21,22,23,24,25,36,37,38,39,40,41,42,43,44,45,53,54,55,56,57,58,59,60,61,62,63,64,67,69,70,71,72,73,74,75,76,77,78,79,81,85,100,103,104,105,106,107,108,120,127,137,151,158,159,160,161,162,163,164,
39;0;83;159;1;0,1,2,3,4,5,6,7,8,9,10,11,12,13,14,15,16,17,18,19,20,21,22,23,24,25,36,37,38,39,40,41,42,43,44,45,53,54,55,56,57,58,59,60,61,62,63,64,67,69,70,71,72,73,74,75,76,77,78,79,81,85,100,103,104,105,106,107,108,120,127,137,151,158,159,160,161,162,163,164,
39;1;159;310;1;0,1,2,3,4,5,6,7,8,9,10,11,12,13,14,15,16,17,18,19,20,21,22,23,24,25,36,37,38,39,40,41,42,43,44,45,53,54,55,56,57,58,59,60,61,62,63,64,67,69,70,71,72,73,74,75,76,77,78,79,81,85,100,103,104,105,106,107,108,120,127,137,151,158,159,160,161,162,163,164,
56;0;310;315;1;0,1,2,3,4,5,6,7,8,9,10,11,12,13,14,15,16,17,18,19,20,21,22,23,24,25,36,37,38,39,40,41,42,43,44,45,53,54,55,56,57,58,59,60,61,62,63,64,67,69,70,71,72,73,74,75,76,77,78,79,81,85,100,103,104,105,106,107,108,120,127,137,151,158,159,160,161,162,163,164,
56;1;315;419;1;0,1,2,3,4,5,6,7,8,9,10,11,12,13,14,15,16,17,18,19,20,21,22,23,24,25,36,37,38,39,40,41,42,43,44,45,53,54,55,56,57,58,59,60,61,62,63,64,67,69,70,71,72,73,74,75,76,77,78,79,81,85,100,103,104,105,106,107,108,120,127,137,151,158,159,160,161,162,163,164,
44;0;419;582;1;0,1,2,3,4,5,6,7,8,9,10,11,12,13,14,15,16,17,18,19,20,21,22,23,24,25,36,37,38,39,40,41,42,43,44,45,53,54,55,56,57,58,59,60,61,62,63,64,67,69,70,71,72,73,74,75,76,77,78,79,81,85,100,103,104,105,106,107,108,120,127,137,151,158,159,160,161,162,163,164,
44;1;582;621;1;0,1,2,3,4,5,6,7,8,9,10,11,12,13,14,15,16,17,18,19,20,21,22,23,24,25,36,37,38,39,40,41,42,43,44,45,53,54,55,56,57,58,59,60,61,62,63,64,67,69,70,71,72,73,74,75,76,77,78,79,81,85,100,103,104,105,106,107,108,120,127,137,151,158,159,160,161,162,163,164,
57;0;621;719;0;0,1,2,3,4,5,6,7,8,9,10,11,12,13,14,15,16,17,18,19,20,21,22,23,24,25,36,37,38,39,40,41,42,43,44,45,53,54,55,56,57,58,59,60,61,62,63,64,67,69,70,71,72,73,74,75,76,77,78,79,81,85,100,103,104,105,106,107,108,120,127,137,151,158,159,160,161,162,163,164,
21;0;719;760;1;0,1,2,3,4,5,6,7,8,9,10,11,12,13,14,15,16,17,18,19,20,21,22,23,24,25,36,37,38,39,40,41,42,43,44,45,53,54,55,56,57,58,59,60,61,62,63,64,67,69,70,71,72,73,74,75,76,77,78,79,81,85,100,103,104,105,106,107,108,120,127,137,151,158,159,160,161,162,163,164,
21;1;760;869;1;0,1,2,3,4,5,6,7,8,9,10,11,12,13,14,15,16,17,18,19,20,21,22,23,24,25,36,37,38,39,40,41,42,43,44,45,53,54,55,56,57,58,59,60,61,62,63,64,67,69,70,71,72,73,74,75,76,77,78,79,81,85,100,103,104,105,106,107,108,120,127,137,151,158,159,160,161,162,163,164,
64;0;869;1026;1;0,1,2,3,4,5,6,7,8,9,10,11,12,13,14,15,16,17,18,19,20,21,22,23,24,25,36,37,38,39,40,41,42,43,44,45,53,54,55,56,57,58,59,60,61,62,63,64,67,69,70,71,72,73,74,75,76,77,78,79,81,85,100,103,104,105,106,107,108,120,127,137,151,158,159,160,161,162,163,164,
64;1;1026;1091;1;0,1,2,3,4,5,6,7,8,9,10,11,12,13,14,15,16,17,18,19,20,21,22,23,24,25,36,37,38,39,40,41,42,43,44,45,53,54,55,56,57,58,59,60,61,62,63,64,67,69,70,71,72,73,74,75,76,77,78,79,81,85,100,103,104,105,106,107,108,120,127,137,151,158,159,160,161,162,163,164,
4;0;1091;1267;1;0,1,2,3,4,5,6,7,8,9,10,11,12,13,14,15,16,17,18,19,20,21,22,23,24,25,36,37,38,39,40,41,42,43,44,45,53,54,55,56,57,58,59,60,61,62,63,64,67,69,70,71,72,73,74,75,76,77,78,79,81,85,100,103,104,105,106,107,108,120,127,137,151,158,159,160,161,162,163,164,
4;1;1267;1311;1;0,1,2,3,4,5,6,7,8,9,10,11,12,13,14,15,16,17,18,19,20,21,22,23,24,25,36,37,38,39,40,41,42,43,44,45,53,54,55,56,57,58,59,60,61,62,63,64,67,69,70,71,72,73,74,75,76,77,78,79,81,85,100,103,104,105,106,107,108,120,127,137,151,158,159,160,161,162,163,164,
54;0;1311;1414;1;0,1,2,3,4,5,6,7,8,9,10,11,12,13,14,15,16,17,18,19,20,21,22,23,24,25,36,37,38,39,40,41,42,43,44,45,53,54,55,56,57,58,59,60,61,62,63,64,67,69,70,71,72,73,74,75,76,77,78,79,81,85,100,103,104,105,106,107,108,120,127,137,151,158,159,160,161,162,163,164,
54;1;1414;1505;1;0,1,2,3,4,5,6,7,8,9,10,11,12,13,14,15,16,17,18,19,20,21,22,23,24,25,36,37,38,39,40,41,42,43,44,45,53,54,55,56,57,58,59,60,61,62,63,64,67,69,70,71,72,73,74,75,76,77,78,79,81,85,100,103,104,105,106,107,108,120,127,137,151,158,159,160,161,162,163,164,
9;0;1505;1646;1;0,1,2,3,4,5,6,7,8,9,10,11,12,13,14,15,16,17,18,19,20,21,22,23,24,25,36,37,38,39,40,41,42,43,44,45,53,54,55,56,57,58,59,60,61,62,63,64,67,69,70,71,72,73,74,75,76,77,78,79,81,85,100,103,104,105,106,107,108,120,127,137,151,158,159,160,161,162,163,164,
9;1;1646;1709;1;0,1,2,3,4,5,6,7,8,9,10,11,12,13,14,15,16,17,18,19,20,21,22,23,24,25,36,37,38,39,40,41,42,43,44,45,53,54,55,56,57,58,59,60,61,62,63,64,67,69,70,71,72,73,74,75,76,77,78,79,81,85,100,103,104,105,106,107,108,120,127,137,151,158,159,160,161,162,163,164,
66;0;1709;1723;1;0,1,2,3,4,5,6,7,8,9,10,11,12,13,14,15,16,17,18,19,20,21,22,23,24,25,36,37,38,39,40,41,42,43,44,45,53,54,55,56,57,58,59,60,61,62,63,64,67,69,70,71,72,73,74,75,76,77,78,79,81,85,100,103,104,105,106,107,108,120,127,137,151,158,159,160,161,162,163,164,
66;1;1723;1884;1;0,1,2,3,4,5,6,7,8,9,10,11,12,13,14,15,16,17,18,19,20,21,22,23,24,25,36,37,38,39,40,41,42,43,44,45,53,54,55,56,57,58,59,60,61,62,63,64,67,69,70,71,72,73,74,75,76,77,78,79,81,85,100,103,104,105,106,107,108,120,127,137,151,158,159,160,161,162,163,164,
69;0;1884;1964;1;0,1,2,3,4,5,6,7,8,9,10,11,12,13,14,15,16,17,18,19,20,21,22,23,24,25,36,37,38,39,40,41,42,43,44,45,53,54,55,56,57,58,59,60,61,62,63,64,67,69,70,71,72,73,74,75,76,77,78,79,81,85,100,103,104,105,106,107,108,120,127,137,151,158,159,160,161,162,163,164,
69;1;1964;1997;1;0,1,2,3,4,5,6,7,8,9,10,11,12,13,14,15,16,17,18,19,20,21,22,23,24,25,36,37,38,39,40,41,42,43,44,45,53,54,55,56,57,58,59,60,61,62,63,64,67,69,70,71,72,73,74,75,76,77,78,79,81,85,100,103,104,105,106,107,108,120,127,137,151,158,159,160,161,162,163,164,
10;0;1997;2093;0;0,1,2,3,4,5,6,7,8,9,10,11,12,13,14,15,16,17,18,19,20,21,22,23,24,25,36,37,38,39,40,41,42,43,44,45,53,54,55,56,57,58,59,60,61,62,63,64,67,69,70,71,72,73,74,75,76,77,78,79,81,85,100,103,104,105,106,107,108,120,127,137,151,158,159,160,161,162,163,164,
61;0;2093;2190;1;0,1,2,3,4,5,6,7,8,9,10,11,12,13,14,15,16,17,18,19,20,21,22,23,24,25,36,37,38,39,40,41,42,43,44,45,53,54,55,56,57,58,59,60,61,62,63,64,67,69,70,71,72,73,74,75,76,77,78,79,81,85,100,103,104,105,106,107,108,120,127,137,151,158,159,160,161,162,163,164,
61;1;2190;2280;1;0,1,2,3,4,5,6,7,8,9,10,11,12,13,14,15,16,17,18,19,20,21,22,23,24,25,36,37,38,39,40,41,42,43,44,45,53,54,55,56,57,58,59,60,61,62,63,64,67,69,70,71,72,73,74,75,76,77,78,79,81,85,100,103,104,105,106,107,108,120,127,137,151,158,159,160,161,162,163,164,
Machine: 1
11;0;0;36;1;0,1,2,3,4,5,6,7,8,9,10,11,12,13,20,21,22,23,24,25,26,27,28,29,30,31,32,33,34,35,36,37,38,44,48,53,54,55,56,57,58,59,60,61,62,63,64,65,66,67,68,69,80,81,82,83,84,85,86,87,88,98,99,100,103,115,116,134,135,142,143,144,145,146,147,148,149,150,155,156,
11;1;36;50;1;0,1,2,3,4,5,6,7,8,9,10,11,12,13,20,21,22,23,24,25,26,27,28,29,30,31,32,33,34,35,36,37,38,44,48,53,54,55,56,57,58,59,60,61,62,63,64,65,66,67,68,69,80,81,82,83,84,85,86,87,88,98,99,100,103,115,116,134,135,142,143,144,145,146,147,148,149,150,155,156,
46;0;50;200;1;0,1,2,3,4,5,6,7,8,9,10,11,12,13,20,21,22,23,24,25,26,27,28,29,30,31,32,33,34,35,36,37,38,44,48,53,54,55,56,57,58,59,60,61,62,63,64,65,66,67,68,69,80,81,82,83,84,85,86,87,88,98,99,100,103,115,116,134,135,142,143,144,145,146,147,148,149,150,155,156,
46;1;200;370;1;0,1,2,3,4,5,6,7,8,9,10,11,12,13,20,21,22,23,24,25,26,27,28,29,30,31,32,33,34,35,36,37,38,44,48,53,54,55,56,57,58,59,60,61,62,63,64,65,66,67,68,69,80,81,82,83,84,85,86,87,88,98,99,100,103,115,116,134,135,142,143,144,145,146,147,148,149,150,155,156,
36;0;370;527;1;0,1,2,3,4,5,6,7,8,9,10,11,12,13,20,21,22,23,24,25,26,27,28,29,30,31,32,33,34,35,36,37,38,44,48,53,54,55,56,57,58,59,60,61,62,63,64,65,66,67,68,69,80,81,82,83,84,85,86,87,88,98,99,100,103,115,116,134,135,142,143,144,145,146,147,148,149,150,155,156,
36;1;527;626;1;0,1,2,3,4,5,6,7,8,9,10,11,12,13,20,21,22,23,24,25,26,27,28,29,30,31,32,33,34,35,36,37,38,44,48,53,54,55,56,57,58,59,60,61,62,63,64,65,66,67,68,69,80,81,82,83,84,85,86,87,88,98,99,100,103,115,116,134,135,142,143,144,145,146,147,148,149,150,155,156,
45;0;626;665;0;0,1,2,3,4,5,6,7,8,9,10,11,12,13,20,21,22,23,24,25,26,27,28,29,30,31,32,33,34,35,36,37,38,44,48,53,54,55,56,57,58,59,60,61,62,63,64,65,66,67,68,69,80,81,82,83,84,85,86,87,88,98,99,100,103,115,116,134,135,142,143,144,145,146,147,148,149,150,155,156,
34;0;665;823;1;0,1,2,3,4,5,6,7,8,9,10,11,12,13,20,21,22,23,24,25,26,27,28,29,30,31,32,33,34,35,36,37,38,44,48,53,54,55,56,57,58,59,60,61,62,63,64,65,66,67,68,69,80,81,82,83,84,85,86,87,88,98,99,100,103,115,116,134,135,142,143,144,145,146,147,148,149,150,155,156,
34;1;823;872;1;0,1,2,3,4,5,6,7,8,9,10,11,12,13,20,21,22,23,24,25,26,27,28,29,30,31,32,33,34,35,36,37,38,44,48,53,54,55,56,57,58,59,60,61,62,63,64,65,66,67,68,69,80,81,82,83,84,85,86,87,88,98,99,100,103,115,116,134,135,142,143,144,145,146,147,148,149,150,155,156,
26;0;872;938;1;0,1,2,3,4,5,6,7,8,9,10,11,12,13,20,21,22,23,24,25,26,27,28,29,30,31,32,33,34,35,36,37,38,44,48,53,54,55,56,57,58,59,60,61,62,63,64,65,66,67,68,69,80,81,82,83,84,85,86,87,88,98,99,100,103,115,116,134,135,142,143,144,145,146,147,148,149,150,155,156,
26;1;938;979;1;0,1,2,3,4,5,6,7,8,9,10,11,12,13,20,21,22,23,24,25,26,27,28,29,30,31,32,33,34,35,36,37,38,44,48,53,54,55,56,57,58,59,60,61,62,63,64,65,66,67,68,69,80,81,82,83,84,85,86,87,88,98,99,100,103,115,116,134,135,142,143,144,145,146,147,148,149,150,155,156,
49;0;979;1142;1;0,1,2,3,4,5,6,7,8,9,10,11,12,13,20,21,22,23,24,25,26,27,28,29,30,31,32,33,34,35,36,37,38,44,48,53,54,55,56,57,58,59,60,61,62,63,64,65,66,67,68,69,80,81,82,83,84,85,86,87,88,98,99,100,103,115,116,134,135,142,143,144,145,146,147,148,149,150,155,156,
49;1;1142;1215;1;0,1,2,3,4,5,6,7,8,9,10,11,12,13,20,21,22,23,24,25,26,27,28,29,30,31,32,33,34,35,36,37,38,44,48,53,54,55,56,57,58,59,60,61,62,63,64,65,66,67,68,69,80,81,82,83,84,85,86,87,88,98,99,100,103,115,116,134,135,142,143,144,145,146,147,148,149,150,155,156,
19;0;1215;1386;1;0,1,2,3,4,5,6,7,8,9,10,11,12,13,20,21,22,23,24,25,26,27,28,29,30,31,32,33,34,35,36,37,38,44,48,53,54,55,56,57,58,59,60,61,62,63,64,65,66,67,68,69,80,81,82,83,84,85,86,87,88,98,99,100,103,115,116,134,135,142,143,144,145,146,147,148,149,150,155,156,
19;1;1386;1550;1;0,1,2,3,4,5,6,7,8,9,10,11,12,13,20,21,22,23,24,25,26,27,28,29,30,31,32,33,34,35,36,37,38,44,48,53,54,55,56,57,58,59,60,61,62,63,64,65,66,67,68,69,80,81,82,83,84,85,86,87,88,98,99,100,103,115,116,134,135,142,143,144,145,146,147,148,149,150,155,156,
24;0;1550;1610;1;0,1,2,3,4,5,6,7,8,9,10,11,12,13,20,21,22,23,24,25,26,27,28,29,30,31,32,33,34,35,36,37,38,44,48,53,54,55,56,57,58,59,60,61,62,63,64,65,66,67,68,69,80,81,82,83,84,85,86,87,88,98,99,100,103,115,116,134,135,142,143,144,145,146,147,148,149,150,155,156,
24;1;1610;1622;1;0,1,2,3,4,5,6,7,8,9,10,11,12,13,20,21,22,23,24,25,26,27,28,29,30,31,32,33,34,35,36,37,38,44,48,53,54,55,56,57,58,59,60,61,62,63,64,65,66,67,68,69,80,81,82,83,84,85,86,87,88,98,99,100,103,115,116,134,135,142,143,144,145,146,147,148,149,150,155,156,
76;0;1622;1694;1;0,1,2,3,4,5,6,7,8,9,10,11,12,13,20,21,22,23,24,25,26,27,28,29,30,31,32,33,34,35,36,37,38,44,48,53,54,55,56,57,58,59,60,61,62,63,64,65,66,67,68,69,80,81,82,83,84,85,86,87,88,98,99,100,103,115,116,134,135,142,143,144,145,146,147,148,149,150,155,156,
76;1;1694;1830;1;0,1,2,3,4,5,6,7,8,9,10,11,12,13,20,21,22,23,24,25,26,27,28,29,30,31,32,33,34,35,36,37,38,44,48,53,54,55,56,57,58,59,60,61,62,63,64,65,66,67,68,69,80,81,82,83,84,85,86,87,88,98,99,100,103,115,116,134,135,142,143,144,145,146,147,148,149,150,155,156,
59;0;1830;1913;1;0,1,2,3,4,5,6,7,8,9,10,11,12,13,20,21,22,23,24,25,26,27,28,29,30,31,32,33,34,35,36,37,38,44,48,53,54,55,56,57,58,59,60,61,62,63,64,65,66,67,68,69,80,81,82,83,84,85,86,87,88,98,99,100,103,115,116,134,135,142,143,144,145,146,147,148,149,150,155,156,
59;1;1913;2037;1;0,1,2,3,4,5,6,7,8,9,10,11,12,13,20,21,22,23,24,25,26,27,28,29,30,31,32,33,34,35,36,37,38,44,48,53,54,55,56,57,58,59,60,61,62,63,64,65,66,67,68,69,80,81,82,83,84,85,86,87,88,98,99,100,103,115,116,134,135,142,143,144,145,146,147,148,149,150,155,156,
27;0;2037;2142;0;0,1,2,3,4,5,6,7,8,9,10,11,12,13,20,21,22,23,24,25,26,27,28,29,30,31,32,33,34,35,36,37,38,44,48,53,54,55,56,57,58,59,60,61,62,63,64,65,66,67,68,69,80,81,82,83,84,85,86,87,88,98,99,100,103,115,116,134,135,142,143,144,145,146,147,148,149,150,155,156,
2;0;2142;2314;1;0,1,2,3,4,5,6,7,8,9,10,11,12,13,20,21,22,23,24,25,26,27,28,29,30,31,32,33,34,35,36,37,38,44,48,53,54,55,56,57,58,59,60,61,62,63,64,65,66,67,68,69,80,81,82,83,84,85,86,87,88,98,99,100,103,115,116,134,135,142,143,144,145,146,147,148,149,150,155,156,
74;0;2314;2353;1;0,1,2,3,4,5,6,7,8,9,10,11,12,13,20,21,22,23,24,25,26,27,28,29,30,31,32,33,34,35,36,37,38,44,48,53,54,55,56,57,58,59,60,61,62,63,64,65,66,67,68,69,80,81,82,83,84,85,86,87,88,98,99,100,103,115,116,134,135,142,143,144,145,146,147,148,149,150,155,156,
74;1;2353;2395;1;0,1,2,3,4,5,6,7,8,9,10,11,12,13,20,21,22,23,24,25,26,27,28,29,30,31,32,33,34,35,36,37,38,44,48,53,54,55,56,57,58,59,60,61,62,63,64,65,66,67,68,69,80,81,82,83,84,85,86,87,88,98,99,100,103,115,116,134,135,142,143,144,145,146,147,148,149,150,155,156,
Machine: 2
73;0;0;87;0;0,1,2,3,4,5,6,7,8,9,10,11,12,13,14,15,16,17,18,19,20,21,22,23,24,33,36,38,53,54,57,62,63,64,66,67,69,77,81,85,90,100,102,103,104,105,106,107,108,109,110,111,112,113,114,115,116,117,118,119,120,121,122,123,124,125,126,127,128,129,130,131,135,151,152,153,154,155,156,157,
73;1;87;171;0;0,1,2,3,4,5,6,7,8,9,10,11,12,13,14,15,16,17,18,19,20,21,22,23,24,33,36,38,53,54,57,62,63,64,66,67,69,77,81,85,90,100,102,103,104,105,106,107,108,109,110,111,112,113,114,115,116,117,118,119,120,121,122,123,124,125,126,127,128,129,130,131,135,151,152,153,154,155,156,157,
41;0;171;189;1;0,1,2,3,4,5,6,7,8,9,10,11,12,13,14,15,16,17,18,19,20,21,22,23,24,33,36,38,53,54,57,62,63,64,66,67,69,77,81,85,90,100,102,103,104,105,106,107,108,109,110,111,112,113,114,115,116,117,118,119,120,121,122,123,124,125,126,127,128,129,130,131,135,151,152,153,154,155,156,157,
41;1;189;223;1;0,1,2,3,4,5,6,7,8,9,10,11,12,13,14,15,16,17,18,19,20,21,22,23,24,33,36,38,53,54,57,62,63,64,66,67,69,77,81,85,90,100,102,103,104,105,106,107,108,109,110,111,112,113,114,115,116,117,118,119,120,121,122,123,124,125,126,127,128,129,130,131,135,151,152,153,154,155,156,157,
16;0;223;228;1;0,1,2,3,4,5,6,7,8,9,10,11,12,13,14,15,16,17,18,19,20,21,22,23,24,33,36,38,53,54,57,62,63,64,66,67,69,77,81,85,90,100,102,103,104,105,106,107,108,109,110,111,112,113,114,115,116,117,118,119,120,121,122,123,124,125,126,127,128,129,130,131,135,151,152,153,154,155,156,157,
16;1;228;325;1;0,1,2,3,4,5,6,7,8,9,10,11,12,13,14,15,16,17,18,19,20,21,22,23,24,33,36,38,53,54,57,62,63,64,66,67,69,77,81,85,90,100,102,103,104,105,106,107,108,109,110,111,112,113,114,115,116,117,118,119,120,121,122,123,124,125,126,127,128,129,130,131,135,151,152,153,154,155,156,157,
6;0;325;422;1;0,1,2,3,4,5,6,7,8,9,10,11,12,13,14,15,16,17,18,19,20,21,22,23,24,33,36,38,53,54,57,62,63,64,66,67,69,77,81,85,90,100,102,103,104,105,106,107,108,109,110,111,112,113,114,115,116,117,118,119,120,121,122,123,124,125,126,127,128,129,130,131,135,151,152,153,154,155,156,157,
6;1;422;512;1;0,1,2,3,4,5,6,7,8,9,10,11,12,13,14,15,16,17,18,19,20,21,22,23,24,33,36,38,53,54,57,62,63,64,66,67,69,77,81,85,90,100,102,103,104,105,106,107,108,109,110,111,112,113,114,115,116,117,118,119,120,121,122,123,124,125,126,127,128,129,130,131,135,151,152,153,154,155,156,157,
71;0;512;677;1;0,1,2,3,4,5,6,7,8,9,10,11,12,13,14,15,16,17,18,19,20,21,22,23,24,33,36,38,53,54,57,62,63,64,66,67,69,77,81,85,90,100,102,103,104,105,106,107,108,109,110,111,112,113,114,115,116,117,118,119,120,121,122,123,124,125,126,127,128,129,130,131,135,151,152,153,154,155,156,157,
71;1;677;828;1;0,1,2,3,4,5,6,7,8,9,10,11,12,13,14,15,16,17,18,19,20,21,22,23,24,33,36,38,53,54,57,62,63,64,66,67,69,77,81,85,90,100,102,103,104,105,106,107,108,109,110,111,112,113,114,115,116,117,118,119,120,121,122,123,124,125,126,127,128,129,130,131,135,151,152,153,154,155,156,157,
52;0;828;862;0;0,1,2,3,4,5,6,7,8,9,10,11,12,13,14,15,16,17,18,19,20,21,22,23,24,33,36,38,53,54,57,62,63,64,66,67,69,77,81,85,90,100,102,103,104,105,106,107,108,109,110,111,112,113,114,115,116,117,118,119,120,121,122,123,124,125,126,127,128,129,130,131,135,151,152,153,154,155,156,157,
17;0;862;945;0;0,1,2,3,4,5,6,7,8,9,10,11,12,13,14,15,16,17,18,19,20,21,22,23,24,33,36,38,53,54,57,62,63,64,66,67,69,77,81,85,90,100,102,103,104,105,106,107,108,109,110,111,112,113,114,115,116,117,118,119,120,121,122,123,124,125,126,127,128,129,130,131,135,151,152,153,154,155,156,157,
15;0;945;1076;0;0,1,2,3,4,5,6,7,8,9,10,11,12,13,14,15,16,17,18,19,20,21,22,23,24,33,36,38,53,54,57,62,63,64,66,67,69,77,81,85,90,100,102,103,104,105,106,107,108,109,110,111,112,113,114,115,116,117,118,119,120,121,122,123,124,125,126,127,128,129,130,131,135,151,152,153,154,155,156,157,
40;0;1076;1240;0;0,1,2,3,4,5,6,7,8,9,10,11,12,13,14,15,16,17,18,19,20,21,22,23,24,33,36,38,53,54,57,62,63,64,66,67,69,77,81,85,90,100,102,103,104,105,106,107,108,109,110,111,112,113,114,115,116,117,118,119,120,121,122,123,124,125,126,127,128,129,130,131,135,151,152,153,154,155,156,157,
20;0;1240;1313;0;0,1,2,3,4,5,6,7,8,9,10,11,12,13,14,15,16,17,18,19,20,21,22,23,24,33,36,38,53,54,57,62,63,64,66,67,69,77,81,85,90,100,102,103,104,105,106,107,108,109,110,111,112,113,114,115,116,117,118,119,120,121,122,123,124,125,126,127,128,129,130,131,135,151,152,153,154,155,156,157,
55;0;1313;1385;0;0,1,2,3,4,5,6,7,8,9,10,11,12,13,14,15,16,17,18,19,20,21,22,23,24,33,36,38,53,54,57,62,63,64,66,67,69,77,81,85,90,100,102,103,104,105,106,107,108,109,110,111,112,113,114,115,116,117,118,119,120,121,122,123,124,125,126,127,128,129,130,131,135,151,152,153,154,155,156,157,
35;0;1385;1389;0;0,1,2,3,4,5,6,7,8,9,10,11,12,13,14,15,16,17,18,19,20,21,22,23,24,33,36,38,53,54,57,62,63,64,66,67,69,77,81,85,90,100,102,103,104,105,106,107,108,109,110,111,112,113,114,115,116,117,118,119,120,121,122,123,124,125,126,127,128,129,130,131,135,151,152,153,154,155,156,157,
60;0;1389;1554;0;0,1,2,3,4,5,6,7,8,9,10,11,12,13,14,15,16,17,18,19,20,21,22,23,24,33,36,38,53,54,57,62,63,64,66,67,69,77,81,85,90,100,102,103,104,105,106,107,108,109,110,111,112,113,114,115,116,117,118,119,120,121,122,123,124,125,126,127,128,129,130,131,135,151,152,153,154,155,156,157,
77;0;1554;1599;0;0,1,2,3,4,5,6,7,8,9,10,11,12,13,14,15,16,17,18,19,20,21,22,23,24,33,36,38,53,54,57,62,63,64,66,67,69,77,81,85,90,100,102,103,104,105,106,107,108,109,110,111,112,113,114,115,116,117,118,119,120,121,122,123,124,125,126,127,128,129,130,131,135,151,152,153,154,155,156,157,
Machine: 3
23;0;0;150;0;0,1,2,3,4,5,6,7,8,9,10,11,12,13,14,15,16,17,18,19,20,21,22,23,28,30,31,32,33,34,35,36,38,45,46,47,48,49,50,51,52,53,54,55,56,57,58,59,60,61,62,63,64,67,69,77,81,85,88,100,102,103,104,105,106,107,108,115,116,117,118,119,120,121,122,123,124,135,154,155,
23;1;150;307;0;0,1,2,3,4,5,6,7,8,9,10,11,12,13,14,15,16,17,18,19,20,21,22,23,28,30,31,32,33,34,35,36,38,45,46,47,48,49,50,51,52,53,54,55,56,57,58,59,60,61,62,63,64,67,69,77,81,85,88,100,102,103,104,105,106,107,108,115,116,117,118,119,120,121,122,123,124,135,154,155,
80;0;307;384;0;0,1,2,3,4,5,6,7,8,9,10,11,12,13,14,15,16,17,18,19,20,21,22,23,28,30,31,32,33,34,35,36,38,45,46,47,48,49,50,51,52,53,54,55,56,57,58,59,60,61,62,63,64,67,69,77,81,85,88,100,102,103,104,105,106,107,108,115,116,117,118,119,120,121,122,123,124,135,154,155,
5;0;384;450;0;0,1,2,3,4,5,6,7,8,9,10,11,12,13,14,15,16,17,18,19,20,21,22,23,28,30,31,32,33,34,35,36,38,45,46,47,48,49,50,51,52,53,54,55,56,57,58,59,60,61,62,63,64,67,69,77,81,85,88,100,102,103,104,105,106,107,108,115,116,117,118,119,120,121,122,123,124,135,154,155,
29;0;450;516;1;0,1,2,3,4,5,6,7,8,9,10,11,12,13,14,15,16,17,18,19,20,21,22,23,28,30,31,32,33,34,35,36,38,45,46,47,48,49,50,51,52,53,54,55,56,57,58,59,60,61,62,63,64,67,69,77,81,85,88,100,102,103,104,105,106,107,108,115,116,117,118,119,120,121,122,123,124,135,154,155,
29;1;516;560;1;0,1,2,3,4,5,6,7,8,9,10,11,12,13,14,15,16,17,18,19,20,21,22,23,28,30,31,32,33,34,35,36,38,45,46,47,48,49,50,51,52,53,54,55,56,57,58,59,60,61,62,63,64,67,69,77,81,85,88,100,102,103,104,105,106,107,108,115,116,117,118,119,120,121,122,123,124,135,154,155,
31;0;560;599;1;0,1,2,3,4,5,6,7,8,9,10,11,12,13,14,15,16,17,18,19,20,21,22,23,28,30,31,32,33,34,35,36,38,45,46,47,48,49,50,51,52,53,54,55,56,57,58,59,60,61,62,63,64,67,69,77,81,85,88,100,102,103,104,105,106,107,108,115,116,117,118,119,120,121,122,123,124,135,154,155,
31;1;599;671;1;0,1,2,3,4,5,6,7,8,9,10,11,12,13,14,15,16,17,18,19,20,21,22,23,28,30,31,32,33,34,35,36,38,45,46,47,48,49,50,51,52,53,54,55,56,57,58,59,60,61,62,63,64,67,69,77,81,85,88,100,102,103,104,105,106,107,108,115,116,117,118,119,120,121,122,123,124,135,154,155,
79;0;671;765;1;0,1,2,3,4,5,6,7,8,9,10,11,12,13,14,15,16,17,18,19,20,21,22,23,28,30,31,32,33,34,35,36,38,45,46,47,48,49,50,51,52,53,54,55,56,57,58,59,60,61,62,63,64,67,69,77,81,85,88,100,102,103,104,105,106,107,108,115,116,117,118,119,120,121,122,123,124,135,154,155,
79;1;765;786;1;0,1,2,3,4,5,6,7,8,9,10,11,12,13,14,15,16,17,18,19,20,21,22,23,28,30,31,32,33,34,35,36,38,45,46,47,48,49,50,51,52,53,54,55,56,57,58,59,60,61,62,63,64,67,69,77,81,85,88,100,102,103,104,105,106,107,108,115,116,117,118,119,120,121,122,123,124,135,154,155,
63;0;786;928;0;0,1,2,3,4,5,6,7,8,9,10,11,12,13,14,15,16,17,18,19,20,21,22,23,28,30,31,32,33,34,35,36,38,45,46,47,48,49,50,51,52,53,54,55,56,57,58,59,60,61,62,63,64,67,69,77,81,85,88,100,102,103,104,105,106,107,108,115,116,117,118,119,120,121,122,123,124,135,154,155,
63;1;928;959;0;0,1,2,3,4,5,6,7,8,9,10,11,12,13,14,15,16,17,18,19,20,21,22,23,28,30,31,32,33,34,35,36,38,45,46,47,48,49,50,51,52,53,54,55,56,57,58,59,60,61,62,63,64,67,69,77,81,85,88,100,102,103,104,105,106,107,108,115,116,117,118,119,120,121,122,123,124,135,154,155,
38;0;959;1128;0;0,1,2,3,4,5,6,7,8,9,10,11,12,13,14,15,16,17,18,19,20,21,22,23,28,30,31,32,33,34,35,36,38,45,46,47,48,49,50,51,52,53,54,55,56,57,58,59,60,61,62,63,64,67,69,77,81,85,88,100,102,103,104,105,106,107,108,115,116,117,118,119,120,121,122,123,124,135,154,155,
38;1;1128;1204;0;0,1,2,3,4,5,6,7,8,9,10,11,12,13,14,15,16,17,18,19,20,21,22,23,28,30,31,32,33,34,35,36,38,45,46,47,48,49,50,51,52,53,54,55,56,57,58,59,60,61,62,63,64,67,69,77,81,85,88,100,102,103,104,105,106,107,108,115,116,117,118,119,120,121,122,123,124,135,154,155,
33;0;1204;1268;0;0,1,2,3,4,5,6,7,8,9,10,11,12,13,14,15,16,17,18,19,20,21,22,23,28,30,31,32,33,34,35,36,38,45,46,47,48,49,50,51,52,53,54,55,56,57,58,59,60,61,62,63,64,67,69,77,81,85,88,100,102,103,104,105,106,107,108,115,116,117,118,119,120,121,122,123,124,135,154,155,
33;1;1268;1411;0;0,1,2,3,4,5,6,7,8,9,10,11,12,13,14,15,16,17,18,19,20,21,22,23,28,30,31,32,33,34,35,36,38,45,46,47,48,49,50,51,52,53,54,55,56,57,58,59,60,61,62,63,64,67,69,77,81,85,88,100,102,103,104,105,106,107,108,115,116,117,118,119,120,121,122,123,124,135,154,155,
22;0;1411;1520;0;0,1,2,3,4,5,6,7,8,9,10,11,12,13,14,15,16,17,18,19,20,21,22,23,28,30,31,32,33,34,35,36,38,45,46,47,48,49,50,51,52,53,54,55,56,57,58,59,60,61,62,63,64,67,69,77,81,85,88,100,102,103,104,105,106,107,108,115,116,117,118,119,120,121,122,123,124,135,154,155,
14;0;1520;1600;1;0,1,2,3,4,5,6,7,8,9,10,11,12,13,14,15,16,17,18,19,20,21,22,23,28,30,31,32,33,34,35,36,38,45,46,47,48,49,50,51,52,53,54,55,56,57,58,59,60,61,62,63,64,67,69,77,81,85,88,100,102,103,104,105,106,107,108,115,116,117,118,119,120,121,122,123,124,135,154,155,
14;1;1600;1751;1;0,1,2,3,4,5,6,7,8,9,10,11,12,13,14,15,16,17,18,19,20,21,22,23,28,30,31,32,33,34,35,36,38,45,46,47,48,49,50,51,52,53,54,55,56,57,58,59,60,61,62,63,64,67,69,77,81,85,88,100,102,103,104,105,106,107,108,115,116,117,118,119,120,121,122,123,124,135,154,155,
28;0;1751;1899;0;0,1,2,3,4,5,6,7,8,9,10,11,12,13,14,15,16,17,18,19,20,21,22,23,28,30,31,32,33,34,35,36,38,45,46,47,48,49,50,51,52,53,54,55,56,57,58,59,60,61,62,63,64,67,69,77,81,85,88,100,102,103,104,105,106,107,108,115,116,117,118,119,120,121,122,123,124,135,154,155,
28;1;1899;2043;0;0,1,2,3,4,5,6,7,8,9,10,11,12,13,14,15,16,17,18,19,20,21,22,23,28,30,31,32,33,34,35,36,38,45,46,47,48,49,50,51,52,53,54,55,56,57,58,59,60,61,62,63,64,67,69,77,81,85,88,100,102,103,104,105,106,107,108,115,116,117,118,119,120,121,122,123,124,135,154,155,
3;0;2043;2174;0;0,1,2,3,4,5,6,7,8,9,10,11,12,13,14,15,16,17,18,19,20,21,22,23,28,30,31,32,33,34,35,36,38,45,46,47,48,49,50,51,52,53,54,55,56,57,58,59,60,61,62,63,64,67,69,77,81,85,88,100,102,103,104,105,106,107,108,115,116,117,118,119,120,121,122,123,124,135,154,155,
3;1;2174;2216;0;0,1,2,3,4,5,6,7,8,9,10,11,12,13,14,15,16,17,18,19,20,21,22,23,28,30,31,32,33,34,35,36,38,45,46,47,48,49,50,51,52,53,54,55,56,57,58,59,60,61,62,63,64,67,69,77,81,85,88,100,102,103,104,105,106,107,108,115,116,117,118,119,120,121,122,123,124,135,154,155,
Machine: 4
25;0;0;84;0;0,1,2,3,4,5,6,7,8,9,10,11,12,13,14,15,16,17,18,19,20,21,22,23,24,36,38,53,54,55,56,57,58,59,60,61,62,63,64,66,67,69,70,77,82,84,85,89,90,91,92,93,94,95,96,97,100,102,103,104,106,107,109,110,111,112,113,114,135,142,143,144,145,146,147,148,149,150,151,153,
65;0;84;248;0;0,1,2,3,4,5,6,7,8,9,10,11,12,13,14,15,16,17,18,19,20,21,22,23,24,36,38,53,54,55,56,57,58,59,60,61,62,63,64,66,67,69,70,77,82,84,85,89,90,91,92,93,94,95,96,97,100,102,103,104,106,107,109,110,111,112,113,114,135,142,143,144,145,146,147,148,149,150,151,153,
37;0;248;298;0;0,1,2,3,4,5,6,7,8,9,10,11,12,13,14,15,16,17,18,19,20,21,22,23,24,36,38,53,54,55,56,57,58,59,60,61,62,63,64,66,67,69,70,77,82,84,85,89,90,91,92,93,94,95,96,97,100,102,103,104,106,107,109,110,111,112,113,114,135,142,143,144,145,146,147,148,149,150,151,153,
1;0;298;437;0;0,1,2,3,4,5,6,7,8,9,10,11,12,13,14,15,16,17,18,19,20,21,22,23,24,36,38,53,54,55,56,57,58,59,60,61,62,63,64,66,67,69,70,77,82,84,85,89,90,91,92,93,94,95,96,97,100,102,103,104,106,107,109,110,111,112,113,114,135,142,143,144,145,146,147,148,149,150,151,153,
1;1;437;502;0;0,1,2,3,4,5,6,7,8,9,10,11,12,13,14,15,16,17,18,19,20,21,22,23,24,36,38,53,54,55,56,57,58,59,60,61,62,63,64,66,67,69,70,77,82,84,85,89,90,91,92,93,94,95,96,97,100,102,103,104,106,107,109,110,111,112,113,114,135,142,143,144,145,146,147,148,149,150,151,153,
53;0;502;667;0;0,1,2,3,4,5,6,7,8,9,10,11,12,13,14,15,16,17,18,19,20,21,22,23,24,36,38,53,54,55,56,57,58,59,60,61,62,63,64,66,67,69,70,77,82,84,85,89,90,91,92,93,94,95,96,97,100,102,103,104,106,107,109,110,111,112,113,114,135,142,143,144,145,146,147,148,149,150,151,153,
53;1;667;727;0;0,1,2,3,4,5,6,7,8,9,10,11,12,13,14,15,16,17,18,19,20,21,22,23,24,36,38,53,54,55,56,57,58,59,60,61,62,63,64,66,67,69,70,77,82,84,85,89,90,91,92,93,94,95,96,97,100,102,103,104,106,107,109,110,111,112,113,114,135,142,143,144,145,146,147,148,149,150,151,153,
12;0;727;874;0;0,1,2,3,4,5,6,7,8,9,10,11,12,13,14,15,16,17,18,19,20,21,22,23,24,36,38,53,54,55,56,57,58,59,60,61,62,63,64,66,67,69,70,77,82,84,85,89,90,91,92,93,94,95,96,97,100,102,103,104,106,107,109,110,111,112,113,114,135,142,143,144,145,146,147,148,149,150,151,153,
58;0;874;909;0;0,1,2,3,4,5,6,7,8,9,10,11,12,13,14,15,16,17,18,19,20,21,22,23,24,36,38,53,54,55,56,57,58,59,60,61,62,63,64,66,67,69,70,77,82,84,85,89,90,91,92,93,94,95,96,97,100,102,103,104,106,107,109,110,111,112,113,114,135,142,143,144,145,146,147,148,149,150,151,153,
58;1;909;986;0;0,1,2,3,4,5,6,7,8,9,10,11,12,13,14,15,16,17,18,19,20,21,22,23,24,36,38,53,54,55,56,57,58,59,60,61,62,63,64,66,67,69,70,77,82,84,85,89,90,91,92,93,94,95,96,97,100,102,103,104,106,107,109,110,111,112,113,114,135,142,143,144,145,146,147,148,149,150,151,153,
67;0;986;1041;0;0,1,2,3,4,5,6,7,8,9,10,11,12,13,14,15,16,17,18,19,20,21,22,23,24,36,38,53,54,55,56,57,58,59,60,61,62,63,64,66,67,69,70,77,82,84,85,89,90,91,92,93,94,95,96,97,100,102,103,104,106,107,109,110,111,112,113,114,135,142,143,144,145,146,147,148,149,150,151,153,
47;0;1041;1185;0;0,1,2,3,4,5,6,7,8,9,10,11,12,13,14,15,16,17,18,19,20,21,22,23,24,36,38,53,54,55,56,57,58,59,60,61,62,63,64,66,67,69,70,77,82,84,85,89,90,91,92,93,94,95,96,97,100,102,103,104,106,107,109,110,111,112,113,114,135,142,143,144,145,146,147,148,149,150,151,153,
7;0;1185;1216;0;0,1,2,3,4,5,6,7,8,9,10,11,12,13,14,15,16,17,18,19,20,21,22,23,24,36,38,53,54,55,56,57,58,59,60,61,62,63,64,66,67,69,70,77,82,84,85,89,90,91,92,93,94,95,96,97,100,102,103,104,106,107,109,110,111,112,113,114,135,142,143,144,145,146,147,148,149,150,151,153,
43;0;1216;1394;0;0,1,2,3,4,5,6,7,8,9,10,11,12,13,14,15,16,17,18,19,20,21,22,23,24,36,38,53,54,55,56,57,58,59,60,61,62,63,64,66,67,69,70,77,82,84,85,89,90,91,92,93,94,95,96,97,100,102,103,104,106,107,109,110,111,112,113,114,135,142,143,144,145,146,147,148,149,150,151,153,
43;1;1394;1558;0;0,1,2,3,4,5,6,7,8,9,10,11,12,13,14,15,16,17,18,19,20,21,22,23,24,36,38,53,54,55,56,57,58,59,60,61,62,63,64,66,67,69,70,77,82,84,85,89,90,91,92,93,94,95,96,97,100,102,103,104,106,107,109,110,111,112,113,114,135,142,143,144,145,146,147,148,149,150,151,153,
70;0;1558;1695;0;0,1,2,3,4,5,6,7,8,9,10,11,12,13,14,15,16,17,18,19,20,21,22,23,24,36,38,53,54,55,56,57,58,59,60,61,62,63,64,66,67,69,70,77,82,84,85,89,90,91,92,93,94,95,96,97,100,102,103,104,106,107,109,110,111,112,113,114,135,142,143,144,145,146,147,148,149,150,151,153,
30;0;1695;1826;0;0,1,2,3,4,5,6,7,8,9,10,11,12,13,14,15,16,17,18,19,20,21,22,23,24,36,38,53,54,55,56,57,58,59,60,61,62,63,64,66,67,69,70,77,82,84,85,89,90,91,92,93,94,95,96,97,100,102,103,104,106,107,109,110,111,112,113,114,135,142,143,144,145,146,147,148,149,150,151,153,
Machine: 5
32;0;0;104;0;0,1,2,3,4,5,6,7,8,9,10,11,12,13,14,15,16,17,18,19,20,21,22,23,24,26,36,37,38,40,48,53,54,55,56,57,58,59,60,61,62,63,64,65,66,67,68,69,80,81,82,84,85,89,90,91,92,93,94,95,96,97,98,99,100,101,102,104,106,127,132,133,134,135,136,137,138,139,140,141,
75;0;104;219;0;0,1,2,3,4,5,6,7,8,9,10,11,12,13,14,15,16,17,18,19,20,21,22,23,24,26,36,37,38,40,48,53,54,55,56,57,58,59,60,61,62,63,64,65,66,67,68,69,80,81,82,84,85,89,90,91,92,93,94,95,96,97,98,99,100,101,102,104,106,127,132,133,134,135,136,137,138,139,140,141,
72;0;219;363;0;0,1,2,3,4,5,6,7,8,9,10,11,12,13,14,15,16,17,18,19,20,21,22,23,24,26,36,37,38,40,48,53,54,55,56,57,58,59,60,61,62,63,64,65,66,67,68,69,80,81,82,84,85,89,90,91,92,93,94,95,96,97,98,99,100,101,102,104,106,127,132,133,134,135,136,137,138,139,140,141,
18;0;363;532;0;0,1,2,3,4,5,6,7,8,9,10,11,12,13,14,15,16,17,18,19,20,21,22,23,24,26,36,37,38,40,48,53,54,55,56,57,58,59,60,61,62,63,64,65,66,67,68,69,80,81,82,84,85,89,90,91,92,93,94,95,96,97,98,99,100,101,102,104,106,127,132,133,134,135,136,137,138,139,140,141,
18;1;532;666;0;0,1,2,3,4,5,6,7,8,9,10,11,12,13,14,15,16,17,18,19,20,21,22,23,24,26,36,37,38,40,48,53,54,55,56,57,58,59,60,61,62,63,64,65,66,67,68,69,80,81,82,84,85,89,90,91,92,93,94,95,96,97,98,99,100,101,102,104,106,127,132,133,134,135,136,137,138,139,140,141,
51;0;666;670;1;0,1,2,3,4,5,6,7,8,9,10,11,12,13,14,15,16,17,18,19,20,21,22,23,24,26,36,37,38,40,48,53,54,55,56,57,58,59,60,61,62,63,64,65,66,67,68,69,80,81,82,84,85,89,90,91,92,93,94,95,96,97,98,99,100,101,102,104,106,127,132,133,134,135,136,137,138,139,140,141,
51;1;670;807;1;0,1,2,3,4,5,6,7,8,9,10,11,12,13,14,15,16,17,18,19,20,21,22,23,24,26,36,37,38,40,48,53,54,55,56,57,58,59,60,61,62,63,64,65,66,67,68,69,80,81,82,84,85,89,90,91,92,93,94,95,96,97,98,99,100,101,102,104,106,127,132,133,134,135,136,137,138,139,140,141,
48;0;807;912;0;0,1,2,3,4,5,6,7,8,9,10,11,12,13,14,15,16,17,18,19,20,21,22,23,24,26,36,37,38,40,48,53,54,55,56,57,58,59,60,61,62,63,64,65,66,67,68,69,80,81,82,84,85,89,90,91,92,93,94,95,96,97,98,99,100,101,102,104,106,127,132,133,134,135,136,137,138,139,140,141,
48;1;912;964;0;0,1,2,3,4,5,6,7,8,9,10,11,12,13,14,15,16,17,18,19,20,21,22,23,24,26,36,37,38,40,48,53,54,55,56,57,58,59,60,61,62,63,64,65,66,67,68,69,80,81,82,84,85,89,90,91,92,93,94,95,96,97,98,99,100,101,102,104,106,127,132,133,134,135,136,137,138,139,140,141,
42;0;964;1035;0;0,1,2,3,4,5,6,7,8,9,10,11,12,13,14,15,16,17,18,19,20,21,22,23,24,26,36,37,38,40,48,53,54,55,56,57,58,59,60,61,62,63,64,65,66,67,68,69,80,81,82,84,85,89,90,91,92,93,94,95,96,97,98,99,100,101,102,104,106,127,132,133,134,135,136,137,138,139,140,141,
8;0;1035;1203;0;0,1,2,3,4,5,6,7,8,9,10,11,12,13,14,15,16,17,18,19,20,21,22,23,24,26,36,37,38,40,48,53,54,55,56,57,58,59,60,61,62,63,64,65,66,67,68,69,80,81,82,84,85,89,90,91,92,93,94,95,96,97,98,99,100,101,102,104,106,127,132,133,134,135,136,137,138,139,140,141,
8;1;1203;1339;0;0,1,2,3,4,5,6,7,8,9,10,11,12,13,14,15,16,17,18,19,20,21,22,23,24,26,36,37,38,40,48,53,54,55,56,57,58,59,60,61,62,63,64,65,66,67,68,69,80,81,82,84,85,89,90,91,92,93,94,95,96,97,98,99,100,101,102,104,106,127,132,133,134,135,136,137,138,139,140,141,
68;0;1339;1423;0;0,1,2,3,4,5,6,7,8,9,10,11,12,13,14,15,16,17,18,19,20,21,22,23,24,26,36,37,38,40,48,53,54,55,56,57,58,59,60,61,62,63,64,65,66,67,68,69,80,81,82,84,85,89,90,91,92,93,94,95,96,97,98,99,100,101,102,104,106,127,132,133,134,135,136,137,138,139,140,141,
68;1;1423;1585;0;0,1,2,3,4,5,6,7,8,9,10,11,12,13,14,15,16,17,18,19,20,21,22,23,24,26,36,37,38,40,48,53,54,55,56,57,58,59,60,61,62,63,64,65,66,67,68,69,80,81,82,84,85,89,90,91,92,93,94,95,96,97,98,99,100,101,102,104,106,127,132,133,134,135,136,137,138,139,140,141,
78;0;1585;1646;0;0,1,2,3,4,5,6,7,8,9,10,11,12,13,14,15,16,17,18,19,20,21,22,23,24,26,36,37,38,40,48,53,54,55,56,57,58,59,60,61,62,63,64,65,66,67,68,69,80,81,82,84,85,89,90,91,92,93,94,95,96,97,98,99,100,101,102,104,106,127,132,133,134,135,136,137,138,139,140,141,
78;1;1646;1807;0;0,1,2,3,4,5,6,7,8,9,10,11,12,13,14,15,16,17,18,19,20,21,22,23,24,26,36,37,38,40,48,53,54,55,56,57,58,59,60,61,62,63,64,65,66,67,68,69,80,81,82,84,85,89,90,91,92,93,94,95,96,97,98,99,100,101,102,104,106,127,132,133,134,135,136,137,138,139,140,141,
62;0;1807;1954;0;0,1,2,3,4,5,6,7,8,9,10,11,12,13,14,15,16,17,18,19,20,21,22,23,24,26,36,37,38,40,48,53,54,55,56,57,58,59,60,61,62,63,64,65,66,67,68,69,80,81,82,84,85,89,90,91,92,93,94,95,96,97,98,99,100,101,102,104,106,127,132,133,134,135,136,137,138,139,140,141,
50;0;1954;2093;0;0,1,2,3,4,5,6,7,8,9,10,11,12,13,14,15,16,17,18,19,20,21,22,23,24,26,36,37,38,40,48,53,54,55,56,57,58,59,60,61,62,63,64,65,66,67,68,69,80,81,82,84,85,89,90,91,92,93,94,95,96,97,98,99,100,101,102,104,106,127,132,133,134,135,136,137,138,139,140,141,
13;0;2093;2244;0;0,1,2,3,4,5,6,7,8,9,10,11,12,13,14,15,16,17,18,19,20,21,22,23,24,26,36,37,38,40,48,53,54,55,56,57,58,59,60,61,62,63,64,65,66,67,68,69,80,81,82,84,85,89,90,91,92,93,94,95,96,97,98,99,100,101,102,104,106,127,132,133,134,135,136,137,138,139,140,141,
13;1;2244;2424;0;0,1,2,3,4,5,6,7,8,9,10,11,12,13,14,15,16,17,18,19,20,21,22,23,24,26,36,37,38,40,48,53,54,55,56,57,58,59,60,61,62,63,64,65,66,67,68,69,80,81,82,84,85,89,90,91,92,93,94,95,96,97,98,99,100,101,102,104,106,127,132,133,134,135,136,137,138,139,140,141,
END
fineshedJobsCount: 130
switchs: 0
switchsInstances: 0
unfineshedPriorityCount: 0
totalUnfineshed: 0
criticalMachineSwitchs: 0
criticalMachineTime: 2424
Final Solution: 3900
Time: 154045
PTL: 0
MCMC: 15
Best Initial: 3900
Mean Initial: 3896.27
