./input/BaseInstances/6M2_n=20,r=0.4,t=20,v0.txt;./input/Processed/ToolSetInt.csv
7;720;1440
Machine: 0
7;0;0;98;1;0,1,2,3,4,5,6,7,8,9,10,11,12,13,14,15,16,17,18,19,
7;1;98;272;1;0,1,2,3,4,5,6,7,8,9,10,11,12,13,14,15,16,17,18,19,
11;0;272;338;1;0,1,2,3,4,5,6,7,8,9,10,11,12,13,14,15,16,17,18,19,
0;0;338;418;1;0,1,2,3,4,5,6,7,8,9,10,11,12,13,14,15,16,17,18,19,
0;1;418;464;1;0,1,2,3,4,5,6,7,8,9,10,11,12,13,14,15,16,17,18,19,
Machine: 1
3;0;0;49;1;0,1,2,3,4,5,6,7,8,9,10,11,12,13,14,15,16,17,18,19,
4;0;49;133;1;0,1,2,3,4,5,6,7,8,9,10,11,12,13,14,15,16,17,18,19,
4;1;133;230;1;0,1,2,3,4,5,6,7,8,9,10,11,12,13,14,15,16,17,18,19,
10;0;230;333;1;0,1,2,3,4,5,6,7,8,9,10,11,12,13,14,15,16,17,18,19,
Machine: 2
13;0;0;51;1;0,1,2,3,4,5,6,7,8,9,10,11,12,13,14,15,16,17,18,19,
5;0;51;80;0;0,1,2,3,4,5,6,7,8,9,10,11,12,13,14,15,16,17,18,19,
Machine: 3
12;0;0;100;0;0,1,2,3,4,5,6,7,8,9,10,11,12,13,14,15,16,17,18,19,
12;1;100;153;0;0,1,2,3,4,5,6,7,8,9,10,11,12,13,14,15,16,17,18,19,
6;0;153;284;0;0,1,2,3,4,5,6,7,8,9,10,11,12,13,14,15,16,17,18,19,
Machine: 4
8;0;0;77;0;0,1,2,3,4,5,6,7,8,9,10,11,12,13,14,15,16,17,18,19,
1;0;77;224;0;0,1,2,3,4,5,6,7,8,9,10,11,12,13,14,15,16,17,18,19,
Machine: 5
2;0;0;123;0;0,1,2,3,4,5,6,7,8,9,10,11,12,13,14,15,16,17,18,19,
2;1;123;170;0;0,1,2,3,4,5,6,7,8,9,10,11,12,13,14,15,16,17,18,19,
9;0;170;220;0;0,1,2,3,4,5,6,7,8,9,10,11,12,13,14,15,16,17,18,19,
9;1;220;280;0;0,1,2,3,4,5,6,7,8,9,10,11,12,13,14,15,16,17,18,19,
END
fineshedJobsCount: 20
switchs: 0
switchsInstances: 0
unfineshedPriorityCount: 0
totalUnfineshed: 0
criticalMachineSwitchs: 0
criticalMachineTime: 464
Final Solution: 600
Time: 15439
PTL: -1
MCMC: -1
Best Initial: 600
Mean Initial: 600
