./input/BaseInstances/2M1_n=130,r=0.5,t=224,v0.txt;./input/Processed/ToolSetInt.csv
7;720;1440
Machine: 0
19;0;0;164;0;8,9,10,11,12,13,14,15,16,17,18,19,20,21,22,23,24,25,26,27,28,29,32,33,36,37,65,66,67,68,93,94,95,96,97,98,99,100,101,102,103,104,105,108,109,110,111,112,113,114,115,116,117,118,119,120,121,122,123,124,125,126,127,128,129,130,131,132,133,135,136,137,148,149,214,215,216,217,218,219,
19;1;164;175;0;8,9,10,11,12,13,14,15,16,17,18,19,20,21,22,23,24,25,26,27,28,29,32,33,36,37,65,66,67,68,93,94,95,96,97,98,99,100,101,102,103,104,105,108,109,110,111,112,113,114,115,116,117,118,119,120,121,122,123,124,125,126,127,128,129,130,131,132,133,135,136,137,148,149,214,215,216,217,218,219,
2;0;175;186;1;8,9,10,11,12,13,14,15,16,17,18,19,20,21,22,23,24,25,26,27,28,29,32,33,36,37,65,66,67,68,93,94,95,96,97,98,99,100,101,102,103,104,105,108,109,110,111,112,113,114,115,116,117,118,119,120,121,122,123,124,125,126,127,128,129,130,131,132,133,135,136,137,148,149,214,215,216,217,218,219,
80;0;186;202;1;8,9,10,11,12,13,14,15,16,17,18,19,20,21,22,23,24,25,26,27,28,29,32,33,36,37,65,66,67,68,93,94,95,96,97,98,99,100,101,102,103,104,105,108,109,110,111,112,113,114,115,116,117,118,119,120,121,122,123,124,125,126,127,128,129,130,131,132,133,135,136,137,148,149,214,215,216,217,218,219,
65;0;202;292;1;8,9,10,11,12,13,14,15,16,17,18,19,20,21,22,23,24,25,26,27,28,29,32,33,36,37,65,66,67,68,93,94,95,96,97,98,99,100,101,102,103,104,105,108,109,110,111,112,113,114,115,116,117,118,119,120,121,122,123,124,125,126,127,128,129,130,131,132,133,135,136,137,148,149,214,215,216,217,218,219,
65;1;292;409;1;8,9,10,11,12,13,14,15,16,17,18,19,20,21,22,23,24,25,26,27,28,29,32,33,36,37,65,66,67,68,93,94,95,96,97,98,99,100,101,102,103,104,105,108,109,110,111,112,113,114,115,116,117,118,119,120,121,122,123,124,125,126,127,128,129,130,131,132,133,135,136,137,148,149,214,215,216,217,218,219,
21;0;409;560;1;8,9,10,11,12,13,14,15,16,17,18,19,20,21,22,23,24,25,26,27,28,29,32,33,36,37,65,66,67,68,93,94,95,96,97,98,99,100,101,102,103,104,105,108,109,110,111,112,113,114,115,116,117,118,119,120,121,122,123,124,125,126,127,128,129,130,131,132,133,135,136,137,148,149,214,215,216,217,218,219,
21;1;560;666;1;8,9,10,11,12,13,14,15,16,17,18,19,20,21,22,23,24,25,26,27,28,29,32,33,36,37,65,66,67,68,93,94,95,96,97,98,99,100,101,102,103,104,105,108,109,110,111,112,113,114,115,116,117,118,119,120,121,122,123,124,125,126,127,128,129,130,131,132,133,135,136,137,148,149,214,215,216,217,218,219,
71;0;666;834;0;8,9,10,11,12,13,14,15,16,17,18,19,20,21,22,23,24,25,26,27,28,29,32,33,36,37,65,66,67,68,93,94,95,96,97,98,99,100,101,102,103,104,105,108,109,110,111,112,113,114,115,116,117,118,119,120,121,122,123,124,125,126,127,128,129,130,131,132,133,135,136,137,148,149,214,215,216,217,218,219,
71;1;834;845;0;8,9,10,11,12,13,14,15,16,17,18,19,20,21,22,23,24,25,26,27,28,29,32,33,36,37,65,66,67,68,93,94,95,96,97,98,99,100,101,102,103,104,105,108,109,110,111,112,113,114,115,116,117,118,119,120,121,122,123,124,125,126,127,128,129,130,131,132,133,135,136,137,148,149,214,215,216,217,218,219,
27;0;845;909;0;8,9,10,11,12,13,14,15,16,17,18,19,20,21,22,23,24,25,26,27,28,29,32,33,36,37,65,66,67,68,93,94,95,96,97,98,99,100,101,102,103,104,105,108,109,110,111,112,113,114,115,116,117,118,119,120,121,122,123,124,125,126,127,128,129,130,131,132,133,135,136,137,148,149,214,215,216,217,218,219,
27;1;909;1083;0;8,9,10,11,12,13,14,15,16,17,18,19,20,21,22,23,24,25,26,27,28,29,32,33,36,37,65,66,67,68,93,94,95,96,97,98,99,100,101,102,103,104,105,108,109,110,111,112,113,114,115,116,117,118,119,120,121,122,123,124,125,126,127,128,129,130,131,132,133,135,136,137,148,149,214,215,216,217,218,219,
55;0;1083;1188;0;8,9,10,11,12,13,14,15,16,17,18,19,20,21,22,23,24,25,26,27,28,29,32,33,36,37,65,66,67,68,93,94,95,96,97,98,99,100,101,102,103,104,105,108,109,110,111,112,113,114,115,116,117,118,119,120,121,122,123,124,125,126,127,128,129,130,131,132,133,135,136,137,148,149,214,215,216,217,218,219,
55;1;1188;1310;0;8,9,10,11,12,13,14,15,16,17,18,19,20,21,22,23,24,25,26,27,28,29,32,33,36,37,65,66,67,68,93,94,95,96,97,98,99,100,101,102,103,104,105,108,109,110,111,112,113,114,115,116,117,118,119,120,121,122,123,124,125,126,127,128,129,130,131,132,133,135,136,137,148,149,214,215,216,217,218,219,
47;0;1310;1393;0;8,9,10,11,12,13,14,15,16,17,18,19,20,21,22,23,24,25,26,27,28,29,32,33,36,37,65,66,67,68,93,94,95,96,97,98,99,100,101,102,103,104,105,108,109,110,111,112,113,114,115,116,117,118,119,120,121,122,123,124,125,126,127,128,129,130,131,132,133,135,136,137,148,149,214,215,216,217,218,219,
47;1;1393;1499;0;8,9,10,11,12,13,14,15,16,17,18,19,20,21,22,23,24,25,26,27,28,29,32,33,36,37,65,66,67,68,93,94,95,96,97,98,99,100,101,102,103,104,105,108,109,110,111,112,113,114,115,116,117,118,119,120,121,122,123,124,125,126,127,128,129,130,131,132,133,135,136,137,148,149,214,215,216,217,218,219,
22;0;1499;1629;0;8,9,10,11,12,13,14,15,16,17,18,19,20,21,22,23,24,25,26,27,28,29,32,33,36,37,65,66,67,68,93,94,95,96,97,98,99,100,101,102,103,104,105,108,109,110,111,112,113,114,115,116,117,118,119,120,121,122,123,124,125,126,127,128,129,130,131,132,133,135,136,137,148,149,214,215,216,217,218,219,
29;0;1629;1743;1;8,9,10,11,12,13,14,15,16,17,18,19,20,21,22,23,24,25,26,27,28,29,32,33,36,37,65,66,67,68,93,94,95,96,97,98,99,100,101,102,103,104,105,108,109,110,111,112,113,114,115,116,117,118,119,120,121,122,123,124,125,126,127,128,129,130,131,132,133,135,136,137,148,149,214,215,216,217,218,219,
29;1;1743;1908;1;8,9,10,11,12,13,14,15,16,17,18,19,20,21,22,23,24,25,26,27,28,29,32,33,36,37,65,66,67,68,93,94,95,96,97,98,99,100,101,102,103,104,105,108,109,110,111,112,113,114,115,116,117,118,119,120,121,122,123,124,125,126,127,128,129,130,131,132,133,135,136,137,148,149,214,215,216,217,218,219,
13;0;1908;2014;1;8,9,10,11,12,13,14,15,16,17,18,19,20,21,22,23,24,25,26,27,28,29,32,33,36,37,65,66,67,68,93,94,95,96,97,98,99,100,101,102,103,104,105,108,109,110,111,112,113,114,115,116,117,118,119,120,121,122,123,124,125,126,127,128,129,130,131,132,133,135,136,137,148,149,214,215,216,217,218,219,
13;1;2014;2120;1;8,9,10,11,12,13,14,15,16,17,18,19,20,21,22,23,24,25,26,27,28,29,32,33,36,37,65,66,67,68,93,94,95,96,97,98,99,100,101,102,103,104,105,108,109,110,111,112,113,114,115,116,117,118,119,120,121,122,123,124,125,126,127,128,129,130,131,132,133,135,136,137,148,149,214,215,216,217,218,219,
40;0;2120;2233;1;8,9,10,11,12,13,14,15,16,17,18,19,20,21,22,23,24,25,26,27,28,29,32,33,36,37,65,66,67,68,93,94,95,96,97,98,99,100,101,102,103,104,105,108,109,110,111,112,113,114,115,116,117,118,119,120,121,122,123,124,125,126,127,128,129,130,131,132,133,135,136,137,148,149,214,215,216,217,218,219,
18;0;2233;2328;0;8,9,10,11,12,13,14,15,16,17,18,19,20,21,22,23,24,25,26,27,28,29,32,33,36,37,65,66,67,68,93,94,95,96,97,98,99,100,101,102,103,104,105,108,109,110,111,112,113,114,115,116,117,118,119,120,121,122,123,124,125,126,127,128,129,130,131,132,133,135,136,137,148,149,214,215,216,217,218,219,
67;0;2328;2339;0;8,9,10,11,12,13,14,15,16,17,18,19,20,21,22,23,24,25,26,27,28,29,32,33,36,37,65,66,67,68,93,94,95,96,97,98,99,100,101,102,103,104,105,108,109,110,111,112,113,114,115,116,117,118,119,120,121,122,123,124,125,126,127,128,129,130,131,132,133,135,136,137,148,149,214,215,216,217,218,219,
67;1;2339;2434;0;8,9,10,11,12,13,14,15,16,17,18,19,20,21,22,23,24,25,26,27,28,29,32,33,36,37,65,66,67,68,93,94,95,96,97,98,99,100,101,102,103,104,105,108,109,110,111,112,113,114,115,116,117,118,119,120,121,122,123,124,125,126,127,128,129,130,131,132,133,135,136,137,148,149,214,215,216,217,218,219,
14;0;2434;2529;0;8,9,10,11,12,13,14,15,16,17,18,19,20,21,22,23,24,25,26,27,28,29,32,33,36,37,65,66,67,68,93,94,95,96,97,98,99,100,101,102,103,104,105,108,109,110,111,112,113,114,115,116,117,118,119,120,121,122,123,124,125,126,127,128,129,130,131,132,133,135,136,137,148,149,214,215,216,217,218,219,
38;0;2529;2687;0;8,9,10,11,12,13,14,15,16,17,18,19,20,21,22,23,24,25,26,27,28,29,32,33,36,37,65,66,67,68,93,94,95,96,97,98,99,100,101,102,103,104,105,108,109,110,111,112,113,114,115,116,117,118,119,120,121,122,123,124,125,126,127,128,129,130,131,132,133,135,136,137,148,149,214,215,216,217,218,219,
64;0;2687;2698;1;8,9,10,11,12,13,14,15,16,17,18,19,20,21,22,23,24,25,26,27,28,29,32,33,36,37,65,66,67,68,93,94,95,96,97,98,99,100,101,102,103,104,105,108,109,110,111,112,113,114,115,116,117,118,119,120,121,122,123,124,125,126,127,128,129,130,131,132,133,135,136,137,148,149,214,215,216,217,218,219,
28;0;2698;2726;1;8,9,10,11,12,13,14,15,16,17,18,19,20,21,22,23,24,25,26,27,28,29,32,33,36,37,65,66,67,68,93,94,95,96,97,98,99,100,101,102,103,104,105,108,109,110,111,112,113,114,115,116,117,118,119,120,121,122,123,124,125,126,127,128,129,130,131,132,133,135,136,137,148,149,214,215,216,217,218,219,
60;0;2726;2832;1;8,9,10,11,12,13,14,15,16,17,18,19,20,21,22,23,24,25,26,27,28,29,32,33,36,37,65,66,67,68,93,94,95,96,97,98,99,100,101,102,103,104,105,108,109,110,111,112,113,114,115,116,117,118,119,120,121,122,123,124,125,126,127,128,129,130,131,132,133,135,136,137,148,149,214,215,216,217,218,219,
52;0;2832;2990;1;8,9,10,11,12,13,14,15,16,17,18,19,20,21,22,23,24,25,26,27,28,29,32,33,36,37,65,66,67,68,93,94,95,96,97,98,99,100,101,102,103,104,105,108,109,110,111,112,113,114,115,116,117,118,119,120,121,122,123,124,125,126,127,128,129,130,131,132,133,135,136,137,148,149,214,215,216,217,218,219,
43;0;2990;3056;0;8,9,10,11,12,13,14,15,16,17,18,19,20,21,22,23,24,25,26,27,28,29,32,33,36,37,65,66,67,68,93,94,95,96,97,98,99,100,101,102,103,104,105,108,109,110,111,112,113,114,115,116,117,118,119,120,121,122,123,124,125,126,127,128,129,130,131,132,133,135,136,137,148,149,214,215,216,217,218,219,
43;1;3056;3109;0;8,9,10,11,12,13,14,15,16,17,18,19,20,21,22,23,24,25,26,27,28,29,32,33,36,37,65,66,67,68,93,94,95,96,97,98,99,100,101,102,103,104,105,108,109,110,111,112,113,114,115,116,117,118,119,120,121,122,123,124,125,126,127,128,129,130,131,132,133,135,136,137,148,149,214,215,216,217,218,219,
69;0;3109;3188;1;8,9,10,11,12,13,14,15,16,17,18,19,20,21,22,23,24,25,26,27,28,29,32,33,36,37,65,66,67,68,93,94,95,96,97,98,99,100,101,102,103,104,105,108,109,110,111,112,113,114,115,116,117,118,119,120,121,122,123,124,125,126,127,128,129,130,131,132,133,135,136,137,148,149,214,215,216,217,218,219,
69;1;3188;3346;1;8,9,10,11,12,13,14,15,16,17,18,19,20,21,22,23,24,25,26,27,28,29,32,33,36,37,65,66,67,68,93,94,95,96,97,98,99,100,101,102,103,104,105,108,109,110,111,112,113,114,115,116,117,118,119,120,121,122,123,124,125,126,127,128,129,130,131,132,133,135,136,137,148,149,214,215,216,217,218,219,
51;0;3346;3418;0;8,9,10,11,12,13,14,15,16,17,18,19,20,21,22,23,24,25,26,27,28,29,32,33,36,37,65,66,67,68,93,94,95,96,97,98,99,100,101,102,103,104,105,108,109,110,111,112,113,114,115,116,117,118,119,120,121,122,123,124,125,126,127,128,129,130,131,132,133,135,136,137,148,149,214,215,216,217,218,219,
51;1;3418;3532;0;8,9,10,11,12,13,14,15,16,17,18,19,20,21,22,23,24,25,26,27,28,29,32,33,36,37,65,66,67,68,93,94,95,96,97,98,99,100,101,102,103,104,105,108,109,110,111,112,113,114,115,116,117,118,119,120,121,122,123,124,125,126,127,128,129,130,131,132,133,135,136,137,148,149,214,215,216,217,218,219,
44;0;3532;3662;1;8,9,10,11,12,13,14,15,16,17,18,19,20,21,22,23,24,25,26,27,28,29,32,33,36,37,65,66,67,68,93,94,95,96,97,98,99,100,101,102,103,104,105,108,109,110,111,112,113,114,115,116,117,118,119,120,121,122,123,124,125,126,127,128,129,130,131,132,133,135,136,137,148,149,214,215,216,217,218,219,
33;0;3662;3722;1;8,9,10,11,12,13,14,15,16,17,18,19,20,21,22,23,24,25,26,27,28,29,32,33,36,37,65,66,67,68,93,94,95,96,97,98,99,100,101,102,103,104,105,108,109,110,111,112,113,114,115,116,117,118,119,120,121,122,123,124,125,126,127,128,129,130,131,132,133,135,136,137,148,149,214,215,216,217,218,219,
33;1;3722;3738;1;8,9,10,11,12,13,14,15,16,17,18,19,20,21,22,23,24,25,26,27,28,29,32,33,36,37,65,66,67,68,93,94,95,96,97,98,99,100,101,102,103,104,105,108,109,110,111,112,113,114,115,116,117,118,119,120,121,122,123,124,125,126,127,128,129,130,131,132,133,135,136,137,148,149,214,215,216,217,218,219,
37;0;3738;3766;1;8,9,10,11,12,13,14,15,16,17,18,19,20,21,22,23,24,25,26,27,28,29,32,33,36,37,65,66,67,68,93,94,95,96,97,98,99,100,101,102,103,104,105,108,109,110,111,112,113,114,115,116,117,118,119,120,121,122,123,124,125,126,127,128,129,130,131,132,133,135,136,137,148,149,214,215,216,217,218,219,
37;1;3766;3782;1;8,9,10,11,12,13,14,15,16,17,18,19,20,21,22,23,24,25,26,27,28,29,32,33,36,37,65,66,67,68,93,94,95,96,97,98,99,100,101,102,103,104,105,108,109,110,111,112,113,114,115,116,117,118,119,120,121,122,123,124,125,126,127,128,129,130,131,132,133,135,136,137,148,149,214,215,216,217,218,219,
66;0;3782;3899;0;8,9,10,11,12,13,14,15,16,17,18,19,20,21,22,23,24,25,26,27,28,29,32,33,36,37,65,66,67,68,93,94,95,96,97,98,99,100,101,102,103,104,105,108,109,110,111,112,113,114,115,116,117,118,119,120,121,122,123,124,125,126,127,128,129,130,131,132,133,135,136,137,148,149,214,215,216,217,218,219,
1;0;3899;3985;0;8,9,10,11,12,13,14,15,16,17,18,19,20,21,22,23,24,25,26,27,28,29,32,33,36,37,65,66,67,68,93,94,95,96,97,98,99,100,101,102,103,104,105,108,109,110,111,112,113,114,115,116,117,118,119,120,121,122,123,124,125,126,127,128,129,130,131,132,133,135,136,137,148,149,214,215,216,217,218,219,
1;1;3985;4024;0;8,9,10,11,12,13,14,15,16,17,18,19,20,21,22,23,24,25,26,27,28,29,32,33,36,37,65,66,67,68,93,94,95,96,97,98,99,100,101,102,103,104,105,108,109,110,111,112,113,114,115,116,117,118,119,120,121,122,123,124,125,126,127,128,129,130,131,132,133,135,136,137,148,149,214,215,216,217,218,219,
58;0;4024;4138;0;8,9,10,11,12,13,14,15,16,17,18,19,20,21,22,23,24,25,26,27,28,29,32,33,36,37,65,66,67,68,93,94,95,96,97,98,99,100,101,102,103,104,105,108,109,110,111,112,113,114,115,116,117,118,119,120,121,122,123,124,125,126,127,128,129,130,131,132,133,135,136,137,148,149,214,215,216,217,218,219,
31;0;4138;4314;0;8,9,10,11,12,13,14,15,16,17,18,19,20,21,22,23,24,25,26,27,28,29,32,33,36,37,65,66,67,68,93,94,95,96,97,98,99,100,101,102,103,104,105,108,109,110,111,112,113,114,115,116,117,118,119,120,121,122,123,124,125,126,127,128,129,130,131,132,133,135,136,137,148,149,214,215,216,217,218,219,
31;1;4314;4342;0;8,9,10,11,12,13,14,15,16,17,18,19,20,21,22,23,24,25,26,27,28,29,32,33,36,37,65,66,67,68,93,94,95,96,97,98,99,100,101,102,103,104,105,108,109,110,111,112,113,114,115,116,117,118,119,120,121,122,123,124,125,126,127,128,129,130,131,132,133,135,136,137,148,149,214,215,216,217,218,219,
3;0;4342;4422;0;8,9,10,11,12,13,14,15,16,17,18,19,20,21,22,23,24,25,26,27,28,29,32,33,36,37,65,66,67,68,93,94,95,96,97,98,99,100,101,102,103,104,105,108,109,110,111,112,113,114,115,116,117,118,119,120,121,122,123,124,125,126,127,128,129,130,131,132,133,135,136,137,148,149,214,215,216,217,218,219,
3;1;4422;4450;0;8,9,10,11,12,13,14,15,16,17,18,19,20,21,22,23,24,25,26,27,28,29,32,33,36,37,65,66,67,68,93,94,95,96,97,98,99,100,101,102,103,104,105,108,109,110,111,112,113,114,115,116,117,118,119,120,121,122,123,124,125,126,127,128,129,130,131,132,133,135,136,137,148,149,214,215,216,217,218,219,
39;0;4450;4529;0;8,9,10,11,12,13,14,15,16,17,18,19,20,21,22,23,24,25,26,27,28,29,32,33,36,37,65,66,67,68,93,94,95,96,97,98,99,100,101,102,103,104,105,108,109,110,111,112,113,114,115,116,117,118,119,120,121,122,123,124,125,126,127,128,129,130,131,132,133,135,136,137,148,149,214,215,216,217,218,219,
39;1;4529;4687;0;8,9,10,11,12,13,14,15,16,17,18,19,20,21,22,23,24,25,26,27,28,29,32,33,36,37,65,66,67,68,93,94,95,96,97,98,99,100,101,102,103,104,105,108,109,110,111,112,113,114,115,116,117,118,119,120,121,122,123,124,125,126,127,128,129,130,131,132,133,135,136,137,148,149,214,215,216,217,218,219,
6;0;4687;4837;0;8,9,10,11,12,13,14,15,16,17,18,19,20,21,22,23,24,25,26,27,28,29,32,33,36,37,65,66,67,68,93,94,95,96,97,98,99,100,101,102,103,104,105,108,109,110,111,112,113,114,115,116,117,118,119,120,121,122,123,124,125,126,127,128,129,130,131,132,133,135,136,137,148,149,214,215,216,217,218,219,
16;0;4837;4862;1;8,9,10,11,12,13,14,15,16,17,18,19,20,21,22,23,24,25,26,27,28,29,32,33,36,37,65,66,67,68,93,94,95,96,97,98,99,100,101,102,103,104,105,108,109,110,111,112,113,114,115,116,117,118,119,120,121,122,123,124,125,126,127,128,129,130,131,132,133,135,136,137,148,149,214,215,216,217,218,219,
82;0;4862;5014;0;8,9,10,11,12,13,14,15,16,17,18,19,20,21,22,23,24,25,26,27,28,29,32,33,36,37,65,66,67,68,93,94,95,96,97,98,99,100,101,102,103,104,105,108,109,110,111,112,113,114,115,116,117,118,119,120,121,122,123,124,125,126,127,128,129,130,131,132,133,135,136,137,148,149,214,215,216,217,218,219,
30;0;5014;5128;0;8,9,10,11,12,13,14,15,16,17,18,19,20,21,22,23,24,25,26,27,28,29,32,33,36,37,65,66,67,68,93,94,95,96,97,98,99,100,101,102,103,104,105,108,109,110,111,112,113,114,115,116,117,118,119,120,121,122,123,124,125,126,127,128,129,130,131,132,133,135,136,137,148,149,214,215,216,217,218,219,
20;0;5128;5250;1;8,9,10,11,12,13,14,15,16,17,18,19,20,21,22,23,24,25,26,27,28,29,32,33,36,37,65,66,67,68,93,94,95,96,97,98,99,100,101,102,103,104,105,108,109,110,111,112,113,114,115,116,117,118,119,120,121,122,123,124,125,126,127,128,129,130,131,132,133,135,136,137,148,149,214,215,216,217,218,219,
81;0;5250;5289;1;8,9,10,11,12,13,14,15,16,17,18,19,20,21,22,23,24,25,26,27,28,29,32,33,36,37,65,66,67,68,93,94,95,96,97,98,99,100,101,102,103,104,105,108,109,110,111,112,113,114,115,116,117,118,119,120,121,122,123,124,125,126,127,128,129,130,131,132,133,135,136,137,148,149,214,215,216,217,218,219,
81;1;5289;5441;1;8,9,10,11,12,13,14,15,16,17,18,19,20,21,22,23,24,25,26,27,28,29,32,33,36,37,65,66,67,68,93,94,95,96,97,98,99,100,101,102,103,104,105,108,109,110,111,112,113,114,115,116,117,118,119,120,121,122,123,124,125,126,127,128,129,130,131,132,133,135,136,137,148,149,214,215,216,217,218,219,
25;0;5441;5566;1;8,9,10,11,12,13,14,15,16,17,18,19,20,21,22,23,24,25,26,27,28,29,32,33,36,37,65,66,67,68,93,94,95,96,97,98,99,100,101,102,103,104,105,108,109,110,111,112,113,114,115,116,117,118,119,120,121,122,123,124,125,126,127,128,129,130,131,132,133,135,136,137,148,149,214,215,216,217,218,219,
25;1;5566;5696;1;8,9,10,11,12,13,14,15,16,17,18,19,20,21,22,23,24,25,26,27,28,29,32,33,36,37,65,66,67,68,93,94,95,96,97,98,99,100,101,102,103,104,105,108,109,110,111,112,113,114,115,116,117,118,119,120,121,122,123,124,125,126,127,128,129,130,131,132,133,135,136,137,148,149,214,215,216,217,218,219,
4;0;5696;5826;1;8,9,10,11,12,13,14,15,16,17,18,19,20,21,22,23,24,25,26,27,28,29,32,33,36,37,65,66,67,68,93,94,95,96,97,98,99,100,101,102,103,104,105,108,109,110,111,112,113,114,115,116,117,118,119,120,121,122,123,124,125,126,127,128,129,130,131,132,133,135,136,137,148,149,214,215,216,217,218,219,
54;0;5826;5991;0;8,9,10,11,12,13,14,15,16,17,18,19,20,21,22,23,24,25,26,27,28,29,32,33,36,37,65,66,67,68,93,94,95,96,97,98,99,100,101,102,103,104,105,108,109,110,111,112,113,114,115,116,117,118,119,120,121,122,123,124,125,126,127,128,129,130,131,132,133,135,136,137,148,149,214,215,216,217,218,219,
45;0;5991;6013;1;8,9,10,11,12,13,14,15,16,17,18,19,20,21,22,23,24,25,26,27,28,29,32,33,36,37,65,66,67,68,93,94,95,96,97,98,99,100,101,102,103,104,105,108,109,110,111,112,113,114,115,116,117,118,119,120,121,122,123,124,125,126,127,128,129,130,131,132,133,135,136,137,148,149,214,215,216,217,218,219,
45;1;6013;6126;1;8,9,10,11,12,13,14,15,16,17,18,19,20,21,22,23,24,25,26,27,28,29,32,33,36,37,65,66,67,68,93,94,95,96,97,98,99,100,101,102,103,104,105,108,109,110,111,112,113,114,115,116,117,118,119,120,121,122,123,124,125,126,127,128,129,130,131,132,133,135,136,137,148,149,214,215,216,217,218,219,
Machine: 1
59;0;0;132;0;0,30,31,34,35,36,37,38,39,40,63,64,69,70,71,72,73,74,75,76,77,78,79,80,81,82,83,84,85,86,87,88,89,90,91,92,106,107,134,138,139,140,141,142,143,144,145,146,147,178,179,180,181,182,183,184,185,186,187,188,189,190,191,192,193,194,195,196,197,198,199,200,201,202,203,204,220,221,222,223,
59;1;132;177;0;0,30,31,34,35,36,37,38,39,40,63,64,69,70,71,72,73,74,75,76,77,78,79,80,81,82,83,84,85,86,87,88,89,90,91,92,106,107,134,138,139,140,141,142,143,144,145,146,147,178,179,180,181,182,183,184,185,186,187,188,189,190,191,192,193,194,195,196,197,198,199,200,201,202,203,204,220,221,222,223,
68;0;177;337;1;0,30,31,34,35,36,37,38,39,40,63,64,69,70,71,72,73,74,75,76,77,78,79,80,81,82,83,84,85,86,87,88,89,90,91,92,106,107,134,138,139,140,141,142,143,144,145,146,147,178,179,180,181,182,183,184,185,186,187,188,189,190,191,192,193,194,195,196,197,198,199,200,201,202,203,204,220,221,222,223,
12;0;337;378;1;0,30,31,34,35,36,37,38,39,40,63,64,69,70,71,72,73,74,75,76,77,78,79,80,81,82,83,84,85,86,87,88,89,90,91,92,106,107,134,138,139,140,141,142,143,144,145,146,147,178,179,180,181,182,183,184,185,186,187,188,189,190,191,192,193,194,195,196,197,198,199,200,201,202,203,204,220,221,222,223,
78;0;378;479;0;0,30,31,34,35,36,37,38,39,40,63,64,69,70,71,72,73,74,75,76,77,78,79,80,81,82,83,84,85,86,87,88,89,90,91,92,106,107,134,138,139,140,141,142,143,144,145,146,147,178,179,180,181,182,183,184,185,186,187,188,189,190,191,192,193,194,195,196,197,198,199,200,201,202,203,204,220,221,222,223,
41;0;479;524;1;0,30,31,34,35,36,37,38,39,40,63,64,69,70,71,72,73,74,75,76,77,78,79,80,81,82,83,84,85,86,87,88,89,90,91,92,106,107,134,138,139,140,141,142,143,144,145,146,147,178,179,180,181,182,183,184,185,186,187,188,189,190,191,192,193,194,195,196,197,198,199,200,201,202,203,204,220,221,222,223,
41;1;524;528;1;0,30,31,34,35,36,37,38,39,40,63,64,69,70,71,72,73,74,75,76,77,78,79,80,81,82,83,84,85,86,87,88,89,90,91,92,106,107,134,138,139,140,141,142,143,144,145,146,147,178,179,180,181,182,183,184,185,186,187,188,189,190,191,192,193,194,195,196,197,198,199,200,201,202,203,204,220,221,222,223,
73;0;528;680;1;0,30,31,34,35,36,37,38,39,40,63,64,69,70,71,72,73,74,75,76,77,78,79,80,81,82,83,84,85,86,87,88,89,90,91,92,106,107,134,138,139,140,141,142,143,144,145,146,147,178,179,180,181,182,183,184,185,186,187,188,189,190,191,192,193,194,195,196,197,198,199,200,201,202,203,204,220,221,222,223,
73;1;680;848;1;0,30,31,34,35,36,37,38,39,40,63,64,69,70,71,72,73,74,75,76,77,78,79,80,81,82,83,84,85,86,87,88,89,90,91,92,106,107,134,138,139,140,141,142,143,144,145,146,147,178,179,180,181,182,183,184,185,186,187,188,189,190,191,192,193,194,195,196,197,198,199,200,201,202,203,204,220,221,222,223,
35;0;848;852;0;0,30,31,34,35,36,37,38,39,40,63,64,69,70,71,72,73,74,75,76,77,78,79,80,81,82,83,84,85,86,87,88,89,90,91,92,106,107,134,138,139,140,141,142,143,144,145,146,147,178,179,180,181,182,183,184,185,186,187,188,189,190,191,192,193,194,195,196,197,198,199,200,201,202,203,204,220,221,222,223,
35;1;852;944;0;0,30,31,34,35,36,37,38,39,40,63,64,69,70,71,72,73,74,75,76,77,78,79,80,81,82,83,84,85,86,87,88,89,90,91,92,106,107,134,138,139,140,141,142,143,144,145,146,147,178,179,180,181,182,183,184,185,186,187,188,189,190,191,192,193,194,195,196,197,198,199,200,201,202,203,204,220,221,222,223,
48;0;944;1091;1;0,30,31,34,35,36,37,38,39,40,63,64,69,70,71,72,73,74,75,76,77,78,79,80,81,82,83,84,85,86,87,88,89,90,91,92,106,107,134,138,139,140,141,142,143,144,145,146,147,178,179,180,181,182,183,184,185,186,187,188,189,190,191,192,193,194,195,196,197,198,199,200,201,202,203,204,220,221,222,223,
57;0;1091;1166;1;0,30,31,34,35,36,37,38,39,40,63,64,69,70,71,72,73,74,75,76,77,78,79,80,81,82,83,84,85,86,87,88,89,90,91,92,106,107,134,138,139,140,141,142,143,144,145,146,147,178,179,180,181,182,183,184,185,186,187,188,189,190,191,192,193,194,195,196,197,198,199,200,201,202,203,204,220,221,222,223,
57;1;1166;1267;1;0,30,31,34,35,36,37,38,39,40,63,64,69,70,71,72,73,74,75,76,77,78,79,80,81,82,83,84,85,86,87,88,89,90,91,92,106,107,134,138,139,140,141,142,143,144,145,146,147,178,179,180,181,182,183,184,185,186,187,188,189,190,191,192,193,194,195,196,197,198,199,200,201,202,203,204,220,221,222,223,
63;0;1267;1347;0;0,30,31,34,35,36,37,38,39,40,63,64,69,70,71,72,73,74,75,76,77,78,79,80,81,82,83,84,85,86,87,88,89,90,91,92,106,107,134,138,139,140,141,142,143,144,145,146,147,178,179,180,181,182,183,184,185,186,187,188,189,190,191,192,193,194,195,196,197,198,199,200,201,202,203,204,220,221,222,223,
63;1;1347;1510;0;0,30,31,34,35,36,37,38,39,40,63,64,69,70,71,72,73,74,75,76,77,78,79,80,81,82,83,84,85,86,87,88,89,90,91,92,106,107,134,138,139,140,141,142,143,144,145,146,147,178,179,180,181,182,183,184,185,186,187,188,189,190,191,192,193,194,195,196,197,198,199,200,201,202,203,204,220,221,222,223,
15;0;1510;1588;0;0,30,31,34,35,36,37,38,39,40,63,64,69,70,71,72,73,74,75,76,77,78,79,80,81,82,83,84,85,86,87,88,89,90,91,92,106,107,134,138,139,140,141,142,143,144,145,146,147,178,179,180,181,182,183,184,185,186,187,188,189,190,191,192,193,194,195,196,197,198,199,200,201,202,203,204,220,221,222,223,
15;1;1588;1726;0;0,30,31,34,35,36,37,38,39,40,63,64,69,70,71,72,73,74,75,76,77,78,79,80,81,82,83,84,85,86,87,88,89,90,91,92,106,107,134,138,139,140,141,142,143,144,145,146,147,178,179,180,181,182,183,184,185,186,187,188,189,190,191,192,193,194,195,196,197,198,199,200,201,202,203,204,220,221,222,223,
17;0;1726;1875;1;0,30,31,34,35,36,37,38,39,40,63,64,69,70,71,72,73,74,75,76,77,78,79,80,81,82,83,84,85,86,87,88,89,90,91,92,106,107,134,138,139,140,141,142,143,144,145,146,147,178,179,180,181,182,183,184,185,186,187,188,189,190,191,192,193,194,195,196,197,198,199,200,201,202,203,204,220,221,222,223,
17;1;1875;1899;1;0,30,31,34,35,36,37,38,39,40,63,64,69,70,71,72,73,74,75,76,77,78,79,80,81,82,83,84,85,86,87,88,89,90,91,92,106,107,134,138,139,140,141,142,143,144,145,146,147,178,179,180,181,182,183,184,185,186,187,188,189,190,191,192,193,194,195,196,197,198,199,200,201,202,203,204,220,221,222,223,
36;0;1899;2059;1;0,30,31,34,35,36,37,38,39,40,63,64,69,70,71,72,73,74,75,76,77,78,79,80,81,82,83,84,85,86,87,88,89,90,91,92,106,107,134,138,139,140,141,142,143,144,145,146,147,178,179,180,181,182,183,184,185,186,187,188,189,190,191,192,193,194,195,196,197,198,199,200,201,202,203,204,220,221,222,223,
11;0;2059;2089;0;0,30,31,34,35,36,37,38,39,40,63,64,69,70,71,72,73,74,75,76,77,78,79,80,81,82,83,84,85,86,87,88,89,90,91,92,106,107,134,138,139,140,141,142,143,144,145,146,147,178,179,180,181,182,183,184,185,186,187,188,189,190,191,192,193,194,195,196,197,198,199,200,201,202,203,204,220,221,222,223,
11;1;2089;2195;0;0,30,31,34,35,36,37,38,39,40,63,64,69,70,71,72,73,74,75,76,77,78,79,80,81,82,83,84,85,86,87,88,89,90,91,92,106,107,134,138,139,140,141,142,143,144,145,146,147,178,179,180,181,182,183,184,185,186,187,188,189,190,191,192,193,194,195,196,197,198,199,200,201,202,203,204,220,221,222,223,
7;0;2195;2199;0;0,30,31,34,35,36,37,38,39,40,63,64,69,70,71,72,73,74,75,76,77,78,79,80,81,82,83,84,85,86,87,88,89,90,91,92,106,107,134,138,139,140,141,142,143,144,145,146,147,178,179,180,181,182,183,184,185,186,187,188,189,190,191,192,193,194,195,196,197,198,199,200,201,202,203,204,220,221,222,223,
7;1;2199;2244;0;0,30,31,34,35,36,37,38,39,40,63,64,69,70,71,72,73,74,75,76,77,78,79,80,81,82,83,84,85,86,87,88,89,90,91,92,106,107,134,138,139,140,141,142,143,144,145,146,147,178,179,180,181,182,183,184,185,186,187,188,189,190,191,192,193,194,195,196,197,198,199,200,201,202,203,204,220,221,222,223,
26;0;2244;2404;0;0,30,31,34,35,36,37,38,39,40,63,64,69,70,71,72,73,74,75,76,77,78,79,80,81,82,83,84,85,86,87,88,89,90,91,92,106,107,134,138,139,140,141,142,143,144,145,146,147,178,179,180,181,182,183,184,185,186,187,188,189,190,191,192,193,194,195,196,197,198,199,200,201,202,203,204,220,221,222,223,
32;0;2404;2572;1;0,30,31,34,35,36,37,38,39,40,63,64,69,70,71,72,73,74,75,76,77,78,79,80,81,82,83,84,85,86,87,88,89,90,91,92,106,107,134,138,139,140,141,142,143,144,145,146,147,178,179,180,181,182,183,184,185,186,187,188,189,190,191,192,193,194,195,196,197,198,199,200,201,202,203,204,220,221,222,223,
56;0;2572;2706;1;0,30,31,34,35,36,37,38,39,40,63,64,69,70,71,72,73,74,75,76,77,78,79,80,81,82,83,84,85,86,87,88,89,90,91,92,106,107,134,138,139,140,141,142,143,144,145,146,147,178,179,180,181,182,183,184,185,186,187,188,189,190,191,192,193,194,195,196,197,198,199,200,201,202,203,204,220,221,222,223,
83;0;2706;2772;0;0,30,31,34,35,36,37,38,39,40,63,64,69,70,71,72,73,74,75,76,77,78,79,80,81,82,83,84,85,86,87,88,89,90,91,92,106,107,134,138,139,140,141,142,143,144,145,146,147,178,179,180,181,182,183,184,185,186,187,188,189,190,191,192,193,194,195,196,197,198,199,200,201,202,203,204,220,221,222,223,
83;1;2772;2826;0;0,30,31,34,35,36,37,38,39,40,63,64,69,70,71,72,73,74,75,76,77,78,79,80,81,82,83,84,85,86,87,88,89,90,91,92,106,107,134,138,139,140,141,142,143,144,145,146,147,178,179,180,181,182,183,184,185,186,187,188,189,190,191,192,193,194,195,196,197,198,199,200,201,202,203,204,220,221,222,223,
5;0;2826;2910;1;0,30,31,34,35,36,37,38,39,40,63,64,69,70,71,72,73,74,75,76,77,78,79,80,81,82,83,84,85,86,87,88,89,90,91,92,106,107,134,138,139,140,141,142,143,144,145,146,147,178,179,180,181,182,183,184,185,186,187,188,189,190,191,192,193,194,195,196,197,198,199,200,201,202,203,204,220,221,222,223,
5;1;2910;3057;1;0,30,31,34,35,36,37,38,39,40,63,64,69,70,71,72,73,74,75,76,77,78,79,80,81,82,83,84,85,86,87,88,89,90,91,92,106,107,134,138,139,140,141,142,143,144,145,146,147,178,179,180,181,182,183,184,185,186,187,188,189,190,191,192,193,194,195,196,197,198,199,200,201,202,203,204,220,221,222,223,
84;0;3057;3068;1;0,30,31,34,35,36,37,38,39,40,63,64,69,70,71,72,73,74,75,76,77,78,79,80,81,82,83,84,85,86,87,88,89,90,91,92,106,107,134,138,139,140,141,142,143,144,145,146,147,178,179,180,181,182,183,184,185,186,187,188,189,190,191,192,193,194,195,196,197,198,199,200,201,202,203,204,220,221,222,223,
10;0;3068;3102;0;0,30,31,34,35,36,37,38,39,40,63,64,69,70,71,72,73,74,75,76,77,78,79,80,81,82,83,84,85,86,87,88,89,90,91,92,106,107,134,138,139,140,141,142,143,144,145,146,147,178,179,180,181,182,183,184,185,186,187,188,189,190,191,192,193,194,195,196,197,198,199,200,201,202,203,204,220,221,222,223,
76;0;3102;3147;1;0,30,31,34,35,36,37,38,39,40,63,64,69,70,71,72,73,74,75,76,77,78,79,80,81,82,83,84,85,86,87,88,89,90,91,92,106,107,134,138,139,140,141,142,143,144,145,146,147,178,179,180,181,182,183,184,185,186,187,188,189,190,191,192,193,194,195,196,197,198,199,200,201,202,203,204,220,221,222,223,
23;0;3147;3171;0;0,30,31,34,35,36,37,38,39,40,63,64,69,70,71,72,73,74,75,76,77,78,79,80,81,82,83,84,85,86,87,88,89,90,91,92,106,107,134,138,139,140,141,142,143,144,145,146,147,178,179,180,181,182,183,184,185,186,187,188,189,190,191,192,193,194,195,196,197,198,199,200,201,202,203,204,220,221,222,223,
23;1;3171;3212;0;0,30,31,34,35,36,37,38,39,40,63,64,69,70,71,72,73,74,75,76,77,78,79,80,81,82,83,84,85,86,87,88,89,90,91,92,106,107,134,138,139,140,141,142,143,144,145,146,147,178,179,180,181,182,183,184,185,186,187,188,189,190,191,192,193,194,195,196,197,198,199,200,201,202,203,204,220,221,222,223,
24;0;3212;3313;1;0,30,31,34,35,36,37,38,39,40,63,64,69,70,71,72,73,74,75,76,77,78,79,80,81,82,83,84,85,86,87,88,89,90,91,92,106,107,134,138,139,140,141,142,143,144,145,146,147,178,179,180,181,182,183,184,185,186,187,188,189,190,191,192,193,194,195,196,197,198,199,200,201,202,203,204,220,221,222,223,
85;0;3313;3349;1;0,30,31,34,35,36,37,38,39,40,63,64,69,70,71,72,73,74,75,76,77,78,79,80,81,82,83,84,85,86,87,88,89,90,91,92,106,107,134,138,139,140,141,142,143,144,145,146,147,178,179,180,181,182,183,184,185,186,187,188,189,190,191,192,193,194,195,196,197,198,199,200,201,202,203,204,220,221,222,223,
85;1;3349;3390;1;0,30,31,34,35,36,37,38,39,40,63,64,69,70,71,72,73,74,75,76,77,78,79,80,81,82,83,84,85,86,87,88,89,90,91,92,106,107,134,138,139,140,141,142,143,144,145,146,147,178,179,180,181,182,183,184,185,186,187,188,189,190,191,192,193,194,195,196,197,198,199,200,201,202,203,204,220,221,222,223,
75;0;3390;3445;0;0,30,31,34,35,36,37,38,39,40,63,64,69,70,71,72,73,74,75,76,77,78,79,80,81,82,83,84,85,86,87,88,89,90,91,92,106,107,134,138,139,140,141,142,143,144,145,146,147,178,179,180,181,182,183,184,185,186,187,188,189,190,191,192,193,194,195,196,197,198,199,200,201,202,203,204,220,221,222,223,
75;1;3445;3456;0;0,30,31,34,35,36,37,38,39,40,63,64,69,70,71,72,73,74,75,76,77,78,79,80,81,82,83,84,85,86,87,88,89,90,91,92,106,107,134,138,139,140,141,142,143,144,145,146,147,178,179,180,181,182,183,184,185,186,187,188,189,190,191,192,193,194,195,196,197,198,199,200,201,202,203,204,220,221,222,223,
74;0;3456;3622;0;0,30,31,34,35,36,37,38,39,40,63,64,69,70,71,72,73,74,75,76,77,78,79,80,81,82,83,84,85,86,87,88,89,90,91,92,106,107,134,138,139,140,141,142,143,144,145,146,147,178,179,180,181,182,183,184,185,186,187,188,189,190,191,192,193,194,195,196,197,198,199,200,201,202,203,204,220,221,222,223,
61;0;3622;3776;1;0,30,31,34,35,36,37,38,39,40,63,64,69,70,71,72,73,74,75,76,77,78,79,80,81,82,83,84,85,86,87,88,89,90,91,92,106,107,134,138,139,140,141,142,143,144,145,146,147,178,179,180,181,182,183,184,185,186,187,188,189,190,191,192,193,194,195,196,197,198,199,200,201,202,203,204,220,221,222,223,
61;1;3776;3817;1;0,30,31,34,35,36,37,38,39,40,63,64,69,70,71,72,73,74,75,76,77,78,79,80,81,82,83,84,85,86,87,88,89,90,91,92,106,107,134,138,139,140,141,142,143,144,145,146,147,178,179,180,181,182,183,184,185,186,187,188,189,190,191,192,193,194,195,196,197,198,199,200,201,202,203,204,220,221,222,223,
79;0;3817;3932;0;0,30,31,34,35,36,37,38,39,40,63,64,69,70,71,72,73,74,75,76,77,78,79,80,81,82,83,84,85,86,87,88,89,90,91,92,106,107,134,138,139,140,141,142,143,144,145,146,147,178,179,180,181,182,183,184,185,186,187,188,189,190,191,192,193,194,195,196,197,198,199,200,201,202,203,204,220,221,222,223,
79;1;3932;4100;0;0,30,31,34,35,36,37,38,39,40,63,64,69,70,71,72,73,74,75,76,77,78,79,80,81,82,83,84,85,86,87,88,89,90,91,92,106,107,134,138,139,140,141,142,143,144,145,146,147,178,179,180,181,182,183,184,185,186,187,188,189,190,191,192,193,194,195,196,197,198,199,200,201,202,203,204,220,221,222,223,
70;0;4100;4104;0;0,30,31,34,35,36,37,38,39,40,63,64,69,70,71,72,73,74,75,76,77,78,79,80,81,82,83,84,85,86,87,88,89,90,91,92,106,107,134,138,139,140,141,142,143,144,145,146,147,178,179,180,181,182,183,184,185,186,187,188,189,190,191,192,193,194,195,196,197,198,199,200,201,202,203,204,220,221,222,223,
53;0;4104;4136;1;0,30,31,34,35,36,37,38,39,40,63,64,69,70,71,72,73,74,75,76,77,78,79,80,81,82,83,84,85,86,87,88,89,90,91,92,106,107,134,138,139,140,141,142,143,144,145,146,147,178,179,180,181,182,183,184,185,186,187,188,189,190,191,192,193,194,195,196,197,198,199,200,201,202,203,204,220,221,222,223,
53;1;4136;4296;1;0,30,31,34,35,36,37,38,39,40,63,64,69,70,71,72,73,74,75,76,77,78,79,80,81,82,83,84,85,86,87,88,89,90,91,92,106,107,134,138,139,140,141,142,143,144,145,146,147,178,179,180,181,182,183,184,185,186,187,188,189,190,191,192,193,194,195,196,197,198,199,200,201,202,203,204,220,221,222,223,
8;0;4296;4402;1;0,30,31,34,35,36,37,38,39,40,63,64,69,70,71,72,73,74,75,76,77,78,79,80,81,82,83,84,85,86,87,88,89,90,91,92,106,107,134,138,139,140,141,142,143,144,145,146,147,178,179,180,181,182,183,184,185,186,187,188,189,190,191,192,193,194,195,196,197,198,199,200,201,202,203,204,220,221,222,223,
34;0;4402;4565;0;0,30,31,34,35,36,37,38,39,40,63,64,69,70,71,72,73,74,75,76,77,78,79,80,81,82,83,84,85,86,87,88,89,90,91,92,106,107,134,138,139,140,141,142,143,144,145,146,147,178,179,180,181,182,183,184,185,186,187,188,189,190,191,192,193,194,195,196,197,198,199,200,201,202,203,204,220,221,222,223,
62;0;4565;4699;0;0,30,31,34,35,36,37,38,39,40,63,64,69,70,71,72,73,74,75,76,77,78,79,80,81,82,83,84,85,86,87,88,89,90,91,92,106,107,134,138,139,140,141,142,143,144,145,146,147,178,179,180,181,182,183,184,185,186,187,188,189,190,191,192,193,194,195,196,197,198,199,200,201,202,203,204,220,221,222,223,
46;0;4699;4862;0;0,30,31,34,35,36,37,38,39,40,63,64,69,70,71,72,73,74,75,76,77,78,79,80,81,82,83,84,85,86,87,88,89,90,91,92,106,107,134,138,139,140,141,142,143,144,145,146,147,178,179,180,181,182,183,184,185,186,187,188,189,190,191,192,193,194,195,196,197,198,199,200,201,202,203,204,220,221,222,223,
72;0;4862;5000;1;0,30,31,34,35,36,37,38,39,40,63,64,69,70,71,72,73,74,75,76,77,78,79,80,81,82,83,84,85,86,87,88,89,90,91,92,106,107,134,138,139,140,141,142,143,144,145,146,147,178,179,180,181,182,183,184,185,186,187,188,189,190,191,192,193,194,195,196,197,198,199,200,201,202,203,204,220,221,222,223,
50;0;5000;5059;0;0,1,2,3,4,5,6,7,15,30,31,38,39,40,41,42,43,44,45,46,47,48,49,50,51,52,53,54,55,56,57,58,59,60,61,62,63,69,70,72,134,143,147,150,151,152,153,154,155,156,157,158,159,160,161,162,163,164,165,166,167,168,169,170,171,172,173,174,175,176,177,205,206,207,208,209,210,211,212,213,
77;0;5059;5219;1;0,1,2,3,4,5,6,7,15,30,31,38,39,40,41,42,43,44,45,46,47,48,49,50,51,52,53,54,55,56,57,58,59,60,61,62,63,69,70,72,134,143,147,150,151,152,153,154,155,156,157,158,159,160,161,162,163,164,165,166,167,168,169,170,171,172,173,174,175,176,177,205,206,207,208,209,210,211,212,213,
77;1;5219;5238;1;0,1,2,3,4,5,6,7,15,30,31,38,39,40,41,42,43,44,45,46,47,48,49,50,51,52,53,54,55,56,57,58,59,60,61,62,63,69,70,72,134,143,147,150,151,152,153,154,155,156,157,158,159,160,161,162,163,164,165,166,167,168,169,170,171,172,173,174,175,176,177,205,206,207,208,209,210,211,212,213,
9;0;5238;5307;1;0,1,2,3,4,5,6,7,15,30,31,38,39,40,41,42,43,44,45,46,47,48,49,50,51,52,53,54,55,56,57,58,59,60,61,62,63,69,70,72,134,143,147,150,151,152,153,154,155,156,157,158,159,160,161,162,163,164,165,166,167,168,169,170,171,172,173,174,175,176,177,205,206,207,208,209,210,211,212,213,
9;1;5307;5381;1;0,1,2,3,4,5,6,7,15,30,31,38,39,40,41,42,43,44,45,46,47,48,49,50,51,52,53,54,55,56,57,58,59,60,61,62,63,69,70,72,134,143,147,150,151,152,153,154,155,156,157,158,159,160,161,162,163,164,165,166,167,168,169,170,171,172,173,174,175,176,177,205,206,207,208,209,210,211,212,213,
49;0;5381;5408;1;0,1,2,3,4,5,6,7,15,30,31,38,39,40,41,42,43,44,45,46,47,48,49,50,51,52,53,54,55,56,57,58,59,60,61,62,63,69,70,72,134,143,147,150,151,152,153,154,155,156,157,158,159,160,161,162,163,164,165,166,167,168,169,170,171,172,173,174,175,176,177,205,206,207,208,209,210,211,212,213,
49;1;5408;5412;1;0,1,2,3,4,5,6,7,15,30,31,38,39,40,41,42,43,44,45,46,47,48,49,50,51,52,53,54,55,56,57,58,59,60,61,62,63,69,70,72,134,143,147,150,151,152,153,154,155,156,157,158,159,160,161,162,163,164,165,166,167,168,169,170,171,172,173,174,175,176,177,205,206,207,208,209,210,211,212,213,
42;0;5412;5453;0;0,1,2,3,4,5,6,7,15,30,31,38,39,40,41,42,43,44,45,46,47,48,49,50,51,52,53,54,55,56,57,58,59,60,61,62,63,69,70,72,134,143,147,150,151,152,153,154,155,156,157,158,159,160,161,162,163,164,165,166,167,168,169,170,171,172,173,174,175,176,177,205,206,207,208,209,210,211,212,213,
0;0;5453;5487;1;0,1,2,3,4,5,6,7,15,30,31,38,39,40,41,42,43,44,45,46,47,48,49,50,51,52,53,54,55,56,57,58,59,60,61,62,63,69,70,72,134,143,147,150,151,152,153,154,155,156,157,158,159,160,161,162,163,164,165,166,167,168,169,170,171,172,173,174,175,176,177,205,206,207,208,209,210,211,212,213,
0;1;5487;5555;1;0,1,2,3,4,5,6,7,15,30,31,38,39,40,41,42,43,44,45,46,47,48,49,50,51,52,53,54,55,56,57,58,59,60,61,62,63,69,70,72,134,143,147,150,151,152,153,154,155,156,157,158,159,160,161,162,163,164,165,166,167,168,169,170,171,172,173,174,175,176,177,205,206,207,208,209,210,211,212,213,
END
fineshedJobsCount: 130
switchs: 67
switchsInstances: 1
unfineshedPriorityCount: 0
totalUnfineshed: 0
criticalMachineSwitchs: 0
criticalMachineTime: 6126
Final Solution: 3823
Time: 113247
PTL: 114
MCMC: 104
Best Initial: 3685
Mean Initial: 3613.64
