./input/BaseInstances/6M1_n=130,r=0.6,t=165,v0.txt;./input/Processed/ToolSetInt.csv
7;720;1440
Machine: 0
79;0;0;94;1;0,1,2,3,4,5,6,7,8,9,10,11,12,13,14,15,16,17,18,19,20,21,22,23,24,25,26,27,28,29,30,31,32,33,34,35,36,37,38,39,40,41,42,44,48,53,57,62,63,64,65,66,67,68,69,80,81,82,83,84,85,86,87,88,98,99,100,103,115,116,117,118,119,120,121,122,123,124,135,151,
79;1;94;115;1;0,1,2,3,4,5,6,7,8,9,10,11,12,13,14,15,16,17,18,19,20,21,22,23,24,25,26,27,28,29,30,31,32,33,34,35,36,37,38,39,40,41,42,44,48,53,57,62,63,64,65,66,67,68,69,80,81,82,83,84,85,86,87,88,98,99,100,103,115,116,117,118,119,120,121,122,123,124,135,151,
26;0;115;181;1;0,1,2,3,4,5,6,7,8,9,10,11,12,13,14,15,16,17,18,19,20,21,22,23,24,25,26,27,28,29,30,31,32,33,34,35,36,37,38,39,40,41,42,44,48,53,57,62,63,64,65,66,67,68,69,80,81,82,83,84,85,86,87,88,98,99,100,103,115,116,117,118,119,120,121,122,123,124,135,151,
26;1;181;222;1;0,1,2,3,4,5,6,7,8,9,10,11,12,13,14,15,16,17,18,19,20,21,22,23,24,25,26,27,28,29,30,31,32,33,34,35,36,37,38,39,40,41,42,44,48,53,57,62,63,64,65,66,67,68,69,80,81,82,83,84,85,86,87,88,98,99,100,103,115,116,117,118,119,120,121,122,123,124,135,151,
0;0;222;250;1;0,1,2,3,4,5,6,7,8,9,10,11,12,13,14,15,16,17,18,19,20,21,22,23,24,25,26,27,28,29,30,31,32,33,34,35,36,37,38,39,40,41,42,44,48,53,57,62,63,64,65,66,67,68,69,80,81,82,83,84,85,86,87,88,98,99,100,103,115,116,117,118,119,120,121,122,123,124,135,151,
0;1;250;305;1;0,1,2,3,4,5,6,7,8,9,10,11,12,13,14,15,16,17,18,19,20,21,22,23,24,25,26,27,28,29,30,31,32,33,34,35,36,37,38,39,40,41,42,44,48,53,57,62,63,64,65,66,67,68,69,80,81,82,83,84,85,86,87,88,98,99,100,103,115,116,117,118,119,120,121,122,123,124,135,151,
36;0;305;462;1;0,1,2,3,4,5,6,7,8,9,10,11,12,13,14,15,16,17,18,19,20,21,22,23,24,25,26,27,28,29,30,31,32,33,34,35,36,37,38,39,40,41,42,44,48,53,57,62,63,64,65,66,67,68,69,80,81,82,83,84,85,86,87,88,98,99,100,103,115,116,117,118,119,120,121,122,123,124,135,151,
36;1;462;561;1;0,1,2,3,4,5,6,7,8,9,10,11,12,13,14,15,16,17,18,19,20,21,22,23,24,25,26,27,28,29,30,31,32,33,34,35,36,37,38,39,40,41,42,44,48,53,57,62,63,64,65,66,67,68,69,80,81,82,83,84,85,86,87,88,98,99,100,103,115,116,117,118,119,120,121,122,123,124,135,151,
69;0;561;641;1;0,1,2,3,4,5,6,7,8,9,10,11,12,13,14,15,16,17,18,19,20,21,22,23,24,25,26,27,28,29,30,31,32,33,34,35,36,37,38,39,40,41,42,44,48,53,57,62,63,64,65,66,67,68,69,80,81,82,83,84,85,86,87,88,98,99,100,103,115,116,117,118,119,120,121,122,123,124,135,151,
69;1;641;674;1;0,1,2,3,4,5,6,7,8,9,10,11,12,13,14,15,16,17,18,19,20,21,22,23,24,25,26,27,28,29,30,31,32,33,34,35,36,37,38,39,40,41,42,44,48,53,57,62,63,64,65,66,67,68,69,80,81,82,83,84,85,86,87,88,98,99,100,103,115,116,117,118,119,120,121,122,123,124,135,151,
76;0;674;746;1;0,1,2,3,4,5,6,7,8,9,10,11,12,13,14,15,16,17,18,19,20,21,22,23,24,25,26,27,28,29,30,31,32,33,34,35,36,37,38,39,40,41,42,44,48,53,57,62,63,64,65,66,67,68,69,80,81,82,83,84,85,86,87,88,98,99,100,103,115,116,117,118,119,120,121,122,123,124,135,151,
76;1;746;882;1;0,1,2,3,4,5,6,7,8,9,10,11,12,13,14,15,16,17,18,19,20,21,22,23,24,25,26,27,28,29,30,31,32,33,34,35,36,37,38,39,40,41,42,44,48,53,57,62,63,64,65,66,67,68,69,80,81,82,83,84,85,86,87,88,98,99,100,103,115,116,117,118,119,120,121,122,123,124,135,151,
16;0;882;887;1;0,1,2,3,4,5,6,7,8,9,10,11,12,13,14,15,16,17,18,19,20,21,22,23,24,25,26,27,28,29,30,31,32,33,34,35,36,37,38,39,40,41,42,44,48,53,57,62,63,64,65,66,67,68,69,80,81,82,83,84,85,86,87,88,98,99,100,103,115,116,117,118,119,120,121,122,123,124,135,151,
16;1;887;984;1;0,1,2,3,4,5,6,7,8,9,10,11,12,13,14,15,16,17,18,19,20,21,22,23,24,25,26,27,28,29,30,31,32,33,34,35,36,37,38,39,40,41,42,44,48,53,57,62,63,64,65,66,67,68,69,80,81,82,83,84,85,86,87,88,98,99,100,103,115,116,117,118,119,120,121,122,123,124,135,151,
46;0;984;1134;1;0,1,2,3,4,5,6,7,8,9,10,11,12,13,14,15,16,17,18,19,20,21,22,23,24,25,26,27,28,29,30,31,32,33,34,35,36,37,38,39,40,41,42,44,48,53,57,62,63,64,65,66,67,68,69,80,81,82,83,84,85,86,87,88,98,99,100,103,115,116,117,118,119,120,121,122,123,124,135,151,
46;1;1134;1304;1;0,1,2,3,4,5,6,7,8,9,10,11,12,13,14,15,16,17,18,19,20,21,22,23,24,25,26,27,28,29,30,31,32,33,34,35,36,37,38,39,40,41,42,44,48,53,57,62,63,64,65,66,67,68,69,80,81,82,83,84,85,86,87,88,98,99,100,103,115,116,117,118,119,120,121,122,123,124,135,151,
11;0;1304;1340;1;0,1,2,3,4,5,6,7,8,9,10,11,12,13,14,15,16,17,18,19,20,21,22,23,24,25,26,27,28,29,30,31,32,33,34,35,36,37,38,39,40,41,42,44,48,53,57,62,63,64,65,66,67,68,69,80,81,82,83,84,85,86,87,88,98,99,100,103,115,116,117,118,119,120,121,122,123,124,135,151,
11;1;1340;1354;1;0,1,2,3,4,5,6,7,8,9,10,11,12,13,14,15,16,17,18,19,20,21,22,23,24,25,26,27,28,29,30,31,32,33,34,35,36,37,38,39,40,41,42,44,48,53,57,62,63,64,65,66,67,68,69,80,81,82,83,84,85,86,87,88,98,99,100,103,115,116,117,118,119,120,121,122,123,124,135,151,
41;0;1354;1372;1;0,1,2,3,4,5,6,7,8,9,10,11,12,13,14,15,16,17,18,19,20,21,22,23,24,25,26,27,28,29,30,31,32,33,34,35,36,37,38,39,40,41,42,44,48,53,57,62,63,64,65,66,67,68,69,80,81,82,83,84,85,86,87,88,98,99,100,103,115,116,117,118,119,120,121,122,123,124,135,151,
41;1;1372;1406;1;0,1,2,3,4,5,6,7,8,9,10,11,12,13,14,15,16,17,18,19,20,21,22,23,24,25,26,27,28,29,30,31,32,33,34,35,36,37,38,39,40,41,42,44,48,53,57,62,63,64,65,66,67,68,69,80,81,82,83,84,85,86,87,88,98,99,100,103,115,116,117,118,119,120,121,122,123,124,135,151,
74;0;1406;1445;1;0,1,2,3,4,5,6,7,8,9,10,11,12,13,14,15,16,17,18,19,20,21,22,23,24,25,26,27,28,29,30,31,32,33,34,35,36,37,38,39,40,41,42,44,48,53,57,62,63,64,65,66,67,68,69,80,81,82,83,84,85,86,87,88,98,99,100,103,115,116,117,118,119,120,121,122,123,124,135,151,
74;1;1445;1487;1;0,1,2,3,4,5,6,7,8,9,10,11,12,13,14,15,16,17,18,19,20,21,22,23,24,25,26,27,28,29,30,31,32,33,34,35,36,37,38,39,40,41,42,44,48,53,57,62,63,64,65,66,67,68,69,80,81,82,83,84,85,86,87,88,98,99,100,103,115,116,117,118,119,120,121,122,123,124,135,151,
54;0;1487;1590;1;0,1,2,3,4,5,6,7,8,9,10,11,12,13,14,15,16,17,18,19,20,21,22,23,24,25,26,27,28,29,30,31,32,33,34,35,36,37,38,39,40,41,42,44,48,53,57,62,63,64,65,66,67,68,69,80,81,82,83,84,85,86,87,88,98,99,100,103,115,116,117,118,119,120,121,122,123,124,135,151,
54;1;1590;1681;1;0,1,2,3,4,5,6,7,8,9,10,11,12,13,14,15,16,17,18,19,20,21,22,23,24,25,26,27,28,29,30,31,32,33,34,35,36,37,38,39,40,41,42,44,48,53,57,62,63,64,65,66,67,68,69,80,81,82,83,84,85,86,87,88,98,99,100,103,115,116,117,118,119,120,121,122,123,124,135,151,
44;0;1681;1844;1;0,1,2,3,4,5,6,7,8,9,10,11,12,13,14,15,16,17,18,19,20,21,22,23,24,25,26,27,28,29,30,31,32,33,34,35,36,37,38,39,40,41,42,44,48,53,57,62,63,64,65,66,67,68,69,80,81,82,83,84,85,86,87,88,98,99,100,103,115,116,117,118,119,120,121,122,123,124,135,151,
44;1;1844;1883;1;0,1,2,3,4,5,6,7,8,9,10,11,12,13,14,15,16,17,18,19,20,21,22,23,24,25,26,27,28,29,30,31,32,33,34,35,36,37,38,39,40,41,42,44,48,53,57,62,63,64,65,66,67,68,69,80,81,82,83,84,85,86,87,88,98,99,100,103,115,116,117,118,119,120,121,122,123,124,135,151,
34;0;1883;2041;1;0,1,2,3,4,5,6,7,8,9,10,11,12,13,14,15,16,17,18,19,20,21,22,23,24,25,26,27,28,29,30,31,32,33,34,35,36,37,38,39,40,41,42,44,48,53,57,62,63,64,65,66,67,68,69,80,81,82,83,84,85,86,87,88,98,99,100,103,115,116,117,118,119,120,121,122,123,124,135,151,
34;1;2041;2090;1;0,1,2,3,4,5,6,7,8,9,10,11,12,13,14,15,16,17,18,19,20,21,22,23,24,25,26,27,28,29,30,31,32,33,34,35,36,37,38,39,40,41,42,44,48,53,57,62,63,64,65,66,67,68,69,80,81,82,83,84,85,86,87,88,98,99,100,103,115,116,117,118,119,120,121,122,123,124,135,151,
Machine: 1
51;0;0;4;1;0,1,2,3,4,5,6,7,8,9,10,11,12,13,14,15,16,17,18,19,20,21,22,23,24,25,26,27,28,29,30,36,37,38,39,40,41,42,43,44,45,53,57,63,64,67,69,81,82,84,85,100,103,104,105,106,107,108,115,116,117,118,119,120,121,122,123,124,127,134,137,155,156,158,159,160,161,162,163,164,
51;1;4;141;1;0,1,2,3,4,5,6,7,8,9,10,11,12,13,14,15,16,17,18,19,20,21,22,23,24,25,26,27,28,29,30,36,37,38,39,40,41,42,43,44,45,53,57,63,64,67,69,81,82,84,85,100,103,104,105,106,107,108,115,116,117,118,119,120,121,122,123,124,127,134,137,155,156,158,159,160,161,162,163,164,
61;0;141;238;1;0,1,2,3,4,5,6,7,8,9,10,11,12,13,14,15,16,17,18,19,20,21,22,23,24,25,26,27,28,29,30,36,37,38,39,40,41,42,43,44,45,53,57,63,64,67,69,81,82,84,85,100,103,104,105,106,107,108,115,116,117,118,119,120,121,122,123,124,127,134,137,155,156,158,159,160,161,162,163,164,
61;1;238;328;1;0,1,2,3,4,5,6,7,8,9,10,11,12,13,14,15,16,17,18,19,20,21,22,23,24,25,26,27,28,29,30,36,37,38,39,40,41,42,43,44,45,53,57,63,64,67,69,81,82,84,85,100,103,104,105,106,107,108,115,116,117,118,119,120,121,122,123,124,127,134,137,155,156,158,159,160,161,162,163,164,
4;0;328;504;1;0,1,2,3,4,5,6,7,8,9,10,11,12,13,14,15,16,17,18,19,20,21,22,23,24,25,26,27,28,29,30,36,37,38,39,40,41,42,43,44,45,53,57,63,64,67,69,81,82,84,85,100,103,104,105,106,107,108,115,116,117,118,119,120,121,122,123,124,127,134,137,155,156,158,159,160,161,162,163,164,
4;1;504;548;1;0,1,2,3,4,5,6,7,8,9,10,11,12,13,14,15,16,17,18,19,20,21,22,23,24,25,26,27,28,29,30,36,37,38,39,40,41,42,43,44,45,53,57,63,64,67,69,81,82,84,85,100,103,104,105,106,107,108,115,116,117,118,119,120,121,122,123,124,127,134,137,155,156,158,159,160,161,162,163,164,
59;0;548;631;1;0,1,2,3,4,5,6,7,8,9,10,11,12,13,14,15,16,17,18,19,20,21,22,23,24,25,26,27,28,29,30,36,37,38,39,40,41,42,43,44,45,53,57,63,64,67,69,81,82,84,85,100,103,104,105,106,107,108,115,116,117,118,119,120,121,122,123,124,127,134,137,155,156,158,159,160,161,162,163,164,
59;1;631;755;1;0,1,2,3,4,5,6,7,8,9,10,11,12,13,14,15,16,17,18,19,20,21,22,23,24,25,26,27,28,29,30,36,37,38,39,40,41,42,43,44,45,53,57,63,64,67,69,81,82,84,85,100,103,104,105,106,107,108,115,116,117,118,119,120,121,122,123,124,127,134,137,155,156,158,159,160,161,162,163,164,
21;0;755;796;1;0,1,2,3,4,5,6,7,8,9,10,11,12,13,14,15,16,17,18,19,20,21,22,23,24,25,26,27,28,29,30,36,37,38,39,40,41,42,43,44,45,53,57,63,64,67,69,81,82,84,85,100,103,104,105,106,107,108,115,116,117,118,119,120,121,122,123,124,127,134,137,155,156,158,159,160,161,162,163,164,
21;1;796;905;1;0,1,2,3,4,5,6,7,8,9,10,11,12,13,14,15,16,17,18,19,20,21,22,23,24,25,26,27,28,29,30,36,37,38,39,40,41,42,43,44,45,53,57,63,64,67,69,81,82,84,85,100,103,104,105,106,107,108,115,116,117,118,119,120,121,122,123,124,127,134,137,155,156,158,159,160,161,162,163,164,
29;0;905;971;1;0,1,2,3,4,5,6,7,8,9,10,11,12,13,14,15,16,17,18,19,20,21,22,23,24,25,26,27,28,29,30,36,37,38,39,40,41,42,43,44,45,53,57,63,64,67,69,81,82,84,85,100,103,104,105,106,107,108,115,116,117,118,119,120,121,122,123,124,127,134,137,155,156,158,159,160,161,162,163,164,
29;1;971;1015;1;0,1,2,3,4,5,6,7,8,9,10,11,12,13,14,15,16,17,18,19,20,21,22,23,24,25,26,27,28,29,30,36,37,38,39,40,41,42,43,44,45,53,57,63,64,67,69,81,82,84,85,100,103,104,105,106,107,108,115,116,117,118,119,120,121,122,123,124,127,134,137,155,156,158,159,160,161,162,163,164,
66;0;1015;1029;1;0,1,2,3,4,5,6,7,8,9,10,11,12,13,14,15,16,17,18,19,20,21,22,23,24,25,26,27,28,29,30,36,37,38,39,40,41,42,43,44,45,53,57,63,64,67,69,81,82,84,85,100,103,104,105,106,107,108,115,116,117,118,119,120,121,122,123,124,127,134,137,155,156,158,159,160,161,162,163,164,
66;1;1029;1190;1;0,1,2,3,4,5,6,7,8,9,10,11,12,13,14,15,16,17,18,19,20,21,22,23,24,25,26,27,28,29,30,36,37,38,39,40,41,42,43,44,45,53,57,63,64,67,69,81,82,84,85,100,103,104,105,106,107,108,115,116,117,118,119,120,121,122,123,124,127,134,137,155,156,158,159,160,161,162,163,164,
56;0;1190;1195;1;0,1,2,3,4,5,6,7,8,9,10,11,12,13,14,15,16,17,18,19,20,21,22,23,24,25,26,27,28,29,30,36,37,38,39,40,41,42,43,44,45,53,57,63,64,67,69,81,82,84,85,100,103,104,105,106,107,108,115,116,117,118,119,120,121,122,123,124,127,134,137,155,156,158,159,160,161,162,163,164,
56;1;1195;1299;1;0,1,2,3,4,5,6,7,8,9,10,11,12,13,14,15,16,17,18,19,20,21,22,23,24,25,26,27,28,29,30,36,37,38,39,40,41,42,43,44,45,53,57,63,64,67,69,81,82,84,85,100,103,104,105,106,107,108,115,116,117,118,119,120,121,122,123,124,127,134,137,155,156,158,159,160,161,162,163,164,
49;0;1299;1462;1;0,1,2,3,4,5,6,7,8,9,10,11,12,13,14,15,16,17,18,19,20,21,22,23,24,25,26,27,28,29,30,36,37,38,39,40,41,42,43,44,45,53,57,63,64,67,69,81,82,84,85,100,103,104,105,106,107,108,115,116,117,118,119,120,121,122,123,124,127,134,137,155,156,158,159,160,161,162,163,164,
49;1;1462;1535;1;0,1,2,3,4,5,6,7,8,9,10,11,12,13,14,15,16,17,18,19,20,21,22,23,24,25,26,27,28,29,30,36,37,38,39,40,41,42,43,44,45,53,57,63,64,67,69,81,82,84,85,100,103,104,105,106,107,108,115,116,117,118,119,120,121,122,123,124,127,134,137,155,156,158,159,160,161,162,163,164,
2;0;1535;1707;1;0,1,2,3,4,5,6,7,8,9,10,11,12,13,14,15,16,17,18,19,20,21,22,23,24,25,26,27,28,29,30,36,37,38,39,40,41,42,43,44,45,53,57,63,64,67,69,81,82,84,85,100,103,104,105,106,107,108,115,116,117,118,119,120,121,122,123,124,127,134,137,155,156,158,159,160,161,162,163,164,
64;0;1707;1864;1;0,1,2,3,4,5,6,7,8,9,10,11,12,13,14,15,16,17,18,19,20,21,22,23,24,25,26,27,28,29,30,36,37,38,39,40,41,42,43,44,45,53,57,63,64,67,69,81,82,84,85,100,103,104,105,106,107,108,115,116,117,118,119,120,121,122,123,124,127,134,137,155,156,158,159,160,161,162,163,164,
64;1;1864;1929;1;0,1,2,3,4,5,6,7,8,9,10,11,12,13,14,15,16,17,18,19,20,21,22,23,24,25,26,27,28,29,30,36,37,38,39,40,41,42,43,44,45,53,57,63,64,67,69,81,82,84,85,100,103,104,105,106,107,108,115,116,117,118,119,120,121,122,123,124,127,134,137,155,156,158,159,160,161,162,163,164,
39;0;1929;2005;1;0,1,2,3,4,5,6,7,8,9,10,11,12,13,14,15,16,17,18,19,20,21,22,23,24,25,26,27,28,29,30,36,37,38,39,40,41,42,43,44,45,53,57,63,64,67,69,81,82,84,85,100,103,104,105,106,107,108,115,116,117,118,119,120,121,122,123,124,127,134,137,155,156,158,159,160,161,162,163,164,
39;1;2005;2156;1;0,1,2,3,4,5,6,7,8,9,10,11,12,13,14,15,16,17,18,19,20,21,22,23,24,25,26,27,28,29,30,36,37,38,39,40,41,42,43,44,45,53,57,63,64,67,69,81,82,84,85,100,103,104,105,106,107,108,115,116,117,118,119,120,121,122,123,124,127,134,137,155,156,158,159,160,161,162,163,164,
6;0;2156;2253;1;0,1,2,3,4,5,6,7,8,9,10,11,12,13,14,15,16,17,18,19,20,21,22,23,24,25,26,27,28,29,30,36,37,38,39,40,41,42,43,44,45,53,57,63,64,67,69,81,82,84,85,100,103,104,105,106,107,108,115,116,117,118,119,120,121,122,123,124,127,134,137,155,156,158,159,160,161,162,163,164,
6;1;2253;2343;1;0,1,2,3,4,5,6,7,8,9,10,11,12,13,14,15,16,17,18,19,20,21,22,23,24,25,26,27,28,29,30,36,37,38,39,40,41,42,43,44,45,53,57,63,64,67,69,81,82,84,85,100,103,104,105,106,107,108,115,116,117,118,119,120,121,122,123,124,127,134,137,155,156,158,159,160,161,162,163,164,
24;0;2343;2403;1;0,1,2,3,4,5,6,7,8,9,10,11,12,13,14,15,16,17,18,19,20,21,22,23,24,25,26,27,28,29,30,36,37,38,39,40,41,42,43,44,45,53,57,63,64,67,69,81,82,84,85,100,103,104,105,106,107,108,115,116,117,118,119,120,121,122,123,124,127,134,137,155,156,158,159,160,161,162,163,164,
24;1;2403;2415;1;0,1,2,3,4,5,6,7,8,9,10,11,12,13,14,15,16,17,18,19,20,21,22,23,24,25,26,27,28,29,30,36,37,38,39,40,41,42,43,44,45,53,57,63,64,67,69,81,82,84,85,100,103,104,105,106,107,108,115,116,117,118,119,120,121,122,123,124,127,134,137,155,156,158,159,160,161,162,163,164,
Machine: 2
31;0;0;39;1;0,1,2,3,4,5,6,7,8,20,36,38,53,54,55,56,57,58,59,60,61,62,63,64,66,67,69,70,71,72,73,74,75,76,77,78,79,81,82,84,85,90,100,102,103,104,105,106,107,108,109,110,111,112,113,114,115,132,133,134,135,136,137,138,139,140,141,142,143,144,145,146,147,148,149,150,151,153,154,155,
31;1;39;111;1;0,1,2,3,4,5,6,7,8,20,36,38,53,54,55,56,57,58,59,60,61,62,63,64,66,67,69,70,71,72,73,74,75,76,77,78,79,81,82,84,85,90,100,102,103,104,105,106,107,108,109,110,111,112,113,114,115,132,133,134,135,136,137,138,139,140,141,142,143,144,145,146,147,148,149,150,151,153,154,155,
9;0;111;252;1;0,1,2,3,4,5,6,7,8,20,36,38,53,54,55,56,57,58,59,60,61,62,63,64,66,67,69,70,71,72,73,74,75,76,77,78,79,81,82,84,85,90,100,102,103,104,105,106,107,108,109,110,111,112,113,114,115,132,133,134,135,136,137,138,139,140,141,142,143,144,145,146,147,148,149,150,151,153,154,155,
9;1;252;315;1;0,1,2,3,4,5,6,7,8,20,36,38,53,54,55,56,57,58,59,60,61,62,63,64,66,67,69,70,71,72,73,74,75,76,77,78,79,81,82,84,85,90,100,102,103,104,105,106,107,108,109,110,111,112,113,114,115,132,133,134,135,136,137,138,139,140,141,142,143,144,145,146,147,148,149,150,151,153,154,155,
19;0;315;486;1;0,1,2,3,4,5,6,7,8,20,36,38,53,54,55,56,57,58,59,60,61,62,63,64,66,67,69,70,71,72,73,74,75,76,77,78,79,81,82,84,85,90,100,102,103,104,105,106,107,108,109,110,111,112,113,114,115,132,133,134,135,136,137,138,139,140,141,142,143,144,145,146,147,148,149,150,151,153,154,155,
19;1;486;650;1;0,1,2,3,4,5,6,7,8,20,36,38,53,54,55,56,57,58,59,60,61,62,63,64,66,67,69,70,71,72,73,74,75,76,77,78,79,81,82,84,85,90,100,102,103,104,105,106,107,108,109,110,111,112,113,114,115,132,133,134,135,136,137,138,139,140,141,142,143,144,145,146,147,148,149,150,151,153,154,155,
14;0;650;730;1;0,1,2,3,4,5,6,7,8,20,36,38,53,54,55,56,57,58,59,60,61,62,63,64,66,67,69,70,71,72,73,74,75,76,77,78,79,81,82,84,85,90,100,102,103,104,105,106,107,108,109,110,111,112,113,114,115,132,133,134,135,136,137,138,139,140,141,142,143,144,145,146,147,148,149,150,151,153,154,155,
14;1;730;881;1;0,1,2,3,4,5,6,7,8,20,36,38,53,54,55,56,57,58,59,60,61,62,63,64,66,67,69,70,71,72,73,74,75,76,77,78,79,81,82,84,85,90,100,102,103,104,105,106,107,108,109,110,111,112,113,114,115,132,133,134,135,136,137,138,139,140,141,142,143,144,145,146,147,148,149,150,151,153,154,155,
71;0;881;1046;1;0,1,2,3,4,5,6,7,8,20,36,38,53,54,55,56,57,58,59,60,61,62,63,64,66,67,69,70,71,72,73,74,75,76,77,78,79,81,82,84,85,90,100,102,103,104,105,106,107,108,109,110,111,112,113,114,115,132,133,134,135,136,137,138,139,140,141,142,143,144,145,146,147,148,149,150,151,153,154,155,
71;1;1046;1197;1;0,1,2,3,4,5,6,7,8,20,36,38,53,54,55,56,57,58,59,60,61,62,63,64,66,67,69,70,71,72,73,74,75,76,77,78,79,81,82,84,85,90,100,102,103,104,105,106,107,108,109,110,111,112,113,114,115,132,133,134,135,136,137,138,139,140,141,142,143,144,145,146,147,148,149,150,151,153,154,155,
73;0;1197;1284;0;0,1,2,3,4,5,6,7,8,20,36,38,53,54,55,56,57,58,59,60,61,62,63,64,66,67,69,70,71,72,73,74,75,76,77,78,79,81,82,84,85,90,100,102,103,104,105,106,107,108,109,110,111,112,113,114,115,132,133,134,135,136,137,138,139,140,141,142,143,144,145,146,147,148,149,150,151,153,154,155,
73;1;1284;1368;0;0,1,2,3,4,5,6,7,8,20,36,38,53,54,55,56,57,58,59,60,61,62,63,64,66,67,69,70,71,72,73,74,75,76,77,78,79,81,82,84,85,90,100,102,103,104,105,106,107,108,109,110,111,112,113,114,115,132,133,134,135,136,137,138,139,140,141,142,143,144,145,146,147,148,149,150,151,153,154,155,
25;0;1368;1452;0;0,1,2,3,4,5,6,7,8,20,36,38,53,54,55,56,57,58,59,60,61,62,63,64,66,67,69,70,71,72,73,74,75,76,77,78,79,81,82,84,85,90,100,102,103,104,105,106,107,108,109,110,111,112,113,114,115,132,133,134,135,136,137,138,139,140,141,142,143,144,145,146,147,148,149,150,151,153,154,155,
77;0;1452;1497;0;0,1,2,3,4,5,6,7,8,20,36,38,53,54,55,56,57,58,59,60,61,62,63,64,66,67,69,70,71,72,73,74,75,76,77,78,79,81,82,84,85,90,100,102,103,104,105,106,107,108,109,110,111,112,113,114,115,132,133,134,135,136,137,138,139,140,141,142,143,144,145,146,147,148,149,150,151,153,154,155,
15;0;1497;1628;0;0,1,2,3,4,5,6,7,8,20,36,38,53,54,55,56,57,58,59,60,61,62,63,64,66,67,69,70,71,72,73,74,75,76,77,78,79,81,82,84,85,90,100,102,103,104,105,106,107,108,109,110,111,112,113,114,115,132,133,134,135,136,137,138,139,140,141,142,143,144,145,146,147,148,149,150,151,153,154,155,
33;0;1628;1692;0;0,1,2,3,4,5,6,7,8,20,36,38,53,54,55,56,57,58,59,60,61,62,63,64,66,67,69,70,71,72,73,74,75,76,77,78,79,81,82,84,85,90,100,102,103,104,105,106,107,108,109,110,111,112,113,114,115,132,133,134,135,136,137,138,139,140,141,142,143,144,145,146,147,148,149,150,151,153,154,155,
33;1;1692;1835;0;0,1,2,3,4,5,6,7,8,20,36,38,53,54,55,56,57,58,59,60,61,62,63,64,66,67,69,70,71,72,73,74,75,76,77,78,79,81,82,84,85,90,100,102,103,104,105,106,107,108,109,110,111,112,113,114,115,132,133,134,135,136,137,138,139,140,141,142,143,144,145,146,147,148,149,150,151,153,154,155,
70;0;1835;1972;0;0,1,2,3,4,5,6,7,8,20,36,38,53,54,55,56,57,58,59,60,61,62,63,64,66,67,69,70,71,72,73,74,75,76,77,78,79,81,82,84,85,90,100,102,103,104,105,106,107,108,109,110,111,112,113,114,115,132,133,134,135,136,137,138,139,140,141,142,143,144,145,146,147,148,149,150,151,153,154,155,
18;0;1972;2141;0;0,1,2,3,4,5,6,7,8,20,36,38,53,54,55,56,57,58,59,60,61,62,63,64,66,67,69,70,71,72,73,74,75,76,77,78,79,81,82,84,85,90,100,102,103,104,105,106,107,108,109,110,111,112,113,114,115,132,133,134,135,136,137,138,139,140,141,142,143,144,145,146,147,148,149,150,151,153,154,155,
18;1;2141;2275;0;0,1,2,3,4,5,6,7,8,20,36,38,53,54,55,56,57,58,59,60,61,62,63,64,66,67,69,70,71,72,73,74,75,76,77,78,79,81,82,84,85,90,100,102,103,104,105,106,107,108,109,110,111,112,113,114,115,132,133,134,135,136,137,138,139,140,141,142,143,144,145,146,147,148,149,150,151,153,154,155,
37;0;2275;2325;0;0,1,2,3,4,5,6,7,8,20,36,38,53,54,55,56,57,58,59,60,61,62,63,64,66,67,69,70,71,72,73,74,75,76,77,78,79,81,82,84,85,90,100,102,103,104,105,106,107,108,109,110,111,112,113,114,115,132,133,134,135,136,137,138,139,140,141,142,143,144,145,146,147,148,149,150,151,153,154,155,
63;0;2325;2467;0;0,1,2,3,4,5,6,7,8,20,36,38,53,54,55,56,57,58,59,60,61,62,63,64,66,67,69,70,71,72,73,74,75,76,77,78,79,81,82,84,85,90,100,102,103,104,105,106,107,108,109,110,111,112,113,114,115,132,133,134,135,136,137,138,139,140,141,142,143,144,145,146,147,148,149,150,151,153,154,155,
63;1;2467;2498;0;0,1,2,3,4,5,6,7,8,20,36,38,53,54,55,56,57,58,59,60,61,62,63,64,66,67,69,70,71,72,73,74,75,76,77,78,79,81,82,84,85,90,100,102,103,104,105,106,107,108,109,110,111,112,113,114,115,132,133,134,135,136,137,138,139,140,141,142,143,144,145,146,147,148,149,150,151,153,154,155,
Machine: 3
68;0;0;84;0;0,1,2,3,4,5,6,7,8,9,10,11,12,13,14,15,16,17,18,19,20,21,22,23,24,25,26,27,28,29,36,38,45,46,47,48,49,50,51,52,53,54,55,56,57,58,59,60,61,62,63,64,66,67,69,77,85,88,102,104,106,109,110,111,112,113,114,115,135,142,143,144,145,146,147,148,149,150,151,155,
68;1;84;246;0;0,1,2,3,4,5,6,7,8,9,10,11,12,13,14,15,16,17,18,19,20,21,22,23,24,25,26,27,28,29,36,38,45,46,47,48,49,50,51,52,53,54,55,56,57,58,59,60,61,62,63,64,66,67,69,77,85,88,102,104,106,109,110,111,112,113,114,115,135,142,143,144,145,146,147,148,149,150,151,155,
30;0;246;377;0;0,1,2,3,4,5,6,7,8,9,10,11,12,13,14,15,16,17,18,19,20,21,22,23,24,25,26,27,28,29,36,38,45,46,47,48,49,50,51,52,53,54,55,56,57,58,59,60,61,62,63,64,66,67,69,77,85,88,102,104,106,109,110,111,112,113,114,115,135,142,143,144,145,146,147,148,149,150,151,155,
75;0;377;492;0;0,1,2,3,4,5,6,7,8,9,10,11,12,13,14,15,16,17,18,19,20,21,22,23,24,25,26,27,28,29,36,38,45,46,47,48,49,50,51,52,53,54,55,56,57,58,59,60,61,62,63,64,66,67,69,77,85,88,102,104,106,109,110,111,112,113,114,115,135,142,143,144,145,146,147,148,149,150,151,155,
57;0;492;590;0;0,1,2,3,4,5,6,7,8,9,10,11,12,13,14,15,16,17,18,19,20,21,22,23,24,25,26,27,28,29,36,38,45,46,47,48,49,50,51,52,53,54,55,56,57,58,59,60,61,62,63,64,66,67,69,77,85,88,102,104,106,109,110,111,112,113,114,115,135,142,143,144,145,146,147,148,149,150,151,155,
47;0;590;734;0;0,1,2,3,4,5,6,7,8,9,10,11,12,13,14,15,16,17,18,19,20,21,22,23,24,25,26,27,28,29,36,38,45,46,47,48,49,50,51,52,53,54,55,56,57,58,59,60,61,62,63,64,66,67,69,77,85,88,102,104,106,109,110,111,112,113,114,115,135,142,143,144,145,146,147,148,149,150,151,155,
5;0;734;800;0;0,1,2,3,4,5,6,7,8,9,10,11,12,13,14,15,16,17,18,19,20,21,22,23,24,25,26,27,28,29,36,38,45,46,47,48,49,50,51,52,53,54,55,56,57,58,59,60,61,62,63,64,66,67,69,77,85,88,102,104,106,109,110,111,112,113,114,115,135,142,143,144,145,146,147,148,149,150,151,155,
40;0;800;964;0;0,1,2,3,4,5,6,7,8,9,10,11,12,13,14,15,16,17,18,19,20,21,22,23,24,25,26,27,28,29,36,38,45,46,47,48,49,50,51,52,53,54,55,56,57,58,59,60,61,62,63,64,66,67,69,77,85,88,102,104,106,109,110,111,112,113,114,115,135,142,143,144,145,146,147,148,149,150,151,155,
23;0;964;1114;0;0,1,2,3,4,5,6,7,8,9,10,11,12,13,14,15,16,17,18,19,20,21,22,23,24,25,26,27,28,29,36,38,45,46,47,48,49,50,51,52,53,54,55,56,57,58,59,60,61,62,63,64,66,67,69,77,85,88,102,104,106,109,110,111,112,113,114,115,135,142,143,144,145,146,147,148,149,150,151,155,
23;1;1114;1271;0;0,1,2,3,4,5,6,7,8,9,10,11,12,13,14,15,16,17,18,19,20,21,22,23,24,25,26,27,28,29,36,38,45,46,47,48,49,50,51,52,53,54,55,56,57,58,59,60,61,62,63,64,66,67,69,77,85,88,102,104,106,109,110,111,112,113,114,115,135,142,143,144,145,146,147,148,149,150,151,155,
38;0;1271;1440;0;0,1,2,3,4,5,6,7,8,9,10,11,12,13,14,15,16,17,18,19,20,21,22,23,24,25,26,27,28,29,36,38,45,46,47,48,49,50,51,52,53,54,55,56,57,58,59,60,61,62,63,64,66,67,69,77,85,88,102,104,106,109,110,111,112,113,114,115,135,142,143,144,145,146,147,148,149,150,151,155,
38;1;1440;1516;0;0,1,2,3,4,5,6,7,8,9,10,11,12,13,14,15,16,17,18,19,20,21,22,23,24,25,26,27,28,29,36,38,45,46,47,48,49,50,51,52,53,54,55,56,57,58,59,60,61,62,63,64,66,67,69,77,85,88,102,104,106,109,110,111,112,113,114,115,135,142,143,144,145,146,147,148,149,150,151,155,
67;0;1516;1571;0;0,1,2,3,4,5,6,7,8,9,10,11,12,13,14,15,16,17,18,19,20,21,22,23,24,25,26,27,28,29,36,38,45,46,47,48,49,50,51,52,53,54,55,56,57,58,59,60,61,62,63,64,66,67,69,77,85,88,102,104,106,109,110,111,112,113,114,115,135,142,143,144,145,146,147,148,149,150,151,155,
55;0;1571;1643;0;0,1,2,3,4,5,6,7,8,9,10,11,12,13,14,15,16,17,18,19,20,21,22,23,24,25,26,27,28,29,36,38,45,46,47,48,49,50,51,52,53,54,55,56,57,58,59,60,61,62,63,64,66,67,69,77,85,88,102,104,106,109,110,111,112,113,114,115,135,142,143,144,145,146,147,148,149,150,151,155,
27;0;1643;1748;0;0,1,2,3,4,5,6,7,8,9,10,11,12,13,14,15,16,17,18,19,20,21,22,23,24,25,26,27,28,29,36,38,45,46,47,48,49,50,51,52,53,54,55,56,57,58,59,60,61,62,63,64,66,67,69,77,85,88,102,104,106,109,110,111,112,113,114,115,135,142,143,144,145,146,147,148,149,150,151,155,
65;0;1748;1912;0;0,1,2,3,4,5,6,7,8,9,10,11,12,13,14,15,16,17,18,19,20,21,22,23,24,25,26,27,28,29,36,38,45,46,47,48,49,50,51,52,53,54,55,56,57,58,59,60,61,62,63,64,66,67,69,77,85,88,102,104,106,109,110,111,112,113,114,115,135,142,143,144,145,146,147,148,149,150,151,155,
Machine: 4
12;0;0;147;0;0,1,2,3,4,5,6,7,8,9,10,11,12,13,14,15,16,17,18,19,20,21,22,23,24,25,26,27,28,29,30,31,32,33,34,35,36,37,38,39,40,41,42,43,44,45,46,47,48,49,50,51,52,53,54,55,56,57,58,59,60,61,62,63,64,67,69,85,89,90,91,92,93,94,95,96,97,127,135,157,
60;0;147;312;0;0,1,2,3,4,5,6,7,8,9,10,11,12,13,14,15,16,17,18,19,20,21,22,23,24,25,26,27,28,29,30,31,32,33,34,35,36,37,38,39,40,41,42,43,44,45,46,47,48,49,50,51,52,53,54,55,56,57,58,59,60,61,62,63,64,67,69,85,89,90,91,92,93,94,95,96,97,127,135,157,
62;0;312;459;0;0,1,2,3,4,5,6,7,8,9,10,11,12,13,14,15,16,17,18,19,20,21,22,23,24,25,26,27,28,29,30,31,32,33,34,35,36,37,38,39,40,41,42,43,44,45,46,47,48,49,50,51,52,53,54,55,56,57,58,59,60,61,62,63,64,67,69,85,89,90,91,92,93,94,95,96,97,127,135,157,
35;0;459;463;0;0,1,2,3,4,5,6,7,8,9,10,11,12,13,14,15,16,17,18,19,20,21,22,23,24,25,26,27,28,29,30,31,32,33,34,35,36,37,38,39,40,41,42,43,44,45,46,47,48,49,50,51,52,53,54,55,56,57,58,59,60,61,62,63,64,67,69,85,89,90,91,92,93,94,95,96,97,127,135,157,
22;0;463;572;0;0,1,2,3,4,5,6,7,8,9,10,11,12,13,14,15,16,17,18,19,20,21,22,23,24,25,26,27,28,29,30,31,32,33,34,35,36,37,38,39,40,41,42,43,44,45,46,47,48,49,50,51,52,53,54,55,56,57,58,59,60,61,62,63,64,67,69,85,89,90,91,92,93,94,95,96,97,127,135,157,
10;0;572;668;0;0,1,2,3,4,5,6,7,8,9,10,11,12,13,14,15,16,17,18,19,20,21,22,23,24,25,26,27,28,29,30,31,32,33,34,35,36,37,38,39,40,41,42,43,44,45,46,47,48,49,50,51,52,53,54,55,56,57,58,59,60,61,62,63,64,67,69,85,89,90,91,92,93,94,95,96,97,127,135,157,
80;0;668;745;0;0,1,2,3,4,5,6,7,8,9,10,11,12,13,14,15,16,17,18,19,20,21,22,23,24,25,26,27,28,29,30,31,32,33,34,35,36,37,38,39,40,41,42,43,44,45,46,47,48,49,50,51,52,53,54,55,56,57,58,59,60,61,62,63,64,67,69,85,89,90,91,92,93,94,95,96,97,127,135,157,
32;0;745;849;0;0,1,2,3,4,5,6,7,8,9,10,11,12,13,14,15,16,17,18,19,20,21,22,23,24,25,26,27,28,29,30,31,32,33,34,35,36,37,38,39,40,41,42,43,44,45,46,47,48,49,50,51,52,53,54,55,56,57,58,59,60,61,62,63,64,67,69,85,89,90,91,92,93,94,95,96,97,127,135,157,
50;0;849;988;0;0,1,2,3,4,5,6,7,8,9,10,11,12,13,14,15,16,17,18,19,20,21,22,23,24,25,26,27,28,29,30,31,32,33,34,35,36,37,38,39,40,41,42,43,44,45,46,47,48,49,50,51,52,53,54,55,56,57,58,59,60,61,62,63,64,67,69,85,89,90,91,92,93,94,95,96,97,127,135,157,
72;0;988;1132;0;0,1,2,3,4,5,6,7,8,9,10,11,12,13,14,15,16,17,18,19,20,21,22,23,24,25,26,27,28,29,30,31,32,33,34,35,36,37,38,39,40,41,42,43,44,45,46,47,48,49,50,51,52,53,54,55,56,57,58,59,60,61,62,63,64,67,69,85,89,90,91,92,93,94,95,96,97,127,135,157,
45;0;1132;1171;0;0,1,2,3,4,5,6,7,8,9,10,11,12,13,14,15,16,17,18,19,20,21,22,23,24,25,26,27,28,29,30,31,32,33,34,35,36,37,38,39,40,41,42,43,44,45,46,47,48,49,50,51,52,53,54,55,56,57,58,59,60,61,62,63,64,67,69,85,89,90,91,92,93,94,95,96,97,127,135,157,
78;0;1171;1232;0;0,1,2,3,4,5,6,7,8,9,10,11,12,13,14,15,16,17,18,19,20,21,22,23,24,25,26,27,28,29,30,31,32,33,34,35,36,37,38,39,40,41,42,43,44,45,46,47,48,49,50,51,52,53,54,55,56,57,58,59,60,61,62,63,64,67,69,85,89,90,91,92,93,94,95,96,97,127,135,157,
78;1;1232;1393;0;0,1,2,3,4,5,6,7,8,9,10,11,12,13,14,15,16,17,18,19,20,21,22,23,24,25,26,27,28,29,30,31,32,33,34,35,36,37,38,39,40,41,42,43,44,45,46,47,48,49,50,51,52,53,54,55,56,57,58,59,60,61,62,63,64,67,69,85,89,90,91,92,93,94,95,96,97,127,135,157,
3;0;1393;1524;0;0,1,2,3,4,5,6,7,8,9,10,11,12,13,14,15,16,17,18,19,20,21,22,23,24,25,26,27,28,29,30,31,32,33,34,35,36,37,38,39,40,41,42,43,44,45,46,47,48,49,50,51,52,53,54,55,56,57,58,59,60,61,62,63,64,67,69,85,89,90,91,92,93,94,95,96,97,127,135,157,
3;1;1524;1566;0;0,1,2,3,4,5,6,7,8,9,10,11,12,13,14,15,16,17,18,19,20,21,22,23,24,25,26,27,28,29,30,31,32,33,34,35,36,37,38,39,40,41,42,43,44,45,46,47,48,49,50,51,52,53,54,55,56,57,58,59,60,61,62,63,64,67,69,85,89,90,91,92,93,94,95,96,97,127,135,157,
Machine: 5
42;0;0;71;0;0,1,2,3,4,5,6,7,8,9,10,11,12,13,14,15,16,17,18,19,20,21,22,24,26,33,36,37,38,48,53,54,55,56,57,58,59,60,61,62,63,64,65,66,67,68,69,70,77,80,81,82,84,85,90,98,99,100,101,102,103,104,106,107,120,125,126,127,128,129,130,131,135,151,152,153,154,155,156,157,
20;0;71;144;0;0,1,2,3,4,5,6,7,8,9,10,11,12,13,14,15,16,17,18,19,20,21,22,24,26,33,36,37,38,48,53,54,55,56,57,58,59,60,61,62,63,64,65,66,67,68,69,70,77,80,81,82,84,85,90,98,99,100,101,102,103,104,106,107,120,125,126,127,128,129,130,131,135,151,152,153,154,155,156,157,
17;0;144;227;0;0,1,2,3,4,5,6,7,8,9,10,11,12,13,14,15,16,17,18,19,20,21,22,24,26,33,36,37,38,48,53,54,55,56,57,58,59,60,61,62,63,64,65,66,67,68,69,70,77,80,81,82,84,85,90,98,99,100,101,102,103,104,106,107,120,125,126,127,128,129,130,131,135,151,152,153,154,155,156,157,
58;0;227;262;0;0,1,2,3,4,5,6,7,8,9,10,11,12,13,14,15,16,17,18,19,20,21,22,24,26,33,36,37,38,48,53,54,55,56,57,58,59,60,61,62,63,64,65,66,67,68,69,70,77,80,81,82,84,85,90,98,99,100,101,102,103,104,106,107,120,125,126,127,128,129,130,131,135,151,152,153,154,155,156,157,
58;1;262;339;0;0,1,2,3,4,5,6,7,8,9,10,11,12,13,14,15,16,17,18,19,20,21,22,24,26,33,36,37,38,48,53,54,55,56,57,58,59,60,61,62,63,64,65,66,67,68,69,70,77,80,81,82,84,85,90,98,99,100,101,102,103,104,106,107,120,125,126,127,128,129,130,131,135,151,152,153,154,155,156,157,
52;0;339;373;0;0,1,2,3,4,5,6,7,8,9,10,11,12,13,14,15,16,17,18,19,20,21,22,24,26,33,36,37,38,48,53,54,55,56,57,58,59,60,61,62,63,64,65,66,67,68,69,70,77,80,81,82,84,85,90,98,99,100,101,102,103,104,106,107,120,125,126,127,128,129,130,131,135,151,152,153,154,155,156,157,
1;0;373;512;0;0,1,2,3,4,5,6,7,8,9,10,11,12,13,14,15,16,17,18,19,20,21,22,24,26,33,36,37,38,48,53,54,55,56,57,58,59,60,61,62,63,64,65,66,67,68,69,70,77,80,81,82,84,85,90,98,99,100,101,102,103,104,106,107,120,125,126,127,128,129,130,131,135,151,152,153,154,155,156,157,
1;1;512;577;0;0,1,2,3,4,5,6,7,8,9,10,11,12,13,14,15,16,17,18,19,20,21,22,24,26,33,36,37,38,48,53,54,55,56,57,58,59,60,61,62,63,64,65,66,67,68,69,70,77,80,81,82,84,85,90,98,99,100,101,102,103,104,106,107,120,125,126,127,128,129,130,131,135,151,152,153,154,155,156,157,
13;0;577;728;0;0,1,2,3,4,5,6,7,8,9,10,11,12,13,14,15,16,17,18,19,20,21,22,24,26,33,36,37,38,48,53,54,55,56,57,58,59,60,61,62,63,64,65,66,67,68,69,70,77,80,81,82,84,85,90,98,99,100,101,102,103,104,106,107,120,125,126,127,128,129,130,131,135,151,152,153,154,155,156,157,
13;1;728;908;0;0,1,2,3,4,5,6,7,8,9,10,11,12,13,14,15,16,17,18,19,20,21,22,24,26,33,36,37,38,48,53,54,55,56,57,58,59,60,61,62,63,64,65,66,67,68,69,70,77,80,81,82,84,85,90,98,99,100,101,102,103,104,106,107,120,125,126,127,128,129,130,131,135,151,152,153,154,155,156,157,
8;0;908;1076;0;0,1,2,3,4,5,6,7,8,9,10,11,12,13,14,15,16,17,18,19,20,21,22,24,26,33,36,37,38,48,53,54,55,56,57,58,59,60,61,62,63,64,65,66,67,68,69,70,77,80,81,82,84,85,90,98,99,100,101,102,103,104,106,107,120,125,126,127,128,129,130,131,135,151,152,153,154,155,156,157,
8;1;1076;1212;0;0,1,2,3,4,5,6,7,8,9,10,11,12,13,14,15,16,17,18,19,20,21,22,24,26,33,36,37,38,48,53,54,55,56,57,58,59,60,61,62,63,64,65,66,67,68,69,70,77,80,81,82,84,85,90,98,99,100,101,102,103,104,106,107,120,125,126,127,128,129,130,131,135,151,152,153,154,155,156,157,
48;0;1212;1317;0;0,1,2,3,4,5,6,7,8,9,10,11,12,13,14,15,16,17,18,19,20,21,22,24,26,33,36,37,38,48,53,54,55,56,57,58,59,60,61,62,63,64,65,66,67,68,69,70,77,80,81,82,84,85,90,98,99,100,101,102,103,104,106,107,120,125,126,127,128,129,130,131,135,151,152,153,154,155,156,157,
48;1;1317;1369;0;0,1,2,3,4,5,6,7,8,9,10,11,12,13,14,15,16,17,18,19,20,21,22,24,26,33,36,37,38,48,53,54,55,56,57,58,59,60,61,62,63,64,65,66,67,68,69,70,77,80,81,82,84,85,90,98,99,100,101,102,103,104,106,107,120,125,126,127,128,129,130,131,135,151,152,153,154,155,156,157,
28;0;1369;1517;0;0,1,2,3,4,5,6,7,8,9,10,11,12,13,14,15,16,17,18,19,20,21,22,24,26,33,36,37,38,48,53,54,55,56,57,58,59,60,61,62,63,64,65,66,67,68,69,70,77,80,81,82,84,85,90,98,99,100,101,102,103,104,106,107,120,125,126,127,128,129,130,131,135,151,152,153,154,155,156,157,
28;1;1517;1661;0;0,1,2,3,4,5,6,7,8,9,10,11,12,13,14,15,16,17,18,19,20,21,22,24,26,33,36,37,38,48,53,54,55,56,57,58,59,60,61,62,63,64,65,66,67,68,69,70,77,80,81,82,84,85,90,98,99,100,101,102,103,104,106,107,120,125,126,127,128,129,130,131,135,151,152,153,154,155,156,157,
43;0;1661;1839;0;0,1,2,3,4,5,6,7,8,9,10,11,12,13,14,15,16,17,18,19,20,21,22,24,26,33,36,37,38,48,53,54,55,56,57,58,59,60,61,62,63,64,65,66,67,68,69,70,77,80,81,82,84,85,90,98,99,100,101,102,103,104,106,107,120,125,126,127,128,129,130,131,135,151,152,153,154,155,156,157,
43;1;1839;2003;0;0,1,2,3,4,5,6,7,8,9,10,11,12,13,14,15,16,17,18,19,20,21,22,24,26,33,36,37,38,48,53,54,55,56,57,58,59,60,61,62,63,64,65,66,67,68,69,70,77,80,81,82,84,85,90,98,99,100,101,102,103,104,106,107,120,125,126,127,128,129,130,131,135,151,152,153,154,155,156,157,
53;0;2003;2168;0;0,1,2,3,4,5,6,7,8,9,10,11,12,13,14,15,16,17,18,19,20,21,22,24,26,33,36,37,38,48,53,54,55,56,57,58,59,60,61,62,63,64,65,66,67,68,69,70,77,80,81,82,84,85,90,98,99,100,101,102,103,104,106,107,120,125,126,127,128,129,130,131,135,151,152,153,154,155,156,157,
53;1;2168;2228;0;0,1,2,3,4,5,6,7,8,9,10,11,12,13,14,15,16,17,18,19,20,21,22,24,26,33,36,37,38,48,53,54,55,56,57,58,59,60,61,62,63,64,65,66,67,68,69,70,77,80,81,82,84,85,90,98,99,100,101,102,103,104,106,107,120,125,126,127,128,129,130,131,135,151,152,153,154,155,156,157,
7;0;2228;2259;0;0,1,2,3,4,5,6,7,8,9,10,11,12,13,14,15,16,17,18,19,20,21,22,24,26,33,36,37,38,48,53,54,55,56,57,58,59,60,61,62,63,64,65,66,67,68,69,70,77,80,81,82,84,85,90,98,99,100,101,102,103,104,106,107,120,125,126,127,128,129,130,131,135,151,152,153,154,155,156,157,
END
fineshedJobsCount: 130
switchs: 0
switchsInstances: 0
unfineshedPriorityCount: 0
totalUnfineshed: 0
criticalMachineSwitchs: 0
criticalMachineTime: 2498
Final Solution: 3900
Time: 155599
PTL: -1
MCMC: -1
Best Initial: 3900
Mean Initial: 3897
