./input/BaseInstances/2M1_n=209,r=0.5,t=361,v0.txt;./input/Processed/ToolSetInt.csv
7;720;1440
Machine: 0
113;0;0;66;1;0,1,2,3,4,5,6,7,8,9,10,30,31,32,33,34,35,49,50,51,52,53,54,55,56,57,58,59,60,61,62,63,64,65,66,67,68,69,96,97,141,143,144,146,147,148,152,154,155,157,158,163,165,170,171,175,177,183,187,188,189,190,191,192,193,194,195,198,199,200,203,204,241,242,243,270,271,272,273,274,
113;1;66;158;1;0,1,2,3,4,5,6,7,8,9,10,30,31,32,33,34,35,49,50,51,52,53,54,55,56,57,58,59,60,61,62,63,64,65,66,67,68,69,96,97,141,143,144,146,147,148,152,154,155,157,158,163,165,170,171,175,177,183,187,188,189,190,191,192,193,194,195,198,199,200,203,204,241,242,243,270,271,272,273,274,
126;0;158;182;0;0,1,2,3,4,5,6,7,8,9,10,30,31,32,33,34,35,49,50,51,52,53,54,55,56,57,58,59,60,61,62,63,64,65,66,67,68,69,96,97,141,143,144,146,147,148,152,154,155,157,158,163,165,170,171,175,177,183,187,188,189,190,191,192,193,194,195,198,199,200,203,204,241,242,243,270,271,272,273,274,
136;0;182;206;1;0,1,2,3,4,5,6,7,8,9,10,30,31,32,33,34,35,49,50,51,52,53,54,55,56,57,58,59,60,61,62,63,64,65,66,67,68,69,96,97,141,143,144,146,147,148,152,154,155,157,158,163,165,170,171,175,177,183,187,188,189,190,191,192,193,194,195,198,199,200,203,204,241,242,243,270,271,272,273,274,
75;0;206;267;0;0,1,2,3,4,5,6,7,8,9,10,30,31,32,33,34,35,49,50,51,52,53,54,55,56,57,58,59,60,61,62,63,64,65,66,67,68,69,96,97,141,143,144,146,147,148,152,154,155,157,158,163,165,170,171,175,177,183,187,188,189,190,191,192,193,194,195,198,199,200,203,204,241,242,243,270,271,272,273,274,
75;1;267;278;0;0,1,2,3,4,5,6,7,8,9,10,30,31,32,33,34,35,49,50,51,52,53,54,55,56,57,58,59,60,61,62,63,64,65,66,67,68,69,96,97,141,143,144,146,147,148,152,154,155,157,158,163,165,170,171,175,177,183,187,188,189,190,191,192,193,194,195,198,199,200,203,204,241,242,243,270,271,272,273,274,
44;0;278;408;1;0,1,2,3,4,5,6,7,8,9,10,30,31,32,33,34,35,49,50,51,52,53,54,55,56,57,58,59,60,61,62,63,64,65,66,67,68,69,96,97,141,143,144,146,147,148,152,154,155,157,158,163,165,170,171,175,177,183,187,188,189,190,191,192,193,194,195,198,199,200,203,204,241,242,243,270,271,272,273,274,
3;0;408;520;0;0,1,2,3,4,5,6,7,8,9,10,30,31,32,33,34,35,49,50,51,52,53,54,55,56,57,58,59,60,61,62,63,64,65,66,67,68,69,96,97,141,143,144,146,147,148,152,154,155,157,158,163,165,170,171,175,177,183,187,188,189,190,191,192,193,194,195,198,199,200,203,204,241,242,243,270,271,272,273,274,
3;1;520;548;0;0,1,2,3,4,5,6,7,8,9,10,30,31,32,33,34,35,49,50,51,52,53,54,55,56,57,58,59,60,61,62,63,64,65,66,67,68,69,96,97,141,143,144,146,147,148,152,154,155,157,158,163,165,170,171,175,177,183,187,188,189,190,191,192,193,194,195,198,199,200,203,204,241,242,243,270,271,272,273,274,
28;0;548;576;1;0,1,2,3,4,5,6,7,8,9,10,30,31,32,33,34,35,49,50,51,52,53,54,55,56,57,58,59,60,61,62,63,64,65,66,67,68,69,96,97,141,143,144,146,147,148,152,154,155,157,158,163,165,170,171,175,177,183,187,188,189,190,191,192,193,194,195,198,199,200,203,204,241,242,243,270,271,272,273,274,
45;0;576;701;1;0,1,2,3,4,5,6,7,8,9,10,30,31,32,33,34,35,49,50,51,52,53,54,55,56,57,58,59,60,61,62,63,64,65,66,67,68,69,96,97,141,143,144,146,147,148,152,154,155,157,158,163,165,170,171,175,177,183,187,188,189,190,191,192,193,194,195,198,199,200,203,204,241,242,243,270,271,272,273,274,
45;1;701;814;1;0,1,2,3,4,5,6,7,8,9,10,30,31,32,33,34,35,49,50,51,52,53,54,55,56,57,58,59,60,61,62,63,64,65,66,67,68,69,96,97,141,143,144,146,147,148,152,154,155,157,158,163,165,170,171,175,177,183,187,188,189,190,191,192,193,194,195,198,199,200,203,204,241,242,243,270,271,272,273,274,
13;0;814;978;1;0,1,2,3,4,5,6,7,8,9,10,30,31,32,33,34,35,49,50,51,52,53,54,55,56,57,58,59,60,61,62,63,64,65,66,67,68,69,96,97,141,143,144,146,147,148,152,154,155,157,158,163,165,170,171,175,177,183,187,188,189,190,191,192,193,194,195,198,199,200,203,204,241,242,243,270,271,272,273,274,
13;1;978;1084;1;0,1,2,3,4,5,6,7,8,9,10,30,31,32,33,34,35,49,50,51,52,53,54,55,56,57,58,59,60,61,62,63,64,65,66,67,68,69,96,97,141,143,144,146,147,148,152,154,155,157,158,163,165,170,171,175,177,183,187,188,189,190,191,192,193,194,195,198,199,200,203,204,241,242,243,270,271,272,273,274,
11;0;1084;1092;0;0,1,2,3,4,5,6,7,8,9,10,30,31,32,33,34,35,49,50,51,52,53,54,55,56,57,58,59,60,61,62,63,64,65,66,67,68,69,96,97,141,143,144,146,147,148,152,154,155,157,158,163,165,170,171,175,177,183,187,188,189,190,191,192,193,194,195,198,199,200,203,204,241,242,243,270,271,272,273,274,
11;1;1092;1198;0;0,1,2,3,4,5,6,7,8,9,10,30,31,32,33,34,35,49,50,51,52,53,54,55,56,57,58,59,60,61,62,63,64,65,66,67,68,69,96,97,141,143,144,146,147,148,152,154,155,157,158,163,165,170,171,175,177,183,187,188,189,190,191,192,193,194,195,198,199,200,203,204,241,242,243,270,271,272,273,274,
66;0;1198;1315;0;0,1,2,3,4,5,6,7,8,9,10,30,31,32,33,34,35,49,50,51,52,53,54,55,56,57,58,59,60,61,62,63,64,65,66,67,68,69,96,97,141,143,144,146,147,148,152,154,155,157,158,163,165,170,171,175,177,183,187,188,189,190,191,192,193,194,195,198,199,200,203,204,241,242,243,270,271,272,273,274,
52;0;1315;1473;1;0,1,2,3,4,5,6,7,8,9,10,30,31,32,33,34,35,49,50,51,52,53,54,55,56,57,58,59,60,61,62,63,64,65,66,67,68,69,96,97,141,143,144,146,147,148,152,154,155,157,158,163,165,170,171,175,177,183,187,188,189,190,191,192,193,194,195,198,199,200,203,204,241,242,243,270,271,272,273,274,
88;0;1473;1586;1;0,1,2,3,4,5,6,7,8,9,10,30,31,32,33,34,35,49,50,51,52,53,54,55,56,57,58,59,60,61,62,63,64,65,66,67,68,69,96,97,141,143,144,146,147,148,152,154,155,157,158,163,165,170,171,175,177,183,187,188,189,190,191,192,193,194,195,198,199,200,203,204,241,242,243,270,271,272,273,274,
38;0;1586;1744;0;0,1,2,3,4,5,6,7,8,9,10,30,31,32,33,34,35,49,50,51,52,53,54,55,56,57,58,59,60,61,62,63,64,65,66,67,68,69,96,97,141,143,144,146,147,148,152,154,155,157,158,163,165,170,171,175,177,183,187,188,189,190,191,192,193,194,195,198,199,200,203,204,241,242,243,270,271,272,273,274,
61;0;1744;1832;1;0,1,2,3,4,5,6,7,8,9,10,30,31,32,33,34,35,49,50,51,52,53,54,55,56,57,58,59,60,61,62,63,64,65,66,67,68,69,96,97,141,143,144,146,147,148,152,154,155,157,158,163,165,170,171,175,177,183,187,188,189,190,191,192,193,194,195,198,199,200,203,204,241,242,243,270,271,272,273,274,
61;1;1832;1873;1;0,1,2,3,4,5,6,7,8,9,10,30,31,32,33,34,35,49,50,51,52,53,54,55,56,57,58,59,60,61,62,63,64,65,66,67,68,69,96,97,141,143,144,146,147,148,152,154,155,157,158,163,165,170,171,175,177,183,187,188,189,190,191,192,193,194,195,198,199,200,203,204,241,242,243,270,271,272,273,274,
33;0;1873;1961;1;0,1,2,3,4,5,6,7,8,9,10,30,31,32,33,34,35,49,50,51,52,53,54,55,56,57,58,59,60,61,62,63,64,65,66,67,68,69,96,97,141,143,144,146,147,148,152,154,155,157,158,163,165,170,171,175,177,183,187,188,189,190,191,192,193,194,195,198,199,200,203,204,241,242,243,270,271,272,273,274,
33;1;1961;1977;1;0,1,2,3,4,5,6,7,8,9,10,30,31,32,33,34,35,49,50,51,52,53,54,55,56,57,58,59,60,61,62,63,64,65,66,67,68,69,96,97,141,143,144,146,147,148,152,154,155,157,158,163,165,170,171,175,177,183,187,188,189,190,191,192,193,194,195,198,199,200,203,204,241,242,243,270,271,272,273,274,
125;0;1977;2019;1;0,1,2,3,4,5,6,7,8,9,10,30,31,32,33,34,35,49,50,51,52,53,54,55,56,57,58,59,60,61,62,63,64,65,66,67,68,69,96,97,141,143,144,146,147,148,152,154,155,157,158,163,165,170,171,175,177,183,187,188,189,190,191,192,193,194,195,198,199,200,203,204,241,242,243,270,271,272,273,274,
125;1;2019;2193;1;0,1,2,3,4,5,6,7,8,9,10,30,31,32,33,34,35,49,50,51,52,53,54,55,56,57,58,59,60,61,62,63,64,65,66,67,68,69,96,97,141,143,144,146,147,148,152,154,155,157,158,163,165,170,171,175,177,183,187,188,189,190,191,192,193,194,195,198,199,200,203,204,241,242,243,270,271,272,273,274,
37;0;2193;2289;1;0,1,2,3,4,5,6,7,8,9,10,30,31,32,33,34,35,49,50,51,52,53,54,55,56,57,58,59,60,61,62,63,64,65,66,67,68,69,96,97,141,143,144,146,147,148,152,154,155,157,158,163,165,170,171,175,177,183,187,188,189,190,191,192,193,194,195,198,199,200,203,204,241,242,243,270,271,272,273,274,
37;1;2289;2305;1;0,1,2,3,4,5,6,7,8,9,10,30,31,32,33,34,35,49,50,51,52,53,54,55,56,57,58,59,60,61,62,63,64,65,66,67,68,69,96,97,141,143,144,146,147,148,152,154,155,157,158,163,165,170,171,175,177,183,187,188,189,190,191,192,193,194,195,198,199,200,203,204,241,242,243,270,271,272,273,274,
104;0;2305;2397;1;0,1,2,3,4,5,6,7,8,9,10,30,31,32,33,34,35,49,50,51,52,53,54,55,56,57,58,59,60,61,62,63,64,65,66,67,68,69,96,97,141,143,144,146,147,148,152,154,155,157,158,163,165,170,171,175,177,183,187,188,189,190,191,192,193,194,195,198,199,200,203,204,241,242,243,270,271,272,273,274,
35;0;2397;2498;0;0,1,2,3,4,5,6,7,8,9,10,30,31,32,33,34,35,49,50,51,52,53,54,55,56,57,58,59,60,61,62,63,64,65,66,67,68,69,96,97,141,143,144,146,147,148,152,154,155,157,158,163,165,170,171,175,177,183,187,188,189,190,191,192,193,194,195,198,199,200,203,204,241,242,243,270,271,272,273,274,
35;1;2498;2590;0;0,1,2,3,4,5,6,7,8,9,10,30,31,32,33,34,35,49,50,51,52,53,54,55,56,57,58,59,60,61,62,63,64,65,66,67,68,69,96,97,141,143,144,146,147,148,152,154,155,157,158,163,165,170,171,175,177,183,187,188,189,190,191,192,193,194,195,198,199,200,203,204,241,242,243,270,271,272,273,274,
40;0;2590;2703;1;0,1,2,3,4,5,6,7,8,9,10,30,31,32,33,34,35,49,50,51,52,53,54,55,56,57,58,59,60,61,62,63,64,65,66,67,68,69,96,97,141,143,144,146,147,148,152,154,155,157,158,163,165,170,171,175,177,183,187,188,189,190,191,192,193,194,195,198,199,200,203,204,241,242,243,270,271,272,273,274,
8;0;2703;2809;1;0,1,2,3,4,5,6,7,8,9,10,30,31,32,33,34,35,49,50,51,52,53,54,55,56,57,58,59,60,61,62,63,64,65,66,67,68,69,96,97,141,143,144,146,147,148,152,154,155,157,158,163,165,170,171,175,177,183,187,188,189,190,191,192,193,194,195,198,199,200,203,204,241,242,243,270,271,272,273,274,
4;0;2809;2939;1;0,1,2,3,4,5,6,7,8,9,10,30,31,32,33,34,35,49,50,51,52,53,54,55,56,57,58,59,60,61,62,63,64,65,66,67,68,69,96,97,141,143,144,146,147,148,152,154,155,157,158,163,165,170,171,175,177,183,187,188,189,190,191,192,193,194,195,198,199,200,203,204,241,242,243,270,271,272,273,274,
29;0;2939;3087;1;0,1,2,3,4,5,6,7,8,9,10,30,31,32,33,34,35,49,50,51,52,53,54,55,56,57,58,59,60,61,62,63,64,65,66,67,68,69,96,97,141,143,144,146,147,148,152,154,155,157,158,163,165,170,171,175,177,183,187,188,189,190,191,192,193,194,195,198,199,200,203,204,241,242,243,270,271,272,273,274,
29;1;3087;3252;1;0,1,2,3,4,5,6,7,8,9,10,30,31,32,33,34,35,49,50,51,52,53,54,55,56,57,58,59,60,61,62,63,64,65,66,67,68,69,96,97,141,143,144,146,147,148,152,154,155,157,158,163,165,170,171,175,177,183,187,188,189,190,191,192,193,194,195,198,199,200,203,204,241,242,243,270,271,272,273,274,
42;0;3252;3293;0;0,1,2,3,4,5,6,7,8,9,10,30,31,32,33,34,35,49,50,51,52,53,54,55,56,57,58,59,60,61,62,63,64,65,66,67,68,69,96,97,141,143,144,146,147,148,152,154,155,157,158,163,165,170,171,175,177,183,187,188,189,190,191,192,193,194,195,198,199,200,203,204,241,242,243,270,271,272,273,274,
47;0;3293;3357;0;0,1,2,3,4,5,6,7,8,9,10,30,31,32,33,34,35,49,50,51,52,53,54,55,56,57,58,59,60,61,62,63,64,65,66,67,68,69,96,97,141,143,144,146,147,148,152,154,155,157,158,163,165,170,171,175,177,183,187,188,189,190,191,192,193,194,195,198,199,200,203,204,241,242,243,270,271,272,273,274,
47;1;3357;3463;0;0,1,2,3,4,5,6,7,8,9,10,30,31,32,33,34,35,49,50,51,52,53,54,55,56,57,58,59,60,61,62,63,64,65,66,67,68,69,96,97,141,143,144,146,147,148,152,154,155,157,158,163,165,170,171,175,177,183,187,188,189,190,191,192,193,194,195,198,199,200,203,204,241,242,243,270,271,272,273,274,
36;0;3463;3623;1;0,1,2,3,4,5,6,7,8,9,10,30,31,32,33,34,35,49,50,51,52,53,54,55,56,57,58,59,60,61,62,63,64,65,66,67,68,69,96,97,141,143,144,146,147,148,152,154,155,157,158,163,165,170,171,175,177,183,187,188,189,190,191,192,193,194,195,198,199,200,203,204,241,242,243,270,271,272,273,274,
26;0;3623;3783;0;0,1,2,3,4,5,6,7,8,9,10,30,31,32,33,34,35,49,50,51,52,53,54,55,56,57,58,59,60,61,62,63,64,65,66,67,68,69,96,97,141,143,144,146,147,148,152,154,155,157,158,163,165,170,171,175,177,183,187,188,189,190,191,192,193,194,195,198,199,200,203,204,241,242,243,270,271,272,273,274,
39;0;3783;3866;0;0,1,2,3,4,5,6,7,8,9,10,30,31,32,33,34,35,49,50,51,52,53,54,55,56,57,58,59,60,61,62,63,64,65,66,67,68,69,96,97,141,143,144,146,147,148,152,154,155,157,158,163,165,170,171,175,177,183,187,188,189,190,191,192,193,194,195,198,199,200,203,204,241,242,243,270,271,272,273,274,
39;1;3866;4024;0;0,1,2,3,4,5,6,7,8,9,10,30,31,32,33,34,35,49,50,51,52,53,54,55,56,57,58,59,60,61,62,63,64,65,66,67,68,69,96,97,141,143,144,146,147,148,152,154,155,157,158,163,165,170,171,175,177,183,187,188,189,190,191,192,193,194,195,198,199,200,203,204,241,242,243,270,271,272,273,274,
90;0;4024;4052;0;0,1,2,3,4,5,6,7,8,9,10,30,31,32,33,34,35,49,50,51,52,53,54,55,56,57,58,59,60,61,62,63,64,65,66,67,68,69,96,97,141,143,144,146,147,148,152,154,155,157,158,163,165,170,171,175,177,183,187,188,189,190,191,192,193,194,195,198,199,200,203,204,241,242,243,270,271,272,273,274,
12;0;4052;4093;1;0,1,2,3,4,5,6,7,8,9,10,30,31,32,33,34,35,49,50,51,52,53,54,55,56,57,58,59,60,61,62,63,64,65,66,67,68,69,96,97,141,143,144,146,147,148,152,154,155,157,158,163,165,170,171,175,177,183,187,188,189,190,191,192,193,194,195,198,199,200,203,204,241,242,243,270,271,272,273,274,
84;0;4093;4104;1;0,1,2,3,4,5,6,7,8,9,10,30,31,32,33,34,35,49,50,51,52,53,54,55,56,57,58,59,60,61,62,63,64,65,66,67,68,69,96,97,141,143,144,146,147,148,152,154,155,157,158,163,165,170,171,175,177,183,187,188,189,190,191,192,193,194,195,198,199,200,203,204,241,242,243,270,271,272,273,274,
129;0;4104;4235;1;0,1,2,3,4,5,6,7,8,9,10,30,31,32,33,34,35,49,50,51,52,53,54,55,56,57,58,59,60,61,62,63,64,65,66,67,68,69,96,97,141,143,144,146,147,148,152,154,155,157,158,163,165,170,171,175,177,183,187,188,189,190,191,192,193,194,195,198,199,200,203,204,241,242,243,270,271,272,273,274,
129;1;4235;4288;1;0,1,2,3,4,5,6,7,8,9,10,30,31,32,33,34,35,49,50,51,52,53,54,55,56,57,58,59,60,61,62,63,64,65,66,67,68,69,96,97,141,143,144,146,147,148,152,154,155,157,158,163,165,170,171,175,177,183,187,188,189,190,191,192,193,194,195,198,199,200,203,204,241,242,243,270,271,272,273,274,
71;0;4288;4292;0;0,1,2,3,4,5,6,7,8,9,10,30,31,32,33,34,35,49,50,51,52,53,54,55,56,57,58,59,60,61,62,63,64,65,66,67,68,69,96,97,141,143,144,146,147,148,152,154,155,157,158,163,165,170,171,175,177,183,187,188,189,190,191,192,193,194,195,198,199,200,203,204,241,242,243,270,271,272,273,274,
71;1;4292;4303;0;0,1,2,3,4,5,6,7,8,9,10,30,31,32,33,34,35,49,50,51,52,53,54,55,56,57,58,59,60,61,62,63,64,65,66,67,68,69,96,97,141,143,144,146,147,148,152,154,155,157,158,163,165,170,171,175,177,183,187,188,189,190,191,192,193,194,195,198,199,200,203,204,241,242,243,270,271,272,273,274,
69;0;4303;4358;1;0,1,2,3,4,5,6,7,8,9,10,30,31,32,33,34,35,49,50,51,52,53,54,55,56,57,58,59,60,61,62,63,64,65,66,67,68,69,96,97,141,143,144,146,147,148,152,154,155,157,158,163,165,170,171,175,177,183,187,188,189,190,191,192,193,194,195,198,199,200,203,204,241,242,243,270,271,272,273,274,
69;1;4358;4516;1;0,1,2,3,4,5,6,7,8,9,10,30,31,32,33,34,35,49,50,51,52,53,54,55,56,57,58,59,60,61,62,63,64,65,66,67,68,69,96,97,141,143,144,146,147,148,152,154,155,157,158,163,165,170,171,175,177,183,187,188,189,190,191,192,193,194,195,198,199,200,203,204,241,242,243,270,271,272,273,274,
25;0;4516;4677;1;0,1,2,3,4,5,6,7,8,9,10,30,31,32,33,34,35,49,50,51,52,53,54,55,56,57,58,59,60,61,62,63,64,65,66,67,68,69,96,97,141,143,144,146,147,148,152,154,155,157,158,163,165,170,171,175,177,183,187,188,189,190,191,192,193,194,195,198,199,200,203,204,241,242,243,270,271,272,273,274,
25;1;4677;4807;1;0,1,2,3,4,5,6,7,8,9,10,30,31,32,33,34,35,49,50,51,52,53,54,55,56,57,58,59,60,61,62,63,64,65,66,67,68,69,96,97,141,143,144,146,147,148,152,154,155,157,158,163,165,170,171,175,177,183,187,188,189,190,191,192,193,194,195,198,199,200,203,204,241,242,243,270,271,272,273,274,
22;0;4807;4937;0;0,1,2,3,4,5,6,7,8,9,10,30,31,32,33,34,35,49,50,51,52,53,54,55,56,57,58,59,60,61,62,63,64,65,66,67,68,69,96,97,141,143,144,146,147,148,152,154,155,157,158,163,165,170,171,175,177,183,187,188,189,190,191,192,193,194,195,198,199,200,203,204,241,242,243,270,271,272,273,274,
137;0;4937;5026;1;0,1,2,3,4,5,6,7,8,9,10,30,31,32,33,34,35,49,50,51,52,53,54,55,56,57,58,59,60,61,62,63,64,65,66,67,68,69,96,97,141,143,144,146,147,148,152,154,155,157,158,163,165,170,171,175,177,183,187,188,189,190,191,192,193,194,195,198,199,200,203,204,241,242,243,270,271,272,273,274,
137;1;5026;5191;1;0,1,2,3,4,5,6,7,8,9,10,30,31,32,33,34,35,49,50,51,52,53,54,55,56,57,58,59,60,61,62,63,64,65,66,67,68,69,96,97,141,143,144,146,147,148,152,154,155,157,158,163,165,170,171,175,177,183,187,188,189,190,191,192,193,194,195,198,199,200,203,204,241,242,243,270,271,272,273,274,
80;0;5191;5207;1;0,1,2,3,4,5,6,7,8,9,10,30,31,32,33,34,35,49,50,51,52,53,54,55,56,57,58,59,60,61,62,63,64,65,66,67,68,69,96,97,141,143,144,146,147,148,152,154,155,157,158,163,165,170,171,175,177,183,187,188,189,190,191,192,193,194,195,198,199,200,203,204,241,242,243,270,271,272,273,274,
17;0;5207;5211;1;0,1,2,3,4,5,6,7,8,9,10,30,31,32,33,34,35,49,50,51,52,53,54,55,56,57,58,59,60,61,62,63,64,65,66,67,68,69,96,97,141,143,144,146,147,148,152,154,155,157,158,163,165,170,171,175,177,183,187,188,189,190,191,192,193,194,195,198,199,200,203,204,241,242,243,270,271,272,273,274,
17;1;5211;5235;1;0,1,2,3,4,5,6,7,8,9,10,30,31,32,33,34,35,49,50,51,52,53,54,55,56,57,58,59,60,61,62,63,64,65,66,67,68,69,96,97,141,143,144,146,147,148,152,154,155,157,158,163,165,170,171,175,177,183,187,188,189,190,191,192,193,194,195,198,199,200,203,204,241,242,243,270,271,272,273,274,
0;0;5235;5361;1;0,1,2,3,4,5,6,7,8,9,10,30,31,32,33,34,35,49,50,51,52,53,54,55,56,57,58,59,60,61,62,63,64,65,66,67,68,69,96,97,141,143,144,146,147,148,152,154,155,157,158,163,165,170,171,175,177,183,187,188,189,190,191,192,193,194,195,198,199,200,203,204,241,242,243,270,271,272,273,274,
0;1;5361;5429;1;0,1,2,3,4,5,6,7,8,9,10,30,31,32,33,34,35,49,50,51,52,53,54,55,56,57,58,59,60,61,62,63,64,65,66,67,68,69,96,97,141,143,144,146,147,148,152,154,155,157,158,163,165,170,171,175,177,183,187,188,189,190,191,192,193,194,195,198,199,200,203,204,241,242,243,270,271,272,273,274,
31;0;5429;5583;0;0,1,2,3,4,5,6,7,8,9,10,30,31,32,33,34,35,49,50,51,52,53,54,55,56,57,58,59,60,61,62,63,64,65,66,67,68,69,96,97,141,143,144,146,147,148,152,154,155,157,158,163,165,170,171,175,177,183,187,188,189,190,191,192,193,194,195,198,199,200,203,204,241,242,243,270,271,272,273,274,
31;1;5583;5611;0;0,1,2,3,4,5,6,7,8,9,10,30,31,32,33,34,35,49,50,51,52,53,54,55,56,57,58,59,60,61,62,63,64,65,66,67,68,69,96,97,141,143,144,146,147,148,152,154,155,157,158,163,165,170,171,175,177,183,187,188,189,190,191,192,193,194,195,198,199,200,203,204,241,242,243,270,271,272,273,274,
21;0;5611;5652;1;0,1,2,3,4,5,6,7,8,9,10,30,31,32,33,34,35,49,50,51,52,53,54,55,56,57,58,59,60,61,62,63,64,65,66,67,68,69,96,97,141,143,144,146,147,148,152,154,155,157,158,163,165,170,171,175,177,183,187,188,189,190,191,192,193,194,195,198,199,200,203,204,241,242,243,270,271,272,273,274,
21;1;5652;5758;1;0,1,2,3,4,5,6,7,8,9,10,30,31,32,33,34,35,49,50,51,52,53,54,55,56,57,58,59,60,61,62,63,64,65,66,67,68,69,96,97,141,143,144,146,147,148,152,154,155,157,158,163,165,170,171,175,177,183,187,188,189,190,191,192,193,194,195,198,199,200,203,204,241,242,243,270,271,272,273,274,
68;0;5758;5918;1;0,1,2,3,4,5,6,7,8,9,10,30,31,32,33,34,35,49,50,51,52,53,54,55,56,57,58,59,60,61,62,63,64,65,66,67,68,69,96,97,141,143,144,146,147,148,152,154,155,157,158,163,165,170,171,175,177,183,187,188,189,190,191,192,193,194,195,198,199,200,203,204,241,242,243,270,271,272,273,274,
54;0;5918;6083;0;0,1,2,3,4,5,6,7,8,9,10,30,31,32,33,34,35,49,50,51,52,53,54,55,56,57,58,59,60,61,62,63,64,65,66,67,68,69,96,97,141,143,144,146,147,148,152,154,155,157,158,163,165,170,171,175,177,183,187,188,189,190,191,192,193,194,195,198,199,200,203,204,241,242,243,270,271,272,273,274,
116;0;6083;6151;1;0,1,2,3,4,5,6,7,8,9,10,30,31,32,33,34,35,49,50,51,52,53,54,55,56,57,58,59,60,61,62,63,64,65,66,67,68,69,96,97,141,143,144,146,147,148,152,154,155,157,158,163,165,170,171,175,177,183,187,188,189,190,191,192,193,194,195,198,199,200,203,204,241,242,243,270,271,272,273,274,
65;0;6151;6266;1;0,1,2,3,4,5,6,7,8,9,10,30,31,32,33,34,35,49,50,51,52,53,54,55,56,57,58,59,60,61,62,63,64,65,66,67,68,69,96,97,141,143,144,146,147,148,152,154,155,157,158,163,165,170,171,175,177,183,187,188,189,190,191,192,193,194,195,198,199,200,203,204,241,242,243,270,271,272,273,274,
65;1;6266;6383;1;0,1,2,3,4,5,6,7,8,9,10,30,31,32,33,34,35,49,50,51,52,53,54,55,56,57,58,59,60,61,62,63,64,65,66,67,68,69,96,97,141,143,144,146,147,148,152,154,155,157,158,163,165,170,171,175,177,183,187,188,189,190,191,192,193,194,195,198,199,200,203,204,241,242,243,270,271,272,273,274,
82;0;6383;6535;0;0,30,31,34,35,49,50,51,52,53,54,55,56,57,58,59,60,61,62,63,64,65,141,145,146,147,148,149,150,151,152,153,154,155,156,157,158,159,160,161,162,163,164,165,166,167,168,169,170,171,172,173,174,175,176,177,178,179,180,181,198,199,200,203,204,243,272,290,291,292,293,294,295,296,297,298,299,300,301,302,
43;0;6535;6546;0;0,30,31,34,35,49,50,51,52,53,54,55,56,57,58,59,60,61,62,63,64,65,141,145,146,147,148,149,150,151,152,153,154,155,156,157,158,159,160,161,162,163,164,165,166,167,168,169,170,171,172,173,174,175,176,177,178,179,180,181,198,199,200,203,204,243,272,290,291,292,293,294,295,296,297,298,299,300,301,302,
43;1;6546;6599;0;0,30,31,34,35,49,50,51,52,53,54,55,56,57,58,59,60,61,62,63,64,65,141,145,146,147,148,149,150,151,152,153,154,155,156,157,158,159,160,161,162,163,164,165,166,167,168,169,170,171,172,173,174,175,176,177,178,179,180,181,198,199,200,203,204,243,272,290,291,292,293,294,295,296,297,298,299,300,301,302,
55;0;6599;6714;0;0,30,31,34,35,49,50,51,52,53,54,55,56,57,58,59,60,61,62,63,64,65,141,145,146,147,148,149,150,151,152,153,154,155,156,157,158,159,160,161,162,163,164,165,166,167,168,169,170,171,172,173,174,175,176,177,178,179,180,181,198,199,200,203,204,243,272,290,291,292,293,294,295,296,297,298,299,300,301,302,
55;1;6714;6836;0;0,30,31,34,35,49,50,51,52,53,54,55,56,57,58,59,60,61,62,63,64,65,141,145,146,147,148,149,150,151,152,153,154,155,156,157,158,159,160,161,162,163,164,165,166,167,168,169,170,171,172,173,174,175,176,177,178,179,180,181,198,199,200,203,204,243,272,290,291,292,293,294,295,296,297,298,299,300,301,302,
131;0;6836;6968;0;0,30,31,34,35,49,50,51,52,53,54,55,56,57,58,59,60,61,62,63,64,65,141,145,146,147,148,149,150,151,152,153,154,155,156,157,158,159,160,161,162,163,164,165,166,167,168,169,170,171,172,173,174,175,176,177,178,179,180,181,198,199,200,203,204,243,272,290,291,292,293,294,295,296,297,298,299,300,301,302,
131;1;6968;7098;0;0,30,31,34,35,49,50,51,52,53,54,55,56,57,58,59,60,61,62,63,64,65,141,145,146,147,148,149,150,151,152,153,154,155,156,157,158,159,160,161,162,163,164,165,166,167,168,169,170,171,172,173,174,175,176,177,178,179,180,181,198,199,200,203,204,243,272,290,291,292,293,294,295,296,297,298,299,300,301,302,
60;0;7098;7204;1;0,30,31,34,35,49,50,51,52,53,54,55,56,57,58,59,60,61,62,63,64,65,141,145,146,147,148,149,150,151,152,153,154,155,156,157,158,159,160,161,162,163,164,165,166,167,168,169,170,171,172,173,174,175,176,177,178,179,180,181,198,199,200,203,204,243,272,290,291,292,293,294,295,296,297,298,299,300,301,302,
108;0;7204;7356;1;0,30,31,34,35,49,50,51,52,53,54,55,56,57,58,59,60,61,62,63,64,65,141,145,146,147,148,149,150,151,152,153,154,155,156,157,158,159,160,161,162,163,164,165,166,167,168,169,170,171,172,173,174,175,176,177,178,179,180,181,198,199,200,203,204,243,272,290,291,292,293,294,295,296,297,298,299,300,301,302,
20;0;7356;7478;1;0,30,31,34,35,49,50,51,52,53,54,55,56,57,58,59,60,61,62,63,64,65,141,145,146,147,148,149,150,151,152,153,154,155,156,157,158,159,160,161,162,163,164,165,166,167,168,169,170,171,172,173,174,175,176,177,178,179,180,181,198,199,200,203,204,243,272,290,291,292,293,294,295,296,297,298,299,300,301,302,
81;0;7478;7635;1;0,30,31,34,35,49,50,51,52,53,54,55,56,57,58,59,60,61,62,63,64,65,141,145,146,147,148,149,150,151,152,153,154,155,156,157,158,159,160,161,162,163,164,165,166,167,168,169,170,171,172,173,174,175,176,177,178,179,180,181,198,199,200,203,204,243,272,290,291,292,293,294,295,296,297,298,299,300,301,302,
81;1;7635;7787;1;0,30,31,34,35,49,50,51,52,53,54,55,56,57,58,59,60,61,62,63,64,65,141,145,146,147,148,149,150,151,152,153,154,155,156,157,158,159,160,161,162,163,164,165,166,167,168,169,170,171,172,173,174,175,176,177,178,179,180,181,198,199,200,203,204,243,272,290,291,292,293,294,295,296,297,298,299,300,301,302,
91;0;7787;7851;0;0,30,31,34,35,49,50,51,52,53,54,55,56,57,58,59,60,61,62,63,64,65,141,145,146,147,148,149,150,151,152,153,154,155,156,157,158,159,160,161,162,163,164,165,166,167,168,169,170,171,172,173,174,175,176,177,178,179,180,181,198,199,200,203,204,243,272,290,291,292,293,294,295,296,297,298,299,300,301,302,
91;1;7851;7916;0;0,30,31,34,35,49,50,51,52,53,54,55,56,57,58,59,60,61,62,63,64,65,141,145,146,147,148,149,150,151,152,153,154,155,156,157,158,159,160,161,162,163,164,165,166,167,168,169,170,171,172,173,174,175,176,177,178,179,180,181,198,199,200,203,204,243,272,290,291,292,293,294,295,296,297,298,299,300,301,302,
2;0;7916;7927;1;0,30,31,34,35,49,50,51,52,53,54,55,56,57,58,59,60,61,62,63,64,65,136,137,138,139,140,141,142,145,146,147,148,149,150,152,154,155,198,199,200,203,204,243,315,316,317,318,319,320,321,322,323,324,325,326,327,328,334,335,336,337,338,339,340,341,342,343,344,345,346,347,348,349,350,351,352,353,354,355,
101;0;7927;8027;1;0,30,31,34,35,49,50,51,52,53,54,55,56,57,58,59,60,61,62,63,64,65,136,137,138,139,140,141,142,145,146,147,148,149,150,152,154,155,198,199,200,203,204,243,315,316,317,318,319,320,321,322,323,324,325,326,327,328,334,335,336,337,338,339,340,341,342,343,344,345,346,347,348,349,350,351,352,353,354,355,
101;1;8027;8044;1;0,30,31,34,35,49,50,51,52,53,54,55,56,57,58,59,60,61,62,63,64,65,136,137,138,139,140,141,142,145,146,147,148,149,150,152,154,155,198,199,200,203,204,243,315,316,317,318,319,320,321,322,323,324,325,326,327,328,334,335,336,337,338,339,340,341,342,343,344,345,346,347,348,349,350,351,352,353,354,355,
99;0;8044;8110;0;0,30,31,34,35,49,50,51,52,53,54,55,56,57,58,59,60,61,62,63,64,65,136,137,138,139,140,141,142,145,146,147,148,149,150,152,154,155,198,199,200,203,204,243,315,316,317,318,319,320,321,322,323,324,325,326,327,328,334,335,336,337,338,339,340,341,342,343,344,345,346,347,348,349,350,351,352,353,354,355,
99;1;8110;8202;0;0,30,31,34,35,49,50,51,52,53,54,55,56,57,58,59,60,61,62,63,64,65,136,137,138,139,140,141,142,145,146,147,148,149,150,152,154,155,198,199,200,203,204,243,315,316,317,318,319,320,321,322,323,324,325,326,327,328,334,335,336,337,338,339,340,341,342,343,344,345,346,347,348,349,350,351,352,353,354,355,
19;0;8202;8322;0;0,30,31,34,35,49,50,51,52,53,54,55,56,57,58,59,60,61,62,63,64,65,136,137,138,139,140,141,142,145,146,147,148,149,150,152,154,155,198,199,200,203,204,243,315,316,317,318,319,320,321,322,323,324,325,326,327,328,334,335,336,337,338,339,340,341,342,343,344,345,346,347,348,349,350,351,352,353,354,355,
19;1;8322;8333;0;0,30,31,34,35,49,50,51,52,53,54,55,56,57,58,59,60,61,62,63,64,65,136,137,138,139,140,141,142,145,146,147,148,149,150,152,154,155,198,199,200,203,204,243,315,316,317,318,319,320,321,322,323,324,325,326,327,328,334,335,336,337,338,339,340,341,342,343,344,345,346,347,348,349,350,351,352,353,354,355,
121;0;8333;8470;1;0,30,31,34,35,49,50,51,52,53,54,55,56,57,58,59,60,61,62,63,64,65,136,137,138,139,140,141,142,145,146,147,148,149,150,152,154,155,198,199,200,203,204,243,315,316,317,318,319,320,321,322,323,324,325,326,327,328,334,335,336,337,338,339,340,341,342,343,344,345,346,347,348,349,350,351,352,353,354,355,
121;1;8470;8648;1;0,30,31,34,35,49,50,51,52,53,54,55,56,57,58,59,60,61,62,63,64,65,136,137,138,139,140,141,142,145,146,147,148,149,150,152,154,155,198,199,200,203,204,243,315,316,317,318,319,320,321,322,323,324,325,326,327,328,334,335,336,337,338,339,340,341,342,343,344,345,346,347,348,349,350,351,352,353,354,355,
93;0;8648;8799;1;0,30,31,34,35,49,50,51,52,53,54,55,56,57,58,59,60,61,62,63,64,65,136,137,138,139,140,141,142,145,146,147,148,149,150,152,154,155,198,199,200,203,204,243,315,316,317,318,319,320,321,322,323,324,325,326,327,328,334,335,336,337,338,339,340,341,342,343,344,345,346,347,348,349,350,351,352,353,354,355,
93;1;8799;8852;1;0,30,31,34,35,49,50,51,52,53,54,55,56,57,58,59,60,61,62,63,64,65,136,137,138,139,140,141,142,145,146,147,148,149,150,152,154,155,198,199,200,203,204,243,315,316,317,318,319,320,321,322,323,324,325,326,327,328,334,335,336,337,338,339,340,341,342,343,344,345,346,347,348,349,350,351,352,353,354,355,
16;0;8852;8877;1;0,30,31,34,35,49,50,51,52,53,54,55,56,57,58,59,60,61,62,63,64,65,136,137,138,139,140,141,142,145,146,147,148,149,150,152,154,155,198,199,200,203,204,243,315,316,317,318,319,320,321,322,323,324,325,326,327,328,334,335,336,337,338,339,340,341,342,343,344,345,346,347,348,349,350,351,352,353,354,355,
53;0;8877;9006;1;0,30,31,34,35,49,50,51,52,53,54,55,56,57,58,59,60,61,62,63,64,65,136,137,138,139,140,141,142,145,146,147,148,149,150,152,154,155,198,199,200,203,204,243,315,316,317,318,319,320,321,322,323,324,325,326,327,328,334,335,336,337,338,339,340,341,342,343,344,345,346,347,348,349,350,351,352,353,354,355,
53;1;9006;9166;1;0,30,31,34,35,49,50,51,52,53,54,55,56,57,58,59,60,61,62,63,64,65,136,137,138,139,140,141,142,145,146,147,148,149,150,152,154,155,198,199,200,203,204,243,315,316,317,318,319,320,321,322,323,324,325,326,327,328,334,335,336,337,338,339,340,341,342,343,344,345,346,347,348,349,350,351,352,353,354,355,
64;0;9166;9177;1;0,30,31,34,35,49,50,51,52,53,54,55,56,57,58,59,60,61,62,63,64,65,136,137,138,139,140,141,142,145,146,147,148,149,150,152,154,155,198,199,200,203,204,243,315,316,317,318,319,320,321,322,323,324,325,326,327,328,334,335,336,337,338,339,340,341,342,343,344,345,346,347,348,349,350,351,352,353,354,355,
117;0;9177;9338;1;0,30,31,34,35,49,50,51,52,53,54,55,56,57,58,59,60,61,62,63,64,65,136,137,138,139,140,141,142,145,146,147,148,149,150,152,154,155,198,199,200,203,204,243,315,316,317,318,319,320,321,322,323,324,325,326,327,328,334,335,336,337,338,339,340,341,342,343,344,345,346,347,348,349,350,351,352,353,354,355,
117;1;9338;9349;1;0,30,31,34,35,49,50,51,52,53,54,55,56,57,58,59,60,61,62,63,64,65,136,137,138,139,140,141,142,145,146,147,148,149,150,152,154,155,198,199,200,203,204,243,315,316,317,318,319,320,321,322,323,324,325,326,327,328,334,335,336,337,338,339,340,341,342,343,344,345,346,347,348,349,350,351,352,353,354,355,
94;0;9349;9455;0;0,30,31,34,35,49,50,51,52,53,54,55,56,57,58,59,60,61,62,63,64,65,136,137,138,139,140,141,142,145,146,147,148,149,150,152,154,155,198,199,200,203,204,243,315,316,317,318,319,320,321,322,323,324,325,326,327,328,334,335,336,337,338,339,340,341,342,343,344,345,346,347,348,349,350,351,352,353,354,355,
115;0;9455;9459;0;0,30,31,34,35,49,50,51,52,53,54,55,56,57,58,59,60,61,62,63,64,65,136,137,138,139,140,141,142,145,146,147,148,149,150,152,154,155,198,199,200,203,204,243,315,316,317,318,319,320,321,322,323,324,325,326,327,328,334,335,336,337,338,339,340,341,342,343,344,345,346,347,348,349,350,351,352,353,354,355,
115;1;9459;9589;0;0,30,31,34,35,49,50,51,52,53,54,55,56,57,58,59,60,61,62,63,64,65,136,137,138,139,140,141,142,145,146,147,148,149,150,152,154,155,198,199,200,203,204,243,315,316,317,318,319,320,321,322,323,324,325,326,327,328,334,335,336,337,338,339,340,341,342,343,344,345,346,347,348,349,350,351,352,353,354,355,
27;0;9589;9685;0;0,30,31,34,35,49,50,51,52,53,54,55,56,57,58,59,60,61,62,63,64,65,136,137,138,139,140,141,142,145,146,147,148,149,150,152,154,155,198,199,200,203,204,243,315,316,317,318,319,320,321,322,323,324,325,326,327,328,334,335,336,337,338,339,340,341,342,343,344,345,346,347,348,349,350,351,352,353,354,355,
27;1;9685;9859;0;0,30,31,34,35,49,50,51,52,53,54,55,56,57,58,59,60,61,62,63,64,65,136,137,138,139,140,141,142,145,146,147,148,149,150,152,154,155,198,199,200,203,204,243,315,316,317,318,319,320,321,322,323,324,325,326,327,328,334,335,336,337,338,339,340,341,342,343,344,345,346,347,348,349,350,351,352,353,354,355,
Machine: 1
83;0;0;51;0;11,12,13,14,15,16,17,18,19,20,21,22,23,24,25,26,27,28,29,36,37,38,39,48,66,67,95,98,99,100,101,102,103,104,105,106,107,108,109,110,111,112,113,114,115,116,117,118,119,120,121,122,123,124,125,126,127,128,129,130,131,132,133,134,135,182,184,185,186,196,197,201,202,239,240,263,303,304,305,306,
83;1;51;105;0;11,12,13,14,15,16,17,18,19,20,21,22,23,24,25,26,27,28,29,36,37,38,39,48,66,67,95,98,99,100,101,102,103,104,105,106,107,108,109,110,111,112,113,114,115,116,117,118,119,120,121,122,123,124,125,126,127,128,129,130,131,132,133,134,135,182,184,185,186,196,197,201,202,239,240,263,303,304,305,306,
127;0;105;146;0;11,12,13,14,15,16,17,18,19,20,21,22,23,24,25,26,27,28,29,36,37,38,39,48,66,67,95,98,99,100,101,102,103,104,105,106,107,108,109,110,111,112,113,114,115,116,117,118,119,120,121,122,123,124,125,126,127,128,129,130,131,132,133,134,135,182,184,185,186,196,197,201,202,239,240,263,303,304,305,306,
127;1;146;180;0;11,12,13,14,15,16,17,18,19,20,21,22,23,24,25,26,27,28,29,36,37,38,39,48,66,67,95,98,99,100,101,102,103,104,105,106,107,108,109,110,111,112,113,114,115,116,117,118,119,120,121,122,123,124,125,126,127,128,129,130,131,132,133,134,135,182,184,185,186,196,197,201,202,239,240,263,303,304,305,306,
46;0;180;343;0;11,12,13,14,15,16,17,18,19,20,21,22,23,24,25,26,27,28,29,36,37,38,39,48,66,67,95,98,99,100,101,102,103,104,105,106,107,108,109,110,111,112,113,114,115,116,117,118,119,120,121,122,123,124,125,126,127,128,129,130,131,132,133,134,135,182,184,185,186,196,197,201,202,239,240,263,303,304,305,306,
56;0;343;477;1;11,12,13,14,15,16,17,18,19,20,21,22,23,24,25,26,27,28,29,36,37,38,39,48,66,67,95,98,99,100,101,102,103,104,105,106,107,108,109,110,111,112,113,114,115,116,117,118,119,120,121,122,123,124,125,126,127,128,129,130,131,132,133,134,135,182,184,185,186,196,197,201,202,239,240,263,303,304,305,306,
67;0;477;614;0;11,12,13,14,15,16,17,18,19,20,21,22,23,24,25,26,27,28,29,36,37,38,39,48,66,67,95,98,99,100,101,102,103,104,105,106,107,108,109,110,111,112,113,114,115,116,117,118,119,120,121,122,123,124,125,126,127,128,129,130,131,132,133,134,135,182,184,185,186,196,197,201,202,239,240,263,303,304,305,306,
67;1;614;709;0;11,12,13,14,15,16,17,18,19,20,21,22,23,24,25,26,27,28,29,36,37,38,39,48,66,67,95,98,99,100,101,102,103,104,105,106,107,108,109,110,111,112,113,114,115,116,117,118,119,120,121,122,123,124,125,126,127,128,129,130,131,132,133,134,135,182,184,185,186,196,197,201,202,239,240,263,303,304,305,306,
62;0;709;843;0;11,12,13,14,15,16,17,18,19,20,21,22,23,24,25,26,27,28,29,36,37,38,39,48,66,67,95,98,99,100,101,102,103,104,105,106,107,108,109,110,111,112,113,114,115,116,117,118,119,120,121,122,123,124,125,126,127,128,129,130,131,132,133,134,135,182,184,185,186,196,197,201,202,239,240,263,303,304,305,306,
72;0;843;981;1;11,12,13,14,15,16,17,18,19,20,21,22,23,24,25,26,27,28,29,36,37,38,39,48,66,67,95,98,99,100,101,102,103,104,105,106,107,108,109,110,111,112,113,114,115,116,117,118,119,120,121,122,123,124,125,126,127,128,129,130,131,132,133,134,135,182,184,185,186,196,197,201,202,239,240,263,303,304,305,306,
128;0;981;1022;1;11,12,13,14,15,16,17,18,19,20,21,22,23,24,25,26,27,28,29,36,37,38,39,48,66,67,95,98,99,100,101,102,103,104,105,106,107,108,109,110,111,112,113,114,115,116,117,118,119,120,121,122,123,124,125,126,127,128,129,130,131,132,133,134,135,182,184,185,186,196,197,201,202,239,240,263,303,304,305,306,
24;0;1022;1123;1;11,12,13,14,15,16,17,18,19,20,21,22,23,24,25,26,27,28,29,36,37,38,39,48,66,67,95,98,99,100,101,102,103,104,105,106,107,108,109,110,111,112,113,114,115,116,117,118,119,120,121,122,123,124,125,126,127,128,129,130,131,132,133,134,135,182,184,185,186,196,197,201,202,239,240,263,303,304,305,306,
95;0;1123;1153;0;11,12,13,14,15,16,17,18,19,20,21,22,23,24,25,26,27,28,29,36,37,38,39,48,66,67,95,98,99,100,101,102,103,104,105,106,107,108,109,110,111,112,113,114,115,116,117,118,119,120,121,122,123,124,125,126,127,128,129,130,131,132,133,134,135,182,184,185,186,196,197,201,202,239,240,263,303,304,305,306,
95;1;1153;1300;0;11,12,13,14,15,16,17,18,19,20,21,22,23,24,25,26,27,28,29,36,37,38,39,48,66,67,95,98,99,100,101,102,103,104,105,106,107,108,109,110,111,112,113,114,115,116,117,118,119,120,121,122,123,124,125,126,127,128,129,130,131,132,133,134,135,182,184,185,186,196,197,201,202,239,240,263,303,304,305,306,
1;0;1300;1332;0;11,12,13,14,15,16,17,18,19,20,21,22,23,24,25,26,27,28,29,36,37,38,39,48,66,67,95,98,99,100,101,102,103,104,105,106,107,108,109,110,111,112,113,114,115,116,117,118,119,120,121,122,123,124,125,126,127,128,129,130,131,132,133,134,135,182,184,185,186,196,197,201,202,239,240,263,303,304,305,306,
1;1;1332;1371;0;11,12,13,14,15,16,17,18,19,20,21,22,23,24,25,26,27,28,29,36,37,38,39,48,66,67,95,98,99,100,101,102,103,104,105,106,107,108,109,110,111,112,113,114,115,116,117,118,119,120,121,122,123,124,125,126,127,128,129,130,131,132,133,134,135,182,184,185,186,196,197,201,202,239,240,263,303,304,305,306,
122;0;1371;1521;0;11,12,13,14,15,16,17,18,19,20,21,22,23,24,25,26,27,28,29,36,37,38,39,48,66,67,95,98,99,100,101,102,103,104,105,106,107,108,109,110,111,112,113,114,115,116,117,118,119,120,121,122,123,124,125,126,127,128,129,130,131,132,133,134,135,182,184,185,186,196,197,201,202,239,240,263,303,304,305,306,
123;0;1521;1635;0;11,12,13,14,15,16,17,18,19,20,21,22,23,24,25,26,27,28,29,36,37,38,39,48,66,67,95,98,99,100,101,102,103,104,105,106,107,108,109,110,111,112,113,114,115,116,117,118,119,120,121,122,123,124,125,126,127,128,129,130,131,132,133,134,135,182,184,185,186,196,197,201,202,239,240,263,303,304,305,306,
123;1;1635;1798;0;11,12,13,14,15,16,17,18,19,20,21,22,23,24,25,26,27,28,29,36,37,38,39,48,66,67,95,98,99,100,101,102,103,104,105,106,107,108,109,110,111,112,113,114,115,116,117,118,119,120,121,122,123,124,125,126,127,128,129,130,131,132,133,134,135,182,184,185,186,196,197,201,202,239,240,263,303,304,305,306,
114;0;1798;1837;0;11,12,13,14,15,16,17,18,19,20,21,22,23,24,25,26,27,28,29,36,37,38,39,48,66,67,95,98,99,100,101,102,103,104,105,106,107,108,109,110,111,112,113,114,115,116,117,118,119,120,121,122,123,124,125,126,127,128,129,130,131,132,133,134,135,182,184,185,186,196,197,201,202,239,240,263,303,304,305,306,
5;0;1837;2013;1;11,12,13,14,15,16,17,18,19,20,21,22,23,24,25,26,27,28,29,36,37,38,39,48,66,67,95,98,99,100,101,102,103,104,105,106,107,108,109,110,111,112,113,114,115,116,117,118,119,120,121,122,123,124,125,126,127,128,129,130,131,132,133,134,135,182,184,185,186,196,197,201,202,239,240,263,303,304,305,306,
5;1;2013;2160;1;11,12,13,14,15,16,17,18,19,20,21,22,23,24,25,26,27,28,29,36,37,38,39,48,66,67,95,98,99,100,101,102,103,104,105,106,107,108,109,110,111,112,113,114,115,116,117,118,119,120,121,122,123,124,125,126,127,128,129,130,131,132,133,134,135,182,184,185,186,196,197,201,202,239,240,263,303,304,305,306,
102;0;2160;2294;0;11,12,13,14,15,16,17,18,19,20,21,22,23,24,25,26,27,28,29,36,37,38,39,48,66,67,95,98,99,100,101,102,103,104,105,106,107,108,109,110,111,112,113,114,115,116,117,118,119,120,121,122,123,124,125,126,127,128,129,130,131,132,133,134,135,182,184,185,186,196,197,201,202,239,240,263,303,304,305,306,
107;0;2294;2466;0;11,12,13,14,15,16,17,18,19,20,21,22,23,24,25,26,27,28,29,36,37,38,39,48,66,67,95,98,99,100,101,102,103,104,105,106,107,108,109,110,111,112,113,114,115,116,117,118,119,120,121,122,123,124,125,126,127,128,129,130,131,132,133,134,135,182,184,185,186,196,197,201,202,239,240,263,303,304,305,306,
107;1;2466;2580;0;11,12,13,14,15,16,17,18,19,20,21,22,23,24,25,26,27,28,29,36,37,38,39,48,66,67,95,98,99,100,101,102,103,104,105,106,107,108,109,110,111,112,113,114,115,116,117,118,119,120,121,122,123,124,125,126,127,128,129,130,131,132,133,134,135,182,184,185,186,196,197,201,202,239,240,263,303,304,305,306,
92;0;2580;2675;1;11,12,13,14,15,16,17,18,19,20,21,22,23,24,25,26,27,28,29,36,37,38,39,48,66,67,95,98,99,100,101,102,103,104,105,106,107,108,109,110,111,112,113,114,115,116,117,118,119,120,121,122,123,124,125,126,127,128,129,130,131,132,133,134,135,182,184,185,186,196,197,201,202,239,240,263,303,304,305,306,
109;0;2675;2776;1;11,12,13,14,15,16,17,18,19,20,21,22,23,24,25,26,27,28,29,36,37,38,39,48,66,67,95,98,99,100,101,102,103,104,105,106,107,108,109,110,111,112,113,114,115,116,117,118,119,120,121,122,123,124,125,126,127,128,129,130,131,132,133,134,135,182,184,185,186,196,197,201,202,239,240,263,303,304,305,306,
109;1;2776;2939;1;11,12,13,14,15,16,17,18,19,20,21,22,23,24,25,26,27,28,29,36,37,38,39,48,66,67,95,98,99,100,101,102,103,104,105,106,107,108,109,110,111,112,113,114,115,116,117,118,119,120,121,122,123,124,125,126,127,128,129,130,131,132,133,134,135,182,184,185,186,196,197,201,202,239,240,263,303,304,305,306,
110;0;2939;3040;0;11,12,13,14,15,16,17,18,19,20,21,22,23,24,25,26,27,28,29,36,37,38,39,48,66,67,95,98,99,100,101,102,103,104,105,106,107,108,109,110,111,112,113,114,115,116,117,118,119,120,121,122,123,124,125,126,127,128,129,130,131,132,133,134,135,182,184,185,186,196,197,201,202,239,240,263,303,304,305,306,
41;0;3040;3085;1;11,12,13,14,15,16,17,18,19,20,21,22,23,24,25,26,27,28,29,36,37,38,39,48,66,67,95,98,99,100,101,102,103,104,105,106,107,108,109,110,111,112,113,114,115,116,117,118,119,120,121,122,123,124,125,126,127,128,129,130,131,132,133,134,135,182,184,185,186,196,197,201,202,239,240,263,303,304,305,306,
41;1;3085;3089;1;11,12,13,14,15,16,17,18,19,20,21,22,23,24,25,26,27,28,29,36,37,38,39,48,66,67,95,98,99,100,101,102,103,104,105,106,107,108,109,110,111,112,113,114,115,116,117,118,119,120,121,122,123,124,125,126,127,128,129,130,131,132,133,134,135,182,184,185,186,196,197,201,202,239,240,263,303,304,305,306,
18;0;3089;3184;0;11,12,13,14,15,16,17,18,19,20,21,22,23,24,25,26,27,28,29,36,37,38,39,48,66,67,95,98,99,100,101,102,103,104,105,106,107,108,109,110,111,112,113,114,115,116,117,118,119,120,121,122,123,124,125,126,127,128,129,130,131,132,133,134,135,182,184,185,186,196,197,201,202,239,240,263,303,304,305,306,
10;0;3184;3218;0;11,12,13,14,15,16,17,18,19,20,21,22,23,24,25,26,27,28,29,36,37,38,39,48,66,67,95,98,99,100,101,102,103,104,105,106,107,108,109,110,111,112,113,114,115,116,117,118,119,120,121,122,123,124,125,126,127,128,129,130,131,132,133,134,135,182,184,185,186,196,197,201,202,239,240,263,303,304,305,306,
15;0;3218;3337;0;11,12,13,14,15,16,17,18,19,20,21,22,23,24,25,26,27,28,29,36,37,38,39,48,66,67,95,98,99,100,101,102,103,104,105,106,107,108,109,110,111,112,113,114,115,116,117,118,119,120,121,122,123,124,125,126,127,128,129,130,131,132,133,134,135,182,184,185,186,196,197,201,202,239,240,263,303,304,305,306,
15;1;3337;3475;0;11,12,13,14,15,16,17,18,19,20,21,22,23,24,25,26,27,28,29,36,37,38,39,48,66,67,95,98,99,100,101,102,103,104,105,106,107,108,109,110,111,112,113,114,115,116,117,118,119,120,121,122,123,124,125,126,127,128,129,130,131,132,133,134,135,182,184,185,186,196,197,201,202,239,240,263,303,304,305,306,
97;0;3475;3639;1;4,5,18,36,37,38,39,40,41,42,43,44,45,46,47,48,66,67,68,69,70,71,72,73,74,75,76,77,78,79,80,81,82,83,84,85,86,87,88,89,90,91,92,93,94,98,99,103,106,107,110,182,184,185,186,196,197,201,202,224,239,240,250,263,303,304,305,306,307,312,313,314,329,330,331,332,333,356,357,358,
97;1;3639;3789;1;4,5,18,36,37,38,39,40,41,42,43,44,45,46,47,48,66,67,68,69,70,71,72,73,74,75,76,77,78,79,80,81,82,83,84,85,86,87,88,89,90,91,92,93,94,98,99,103,106,107,110,182,184,185,186,196,197,201,202,224,239,240,250,263,303,304,305,306,307,312,313,314,329,330,331,332,333,356,357,358,
14;0;3789;3884;0;4,5,18,36,37,38,39,40,41,42,43,44,45,46,47,48,66,67,68,69,70,71,72,73,74,75,76,77,78,79,80,81,82,83,84,85,86,87,88,89,90,91,92,93,94,98,99,103,106,107,110,182,184,185,186,196,197,201,202,224,239,240,250,263,303,304,305,306,307,312,313,314,329,330,331,332,333,356,357,358,
134;0;3884;3958;0;4,5,18,36,37,38,39,40,41,42,43,44,45,46,47,48,66,67,68,69,70,71,72,73,74,75,76,77,78,79,80,81,82,83,84,85,86,87,88,89,90,91,92,93,94,98,99,103,106,107,110,182,184,185,186,196,197,201,202,224,239,240,250,263,303,304,305,306,307,312,313,314,329,330,331,332,333,356,357,358,
7;0;3958;4015;0;4,5,18,36,37,38,39,40,41,42,43,44,45,46,47,48,66,67,68,69,70,71,72,73,74,75,76,77,78,79,80,81,82,83,84,85,86,87,88,89,90,91,92,93,94,98,99,103,106,107,110,182,184,185,186,196,197,201,202,224,239,240,250,263,303,304,305,306,307,312,313,314,329,330,331,332,333,356,357,358,
7;1;4015;4060;0;4,5,18,36,37,38,39,40,41,42,43,44,45,46,47,48,66,67,68,69,70,71,72,73,74,75,76,77,78,79,80,81,82,83,84,85,86,87,88,89,90,91,92,93,94,98,99,103,106,107,110,182,184,185,186,196,197,201,202,224,239,240,250,263,303,304,305,306,307,312,313,314,329,330,331,332,333,356,357,358,
118;0;4060;4121;0;4,5,18,36,37,38,39,40,41,42,43,44,45,46,47,48,66,67,68,69,70,71,72,73,74,75,76,77,78,79,80,81,82,83,84,85,86,87,88,89,90,91,92,93,94,98,99,103,106,107,110,182,184,185,186,196,197,201,202,224,239,240,250,263,303,304,305,306,307,312,313,314,329,330,331,332,333,356,357,358,
87;0;4121;4143;0;4,5,18,36,37,38,39,40,41,42,43,44,45,46,47,48,66,67,68,69,70,71,72,73,74,75,76,77,78,79,80,81,82,83,84,85,86,87,88,89,90,91,92,93,94,98,99,103,106,107,110,182,184,185,186,196,197,201,202,224,239,240,250,263,303,304,305,306,307,312,313,314,329,330,331,332,333,356,357,358,
87;1;4143;4197;0;4,5,18,36,37,38,39,40,41,42,43,44,45,46,47,48,66,67,68,69,70,71,72,73,74,75,76,77,78,79,80,81,82,83,84,85,86,87,88,89,90,91,92,93,94,98,99,103,106,107,110,182,184,185,186,196,197,201,202,224,239,240,250,263,303,304,305,306,307,312,313,314,329,330,331,332,333,356,357,358,
119;0;4197;4269;0;4,5,18,36,37,38,39,40,41,42,43,44,45,46,47,48,66,67,68,69,70,71,72,73,74,75,76,77,78,79,80,81,82,83,84,85,86,87,88,89,90,91,92,93,94,98,99,103,106,107,110,182,184,185,186,196,197,201,202,224,239,240,250,263,303,304,305,306,307,312,313,314,329,330,331,332,333,356,357,358,
119;1;4269;4416;0;4,5,18,36,37,38,39,40,41,42,43,44,45,46,47,48,66,67,68,69,70,71,72,73,74,75,76,77,78,79,80,81,82,83,84,85,86,87,88,89,90,91,92,93,94,98,99,103,106,107,110,182,184,185,186,196,197,201,202,224,239,240,250,263,303,304,305,306,307,312,313,314,329,330,331,332,333,356,357,358,
58;0;4416;4530;0;4,5,18,36,37,38,39,40,41,42,43,44,45,46,47,48,66,67,68,69,70,71,72,73,74,75,76,77,78,79,80,81,82,83,84,85,86,87,88,89,90,91,92,93,94,98,99,103,106,107,110,182,184,185,186,196,197,201,202,224,239,240,250,263,303,304,305,306,307,312,313,314,329,330,331,332,333,356,357,358,
98;0;4530;4619;0;4,5,18,36,37,38,39,40,41,42,43,44,45,46,47,48,66,67,68,69,70,71,72,73,74,75,76,77,78,79,80,81,82,83,84,85,86,87,88,89,90,91,92,93,94,98,99,103,106,107,110,182,184,185,186,196,197,201,202,224,239,240,250,263,303,304,305,306,307,312,313,314,329,330,331,332,333,356,357,358,
63;0;4619;4753;0;4,5,18,36,37,38,39,40,41,42,43,44,45,46,47,48,66,67,68,69,70,71,72,73,74,75,76,77,78,79,80,81,82,83,84,85,86,87,88,89,90,91,92,93,94,98,99,103,106,107,110,182,184,185,186,196,197,201,202,224,239,240,250,263,303,304,305,306,307,312,313,314,329,330,331,332,333,356,357,358,
63;1;4753;4916;0;4,5,18,36,37,38,39,40,41,42,43,44,45,46,47,48,66,67,68,69,70,71,72,73,74,75,76,77,78,79,80,81,82,83,84,85,86,87,88,89,90,91,92,93,94,98,99,103,106,107,110,182,184,185,186,196,197,201,202,224,239,240,250,263,303,304,305,306,307,312,313,314,329,330,331,332,333,356,357,358,
9;0;4916;5037;1;4,5,18,36,37,38,39,40,41,42,43,44,45,46,47,48,66,67,68,69,70,71,72,73,74,75,76,77,78,79,80,81,82,83,84,85,86,87,88,89,90,91,92,93,94,98,99,103,106,107,110,182,184,185,186,196,197,201,202,224,239,240,250,263,303,304,305,306,307,312,313,314,329,330,331,332,333,356,357,358,
9;1;5037;5111;1;4,5,18,36,37,38,39,40,41,42,43,44,45,46,47,48,66,67,68,69,70,71,72,73,74,75,76,77,78,79,80,81,82,83,84,85,86,87,88,89,90,91,92,93,94,98,99,103,106,107,110,182,184,185,186,196,197,201,202,224,239,240,250,263,303,304,305,306,307,312,313,314,329,330,331,332,333,356,357,358,
130;0;5111;5164;0;4,5,18,36,37,38,39,40,41,42,43,44,45,46,47,48,66,67,68,69,70,71,72,73,74,75,76,77,78,79,80,81,82,83,84,85,86,87,88,89,90,91,92,93,94,98,99,103,106,107,110,182,184,185,186,196,197,201,202,224,239,240,250,263,303,304,305,306,307,312,313,314,329,330,331,332,333,356,357,358,
48;0;5164;5311;1;4,5,18,36,37,38,39,40,41,42,43,44,45,46,47,48,66,67,68,69,70,71,72,73,74,75,76,77,78,79,80,81,82,83,84,85,86,87,88,89,90,91,92,93,94,98,99,103,106,107,110,182,184,185,186,196,197,201,202,224,239,240,250,263,303,304,305,306,307,312,313,314,329,330,331,332,333,356,357,358,
112;0;5311;5461;1;4,5,18,36,37,38,39,40,41,42,43,44,45,46,47,48,66,67,68,69,70,71,72,73,74,75,76,77,78,79,80,81,82,83,84,85,86,87,88,89,90,91,92,93,94,98,99,103,106,107,110,182,184,185,186,196,197,201,202,224,239,240,250,263,303,304,305,306,307,312,313,314,329,330,331,332,333,356,357,358,
51;0;5461;5497;0;4,5,18,36,37,38,39,40,41,42,43,44,45,46,47,48,66,67,68,69,70,71,72,73,74,75,76,77,78,79,80,81,82,83,84,85,86,87,88,89,90,91,92,93,94,98,99,103,106,107,110,182,184,185,186,196,197,201,202,224,239,240,250,263,303,304,305,306,307,312,313,314,329,330,331,332,333,356,357,358,
51;1;5497;5611;0;4,5,18,36,37,38,39,40,41,42,43,44,45,46,47,48,66,67,68,69,70,71,72,73,74,75,76,77,78,79,80,81,82,83,84,85,86,87,88,89,90,91,92,93,94,98,99,103,106,107,110,182,184,185,186,196,197,201,202,224,239,240,250,263,303,304,305,306,307,312,313,314,329,330,331,332,333,356,357,358,
76;0;5611;5656;1;4,5,18,36,37,38,39,40,41,42,43,44,45,46,47,48,66,67,68,69,70,71,72,73,74,75,76,77,78,79,80,81,82,83,84,85,86,87,88,89,90,91,92,93,94,98,99,103,106,107,110,182,184,185,186,196,197,201,202,224,239,240,250,263,303,304,305,306,307,312,313,314,329,330,331,332,333,356,357,358,
78;0;5656;5757;0;4,5,18,36,37,38,39,40,41,42,43,44,45,46,47,48,66,67,68,69,70,71,72,73,74,75,76,77,78,79,80,81,82,83,84,85,86,87,88,89,90,91,92,93,94,98,99,103,106,107,110,182,184,185,186,196,197,201,202,224,239,240,250,263,303,304,305,306,307,312,313,314,329,330,331,332,333,356,357,358,
30;0;5757;5871;0;4,5,18,36,37,38,39,40,41,42,43,44,45,46,47,48,66,67,68,69,70,71,72,73,74,75,76,77,78,79,80,81,82,83,84,85,86,87,88,89,90,91,92,93,94,98,99,103,106,107,110,182,184,185,186,196,197,201,202,224,239,240,250,263,303,304,305,306,307,312,313,314,329,330,331,332,333,356,357,358,
111;0;5871;6029;0;4,5,18,36,37,38,39,40,41,42,43,44,45,46,47,48,66,67,68,69,70,71,72,73,74,75,76,77,78,79,80,81,82,83,84,85,86,87,88,89,90,91,92,93,94,98,99,103,106,107,110,182,184,185,186,196,197,201,202,224,239,240,250,263,303,304,305,306,307,312,313,314,329,330,331,332,333,356,357,358,
111;1;6029;6163;0;4,5,18,36,37,38,39,40,41,42,43,44,45,46,47,48,66,67,68,69,70,71,72,73,74,75,76,77,78,79,80,81,82,83,84,85,86,87,88,89,90,91,92,93,94,98,99,103,106,107,110,182,184,185,186,196,197,201,202,224,239,240,250,263,303,304,305,306,307,312,313,314,329,330,331,332,333,356,357,358,
57;0;6163;6192;1;4,5,18,36,37,38,39,40,41,42,43,44,45,46,47,48,66,67,68,69,70,71,72,73,74,75,76,77,78,79,80,81,82,83,84,85,86,87,88,89,90,91,92,93,94,98,99,103,106,107,110,182,184,185,186,196,197,201,202,224,239,240,250,263,303,304,305,306,307,312,313,314,329,330,331,332,333,356,357,358,
57;1;6192;6293;1;4,5,18,36,37,38,39,40,41,42,43,44,45,46,47,48,66,67,68,69,70,71,72,73,74,75,76,77,78,79,80,81,82,83,84,85,86,87,88,89,90,91,92,93,94,98,99,103,106,107,110,182,184,185,186,196,197,201,202,224,239,240,250,263,303,304,305,306,307,312,313,314,329,330,331,332,333,356,357,358,
34;0;6293;6456;0;4,5,18,36,37,38,39,40,41,42,43,44,45,46,47,48,66,67,68,69,70,71,72,73,74,75,76,77,78,79,80,81,82,83,84,85,86,87,88,89,90,91,92,93,94,98,99,103,106,107,110,182,184,185,186,196,197,201,202,224,239,240,250,263,303,304,305,306,307,312,313,314,329,330,331,332,333,356,357,358,
86;0;6456;6506;0;0,4,5,18,38,39,40,41,42,43,44,45,46,47,48,66,67,75,98,99,106,107,110,186,201,202,229,239,240,244,245,246,247,248,249,250,251,252,253,254,255,256,257,258,259,260,261,262,263,264,265,266,267,268,269,275,276,277,278,279,280,281,282,283,284,285,286,287,288,289,307,308,309,310,311,312,313,314,359,360,
74;0;6506;6672;0;0,4,5,18,38,39,40,41,42,43,44,45,46,47,48,66,67,75,98,99,106,107,110,186,201,202,229,239,240,244,245,246,247,248,249,250,251,252,253,254,255,256,257,258,259,260,261,262,263,264,265,266,267,268,269,275,276,277,278,279,280,281,282,283,284,285,286,287,288,289,307,308,309,310,311,312,313,314,359,360,
85;0;6672;6834;1;0,4,5,18,38,39,40,41,42,43,44,45,46,47,48,66,67,75,98,99,106,107,110,186,201,202,229,239,240,244,245,246,247,248,249,250,251,252,253,254,255,256,257,258,259,260,261,262,263,264,265,266,267,268,269,275,276,277,278,279,280,281,282,283,284,285,286,287,288,289,307,308,309,310,311,312,313,314,359,360,
85;1;6834;6875;1;0,4,5,18,38,39,40,41,42,43,44,45,46,47,48,66,67,75,98,99,106,107,110,186,201,202,229,239,240,244,245,246,247,248,249,250,251,252,253,254,255,256,257,258,259,260,261,262,263,264,265,266,267,268,269,275,276,277,278,279,280,281,282,283,284,285,286,287,288,289,307,308,309,310,311,312,313,314,359,360,
100;0;6875;6970;1;0,4,5,18,38,39,40,41,42,43,44,45,46,47,48,66,67,75,98,99,106,107,110,186,201,202,229,239,240,244,245,246,247,248,249,250,251,252,253,254,255,256,257,258,259,260,261,262,263,264,265,266,267,268,269,275,276,277,278,279,280,281,282,283,284,285,286,287,288,289,307,308,309,310,311,312,313,314,359,360,
59;0;6970;7009;0;0,4,5,18,38,39,40,41,42,43,44,45,46,47,48,66,67,75,98,99,106,107,110,186,201,202,229,239,240,244,245,246,247,248,249,250,251,252,253,254,255,256,257,258,259,260,261,262,263,264,265,266,267,268,269,275,276,277,278,279,280,281,282,283,284,285,286,287,288,289,307,308,309,310,311,312,313,314,359,360,
59;1;7009;7054;0;0,4,5,18,38,39,40,41,42,43,44,45,46,47,48,66,67,75,98,99,106,107,110,186,201,202,229,239,240,244,245,246,247,248,249,250,251,252,253,254,255,256,257,258,259,260,261,262,263,264,265,266,267,268,269,275,276,277,278,279,280,281,282,283,284,285,286,287,288,289,307,308,309,310,311,312,313,314,359,360,
133;0;7054;7174;1;0,4,5,18,38,39,40,41,42,43,44,45,46,47,48,66,67,75,98,99,106,107,110,186,201,202,229,239,240,244,245,246,247,248,249,250,251,252,253,254,255,256,257,258,259,260,261,262,263,264,265,266,267,268,269,275,276,277,278,279,280,281,282,283,284,285,286,287,288,289,307,308,309,310,311,312,313,314,359,360,
133;1;7174;7342;1;0,4,5,18,38,39,40,41,42,43,44,45,46,47,48,66,67,75,98,99,106,107,110,186,201,202,229,239,240,244,245,246,247,248,249,250,251,252,253,254,255,256,257,258,259,260,261,262,263,264,265,266,267,268,269,275,276,277,278,279,280,281,282,283,284,285,286,287,288,289,307,308,309,310,311,312,313,314,359,360,
106;0;7342;7437;0;0,4,5,18,38,39,40,41,42,43,44,45,46,47,48,66,67,75,98,99,106,107,110,186,201,202,229,239,240,244,245,246,247,248,249,250,251,252,253,254,255,256,257,258,259,260,261,262,263,264,265,266,267,268,269,275,276,277,278,279,280,281,282,283,284,285,286,287,288,289,307,308,309,310,311,312,313,314,359,360,
77;0;7437;7481;1;0,4,5,18,38,39,40,41,42,43,44,45,46,47,48,66,67,75,98,99,106,107,110,186,201,202,229,239,240,244,245,246,247,248,249,250,251,252,253,254,255,256,257,258,259,260,261,262,263,264,265,266,267,268,269,275,276,277,278,279,280,281,282,283,284,285,286,287,288,289,307,308,309,310,311,312,313,314,359,360,
77;1;7481;7500;1;0,4,5,18,38,39,40,41,42,43,44,45,46,47,48,66,67,75,98,99,106,107,110,186,201,202,229,239,240,244,245,246,247,248,249,250,251,252,253,254,255,256,257,258,259,260,261,262,263,264,265,266,267,268,269,275,276,277,278,279,280,281,282,283,284,285,286,287,288,289,307,308,309,310,311,312,313,314,359,360,
105;0;7500;7511;1;0,4,5,18,38,39,40,41,42,43,44,45,46,47,48,66,67,75,98,99,106,107,110,186,201,202,229,239,240,244,245,246,247,248,249,250,251,252,253,254,255,256,257,258,259,260,261,262,263,264,265,266,267,268,269,275,276,277,278,279,280,281,282,283,284,285,286,287,288,289,307,308,309,310,311,312,313,314,359,360,
105;1;7511;7600;1;0,4,5,18,38,39,40,41,42,43,44,45,46,47,48,66,67,75,98,99,106,107,110,186,201,202,229,239,240,244,245,246,247,248,249,250,251,252,253,254,255,256,257,258,259,260,261,262,263,264,265,266,267,268,269,275,276,277,278,279,280,281,282,283,284,285,286,287,288,289,307,308,309,310,311,312,313,314,359,360,
138;0;7600;7604;0;0,4,5,18,38,39,40,41,42,43,44,45,46,47,48,66,67,75,98,99,106,107,110,186,201,202,229,239,240,244,245,246,247,248,249,250,251,252,253,254,255,256,257,258,259,260,261,262,263,264,265,266,267,268,269,275,276,277,278,279,280,281,282,283,284,285,286,287,288,289,307,308,309,310,311,312,313,314,359,360,
132;0;7604;7699;1;0,4,5,18,38,39,40,41,42,43,44,45,46,47,48,66,67,75,98,99,106,107,110,186,201,202,229,239,240,244,245,246,247,248,249,250,251,252,253,254,255,256,257,258,259,260,261,262,263,264,265,266,267,268,269,275,276,277,278,279,280,281,282,283,284,285,286,287,288,289,307,308,309,310,311,312,313,314,359,360,
23;0;7699;7787;0;0,4,5,18,38,39,40,41,42,43,44,45,46,47,48,66,67,75,98,99,106,107,110,186,201,202,229,239,240,244,245,246,247,248,249,250,251,252,253,254,255,256,257,258,259,260,261,262,263,264,265,266,267,268,269,275,276,277,278,279,280,281,282,283,284,285,286,287,288,289,307,308,309,310,311,312,313,314,359,360,
23;1;7787;7828;0;0,4,5,18,38,39,40,41,42,43,44,45,46,47,48,66,67,75,98,99,106,107,110,186,201,202,229,239,240,244,245,246,247,248,249,250,251,252,253,254,255,256,257,258,259,260,261,262,263,264,265,266,267,268,269,275,276,277,278,279,280,281,282,283,284,285,286,287,288,289,307,308,309,310,311,312,313,314,359,360,
96;0;7828;7917;1;0,4,5,18,38,39,40,41,42,43,44,45,46,47,48,66,67,75,98,99,106,107,110,186,201,202,229,239,240,244,245,246,247,248,249,250,251,252,253,254,255,256,257,258,259,260,261,262,263,264,265,266,267,268,269,275,276,277,278,279,280,281,282,283,284,285,286,287,288,289,307,308,309,310,311,312,313,314,359,360,
89;0;7917;7956;1;0,4,5,18,38,39,40,41,42,43,44,45,46,47,48,66,67,75,98,99,106,107,110,186,201,202,229,239,240,244,245,246,247,248,249,250,251,252,253,254,255,256,257,258,259,260,261,262,263,264,265,266,267,268,269,275,276,277,278,279,280,281,282,283,284,285,286,287,288,289,307,308,309,310,311,312,313,314,359,360,
89;1;7956;8090;1;0,4,5,18,38,39,40,41,42,43,44,45,46,47,48,66,67,75,98,99,106,107,110,186,201,202,229,239,240,244,245,246,247,248,249,250,251,252,253,254,255,256,257,258,259,260,261,262,263,264,265,266,267,268,269,275,276,277,278,279,280,281,282,283,284,285,286,287,288,289,307,308,309,310,311,312,313,314,359,360,
120;0;8090;8094;1;0,4,5,18,38,39,40,41,42,43,44,45,46,47,48,66,67,75,98,99,106,107,110,186,201,202,229,239,240,244,245,246,247,248,249,250,251,252,253,254,255,256,257,258,259,260,261,262,263,264,265,266,267,268,269,275,276,277,278,279,280,281,282,283,284,285,286,287,288,289,307,308,309,310,311,312,313,314,359,360,
103;0;8094;8268;0;0,4,5,18,38,39,40,41,42,43,44,45,46,47,48,66,67,75,98,99,106,107,110,186,201,202,229,239,240,244,245,246,247,248,249,250,251,252,253,254,255,256,257,258,259,260,261,262,263,264,265,266,267,268,269,275,276,277,278,279,280,281,282,283,284,285,286,287,288,289,307,308,309,310,311,312,313,314,359,360,
103;1;8268;8309;0;0,4,5,18,38,39,40,41,42,43,44,45,46,47,48,66,67,75,98,99,106,107,110,186,201,202,229,239,240,244,245,246,247,248,249,250,251,252,253,254,255,256,257,258,259,260,261,262,263,264,265,266,267,268,269,275,276,277,278,279,280,281,282,283,284,285,286,287,288,289,307,308,309,310,311,312,313,314,359,360,
124;0;8309;8459;1;0,4,5,18,38,39,40,41,42,43,44,45,46,47,48,66,67,75,98,99,106,107,110,186,201,202,229,239,240,244,245,246,247,248,249,250,251,252,253,254,255,256,257,258,259,260,261,262,263,264,265,266,267,268,269,275,276,277,278,279,280,281,282,283,284,285,286,287,288,289,307,308,309,310,311,312,313,314,359,360,
32;0;8459;8627;1;0,4,5,18,38,39,40,41,42,43,44,45,46,47,48,66,67,75,98,99,106,107,110,186,201,202,229,239,240,244,245,246,247,248,249,250,251,252,253,254,255,256,257,258,259,260,261,262,263,264,265,266,267,268,269,275,276,277,278,279,280,281,282,283,284,285,286,287,288,289,307,308,309,310,311,312,313,314,359,360,
135;0;8627;8726;0;0,4,5,18,38,39,40,41,42,43,44,45,46,47,48,66,67,75,98,99,106,107,110,186,201,202,229,239,240,244,245,246,247,248,249,250,251,252,253,254,255,256,257,258,259,260,261,262,263,264,265,266,267,268,269,275,276,277,278,279,280,281,282,283,284,285,286,287,288,289,307,308,309,310,311,312,313,314,359,360,
135;1;8726;8892;0;0,4,5,18,38,39,40,41,42,43,44,45,46,47,48,66,67,75,98,99,106,107,110,186,201,202,229,239,240,244,245,246,247,248,249,250,251,252,253,254,255,256,257,258,259,260,261,262,263,264,265,266,267,268,269,275,276,277,278,279,280,281,282,283,284,285,286,287,288,289,307,308,309,310,311,312,313,314,359,360,
49;0;8892;9048;1;0,4,5,18,38,39,40,41,42,43,44,45,46,47,48,66,67,75,98,99,106,107,110,186,201,202,229,239,240,244,245,246,247,248,249,250,251,252,253,254,255,256,257,258,259,260,261,262,263,264,265,266,267,268,269,275,276,277,278,279,280,281,282,283,284,285,286,287,288,289,307,308,309,310,311,312,313,314,359,360,
49;1;9048;9052;1;0,4,5,18,38,39,40,41,42,43,44,45,46,47,48,66,67,75,98,99,106,107,110,186,201,202,229,239,240,244,245,246,247,248,249,250,251,252,253,254,255,256,257,258,259,260,261,262,263,264,265,266,267,268,269,275,276,277,278,279,280,281,282,283,284,285,286,287,288,289,307,308,309,310,311,312,313,314,359,360,
70;0;9052;9056;0;0,4,5,18,38,39,40,41,42,43,44,45,46,47,48,66,67,75,98,99,106,107,110,186,201,202,229,239,240,244,245,246,247,248,249,250,251,252,253,254,255,256,257,258,259,260,261,262,263,264,265,266,267,268,269,275,276,277,278,279,280,281,282,283,284,285,286,287,288,289,307,308,309,310,311,312,313,314,359,360,
73;0;9056;9228;1;0,4,5,18,38,39,40,41,42,43,44,45,46,47,48,66,67,75,98,99,106,107,110,186,201,202,229,239,240,244,245,246,247,248,249,250,251,252,253,254,255,256,257,258,259,260,261,262,263,264,265,266,267,268,269,275,276,277,278,279,280,281,282,283,284,285,286,287,288,289,307,308,309,310,311,312,313,314,359,360,
73;1;9228;9396;1;0,4,5,18,38,39,40,41,42,43,44,45,46,47,48,66,67,75,98,99,106,107,110,186,201,202,229,239,240,244,245,246,247,248,249,250,251,252,253,254,255,256,257,258,259,260,261,262,263,264,265,266,267,268,269,275,276,277,278,279,280,281,282,283,284,285,286,287,288,289,307,308,309,310,311,312,313,314,359,360,
79;0;9396;9462;0;0,4,5,18,38,39,40,41,42,43,44,45,46,47,48,66,67,75,98,99,106,107,110,186,201,202,229,239,240,244,245,246,247,248,249,250,251,252,253,254,255,256,257,258,259,260,261,262,263,264,265,266,267,268,269,275,276,277,278,279,280,281,282,283,284,285,286,287,288,289,307,308,309,310,311,312,313,314,359,360,
79;1;9462;9630;0;0,4,5,18,38,39,40,41,42,43,44,45,46,47,48,66,67,75,98,99,106,107,110,186,201,202,229,239,240,244,245,246,247,248,249,250,251,252,253,254,255,256,257,258,259,260,261,262,263,264,265,266,267,268,269,275,276,277,278,279,280,281,282,283,284,285,286,287,288,289,307,308,309,310,311,312,313,314,359,360,
6;0;9630;9780;0;0,4,5,18,38,39,40,41,42,43,44,45,46,47,48,66,67,75,98,99,106,107,110,186,201,202,229,239,240,244,245,246,247,248,249,250,251,252,253,254,255,256,257,258,259,260,261,262,263,264,265,266,267,268,269,275,276,277,278,279,280,281,282,283,284,285,286,287,288,289,307,308,309,310,311,312,313,314,359,360,
END
fineshedJobsCount: 208
switchs: 176
switchsInstances: 4
unfineshedPriorityCount: 0
totalUnfineshed: 1
criticalMachineSwitchs: 78
criticalMachineTime: 9859
Final Solution: 6024
Time: 241710
PTL: 311
MCMC: 187
Best Initial: 5381
Mean Initial: 5104.09
