./input/BaseInstances/2M1_n=376,r=0.5,t=650,v0.txt;./input/Processed/ToolSetInt.csv
7;720;1440
Machine: 0
143;0;0;73;0;26,98,99,100,101,102,103,104,105,106,107,108,109,110,111,112,113,114,123,126,128,131,132,133,134,135,137,138,140,172,173,174,175,176,177,178,179,190,256,257,258,259,260,261,262,296,310,311,312,313,314,315,316,317,318,369,370,371,372,373,374,375,376,377,378,379,380,381,382,383,384,400,401,402,448,449,450,451,452,453,
143;1;73;165;0;26,98,99,100,101,102,103,104,105,106,107,108,109,110,111,112,113,114,123,126,128,131,132,133,134,135,137,138,140,172,173,174,175,176,177,178,179,190,256,257,258,259,260,261,262,296,310,311,312,313,314,315,316,317,318,369,370,371,372,373,374,375,376,377,378,379,380,381,382,383,384,400,401,402,448,449,450,451,452,453,
65;0;165;254;1;26,98,99,100,101,102,103,104,105,106,107,108,109,110,111,112,113,114,123,126,128,131,132,133,134,135,137,138,140,172,173,174,175,176,177,178,179,190,256,257,258,259,260,261,262,296,310,311,312,313,314,315,316,317,318,369,370,371,372,373,374,375,376,377,378,379,380,381,382,383,384,400,401,402,448,449,450,451,452,453,
65;1;254;371;1;26,98,99,100,101,102,103,104,105,106,107,108,109,110,111,112,113,114,123,126,128,131,132,133,134,135,137,138,140,172,173,174,175,176,177,178,179,190,256,257,258,259,260,261,262,296,310,311,312,313,314,315,316,317,318,369,370,371,372,373,374,375,376,377,378,379,380,381,382,383,384,400,401,402,448,449,450,451,452,453,
120;0;371;375;1;26,98,99,100,101,102,103,104,105,106,107,108,109,110,111,112,113,114,123,126,128,131,132,133,134,135,137,138,140,172,173,174,175,176,177,178,179,190,256,257,258,259,260,261,262,296,310,311,312,313,314,315,316,317,318,369,370,371,372,373,374,375,376,377,378,379,380,381,382,383,384,400,401,402,448,449,450,451,452,453,
36;0;375;535;1;26,98,99,100,101,102,103,104,105,106,107,108,109,110,111,112,113,114,123,126,128,131,132,133,134,135,137,138,140,172,173,174,175,176,177,178,179,190,256,257,258,259,260,261,262,296,310,311,312,313,314,315,316,317,318,369,370,371,372,373,374,375,376,377,378,379,380,381,382,383,384,400,401,402,448,449,450,451,452,453,
13;0;535;612;1;26,98,99,100,101,102,103,104,105,106,107,108,109,110,111,112,113,114,123,126,128,131,132,133,134,135,137,138,140,172,173,174,175,176,177,178,179,190,256,257,258,259,260,261,262,296,310,311,312,313,314,315,316,317,318,369,370,371,372,373,374,375,376,377,378,379,380,381,382,383,384,400,401,402,448,449,450,451,452,453,
13;1;612;718;1;26,98,99,100,101,102,103,104,105,106,107,108,109,110,111,112,113,114,123,126,128,131,132,133,134,135,137,138,140,172,173,174,175,176,177,178,179,190,256,257,258,259,260,261,262,296,310,311,312,313,314,315,316,317,318,369,370,371,372,373,374,375,376,377,378,379,380,381,382,383,384,400,401,402,448,449,450,451,452,453,
217;0;718;878;1;26,98,99,100,101,102,103,104,105,106,107,108,109,110,111,112,113,114,123,126,128,131,132,133,134,135,137,138,140,172,173,174,175,176,177,178,179,190,256,257,258,259,260,261,262,296,310,311,312,313,314,315,316,317,318,369,370,371,372,373,374,375,376,377,378,379,380,381,382,383,384,400,401,402,448,449,450,451,452,453,
217;1;878;970;1;26,98,99,100,101,102,103,104,105,106,107,108,109,110,111,112,113,114,123,126,128,131,132,133,134,135,137,138,140,172,173,174,175,176,177,178,179,190,256,257,258,259,260,261,262,296,310,311,312,313,314,315,316,317,318,369,370,371,372,373,374,375,376,377,378,379,380,381,382,383,384,400,401,402,448,449,450,451,452,453,
53;0;970;1002;1;26,98,99,100,101,102,103,104,105,106,107,108,109,110,111,112,113,114,123,126,128,131,132,133,134,135,137,138,140,172,173,174,175,176,177,178,179,190,256,257,258,259,260,261,262,296,310,311,312,313,314,315,316,317,318,369,370,371,372,373,374,375,376,377,378,379,380,381,382,383,384,400,401,402,448,449,450,451,452,453,
53;1;1002;1162;1;26,98,99,100,101,102,103,104,105,106,107,108,109,110,111,112,113,114,123,126,128,131,132,133,134,135,137,138,140,172,173,174,175,176,177,178,179,190,256,257,258,259,260,261,262,296,310,311,312,313,314,315,316,317,318,369,370,371,372,373,374,375,376,377,378,379,380,381,382,383,384,400,401,402,448,449,450,451,452,453,
136;0;1162;1186;1;26,98,99,100,101,102,103,104,105,106,107,108,109,110,111,112,113,114,123,126,128,131,132,133,134,135,137,138,140,172,173,174,175,176,177,178,179,190,256,257,258,259,260,261,262,296,310,311,312,313,314,315,316,317,318,369,370,371,372,373,374,375,376,377,378,379,380,381,382,383,384,400,401,402,448,449,450,451,452,453,
104;0;1186;1278;1;26,98,99,100,101,102,103,104,105,106,107,108,109,110,111,112,113,114,123,126,128,131,132,133,134,135,137,138,140,172,173,174,175,176,177,178,179,190,256,257,258,259,260,261,262,296,310,311,312,313,314,315,316,317,318,369,370,371,372,373,374,375,376,377,378,379,380,381,382,383,384,400,401,402,448,449,450,451,452,453,
113;0;1278;1338;1;26,98,99,100,101,102,103,104,105,106,107,108,109,110,111,112,113,114,123,126,128,131,132,133,134,135,137,138,140,172,173,174,175,176,177,178,179,190,256,257,258,259,260,261,262,296,310,311,312,313,314,315,316,317,318,369,370,371,372,373,374,375,376,377,378,379,380,381,382,383,384,400,401,402,448,449,450,451,452,453,
113;1;1338;1430;1;26,98,99,100,101,102,103,104,105,106,107,108,109,110,111,112,113,114,123,126,128,131,132,133,134,135,137,138,140,172,173,174,175,176,177,178,179,190,256,257,258,259,260,261,262,296,310,311,312,313,314,315,316,317,318,369,370,371,372,373,374,375,376,377,378,379,380,381,382,383,384,400,401,402,448,449,450,451,452,453,
68;0;1430;1590;1;26,98,99,100,101,102,103,104,105,106,107,108,109,110,111,112,113,114,123,126,128,131,132,133,134,135,137,138,140,172,173,174,175,176,177,178,179,190,256,257,258,259,260,261,262,296,310,311,312,313,314,315,316,317,318,369,370,371,372,373,374,375,376,377,378,379,380,381,382,383,384,400,401,402,448,449,450,451,452,453,
246;0;1590;1631;0;26,98,99,100,101,102,103,104,105,106,107,108,109,110,111,112,113,114,123,126,128,131,132,133,134,135,137,138,140,172,173,174,175,176,177,178,179,190,256,257,258,259,260,261,262,296,310,311,312,313,314,315,316,317,318,369,370,371,372,373,374,375,376,377,378,379,380,381,382,383,384,400,401,402,448,449,450,451,452,453,
198;0;1631;1635;0;26,98,99,100,101,102,103,104,105,106,107,108,109,110,111,112,113,114,123,126,128,131,132,133,134,135,137,138,140,172,173,174,175,176,177,178,179,190,256,257,258,259,260,261,262,296,310,311,312,313,314,315,316,317,318,369,370,371,372,373,374,375,376,377,378,379,380,381,382,383,384,400,401,402,448,449,450,451,452,453,
21;0;1635;1723;1;26,98,99,100,101,102,103,104,105,106,107,108,109,110,111,112,113,114,123,126,128,131,132,133,134,135,137,138,140,172,173,174,175,176,177,178,179,190,256,257,258,259,260,261,262,296,310,311,312,313,314,315,316,317,318,369,370,371,372,373,374,375,376,377,378,379,380,381,382,383,384,400,401,402,448,449,450,451,452,453,
21;1;1723;1829;1;26,98,99,100,101,102,103,104,105,106,107,108,109,110,111,112,113,114,123,126,128,131,132,133,134,135,137,138,140,172,173,174,175,176,177,178,179,190,256,257,258,259,260,261,262,296,310,311,312,313,314,315,316,317,318,369,370,371,372,373,374,375,376,377,378,379,380,381,382,383,384,400,401,402,448,449,450,451,452,453,
197;0;1829;1980;1;26,98,99,100,101,102,103,104,105,106,107,108,109,110,111,112,113,114,123,126,128,131,132,133,134,135,137,138,140,172,173,174,175,176,177,178,179,190,256,257,258,259,260,261,262,296,310,311,312,313,314,315,316,317,318,369,370,371,372,373,374,375,376,377,378,379,380,381,382,383,384,400,401,402,448,449,450,451,452,453,
197;1;1980;2097;1;26,98,99,100,101,102,103,104,105,106,107,108,109,110,111,112,113,114,123,126,128,131,132,133,134,135,137,138,140,172,173,174,175,176,177,178,179,190,256,257,258,259,260,261,262,296,310,311,312,313,314,315,316,317,318,369,370,371,372,373,374,375,376,377,378,379,380,381,382,383,384,400,401,402,448,449,450,451,452,453,
48;0;2097;2244;1;26,46,47,48,49,55,56,57,58,59,60,61,62,63,64,65,66,67,68,69,70,71,72,73,74,75,76,77,78,79,80,98,99,110,111,112,123,126,128,131,132,133,134,135,137,138,140,172,173,174,175,176,177,178,179,190,205,212,256,257,258,259,260,261,262,296,306,307,308,309,312,332,333,334,335,371,382,400,401,402,
184;0;2244;2391;1;26,46,47,48,49,55,56,57,58,59,60,61,62,63,64,65,66,67,68,69,70,71,72,73,74,75,76,77,78,79,80,98,99,110,111,112,123,126,128,131,132,133,134,135,137,138,140,172,173,174,175,176,177,178,179,190,205,212,256,257,258,259,260,261,262,296,306,307,308,309,312,332,333,334,335,371,382,400,401,402,
64;0;2391;2402;1;26,46,47,48,49,55,56,57,58,59,60,61,62,63,64,65,66,67,68,69,70,71,72,73,74,75,76,77,78,79,80,98,99,110,111,112,123,126,128,131,132,133,134,135,137,138,140,172,173,174,175,176,177,178,179,190,205,212,256,257,258,259,260,261,262,296,306,307,308,309,312,332,333,334,335,371,382,400,401,402,
107;0;2402;2407;0;26,46,47,48,49,55,56,57,58,59,60,61,62,63,64,65,66,67,68,69,70,71,72,73,74,75,76,77,78,79,80,98,99,110,111,112,123,126,128,131,132,133,134,135,137,138,140,172,173,174,175,176,177,178,179,190,205,212,256,257,258,259,260,261,262,296,306,307,308,309,312,332,333,334,335,371,382,400,401,402,
107;1;2407;2521;0;26,46,47,48,49,55,56,57,58,59,60,61,62,63,64,65,66,67,68,69,70,71,72,73,74,75,76,77,78,79,80,98,99,110,111,112,123,126,128,131,132,133,134,135,137,138,140,172,173,174,175,176,177,178,179,190,205,212,256,257,258,259,260,261,262,296,306,307,308,309,312,332,333,334,335,371,382,400,401,402,
188;0;2521;2635;1;26,46,47,48,49,55,56,57,58,59,60,61,62,63,64,65,66,67,68,69,70,71,72,73,74,75,76,77,78,79,80,98,99,110,111,112,123,126,128,131,132,133,134,135,137,138,140,172,173,174,175,176,177,178,179,190,205,212,256,257,258,259,260,261,262,296,306,307,308,309,312,332,333,334,335,371,382,400,401,402,
124;0;2635;2785;1;26,46,47,48,49,55,56,57,58,59,60,61,62,63,64,65,66,67,68,69,70,71,72,73,74,75,76,77,78,79,80,98,99,110,111,112,123,126,128,131,132,133,134,135,137,138,140,172,173,174,175,176,177,178,179,190,205,212,256,257,258,259,260,261,262,296,306,307,308,309,312,332,333,334,335,371,382,400,401,402,
24;0;2785;2886;1;26,46,47,48,49,55,56,57,58,59,60,61,62,63,64,65,66,67,68,69,70,71,72,73,74,75,76,77,78,79,80,98,99,110,111,112,123,126,128,131,132,133,134,135,137,138,140,172,173,174,175,176,177,178,179,190,205,212,256,257,258,259,260,261,262,296,306,307,308,309,312,332,333,334,335,371,382,400,401,402,
165;0;2886;2969;1;26,46,47,48,49,55,56,57,58,59,60,61,62,63,64,65,66,67,68,69,70,71,72,73,74,75,76,77,78,79,80,98,99,110,111,112,123,126,128,131,132,133,134,135,137,138,140,172,173,174,175,176,177,178,179,190,205,212,256,257,258,259,260,261,262,296,306,307,308,309,312,332,333,334,335,371,382,400,401,402,
165;1;2969;2980;1;26,46,47,48,49,55,56,57,58,59,60,61,62,63,64,65,66,67,68,69,70,71,72,73,74,75,76,77,78,79,80,98,99,110,111,112,123,126,128,131,132,133,134,135,137,138,140,172,173,174,175,176,177,178,179,190,205,212,256,257,258,259,260,261,262,296,306,307,308,309,312,332,333,334,335,371,382,400,401,402,
97;0;2980;3072;1;26,46,47,48,49,55,56,57,58,59,60,61,62,63,64,65,66,67,68,69,70,71,72,73,74,75,76,77,78,79,80,98,99,110,111,112,123,126,128,131,132,133,134,135,137,138,140,172,173,174,175,176,177,178,179,190,205,212,256,257,258,259,260,261,262,296,306,307,308,309,312,332,333,334,335,371,382,400,401,402,
97;1;3072;3222;1;26,46,47,48,49,55,56,57,58,59,60,61,62,63,64,65,66,67,68,69,70,71,72,73,74,75,76,77,78,79,80,98,99,110,111,112,123,126,128,131,132,133,134,135,137,138,140,172,173,174,175,176,177,178,179,190,205,212,256,257,258,259,260,261,262,296,306,307,308,309,312,332,333,334,335,371,382,400,401,402,
119;0;3222;3275;0;26,46,47,48,49,55,56,57,58,59,60,61,62,63,64,65,66,67,68,69,70,71,72,73,74,75,76,77,78,79,80,98,99,110,111,112,123,126,128,131,132,133,134,135,137,138,140,172,173,174,175,176,177,178,179,190,205,212,256,257,258,259,260,261,262,296,306,307,308,309,312,332,333,334,335,371,382,400,401,402,
119;1;3275;3422;0;26,46,47,48,49,55,56,57,58,59,60,61,62,63,64,65,66,67,68,69,70,71,72,73,74,75,76,77,78,79,80,98,99,110,111,112,123,126,128,131,132,133,134,135,137,138,140,172,173,174,175,176,177,178,179,190,205,212,256,257,258,259,260,261,262,296,306,307,308,309,312,332,333,334,335,371,382,400,401,402,
5;0;3422;3508;1;26,46,47,48,49,55,56,57,58,59,60,61,62,63,64,65,66,67,68,69,70,71,72,73,74,75,76,77,78,79,80,98,99,110,111,112,123,126,128,131,132,133,134,135,137,138,140,172,173,174,175,176,177,178,179,190,205,212,256,257,258,259,260,261,262,296,306,307,308,309,312,332,333,334,335,371,382,400,401,402,
5;1;3508;3655;1;26,46,47,48,49,55,56,57,58,59,60,61,62,63,64,65,66,67,68,69,70,71,72,73,74,75,76,77,78,79,80,98,99,110,111,112,123,126,128,131,132,133,134,135,137,138,140,172,173,174,175,176,177,178,179,190,205,212,256,257,258,259,260,261,262,296,306,307,308,309,312,332,333,334,335,371,382,400,401,402,
112;0;3655;3805;1;26,46,47,48,49,55,56,57,58,59,60,61,62,63,64,65,66,67,68,69,70,71,72,73,74,75,76,77,78,79,80,98,99,110,111,112,123,126,128,131,132,133,134,135,137,138,140,172,173,174,175,176,177,178,179,190,205,212,256,257,258,259,260,261,262,296,306,307,308,309,312,332,333,334,335,371,382,400,401,402,
208;0;3805;3906;1;26,46,47,48,49,55,56,57,58,59,60,61,62,63,64,65,66,67,68,69,70,71,72,73,74,75,76,77,78,79,80,98,99,110,111,112,123,126,128,131,132,133,134,135,137,138,140,172,173,174,175,176,177,178,179,190,205,212,256,257,258,259,260,261,262,296,306,307,308,309,312,332,333,334,335,371,382,400,401,402,
57;0;3906;4080;1;26,46,47,48,49,55,56,57,58,59,60,61,62,63,64,65,66,67,68,69,70,71,72,73,74,75,76,77,78,79,80,98,99,110,111,112,123,126,128,131,132,133,134,135,137,138,140,172,173,174,175,176,177,178,179,190,205,212,256,257,258,259,260,261,262,296,306,307,308,309,312,332,333,334,335,371,382,400,401,402,
57;1;4080;4181;1;26,46,47,48,49,55,56,57,58,59,60,61,62,63,64,65,66,67,68,69,70,71,72,73,74,75,76,77,78,79,80,98,99,110,111,112,123,126,128,131,132,133,134,135,137,138,140,172,173,174,175,176,177,178,179,190,205,212,256,257,258,259,260,261,262,296,306,307,308,309,312,332,333,334,335,371,382,400,401,402,
17;0;4181;4342;1;26,46,47,48,49,55,56,57,58,59,60,61,62,63,64,65,66,67,68,69,70,71,72,73,74,75,76,77,78,79,80,98,99,110,111,112,123,126,128,131,132,133,134,135,137,138,140,172,173,174,175,176,177,178,179,190,205,212,256,257,258,259,260,261,262,296,306,307,308,309,312,332,333,334,335,371,382,400,401,402,
17;1;4342;4366;1;26,46,47,48,49,55,56,57,58,59,60,61,62,63,64,65,66,67,68,69,70,71,72,73,74,75,76,77,78,79,80,98,99,110,111,112,123,126,128,131,132,133,134,135,137,138,140,172,173,174,175,176,177,178,179,190,205,212,256,257,258,259,260,261,262,296,306,307,308,309,312,332,333,334,335,371,382,400,401,402,
229;0;4366;4518;1;26,46,47,48,49,55,56,57,58,59,60,61,62,63,64,65,66,67,68,69,70,71,72,73,74,75,76,77,78,79,80,98,99,110,111,112,123,126,128,131,132,133,134,135,137,138,140,172,173,174,175,176,177,178,179,190,205,212,256,257,258,259,260,261,262,296,306,307,308,309,312,332,333,334,335,371,382,400,401,402,
229;1;4518;4624;1;26,46,47,48,49,55,56,57,58,59,60,61,62,63,64,65,66,67,68,69,70,71,72,73,74,75,76,77,78,79,80,98,99,110,111,112,123,126,128,131,132,133,134,135,137,138,140,172,173,174,175,176,177,178,179,190,205,212,256,257,258,259,260,261,262,296,306,307,308,309,312,332,333,334,335,371,382,400,401,402,
145;0;4624;4764;1;26,46,47,48,49,55,56,57,58,59,60,61,62,63,64,65,66,67,68,69,70,71,72,73,74,75,76,77,78,79,80,98,99,110,111,112,123,126,128,131,132,133,134,135,137,138,140,172,173,174,175,176,177,178,179,190,205,212,256,257,258,259,260,261,262,296,306,307,308,309,312,332,333,334,335,371,382,400,401,402,
145;1;4764;4865;1;26,46,47,48,49,55,56,57,58,59,60,61,62,63,64,65,66,67,68,69,70,71,72,73,74,75,76,77,78,79,80,98,99,110,111,112,123,126,128,131,132,133,134,135,137,138,140,172,173,174,175,176,177,178,179,190,205,212,256,257,258,259,260,261,262,296,306,307,308,309,312,332,333,334,335,371,382,400,401,402,
215;0;4865;4912;0;26,46,47,48,49,52,53,54,69,89,98,110,111,112,115,123,126,128,129,131,132,172,173,174,175,176,177,178,179,190,205,212,250,264,269,271,274,282,287,288,292,299,306,307,308,309,312,332,333,334,335,345,346,347,348,349,350,351,352,353,354,355,356,357,358,359,360,361,362,371,382,400,401,402,536,603,604,605,606,607,
215;1;4912;5042;0;26,46,47,48,49,52,53,54,69,89,98,110,111,112,115,123,126,128,129,131,132,172,173,174,175,176,177,178,179,190,205,212,250,264,269,271,274,282,287,288,292,299,306,307,308,309,312,332,333,334,335,345,346,347,348,349,350,351,352,353,354,355,356,357,358,359,360,361,362,371,382,400,401,402,536,603,604,605,606,607,
201;0;5042;5056;1;26,46,47,48,49,52,53,54,69,89,98,110,111,112,115,123,126,128,129,131,132,172,173,174,175,176,177,178,179,190,205,212,250,264,269,271,274,282,287,288,292,299,306,307,308,309,312,332,333,334,335,345,346,347,348,349,350,351,352,353,354,355,356,357,358,359,360,361,362,371,382,400,401,402,536,603,604,605,606,607,
201;1;5056;5157;1;26,46,47,48,49,52,53,54,69,89,98,110,111,112,115,123,126,128,129,131,132,172,173,174,175,176,177,178,179,190,205,212,250,264,269,271,274,282,287,288,292,299,306,307,308,309,312,332,333,334,335,345,346,347,348,349,350,351,352,353,354,355,356,357,358,359,360,361,362,371,382,400,401,402,536,603,604,605,606,607,
44;0;5157;5287;1;26,46,47,48,49,52,53,54,69,89,98,110,111,112,115,123,126,128,129,131,132,172,173,174,175,176,177,178,179,190,205,212,250,264,269,271,274,282,287,288,292,299,306,307,308,309,312,332,333,334,335,345,346,347,348,349,350,351,352,353,354,355,356,357,358,359,360,361,362,371,382,400,401,402,536,603,604,605,606,607,
189;0;5287;5364;1;26,46,47,48,49,52,53,54,69,89,98,110,111,112,115,123,126,128,129,131,132,172,173,174,175,176,177,178,179,190,205,212,250,264,269,271,274,282,287,288,292,299,306,307,308,309,312,332,333,334,335,345,346,347,348,349,350,351,352,353,354,355,356,357,358,359,360,361,362,371,382,400,401,402,536,603,604,605,606,607,
189;1;5364;5417;1;26,46,47,48,49,52,53,54,69,89,98,110,111,112,115,123,126,128,129,131,132,172,173,174,175,176,177,178,179,190,205,212,250,264,269,271,274,282,287,288,292,299,306,307,308,309,312,332,333,334,335,345,346,347,348,349,350,351,352,353,354,355,356,357,358,359,360,361,362,371,382,400,401,402,536,603,604,605,606,607,
37;0;5417;5449;1;26,46,47,48,49,52,53,54,69,89,98,110,111,112,115,123,126,128,129,131,132,172,173,174,175,176,177,178,179,190,205,212,250,264,269,271,274,282,287,288,292,299,306,307,308,309,312,332,333,334,335,345,346,347,348,349,350,351,352,353,354,355,356,357,358,359,360,361,362,371,382,400,401,402,536,603,604,605,606,607,
37;1;5449;5465;1;26,46,47,48,49,52,53,54,69,89,98,110,111,112,115,123,126,128,129,131,132,172,173,174,175,176,177,178,179,190,205,212,250,264,269,271,274,282,287,288,292,299,306,307,308,309,312,332,333,334,335,345,346,347,348,349,350,351,352,353,354,355,356,357,358,359,360,361,362,371,382,400,401,402,536,603,604,605,606,607,
78;0;5465;5566;0;26,46,47,48,49,52,53,54,69,89,98,110,111,112,115,123,126,128,129,131,132,172,173,174,175,176,177,178,179,190,205,212,250,264,269,271,274,282,287,288,292,299,306,307,308,309,312,332,333,334,335,345,346,347,348,349,350,351,352,353,354,355,356,357,358,359,360,361,362,371,382,400,401,402,536,603,604,605,606,607,
224;0;5566;5582;1;26,46,47,48,49,52,53,54,69,89,98,110,111,112,115,123,126,128,129,131,132,172,173,174,175,176,177,178,179,190,205,212,250,264,269,271,274,282,287,288,292,299,306,307,308,309,312,332,333,334,335,345,346,347,348,349,350,351,352,353,354,355,356,357,358,359,360,361,362,371,382,400,401,402,536,603,604,605,606,607,
80;0;5582;5598;1;26,46,47,48,49,52,53,54,69,89,98,110,111,112,115,123,126,128,129,131,132,172,173,174,175,176,177,178,179,190,205,212,250,264,269,271,274,282,287,288,292,299,306,307,308,309,312,332,333,334,335,345,346,347,348,349,350,351,352,353,354,355,356,357,358,359,360,361,362,371,382,400,401,402,536,603,604,605,606,607,
47;0;5598;5639;0;26,46,47,48,49,52,53,54,69,89,98,110,111,112,115,123,126,128,129,131,132,172,173,174,175,176,177,178,179,190,205,212,250,264,269,271,274,282,287,288,292,299,306,307,308,309,312,332,333,334,335,345,346,347,348,349,350,351,352,353,354,355,356,357,358,359,360,361,362,371,382,400,401,402,536,603,604,605,606,607,
47;1;5639;5745;0;26,46,47,48,49,52,53,54,69,89,98,110,111,112,115,123,126,128,129,131,132,172,173,174,175,176,177,178,179,190,205,212,250,264,269,271,274,282,287,288,292,299,306,307,308,309,312,332,333,334,335,345,346,347,348,349,350,351,352,353,354,355,356,357,358,359,360,361,362,371,382,400,401,402,536,603,604,605,606,607,
195;0;5745;5860;0;26,46,47,48,49,52,53,54,69,89,98,110,111,112,115,123,126,128,129,131,132,172,173,174,175,176,177,178,179,190,205,212,250,264,269,271,274,282,287,288,292,299,306,307,308,309,312,332,333,334,335,345,346,347,348,349,350,351,352,353,354,355,356,357,358,359,360,361,362,371,382,400,401,402,536,603,604,605,606,607,
195;1;5860;5913;0;26,46,47,48,49,52,53,54,69,89,98,110,111,112,115,123,126,128,129,131,132,172,173,174,175,176,177,178,179,190,205,212,250,264,269,271,274,282,287,288,292,299,306,307,308,309,312,332,333,334,335,345,346,347,348,349,350,351,352,353,354,355,356,357,358,359,360,361,362,371,382,400,401,402,536,603,604,605,606,607,
231;0;5913;5973;0;26,46,47,48,49,52,53,54,69,89,98,110,111,112,115,123,126,128,129,131,132,172,173,174,175,176,177,178,179,190,205,212,250,264,269,271,274,282,287,288,292,299,306,307,308,309,312,332,333,334,335,345,346,347,348,349,350,351,352,353,354,355,356,357,358,359,360,361,362,371,382,400,401,402,536,603,604,605,606,607,
231;1;5973;6079;0;26,46,47,48,49,52,53,54,69,89,98,110,111,112,115,123,126,128,129,131,132,172,173,174,175,176,177,178,179,190,205,212,250,264,269,271,274,282,287,288,292,299,306,307,308,309,312,332,333,334,335,345,346,347,348,349,350,351,352,353,354,355,356,357,358,359,360,361,362,371,382,400,401,402,536,603,604,605,606,607,
33;0;6079;6128;1;26,46,47,48,49,52,53,54,69,89,98,110,111,112,115,123,126,128,129,131,132,172,173,174,175,176,177,178,179,190,205,212,250,264,269,271,274,282,287,288,292,299,306,307,308,309,312,332,333,334,335,345,346,347,348,349,350,351,352,353,354,355,356,357,358,359,360,361,362,371,382,400,401,402,536,603,604,605,606,607,
33;1;6128;6144;1;26,46,47,48,49,52,53,54,69,89,98,110,111,112,115,123,126,128,129,131,132,172,173,174,175,176,177,178,179,190,205,212,250,264,269,271,274,282,287,288,292,299,306,307,308,309,312,332,333,334,335,345,346,347,348,349,350,351,352,353,354,355,356,357,358,359,360,361,362,371,382,400,401,402,536,603,604,605,606,607,
205;0;6144;6196;1;26,46,47,48,49,52,53,54,69,89,98,110,111,112,115,123,126,128,129,131,132,172,173,174,175,176,177,178,179,190,205,212,250,264,269,271,274,282,287,288,292,299,306,307,308,309,312,332,333,334,335,345,346,347,348,349,350,351,352,353,354,355,356,357,358,359,360,361,362,371,382,400,401,402,536,603,604,605,606,607,
205;1;6196;6310;1;26,46,47,48,49,52,53,54,69,89,98,110,111,112,115,123,126,128,129,131,132,172,173,174,175,176,177,178,179,190,205,212,250,264,269,271,274,282,287,288,292,299,306,307,308,309,312,332,333,334,335,345,346,347,348,349,350,351,352,353,354,355,356,357,358,359,360,361,362,371,382,400,401,402,536,603,604,605,606,607,
212;0;6310;6424;1;26,46,47,48,49,52,53,54,69,89,98,110,111,112,115,123,126,128,129,131,132,172,173,174,175,176,177,178,179,190,205,212,250,264,269,271,274,282,287,288,292,299,306,307,308,309,312,332,333,334,335,345,346,347,348,349,350,351,352,353,354,355,356,357,358,359,360,361,362,371,382,400,401,402,536,603,604,605,606,607,
237;0;6424;6432;1;26,46,47,48,49,52,53,54,69,89,98,110,111,112,123,126,128,131,132,172,190,205,212,250,251,269,271,274,280,282,288,292,299,306,307,308,309,312,332,333,334,335,366,371,382,400,401,402,507,508,509,510,511,512,513,514,515,516,517,518,519,520,521,522,523,524,525,526,527,528,536,603,604,605,606,607,608,609,610,611,
237;1;6432;6600;1;26,46,47,48,49,52,53,54,69,89,98,110,111,112,123,126,128,131,132,172,190,205,212,250,251,269,271,274,280,282,288,292,299,306,307,308,309,312,332,333,334,335,366,371,382,400,401,402,507,508,509,510,511,512,513,514,515,516,517,518,519,520,521,522,523,524,525,526,527,528,536,603,604,605,606,607,608,609,610,611,
133;0;6600;6698;1;26,46,47,48,49,52,53,54,69,89,98,110,111,112,123,126,128,131,132,172,190,205,212,250,251,269,271,274,280,282,288,292,299,306,307,308,309,312,332,333,334,335,366,371,382,400,401,402,507,508,509,510,511,512,513,514,515,516,517,518,519,520,521,522,523,524,525,526,527,528,536,603,604,605,606,607,608,609,610,611,
133;1;6698;6866;1;26,46,47,48,49,52,53,54,69,89,98,110,111,112,123,126,128,131,132,172,190,205,212,250,251,269,271,274,280,282,288,292,299,306,307,308,309,312,332,333,334,335,366,371,382,400,401,402,507,508,509,510,511,512,513,514,515,516,517,518,519,520,521,522,523,524,525,526,527,528,536,603,604,605,606,607,608,609,610,611,
130;0;6866;6919;0;26,46,47,48,49,52,53,54,69,89,98,110,111,112,123,126,128,131,132,172,190,205,212,250,251,269,271,274,280,282,288,292,299,306,307,308,309,312,332,333,334,335,366,371,382,400,401,402,507,508,509,510,511,512,513,514,515,516,517,518,519,520,521,522,523,524,525,526,527,528,536,603,604,605,606,607,608,609,610,611,
81;0;6919;6965;1;26,46,47,48,49,52,53,54,69,89,98,110,111,112,123,126,128,131,132,172,190,205,212,250,251,269,271,274,280,282,288,292,299,306,307,308,309,312,332,333,334,335,366,371,382,400,401,402,507,508,509,510,511,512,513,514,515,516,517,518,519,520,521,522,523,524,525,526,527,528,536,603,604,605,606,607,608,609,610,611,
81;1;6965;7117;1;26,46,47,48,49,52,53,54,69,89,98,110,111,112,123,126,128,131,132,172,190,205,212,250,251,269,271,274,280,282,288,292,299,306,307,308,309,312,332,333,334,335,366,371,382,400,401,402,507,508,509,510,511,512,513,514,515,516,517,518,519,520,521,522,523,524,525,526,527,528,536,603,604,605,606,607,608,609,610,611,
4;0;7117;7247;1;26,46,47,48,49,52,53,54,69,89,98,110,111,112,123,126,128,131,132,172,190,205,212,250,251,269,271,274,280,282,288,292,299,306,307,308,309,312,332,333,334,335,366,371,382,400,401,402,507,508,509,510,511,512,513,514,515,516,517,518,519,520,521,522,523,524,525,526,527,528,536,603,604,605,606,607,608,609,610,611,
128;0;7247;7288;1;26,46,47,48,49,52,53,54,69,89,98,110,111,112,123,126,128,131,132,172,190,205,212,250,251,269,271,274,280,282,288,292,299,306,307,308,309,312,332,333,334,335,366,371,382,400,401,402,507,508,509,510,511,512,513,514,515,516,517,518,519,520,521,522,523,524,525,526,527,528,536,603,604,605,606,607,608,609,610,611,
182;0;7288;7341;0;26,46,47,48,49,52,53,54,69,89,98,110,111,112,123,126,128,131,132,172,190,205,212,250,251,269,271,274,280,282,288,292,299,306,307,308,309,312,332,333,334,335,366,371,382,400,401,402,507,508,509,510,511,512,513,514,515,516,517,518,519,520,521,522,523,524,525,526,527,528,536,603,604,605,606,607,608,609,610,611,
240;0;7341;7493;1;26,46,47,48,49,52,53,54,69,89,98,110,111,112,123,126,128,131,132,172,190,205,212,250,251,269,271,274,280,282,288,292,299,306,307,308,309,312,332,333,334,335,366,371,382,400,401,402,507,508,509,510,511,512,513,514,515,516,517,518,519,520,521,522,523,524,525,526,527,528,536,603,604,605,606,607,608,609,610,611,
216;0;7493;7497;1;26,46,47,48,49,52,53,54,69,89,98,110,111,112,123,126,128,131,132,172,190,205,212,250,251,269,271,274,280,282,288,292,299,306,307,308,309,312,332,333,334,335,366,371,382,400,401,402,507,508,509,510,511,512,513,514,515,516,517,518,519,520,521,522,523,524,525,526,527,528,536,603,604,605,606,607,608,609,610,611,
173;0;7497;7536;1;26,46,47,48,49,52,53,54,69,89,98,110,111,112,123,126,128,131,132,172,190,205,212,250,251,269,271,274,280,282,288,292,299,306,307,308,309,312,332,333,334,335,366,371,382,400,401,402,507,508,509,510,511,512,513,514,515,516,517,518,519,520,521,522,523,524,525,526,527,528,536,603,604,605,606,607,608,609,610,611,
173;1;7536;7577;1;26,46,47,48,49,52,53,54,69,89,98,110,111,112,123,126,128,131,132,172,190,205,212,250,251,269,271,274,280,282,288,292,299,306,307,308,309,312,332,333,334,335,366,371,382,400,401,402,507,508,509,510,511,512,513,514,515,516,517,518,519,520,521,522,523,524,525,526,527,528,536,603,604,605,606,607,608,609,610,611,
157;0;7577;7660;1;26,46,47,48,49,52,53,54,69,89,98,110,111,112,123,126,128,131,132,172,190,205,212,250,251,269,271,274,280,282,288,292,299,306,307,308,309,312,332,333,334,335,366,371,382,400,401,402,507,508,509,510,511,512,513,514,515,516,517,518,519,520,521,522,523,524,525,526,527,528,536,603,604,605,606,607,608,609,610,611,
157;1;7660;7713;1;26,46,47,48,49,52,53,54,69,89,98,110,111,112,123,126,128,131,132,172,190,205,212,250,251,269,271,274,280,282,288,292,299,306,307,308,309,312,332,333,334,335,366,371,382,400,401,402,507,508,509,510,511,512,513,514,515,516,517,518,519,520,521,522,523,524,525,526,527,528,536,603,604,605,606,607,608,609,610,611,
108;0;7713;7865;1;26,46,47,48,49,52,53,54,69,89,98,110,111,112,123,126,128,131,132,172,190,205,212,250,251,269,271,274,280,282,288,292,299,306,307,308,309,312,332,333,334,335,366,371,382,400,401,402,507,508,509,510,511,512,513,514,515,516,517,518,519,520,521,522,523,524,525,526,527,528,536,603,604,605,606,607,608,609,610,611,
29;0;7865;7885;1;4,5,14,16,46,47,48,49,52,53,54,86,89,98,110,111,123,126,128,131,132,172,180,190,205,212,265,269,271,272,274,275,288,292,294,299,306,307,308,309,322,323,324,325,326,327,328,329,330,331,332,333,334,335,337,366,371,382,390,391,392,393,394,395,396,397,398,399,400,401,402,422,458,572,573,574,575,576,577,578,
29;1;7885;8050;1;4,5,14,16,46,47,48,49,52,53,54,86,89,98,110,111,123,126,128,131,132,172,180,190,205,212,265,269,271,272,274,275,288,292,294,299,306,307,308,309,322,323,324,325,326,327,328,329,330,331,332,333,334,335,337,366,371,382,390,391,392,393,394,395,396,397,398,399,400,401,402,422,458,572,573,574,575,576,577,578,
40;0;8050;8163;1;4,5,14,16,46,47,48,49,52,53,54,86,89,98,110,111,123,126,128,131,132,172,180,190,205,212,265,269,271,272,274,275,288,292,294,299,306,307,308,309,322,323,324,325,326,327,328,329,330,331,332,333,334,335,337,366,371,382,390,391,392,393,394,395,396,397,398,399,400,401,402,422,458,572,573,574,575,576,577,578,
131;0;8163;8202;0;4,5,14,16,46,47,48,49,52,53,54,86,89,98,110,111,123,126,128,131,132,172,180,190,205,212,265,269,271,272,274,275,288,292,294,299,306,307,308,309,322,323,324,325,326,327,328,329,330,331,332,333,334,335,337,366,371,382,390,391,392,393,394,395,396,397,398,399,400,401,402,422,458,572,573,574,575,576,577,578,
131;1;8202;8332;0;4,5,14,16,46,47,48,49,52,53,54,86,89,98,110,111,123,126,128,131,132,172,180,190,205,212,265,269,271,272,274,275,288,292,294,299,306,307,308,309,322,323,324,325,326,327,328,329,330,331,332,333,334,335,337,366,371,382,390,391,392,393,394,395,396,397,398,399,400,401,402,422,458,572,573,574,575,576,577,578,
45;0;8332;8410;1;4,5,14,16,46,47,48,49,52,53,54,86,89,98,110,111,123,126,128,131,132,172,180,190,205,212,265,269,271,272,274,275,288,292,294,299,306,307,308,309,322,323,324,325,326,327,328,329,330,331,332,333,334,335,337,366,371,382,390,391,392,393,394,395,396,397,398,399,400,401,402,422,458,572,573,574,575,576,577,578,
45;1;8410;8523;1;4,5,14,16,46,47,48,49,52,53,54,86,89,98,110,111,123,126,128,131,132,172,180,190,205,212,265,269,271,272,274,275,288,292,294,299,306,307,308,309,322,323,324,325,326,327,328,329,330,331,332,333,334,335,337,366,371,382,390,391,392,393,394,395,396,397,398,399,400,401,402,422,458,572,573,574,575,576,577,578,
161;0;8523;8684;1;4,5,14,16,46,47,48,49,52,53,54,86,89,98,110,111,123,126,128,131,132,172,180,190,205,212,265,269,271,272,274,275,288,292,294,299,306,307,308,309,322,323,324,325,326,327,328,329,330,331,332,333,334,335,337,366,371,382,390,391,392,393,394,395,396,397,398,399,400,401,402,422,458,572,573,574,575,576,577,578,
161;1;8684;8745;1;4,5,14,16,46,47,48,49,52,53,54,86,89,98,110,111,123,126,128,131,132,172,180,190,205,212,265,269,271,272,274,275,288,292,294,299,306,307,308,309,322,323,324,325,326,327,328,329,330,331,332,333,334,335,337,366,371,382,390,391,392,393,394,395,396,397,398,399,400,401,402,422,458,572,573,574,575,576,577,578,
234;0;8745;8846;0;4,5,14,16,46,47,48,49,52,53,54,86,89,98,110,111,123,126,128,131,132,172,180,190,205,212,265,269,271,272,274,275,288,292,294,299,306,307,308,309,322,323,324,325,326,327,328,329,330,331,332,333,334,335,337,366,371,382,390,391,392,393,394,395,396,397,398,399,400,401,402,422,458,572,573,574,575,576,577,578,
25;0;8846;8956;1;4,5,14,16,46,47,48,49,52,53,54,86,89,98,110,111,123,126,128,131,132,172,180,190,205,212,265,269,271,272,274,275,288,292,294,299,306,307,308,309,322,323,324,325,326,327,328,329,330,331,332,333,334,335,337,366,371,382,390,391,392,393,394,395,396,397,398,399,400,401,402,422,458,572,573,574,575,576,577,578,
25;1;8956;9086;1;4,5,14,16,46,47,48,49,52,53,54,86,89,98,110,111,123,126,128,131,132,172,180,190,205,212,265,269,271,272,274,275,288,292,294,299,306,307,308,309,322,323,324,325,326,327,328,329,330,331,332,333,334,335,337,366,371,382,390,391,392,393,394,395,396,397,398,399,400,401,402,422,458,572,573,574,575,576,577,578,
2;0;9086;9097;1;4,5,14,16,46,47,48,49,52,53,54,86,89,98,110,111,123,126,128,131,132,172,180,190,205,212,265,269,271,272,274,275,288,292,294,299,306,307,308,309,322,323,324,325,326,327,328,329,330,331,332,333,334,335,337,366,371,382,390,391,392,393,394,395,396,397,398,399,400,401,402,422,458,572,573,574,575,576,577,578,
12;0;9097;9138;1;4,5,14,16,46,47,48,49,52,53,54,86,89,98,110,111,123,126,128,131,132,172,180,190,205,212,265,269,271,272,274,275,288,292,294,299,306,307,308,309,322,323,324,325,326,327,328,329,330,331,332,333,334,335,337,366,371,382,390,391,392,393,394,395,396,397,398,399,400,401,402,422,458,572,573,574,575,576,577,578,
88;0;9138;9251;1;4,5,14,16,46,47,48,49,52,53,54,86,89,98,110,111,123,126,128,131,132,172,180,190,205,212,265,269,271,272,274,275,288,292,294,299,306,307,308,309,322,323,324,325,326,327,328,329,330,331,332,333,334,335,337,366,371,382,390,391,392,393,394,395,396,397,398,399,400,401,402,422,458,572,573,574,575,576,577,578,
181;0;9251;9357;1;4,5,14,16,46,47,48,49,86,89,98,126,127,128,180,190,205,212,265,269,271,272,275,288,292,294,299,337,371,382,390,391,392,393,394,395,396,397,398,399,400,401,402,422,458,558,572,573,574,575,576,577,578,579,580,581,582,583,584,585,586,587,588,589,590,591,592,593,594,595,596,597,598,599,600,601,602,612,613,614,
181;1;9357;9470;1;4,5,14,16,46,47,48,49,86,89,98,126,127,128,180,190,205,212,265,269,271,272,275,288,292,294,299,337,371,382,390,391,392,393,394,395,396,397,398,399,400,401,402,422,458,558,572,573,574,575,576,577,578,579,580,581,582,583,584,585,586,587,588,589,590,591,592,593,594,595,596,597,598,599,600,601,602,612,613,614,
41;0;9470;9563;1;4,5,14,16,46,47,48,49,86,89,98,126,127,128,180,190,205,212,265,269,271,272,275,288,292,294,299,337,371,382,390,391,392,393,394,395,396,397,398,399,400,401,402,422,458,558,572,573,574,575,576,577,578,579,580,581,582,583,584,585,586,587,588,589,590,591,592,593,594,595,596,597,598,599,600,601,602,612,613,614,
41;1;9563;9567;1;4,5,14,16,46,47,48,49,86,89,98,126,127,128,180,190,205,212,265,269,271,272,275,288,292,294,299,337,371,382,390,391,392,393,394,395,396,397,398,399,400,401,402,422,458,558,572,573,574,575,576,577,578,579,580,581,582,583,584,585,586,587,588,589,590,591,592,593,594,595,596,597,598,599,600,601,602,612,613,614,
118;0;9567;9628;0;4,5,14,16,46,47,48,49,86,89,98,126,127,128,180,190,205,212,265,269,271,272,275,288,292,294,299,337,371,382,390,391,392,393,394,395,396,397,398,399,400,401,402,422,458,558,572,573,574,575,576,577,578,579,580,581,582,583,584,585,586,587,588,589,590,591,592,593,594,595,596,597,598,599,600,601,602,612,613,614,
121;0;9628;9667;1;4,5,14,16,46,47,48,49,86,89,98,126,127,128,180,190,205,212,265,269,271,272,275,288,292,294,299,337,371,382,390,391,392,393,394,395,396,397,398,399,400,401,402,422,458,558,572,573,574,575,576,577,578,579,580,581,582,583,584,585,586,587,588,589,590,591,592,593,594,595,596,597,598,599,600,601,602,612,613,614,
121;1;9667;9845;1;4,5,14,16,46,47,48,49,86,89,98,126,127,128,180,190,205,212,265,269,271,272,275,288,292,294,299,337,371,382,390,391,392,393,394,395,396,397,398,399,400,401,402,422,458,558,572,573,574,575,576,577,578,579,580,581,582,583,584,585,586,587,588,589,590,591,592,593,594,595,596,597,598,599,600,601,602,612,613,614,
221;0;9845;10003;1;4,5,14,16,46,47,48,49,86,89,98,126,127,128,180,190,205,212,265,269,271,272,275,288,292,294,299,337,371,382,390,391,392,393,394,395,396,397,398,399,400,401,402,422,458,558,572,573,574,575,576,577,578,579,580,581,582,583,584,585,586,587,588,589,590,591,592,593,594,595,596,597,598,599,600,601,602,612,613,614,
221;1;10003;10021;1;4,5,14,16,46,47,48,49,86,89,98,126,127,128,180,190,205,212,265,269,271,272,275,288,292,294,299,337,371,382,390,391,392,393,394,395,396,397,398,399,400,401,402,422,458,558,572,573,574,575,576,577,578,579,580,581,582,583,584,585,586,587,588,589,590,591,592,593,594,595,596,597,598,599,600,601,602,612,613,614,
117;0;10021;10054;1;4,5,14,16,46,47,48,49,86,89,98,126,127,128,180,190,205,212,265,269,271,272,275,288,292,294,299,337,371,382,390,391,392,393,394,395,396,397,398,399,400,401,402,422,458,558,572,573,574,575,576,577,578,579,580,581,582,583,584,585,586,587,588,589,590,591,592,593,594,595,596,597,598,599,600,601,602,612,613,614,
117;1;10054;10065;1;4,5,14,16,46,47,48,49,86,89,98,126,127,128,180,190,205,212,265,269,271,272,275,288,292,294,299,337,371,382,390,391,392,393,394,395,396,397,398,399,400,401,402,422,458,558,572,573,574,575,576,577,578,579,580,581,582,583,584,585,586,587,588,589,590,591,592,593,594,595,596,597,598,599,600,601,602,612,613,614,
Machine: 1
61;0;0;91;1;12,26,46,47,48,49,50,51,53,98,111,123,128,131,132,133,134,135,136,137,138,139,172,189,269,271,272,282,288,294,318,319,320,321,323,363,369,370,371,372,373,374,375,376,377,378,379,380,381,382,383,384,427,480,481,482,483,484,485,486,487,488,489,490,491,492,493,494,495,496,497,498,499,500,501,502,503,504,505,506,
61;1;91;132;1;12,26,46,47,48,49,50,51,53,98,111,123,128,131,132,133,134,135,136,137,138,139,172,189,269,271,272,282,288,294,318,319,320,321,323,363,369,370,371,372,373,374,375,376,377,378,379,380,381,382,383,384,427,480,481,482,483,484,485,486,487,488,489,490,491,492,493,494,495,496,497,498,499,500,501,502,503,504,505,506,
75;0;132;242;0;12,26,46,47,48,49,50,51,53,98,111,123,128,131,132,133,134,135,136,137,138,139,172,189,269,271,272,282,288,294,318,319,320,321,323,363,369,370,371,372,373,374,375,376,377,378,379,380,381,382,383,384,427,480,481,482,483,484,485,486,487,488,489,490,491,492,493,494,495,496,497,498,499,500,501,502,503,504,505,506,
75;1;242;253;0;12,26,46,47,48,49,50,51,53,98,111,123,128,131,132,133,134,135,136,137,138,139,172,189,269,271,272,282,288,294,318,319,320,321,323,363,369,370,371,372,373,374,375,376,377,378,379,380,381,382,383,384,427,480,481,482,483,484,485,486,487,488,489,490,491,492,493,494,495,496,497,498,499,500,501,502,503,504,505,506,
187;0;253;273;0;12,26,46,47,48,49,50,51,53,98,111,123,128,131,132,133,134,135,136,137,138,139,172,189,269,271,272,282,288,294,318,319,320,321,323,363,369,370,371,372,373,374,375,376,377,378,379,380,381,382,383,384,427,480,481,482,483,484,485,486,487,488,489,490,491,492,493,494,495,496,497,498,499,500,501,502,503,504,505,506,
187;1;273;447;0;12,26,46,47,48,49,50,51,53,98,111,123,128,131,132,133,134,135,136,137,138,139,172,189,269,271,272,282,288,294,318,319,320,321,323,363,369,370,371,372,373,374,375,376,377,378,379,380,381,382,383,384,427,480,481,482,483,484,485,486,487,488,489,490,491,492,493,494,495,496,497,498,499,500,501,502,503,504,505,506,
125;0;447;571;1;12,26,46,47,48,49,50,51,53,98,111,123,128,131,132,133,134,135,136,137,138,139,172,189,269,271,272,282,288,294,318,319,320,321,323,363,369,370,371,372,373,374,375,376,377,378,379,380,381,382,383,384,427,480,481,482,483,484,485,486,487,488,489,490,491,492,493,494,495,496,497,498,499,500,501,502,503,504,505,506,
125;1;571;745;1;12,26,46,47,48,49,50,51,53,98,111,123,128,131,132,133,134,135,136,137,138,139,172,189,269,271,272,282,288,294,318,319,320,321,323,363,369,370,371,372,373,374,375,376,377,378,379,380,381,382,383,384,427,480,481,482,483,484,485,486,487,488,489,490,491,492,493,494,495,496,497,498,499,500,501,502,503,504,505,506,
77;0;745;913;1;12,26,46,47,48,49,50,51,53,98,111,123,128,131,132,133,134,135,136,137,138,139,172,189,269,271,272,282,288,294,318,319,320,321,323,363,369,370,371,372,373,374,375,376,377,378,379,380,381,382,383,384,427,480,481,482,483,484,485,486,487,488,489,490,491,492,493,494,495,496,497,498,499,500,501,502,503,504,505,506,
77;1;913;932;1;12,26,46,47,48,49,50,51,53,98,111,123,128,131,132,133,134,135,136,137,138,139,172,189,269,271,272,282,288,294,318,319,320,321,323,363,369,370,371,372,373,374,375,376,377,378,379,380,381,382,383,384,427,480,481,482,483,484,485,486,487,488,489,490,491,492,493,494,495,496,497,498,499,500,501,502,503,504,505,506,
162;0;932;951;0;12,26,46,47,48,49,50,51,53,98,111,123,128,131,132,133,134,135,136,137,138,139,172,189,269,271,272,282,288,294,318,319,320,321,323,363,369,370,371,372,373,374,375,376,377,378,379,380,381,382,383,384,427,480,481,482,483,484,485,486,487,488,489,490,491,492,493,494,495,496,497,498,499,500,501,502,503,504,505,506,
35;0;951;995;0;12,26,46,47,48,49,50,51,53,98,111,123,128,131,132,133,134,135,136,137,138,139,172,189,269,271,272,282,288,294,318,319,320,321,323,363,369,370,371,372,373,374,375,376,377,378,379,380,381,382,383,384,427,480,481,482,483,484,485,486,487,488,489,490,491,492,493,494,495,496,497,498,499,500,501,502,503,504,505,506,
35;1;995;1087;0;12,26,46,47,48,49,50,51,53,98,111,123,128,131,132,133,134,135,136,137,138,139,172,189,269,271,272,282,288,294,318,319,320,321,323,363,369,370,371,372,373,374,375,376,377,378,379,380,381,382,383,384,427,480,481,482,483,484,485,486,487,488,489,490,491,492,493,494,495,496,497,498,499,500,501,502,503,504,505,506,
71;0;1087;1135;0;12,26,46,47,48,49,50,51,53,98,111,123,128,131,132,133,134,135,136,137,138,139,172,189,269,271,272,282,288,294,318,319,320,321,323,363,369,370,371,372,373,374,375,376,377,378,379,380,381,382,383,384,427,480,481,482,483,484,485,486,487,488,489,490,491,492,493,494,495,496,497,498,499,500,501,502,503,504,505,506,
71;1;1135;1146;0;12,26,46,47,48,49,50,51,53,98,111,123,128,131,132,133,134,135,136,137,138,139,172,189,269,271,272,282,288,294,318,319,320,321,323,363,369,370,371,372,373,374,375,376,377,378,379,380,381,382,383,384,427,480,481,482,483,484,485,486,487,488,489,490,491,492,493,494,495,496,497,498,499,500,501,502,503,504,505,506,
226;0;1146;1174;0;12,26,46,47,48,49,50,51,53,98,111,123,128,131,132,133,134,135,136,137,138,139,172,189,269,271,272,282,288,294,318,319,320,321,323,363,369,370,371,372,373,374,375,376,377,378,379,380,381,382,383,384,427,480,481,482,483,484,485,486,487,488,489,490,491,492,493,494,495,496,497,498,499,500,501,502,503,504,505,506,
99;0;1174;1211;0;12,26,46,47,48,49,50,51,53,98,111,123,128,131,132,133,134,135,136,137,138,139,172,189,269,271,272,282,288,294,318,319,320,321,323,363,369,370,371,372,373,374,375,376,377,378,379,380,381,382,383,384,427,480,481,482,483,484,485,486,487,488,489,490,491,492,493,494,495,496,497,498,499,500,501,502,503,504,505,506,
99;1;1211;1303;0;12,26,46,47,48,49,50,51,53,98,111,123,128,131,132,133,134,135,136,137,138,139,172,189,269,271,272,282,288,294,318,319,320,321,323,363,369,370,371,372,373,374,375,376,377,378,379,380,381,382,383,384,427,480,481,482,483,484,485,486,487,488,489,490,491,492,493,494,495,496,497,498,499,500,501,502,503,504,505,506,
168;0;1303;1322;1;12,26,46,47,48,49,50,51,53,98,111,123,128,131,132,133,134,135,136,137,138,139,172,189,269,271,272,282,288,294,318,319,320,321,323,363,369,370,371,372,373,374,375,376,377,378,379,380,381,382,383,384,427,480,481,482,483,484,485,486,487,488,489,490,491,492,493,494,495,496,497,498,499,500,501,502,503,504,505,506,
235;0;1322;1338;0;12,26,46,47,48,49,50,51,53,98,111,123,128,131,132,133,134,135,136,137,138,139,172,189,269,271,272,282,288,294,318,319,320,321,323,363,369,370,371,372,373,374,375,376,377,378,379,380,381,382,383,384,427,480,481,482,483,484,485,486,487,488,489,490,491,492,493,494,495,496,497,498,499,500,501,502,503,504,505,506,
235;1;1338;1357;0;12,26,46,47,48,49,50,51,53,98,111,123,128,131,132,133,134,135,136,137,138,139,172,189,269,271,272,282,288,294,318,319,320,321,323,363,369,370,371,372,373,374,375,376,377,378,379,380,381,382,383,384,427,480,481,482,483,484,485,486,487,488,489,490,491,492,493,494,495,496,497,498,499,500,501,502,503,504,505,506,
19;0;1357;1458;0;12,26,46,47,48,49,50,51,53,98,111,123,128,131,132,133,134,135,136,137,138,139,172,189,269,271,272,282,288,294,318,319,320,321,323,363,369,370,371,372,373,374,375,376,377,378,379,380,381,382,383,384,427,480,481,482,483,484,485,486,487,488,489,490,491,492,493,494,495,496,497,498,499,500,501,502,503,504,505,506,
19;1;1458;1469;0;12,26,46,47,48,49,50,51,53,98,111,123,128,131,132,133,134,135,136,137,138,139,172,189,269,271,272,282,288,294,318,319,320,321,323,363,369,370,371,372,373,374,375,376,377,378,379,380,381,382,383,384,427,480,481,482,483,484,485,486,487,488,489,490,491,492,493,494,495,496,497,498,499,500,501,502,503,504,505,506,
207;0;1469;1560;0;12,26,46,47,48,49,50,51,53,98,111,123,128,131,132,133,134,135,136,137,138,139,140,141,142,143,144,145,146,147,148,149,150,151,152,153,154,155,156,157,158,159,160,161,162,163,164,165,172,189,272,282,288,318,323,363,369,370,371,372,373,374,375,376,377,378,379,380,381,382,383,384,480,481,482,483,484,485,486,487,
207;1;1560;1634;0;12,26,46,47,48,49,50,51,53,98,111,123,128,131,132,133,134,135,136,137,138,139,140,141,142,143,144,145,146,147,148,149,150,151,152,153,154,155,156,157,158,159,160,161,162,163,164,165,172,189,272,282,288,318,323,363,369,370,371,372,373,374,375,376,377,378,379,380,381,382,383,384,480,481,482,483,484,485,486,487,
141;0;1634;1687;1;12,26,46,47,48,49,50,51,53,98,111,123,128,131,132,133,134,135,136,137,138,139,140,141,142,143,144,145,146,147,148,149,150,151,152,153,154,155,156,157,158,159,160,161,162,163,164,165,172,189,272,282,288,318,323,363,369,370,371,372,373,374,375,376,377,378,379,380,381,382,383,384,480,481,482,483,484,485,486,487,
141;1;1687;1761;1;12,26,46,47,48,49,50,51,53,98,111,123,128,131,132,133,134,135,136,137,138,139,140,141,142,143,144,145,146,147,148,149,150,151,152,153,154,155,156,157,158,159,160,161,162,163,164,165,172,189,272,282,288,318,323,363,369,370,371,372,373,374,375,376,377,378,379,380,381,382,383,384,480,481,482,483,484,485,486,487,
149;0;1761;1862;1;12,26,46,47,48,49,50,51,53,98,111,123,128,131,132,133,134,135,136,137,138,139,140,141,142,143,144,145,146,147,148,149,150,151,152,153,154,155,156,157,158,159,160,161,162,163,164,165,172,189,272,282,288,318,323,363,369,370,371,372,373,374,375,376,377,378,379,380,381,382,383,384,480,481,482,483,484,485,486,487,
149;1;1862;1954;1;12,26,46,47,48,49,50,51,53,98,111,123,128,131,132,133,134,135,136,137,138,139,140,141,142,143,144,145,146,147,148,149,150,151,152,153,154,155,156,157,158,159,160,161,162,163,164,165,172,189,272,282,288,318,323,363,369,370,371,372,373,374,375,376,377,378,379,380,381,382,383,384,480,481,482,483,484,485,486,487,
84;0;1954;1965;1;12,26,46,47,48,49,50,51,53,98,111,123,128,131,132,133,134,135,136,137,138,139,140,141,142,143,144,145,146,147,148,149,150,151,152,153,154,155,156,157,158,159,160,161,162,163,164,165,172,189,272,282,288,318,323,363,369,370,371,372,373,374,375,376,377,378,379,380,381,382,383,384,480,481,482,483,484,485,486,487,
9;0;1965;2025;1;12,26,46,47,48,49,50,51,53,98,111,123,128,131,132,133,134,135,136,137,138,139,140,141,142,143,144,145,146,147,148,149,150,151,152,153,154,155,156,157,158,159,160,161,162,163,164,165,172,189,272,282,288,318,323,363,369,370,371,372,373,374,375,376,377,378,379,380,381,382,383,384,480,481,482,483,484,485,486,487,
9;1;2025;2099;1;12,26,46,47,48,49,50,51,53,98,111,123,128,131,132,133,134,135,136,137,138,139,140,141,142,143,144,145,146,147,148,149,150,151,152,153,154,155,156,157,158,159,160,161,162,163,164,165,172,189,272,282,288,318,323,363,369,370,371,372,373,374,375,376,377,378,379,380,381,382,383,384,480,481,482,483,484,485,486,487,
60;0;2099;2205;1;12,26,46,47,48,49,50,51,53,98,99,100,101,102,103,104,105,106,107,108,109,110,111,112,113,114,115,116,117,118,119,120,121,122,123,124,125,126,127,128,129,130,131,132,139,145,172,189,245,246,247,248,249,250,251,252,253,254,255,268,272,275,276,282,288,318,323,363,371,381,382,383,385,386,387,388,389,400,401,402,
90;0;2205;2233;0;12,26,46,47,48,49,50,51,53,98,99,100,101,102,103,104,105,106,107,108,109,110,111,112,113,114,115,116,117,118,119,120,121,122,123,124,125,126,127,128,129,130,131,132,139,145,172,189,245,246,247,248,249,250,251,252,253,254,255,268,272,275,276,282,288,318,323,363,371,381,382,383,385,386,387,388,389,400,401,402,
213;0;2233;2313;1;12,26,46,47,48,49,50,51,53,98,99,100,101,102,103,104,105,106,107,108,109,110,111,112,113,114,115,116,117,118,119,120,121,122,123,124,125,126,127,128,129,130,131,132,139,145,172,189,245,246,247,248,249,250,251,252,253,254,255,268,272,275,276,282,288,318,323,363,371,381,382,383,385,386,387,388,389,400,401,402,
213;1;2313;2419;1;12,26,46,47,48,49,50,51,53,98,99,100,101,102,103,104,105,106,107,108,109,110,111,112,113,114,115,116,117,118,119,120,121,122,123,124,125,126,127,128,129,130,131,132,139,145,172,189,245,246,247,248,249,250,251,252,253,254,255,268,272,275,276,282,288,318,323,363,371,381,382,383,385,386,387,388,389,400,401,402,
85;0;2419;2594;1;12,26,46,47,48,49,50,51,53,98,99,100,101,102,103,104,105,106,107,108,109,110,111,112,113,114,115,116,117,118,119,120,121,122,123,124,125,126,127,128,129,130,131,132,139,145,172,189,245,246,247,248,249,250,251,252,253,254,255,268,272,275,276,282,288,318,323,363,371,381,382,383,385,386,387,388,389,400,401,402,
85;1;2594;2635;1;12,26,46,47,48,49,50,51,53,98,99,100,101,102,103,104,105,106,107,108,109,110,111,112,113,114,115,116,117,118,119,120,121,122,123,124,125,126,127,128,129,130,131,132,139,145,172,189,245,246,247,248,249,250,251,252,253,254,255,268,272,275,276,282,288,318,323,363,371,381,382,383,385,386,387,388,389,400,401,402,
220;0;2635;2646;1;12,26,46,47,48,49,50,51,53,98,99,100,101,102,103,104,105,106,107,108,109,110,111,112,113,114,115,116,117,118,119,120,121,122,123,124,125,126,127,128,129,130,131,132,139,145,172,189,245,246,247,248,249,250,251,252,253,254,255,268,272,275,276,282,288,318,323,363,371,381,382,383,385,386,387,388,389,400,401,402,
160;0;2646;2650;1;12,26,46,47,48,49,50,51,53,98,99,100,101,102,103,104,105,106,107,108,109,110,111,112,113,114,115,116,117,118,119,120,121,122,123,124,125,126,127,128,129,130,131,132,139,145,172,189,245,246,247,248,249,250,251,252,253,254,255,268,272,275,276,282,288,318,323,363,371,381,382,383,385,386,387,388,389,400,401,402,
8;0;2650;2756;1;12,26,46,47,48,49,50,51,53,98,99,100,101,102,103,104,105,106,107,108,109,110,111,112,113,114,115,116,117,118,119,120,121,122,123,124,125,126,127,128,129,130,131,132,139,145,172,189,245,246,247,248,249,250,251,252,253,254,255,268,272,275,276,282,288,318,323,363,371,381,382,383,385,386,387,388,389,400,401,402,
144;0;2756;2760;1;12,26,46,47,48,49,50,51,53,98,99,100,101,102,103,104,105,106,107,108,109,110,111,112,113,114,115,116,117,118,119,120,121,122,123,124,125,126,127,128,129,130,131,132,139,145,172,189,245,246,247,248,249,250,251,252,253,254,255,268,272,275,276,282,288,318,323,363,371,381,382,383,385,386,387,388,389,400,401,402,
11;0;2760;2804;0;12,26,46,47,48,49,50,51,53,98,99,100,101,102,103,104,105,106,107,108,109,110,111,112,113,114,115,116,117,118,119,120,121,122,123,124,125,126,127,128,129,130,131,132,139,145,172,189,245,246,247,248,249,250,251,252,253,254,255,268,272,275,276,282,288,318,323,363,371,381,382,383,385,386,387,388,389,400,401,402,
11;1;2804;2910;0;12,26,46,47,48,49,50,51,53,98,99,100,101,102,103,104,105,106,107,108,109,110,111,112,113,114,115,116,117,118,119,120,121,122,123,124,125,126,127,128,129,130,131,132,139,145,172,189,245,246,247,248,249,250,251,252,253,254,255,268,272,275,276,282,288,318,323,363,371,381,382,383,385,386,387,388,389,400,401,402,
225;0;2910;3067;1;12,26,46,47,48,49,50,51,53,98,99,100,101,102,103,104,105,106,107,108,109,110,111,112,113,114,115,116,117,118,119,120,121,122,123,124,125,126,127,128,129,130,131,132,139,145,172,189,245,246,247,248,249,250,251,252,253,254,255,268,272,275,276,282,288,318,323,363,371,381,382,383,385,386,387,388,389,400,401,402,
225;1;3067;3173;1;12,26,46,47,48,49,50,51,53,98,99,100,101,102,103,104,105,106,107,108,109,110,111,112,113,114,115,116,117,118,119,120,121,122,123,124,125,126,127,128,129,130,131,132,139,145,172,189,245,246,247,248,249,250,251,252,253,254,255,268,272,275,276,282,288,318,323,363,371,381,382,383,385,386,387,388,389,400,401,402,
16;0;3173;3198;1;12,26,46,47,48,49,50,51,53,98,99,100,101,102,103,104,105,106,107,108,109,110,111,112,113,114,115,116,117,118,119,120,121,122,123,124,125,126,127,128,129,130,131,132,139,145,172,189,245,246,247,248,249,250,251,252,253,254,255,268,272,275,276,282,288,318,323,363,371,381,382,383,385,386,387,388,389,400,401,402,
200;0;3198;3356;1;12,26,46,47,48,49,50,51,53,98,99,100,101,102,103,104,105,106,107,108,109,110,111,112,113,114,115,116,117,118,119,120,121,122,123,124,125,126,127,128,129,130,131,132,139,145,172,189,245,246,247,248,249,250,251,252,253,254,255,268,272,275,276,282,288,318,323,363,371,381,382,383,385,386,387,388,389,400,401,402,
248;0;3356;3381;1;12,26,46,47,48,49,50,51,53,98,99,100,101,102,103,104,105,106,107,108,109,110,111,112,113,114,115,116,117,118,119,120,121,122,123,124,125,126,127,128,129,130,131,132,139,145,172,189,245,246,247,248,249,250,251,252,253,254,255,268,272,275,276,282,288,318,323,363,371,381,382,383,385,386,387,388,389,400,401,402,
73;0;3381;3443;1;0,1,2,3,4,5,6,7,8,9,10,11,12,13,14,15,16,17,18,25,26,50,51,76,82,87,89,98,110,111,112,131,132,139,172,189,231,268,272,275,276,282,336,337,338,339,340,341,342,343,344,363,371,381,382,383,385,386,387,388,389,400,401,402,403,404,441,442,443,444,445,446,447,529,530,531,532,533,534,535,
73;1;3443;3611;1;0,1,2,3,4,5,6,7,8,9,10,11,12,13,14,15,16,17,18,25,26,50,51,76,82,87,89,98,110,111,112,131,132,139,172,189,231,268,272,275,276,282,336,337,338,339,340,341,342,343,344,363,371,381,382,383,385,386,387,388,389,400,401,402,403,404,441,442,443,444,445,446,447,529,530,531,532,533,534,535,
186;0;3611;3665;0;0,1,2,3,4,5,6,7,8,9,10,11,12,13,14,15,16,17,18,25,26,50,51,76,82,87,89,98,110,111,112,131,132,139,172,189,231,268,272,275,276,282,336,337,338,339,340,341,342,343,344,363,371,381,382,383,385,386,387,388,389,400,401,402,403,404,441,442,443,444,445,446,447,529,530,531,532,533,534,535,
116;0;3665;3733;1;0,1,2,3,4,5,6,7,8,9,10,11,12,13,14,15,16,17,18,25,26,50,51,76,82,87,89,98,110,111,112,131,132,139,172,189,231,268,272,275,276,282,336,337,338,339,340,341,342,343,344,363,371,381,382,383,385,386,387,388,389,400,401,402,403,404,441,442,443,444,445,446,447,529,530,531,532,533,534,535,
138;0;3733;3737;0;0,1,2,3,4,5,6,7,8,9,10,11,12,13,14,15,16,17,18,25,26,50,51,76,82,87,89,98,110,111,112,131,132,139,172,189,231,268,272,275,276,282,336,337,338,339,340,341,342,343,344,363,371,381,382,383,385,386,387,388,389,400,401,402,403,404,441,442,443,444,445,446,447,529,530,531,532,533,534,535,
177;0;3737;3771;1;0,1,2,3,4,5,6,7,8,9,10,11,12,13,14,15,16,17,18,25,26,50,51,76,82,87,89,98,110,111,112,131,132,139,172,189,231,268,272,275,276,282,336,337,338,339,340,341,342,343,344,363,371,381,382,383,385,386,387,388,389,400,401,402,403,404,441,442,443,444,445,446,447,529,530,531,532,533,534,535,
177;1;3771;3905;1;0,1,2,3,4,5,6,7,8,9,10,11,12,13,14,15,16,17,18,25,26,50,51,76,82,87,89,98,110,111,112,131,132,139,172,189,231,268,272,275,276,282,336,337,338,339,340,341,342,343,344,363,371,381,382,383,385,386,387,388,389,400,401,402,403,404,441,442,443,444,445,446,447,529,530,531,532,533,534,535,
83;0;3905;3944;0;0,1,2,3,4,5,6,7,8,9,10,11,12,13,14,15,16,17,18,25,26,50,51,76,82,87,89,98,110,111,112,131,132,139,172,189,231,268,272,275,276,282,336,337,338,339,340,341,342,343,344,363,371,381,382,383,385,386,387,388,389,400,401,402,403,404,441,442,443,444,445,446,447,529,530,531,532,533,534,535,
83;1;3944;3998;0;0,1,2,3,4,5,6,7,8,9,10,11,12,13,14,15,16,17,18,25,26,50,51,76,82,87,89,98,110,111,112,131,132,139,172,189,231,268,272,275,276,282,336,337,338,339,340,341,342,343,344,363,371,381,382,383,385,386,387,388,389,400,401,402,403,404,441,442,443,444,445,446,447,529,530,531,532,533,534,535,
0;0;3998;4075;1;0,1,2,3,4,5,6,7,8,9,10,11,12,13,14,15,16,17,18,25,26,50,51,76,82,87,89,98,110,111,112,131,132,139,172,189,231,268,272,275,276,282,336,337,338,339,340,341,342,343,344,363,371,381,382,383,385,386,387,388,389,400,401,402,403,404,441,442,443,444,445,446,447,529,530,531,532,533,534,535,
0;1;4075;4143;1;0,1,2,3,4,5,6,7,8,9,10,11,12,13,14,15,16,17,18,25,26,50,51,76,82,87,89,98,110,111,112,131,132,139,172,189,231,268,272,275,276,282,336,337,338,339,340,341,342,343,344,363,371,381,382,383,385,386,387,388,389,400,401,402,403,404,441,442,443,444,445,446,447,529,530,531,532,533,534,535,
158;0;4143;4197;0;0,1,2,3,4,5,6,7,8,9,10,11,12,13,14,15,16,17,18,25,26,50,51,76,82,87,89,98,110,111,112,131,132,139,172,189,231,268,272,275,276,282,336,337,338,339,340,341,342,343,344,363,371,381,382,383,385,386,387,388,389,400,401,402,403,404,441,442,443,444,445,446,447,529,530,531,532,533,534,535,
219;0;4197;4213;0;0,1,2,3,4,5,6,7,8,9,10,11,12,13,14,15,16,17,18,25,26,50,51,76,82,87,89,98,110,111,112,131,132,139,172,189,231,268,272,275,276,282,336,337,338,339,340,341,342,343,344,363,371,381,382,383,385,386,387,388,389,400,401,402,403,404,441,442,443,444,445,446,447,529,530,531,532,533,534,535,
219;1;4213;4381;0;0,1,2,3,4,5,6,7,8,9,10,11,12,13,14,15,16,17,18,25,26,50,51,76,82,87,89,98,110,111,112,131,132,139,172,189,231,268,272,275,276,282,336,337,338,339,340,341,342,343,344,363,371,381,382,383,385,386,387,388,389,400,401,402,403,404,441,442,443,444,445,446,447,529,530,531,532,533,534,535,
42;0;4381;4422;0;0,1,2,3,4,5,6,7,8,9,10,11,12,13,14,15,16,17,18,25,26,50,51,76,82,87,89,98,110,111,112,131,132,139,172,189,231,268,272,275,276,282,336,337,338,339,340,341,342,343,344,363,371,381,382,383,385,386,387,388,389,400,401,402,403,404,441,442,443,444,445,446,447,529,530,531,532,533,534,535,
87;0;4422;4456;0;0,1,2,3,4,5,6,7,8,9,10,11,12,13,14,15,16,17,18,25,26,50,51,76,82,87,89,98,110,111,112,131,132,139,172,189,231,268,272,275,276,282,336,337,338,339,340,341,342,343,344,363,371,381,382,383,385,386,387,388,389,400,401,402,403,404,441,442,443,444,445,446,447,529,530,531,532,533,534,535,
87;1;4456;4510;0;0,1,2,3,4,5,6,7,8,9,10,11,12,13,14,15,16,17,18,25,26,50,51,76,82,87,89,98,110,111,112,131,132,139,172,189,231,268,272,275,276,282,336,337,338,339,340,341,342,343,344,363,371,381,382,383,385,386,387,388,389,400,401,402,403,404,441,442,443,444,445,446,447,529,530,531,532,533,534,535,
103;0;4510;4634;0;0,1,2,3,4,5,6,7,8,9,10,11,12,13,14,15,16,17,18,25,26,50,51,76,82,87,89,98,110,111,112,131,132,139,172,189,231,268,272,275,276,282,336,337,338,339,340,341,342,343,344,363,371,381,382,383,385,386,387,388,389,400,401,402,403,404,441,442,443,444,445,446,447,529,530,531,532,533,534,535,
103;1;4634;4675;0;0,1,2,3,4,5,6,7,8,9,10,11,12,13,14,15,16,17,18,25,26,50,51,76,82,87,89,98,110,111,112,131,132,139,172,189,231,268,272,275,276,282,336,337,338,339,340,341,342,343,344,363,371,381,382,383,385,386,387,388,389,400,401,402,403,404,441,442,443,444,445,446,447,529,530,531,532,533,534,535,
111;0;4675;4721;0;0,1,2,3,4,5,6,7,8,9,10,11,12,13,14,15,16,17,18,25,26,50,51,76,82,87,89,98,110,111,112,131,132,139,172,189,231,268,272,275,276,282,336,337,338,339,340,341,342,343,344,363,371,381,382,383,385,386,387,388,389,400,401,402,403,404,441,442,443,444,445,446,447,529,530,531,532,533,534,535,
111;1;4721;4855;0;0,1,2,3,4,5,6,7,8,9,10,11,12,13,14,15,16,17,18,25,26,50,51,76,82,87,89,98,110,111,112,131,132,139,172,189,231,268,272,275,276,282,336,337,338,339,340,341,342,343,344,363,371,381,382,383,385,386,387,388,389,400,401,402,403,404,441,442,443,444,445,446,447,529,530,531,532,533,534,535,
93;0;4855;4888;1;0,1,2,3,4,5,6,7,8,9,10,11,12,13,14,15,16,17,18,25,26,50,51,76,82,87,89,98,110,111,112,131,132,139,172,189,231,268,272,275,276,282,336,337,338,339,340,341,342,343,344,363,371,381,382,383,385,386,387,388,389,400,401,402,403,404,441,442,443,444,445,446,447,529,530,531,532,533,534,535,
93;1;4888;4941;1;0,1,2,3,4,5,6,7,8,9,10,11,12,13,14,15,16,17,18,25,26,50,51,76,82,87,89,98,110,111,112,131,132,139,172,189,231,268,272,275,276,282,336,337,338,339,340,341,342,343,344,363,371,381,382,383,385,386,387,388,389,400,401,402,403,404,441,442,443,444,445,446,447,529,530,531,532,533,534,535,
70;0;4941;4945;0;0,1,2,3,4,5,6,7,8,9,10,11,12,13,14,15,16,17,18,25,26,50,51,76,82,87,89,98,110,111,112,131,132,139,172,189,231,268,272,275,276,282,336,337,338,339,340,341,342,343,344,363,371,381,382,383,385,386,387,388,389,400,401,402,403,404,441,442,443,444,445,446,447,529,530,531,532,533,534,535,
239;0;4945;5041;0;0,1,2,3,4,5,6,7,8,9,10,11,12,13,14,15,16,17,18,25,26,50,51,76,82,87,89,98,110,111,112,131,132,139,172,189,231,268,272,275,276,282,336,337,338,339,340,341,342,343,344,363,371,381,382,383,385,386,387,388,389,400,401,402,403,404,441,442,443,444,445,446,447,529,530,531,532,533,534,535,
239;1;5041;5094;0;0,1,2,3,4,5,6,7,8,9,10,11,12,13,14,15,16,17,18,25,26,50,51,76,82,87,89,98,110,111,112,131,132,139,172,189,231,268,272,275,276,282,336,337,338,339,340,341,342,343,344,363,371,381,382,383,385,386,387,388,389,400,401,402,403,404,441,442,443,444,445,446,447,529,530,531,532,533,534,535,
52;0;5094;5252;1;0,1,2,3,4,5,6,7,8,9,10,11,12,13,14,15,16,17,18,25,26,50,51,76,82,87,89,98,110,111,112,131,132,139,172,189,231,268,272,275,276,282,336,337,338,339,340,341,342,343,344,363,371,381,382,383,385,386,387,388,389,400,401,402,403,404,441,442,443,444,445,446,447,529,530,531,532,533,534,535,
176;0;5252;5256;1;0,1,2,3,4,5,6,7,8,9,10,11,12,13,14,15,16,17,18,25,26,50,51,76,82,87,89,98,110,111,112,131,132,139,172,189,231,268,272,275,276,282,336,337,338,339,340,341,342,343,344,363,371,381,382,383,385,386,387,388,389,400,401,402,403,404,441,442,443,444,445,446,447,529,530,531,532,533,534,535,
129;0;5256;5397;1;0,1,2,3,4,5,6,7,8,9,10,11,12,13,14,15,16,17,18,25,26,50,51,76,82,87,89,98,110,111,112,131,132,139,172,189,231,268,272,275,276,282,336,337,338,339,340,341,342,343,344,363,371,381,382,383,385,386,387,388,389,400,401,402,403,404,441,442,443,444,445,446,447,529,530,531,532,533,534,535,
129;1;5397;5450;1;0,1,2,3,4,5,6,7,8,9,10,11,12,13,14,15,16,17,18,25,26,50,51,76,82,87,89,98,110,111,112,131,132,139,172,189,231,268,272,275,276,282,336,337,338,339,340,341,342,343,344,363,371,381,382,383,385,386,387,388,389,400,401,402,403,404,441,442,443,444,445,446,447,529,530,531,532,533,534,535,
32;0;5450;5618;1;0,1,2,3,4,5,6,7,8,9,10,11,12,13,14,15,16,17,18,25,26,50,51,76,82,87,89,98,110,111,112,131,132,139,172,189,231,268,272,275,276,282,336,337,338,339,340,341,342,343,344,363,371,381,382,383,385,386,387,388,389,400,401,402,403,404,441,442,443,444,445,446,447,529,530,531,532,533,534,535,
49;0;5618;5778;1;0,1,2,3,4,5,6,7,8,9,10,11,12,13,14,15,16,17,18,25,26,50,51,76,82,87,89,98,110,111,112,131,132,139,172,189,231,268,272,275,276,282,336,337,338,339,340,341,342,343,344,363,371,381,382,383,385,386,387,388,389,400,401,402,403,404,441,442,443,444,445,446,447,529,530,531,532,533,534,535,
49;1;5778;5782;1;0,1,2,3,4,5,6,7,8,9,10,11,12,13,14,15,16,17,18,25,26,50,51,76,82,87,89,98,110,111,112,131,132,139,172,189,231,268,272,275,276,282,336,337,338,339,340,341,342,343,344,363,371,381,382,383,385,386,387,388,389,400,401,402,403,404,441,442,443,444,445,446,447,529,530,531,532,533,534,535,
89;0;5782;5918;1;0,1,2,3,4,5,6,7,8,9,10,11,12,13,14,15,16,17,18,25,26,50,51,76,82,87,89,98,110,111,112,131,132,139,172,189,231,268,272,275,276,282,336,337,338,339,340,341,342,343,344,363,371,381,382,383,385,386,387,388,389,400,401,402,403,404,441,442,443,444,445,446,447,529,530,531,532,533,534,535,
89;1;5918;6052;1;0,1,2,3,4,5,6,7,8,9,10,11,12,13,14,15,16,17,18,25,26,50,51,76,82,87,89,98,110,111,112,131,132,139,172,189,231,268,272,275,276,282,336,337,338,339,340,341,342,343,344,363,371,381,382,383,385,386,387,388,389,400,401,402,403,404,441,442,443,444,445,446,447,529,530,531,532,533,534,535,
28;0;6052;6080;1;0,1,2,3,4,5,6,7,8,9,10,11,12,13,14,15,16,17,18,25,26,50,51,76,82,87,89,98,110,111,112,131,132,139,172,189,231,268,272,275,276,282,336,337,338,339,340,341,342,343,344,363,371,381,382,383,385,386,387,388,389,400,401,402,403,404,441,442,443,444,445,446,447,529,530,531,532,533,534,535,
56;0;6080;6214;1;0,1,2,3,4,5,6,7,8,9,10,11,12,13,14,15,16,17,18,25,26,50,51,76,82,87,89,98,110,111,112,131,132,139,172,189,231,268,272,275,276,282,336,337,338,339,340,341,342,343,344,363,371,381,382,383,385,386,387,388,389,400,401,402,403,404,441,442,443,444,445,446,447,529,530,531,532,533,534,535,
69;0;6214;6267;1;0,1,2,3,4,5,6,7,8,9,10,11,12,13,14,15,16,17,18,25,26,50,51,76,82,87,89,98,110,111,112,131,132,139,172,189,231,268,272,275,276,282,336,337,338,339,340,341,342,343,344,363,371,381,382,383,385,386,387,388,389,400,401,402,403,404,441,442,443,444,445,446,447,529,530,531,532,533,534,535,
69;1;6267;6425;1;0,1,2,3,4,5,6,7,8,9,10,11,12,13,14,15,16,17,18,25,26,50,51,76,82,87,89,98,110,111,112,131,132,139,172,189,231,268,272,275,276,282,336,337,338,339,340,341,342,343,344,363,371,381,382,383,385,386,387,388,389,400,401,402,403,404,441,442,443,444,445,446,447,529,530,531,532,533,534,535,
100;0;6425;6520;1;0,3,4,14,15,16,18,25,26,50,51,57,58,60,76,82,87,89,98,110,111,112,131,132,139,172,180,181,182,183,184,185,186,187,188,189,190,191,192,193,194,195,196,197,198,199,200,201,231,268,272,275,276,282,336,363,381,382,383,403,404,529,530,531,532,533,534,535,545,546,547,548,549,550,551,552,553,554,555,556,
96;0;6520;6609;1;0,3,4,14,15,16,18,25,26,50,51,57,58,60,76,82,87,89,98,110,111,112,131,132,139,172,180,181,182,183,184,185,186,187,188,189,190,191,192,193,194,195,196,197,198,199,200,201,231,268,272,275,276,282,336,363,381,382,383,403,404,529,530,531,532,533,534,535,545,546,547,548,549,550,551,552,553,554,555,556,
140;0;6609;6698;1;0,3,4,14,15,16,18,25,26,50,51,57,58,60,76,82,87,89,98,110,111,112,131,132,139,172,180,181,182,183,184,185,186,187,188,189,190,191,192,193,194,195,196,197,198,199,200,201,231,268,272,275,276,282,336,363,381,382,383,403,404,529,530,531,532,533,534,535,545,546,547,548,549,550,551,552,553,554,555,556,
132;0;6698;6793;1;0,3,4,14,15,16,18,25,26,50,51,57,58,60,76,82,87,89,98,110,111,112,131,132,139,172,180,181,182,183,184,185,186,187,188,189,190,191,192,193,194,195,196,197,198,199,200,201,231,268,272,275,276,282,336,363,381,382,383,403,404,529,530,531,532,533,534,535,545,546,547,548,549,550,551,552,553,554,555,556,
92;0;6793;6888;1;0,3,4,14,15,16,18,25,26,50,51,57,58,60,76,82,87,89,98,110,111,112,131,132,139,172,180,181,182,183,184,185,186,187,188,189,190,191,192,193,194,195,196,197,198,199,200,201,231,268,272,275,276,282,336,363,381,382,383,403,404,529,530,531,532,533,534,535,545,546,547,548,549,550,551,552,553,554,555,556,
209;0;6888;7051;1;0,3,4,14,15,16,18,25,26,50,51,57,58,60,76,82,87,89,98,110,111,112,131,132,139,172,180,181,182,183,184,185,186,187,188,189,190,191,192,193,194,195,196,197,198,199,200,201,231,268,272,275,276,282,336,363,381,382,383,403,404,529,530,531,532,533,534,535,545,546,547,548,549,550,551,552,553,554,555,556,
209;1;7051;7140;1;0,3,4,14,15,16,18,25,26,50,51,57,58,60,76,82,87,89,98,110,111,112,131,132,139,172,180,181,182,183,184,185,186,187,188,189,190,191,192,193,194,195,196,197,198,199,200,201,231,268,272,275,276,282,336,363,381,382,383,403,404,529,530,531,532,533,534,535,545,546,547,548,549,550,551,552,553,554,555,556,
155;0;7140;7213;0;0,3,4,14,15,16,18,25,26,50,51,57,58,60,76,82,87,89,98,110,111,112,131,132,139,172,180,181,182,183,184,185,186,187,188,189,190,191,192,193,194,195,196,197,198,199,200,201,231,268,272,275,276,282,336,363,381,382,383,403,404,529,530,531,532,533,534,535,545,546,547,548,549,550,551,552,553,554,555,556,
155;1;7213;7308;0;0,3,4,14,15,16,18,25,26,50,51,57,58,60,76,82,87,89,98,110,111,112,131,132,139,172,180,181,182,183,184,185,186,187,188,189,190,191,192,193,194,195,196,197,198,199,200,201,231,268,272,275,276,282,336,363,381,382,383,403,404,529,530,531,532,533,534,535,545,546,547,548,549,550,551,552,553,554,555,556,
23;0;7308;7370;0;0,3,4,14,15,16,18,25,26,50,51,57,58,60,76,82,87,89,98,110,111,112,131,132,139,172,180,181,182,183,184,185,186,187,188,189,190,191,192,193,194,195,196,197,198,199,200,201,231,268,272,275,276,282,336,363,381,382,383,403,404,529,530,531,532,533,534,535,545,546,547,548,549,550,551,552,553,554,555,556,
23;1;7370;7411;0;0,3,4,14,15,16,18,25,26,50,51,57,58,60,76,82,87,89,98,110,111,112,131,132,139,172,180,181,182,183,184,185,186,187,188,189,190,191,192,193,194,195,196,197,198,199,200,201,231,268,272,275,276,282,336,363,381,382,383,403,404,529,530,531,532,533,534,535,545,546,547,548,549,550,551,552,553,554,555,556,
180;0;7411;7500;1;0,3,4,14,15,16,18,25,26,50,51,57,58,60,76,82,87,89,98,110,111,112,131,132,139,172,180,181,182,183,184,185,186,187,188,189,190,191,192,193,194,195,196,197,198,199,200,201,231,268,272,275,276,282,336,363,381,382,383,403,404,529,530,531,532,533,534,535,545,546,547,548,549,550,551,552,553,554,555,556,
98;0;7500;7589;0;0,3,4,14,15,16,18,25,26,50,51,57,58,60,76,82,87,89,98,110,111,112,131,132,139,172,180,181,182,183,184,185,186,187,188,189,190,191,192,193,194,195,196,197,198,199,200,201,231,268,272,275,276,282,336,363,381,382,383,403,404,529,530,531,532,533,534,535,545,546,547,548,549,550,551,552,553,554,555,556,
199;0;7589;7644;0;0,3,4,14,15,16,18,25,26,50,51,57,58,60,76,82,87,89,98,110,111,112,131,132,139,172,180,181,182,183,184,185,186,187,188,189,190,191,192,193,194,195,196,197,198,199,200,201,231,268,272,275,276,282,336,363,381,382,383,403,404,529,530,531,532,533,534,535,545,546,547,548,549,550,551,552,553,554,555,556,
199;1;7644;7739;0;0,3,4,14,15,16,18,25,26,50,51,57,58,60,76,82,87,89,98,110,111,112,131,132,139,172,180,181,182,183,184,185,186,187,188,189,190,191,192,193,194,195,196,197,198,199,200,201,231,268,272,275,276,282,336,363,381,382,383,403,404,529,530,531,532,533,534,535,545,546,547,548,549,550,551,552,553,554,555,556,
109;0;7739;7907;1;3,4,14,16,18,25,26,50,51,57,58,60,71,73,76,81,82,83,84,85,86,87,88,89,90,91,92,93,94,95,96,97,111,139,166,167,168,169,170,171,221,231,336,363,364,365,366,367,368,381,382,383,529,530,531,532,533,534,535,545,546,547,548,549,550,551,552,553,554,555,556,612,613,614,615,616,617,618,619,620,
109;1;7907;8070;1;3,4,14,16,18,25,26,50,51,57,58,60,71,73,76,81,82,83,84,85,86,87,88,89,90,91,92,93,94,95,96,97,111,139,166,167,168,169,170,171,221,231,336,363,364,365,366,367,368,381,382,383,529,530,531,532,533,534,535,545,546,547,548,549,550,551,552,553,554,555,556,612,613,614,615,616,617,618,619,620,
204;0;8070;8159;1;3,4,14,16,18,25,26,50,51,57,58,60,71,73,76,81,82,83,84,85,86,87,88,89,90,91,92,93,94,95,96,97,111,139,166,167,168,169,170,171,221,231,336,363,364,365,366,367,368,381,382,383,529,530,531,532,533,534,535,545,546,547,548,549,550,551,552,553,554,555,556,612,613,614,615,616,617,618,619,620,
59;0;8159;8191;0;3,4,14,16,18,25,26,50,51,57,58,60,71,73,76,81,82,83,84,85,86,87,88,89,90,91,92,93,94,95,96,97,111,139,166,167,168,169,170,171,221,231,336,363,364,365,366,367,368,381,382,383,529,530,531,532,533,534,535,545,546,547,548,549,550,551,552,553,554,555,556,612,613,614,615,616,617,618,619,620,
59;1;8191;8236;0;3,4,14,16,18,25,26,50,51,57,58,60,71,73,76,81,82,83,84,85,86,87,88,89,90,91,92,93,94,95,96,97,111,139,166,167,168,169,170,171,221,231,336,363,364,365,366,367,368,381,382,383,529,530,531,532,533,534,535,545,546,547,548,549,550,551,552,553,554,555,556,612,613,614,615,616,617,618,619,620,
146;0;8236;8270;0;3,4,14,16,18,25,26,50,51,57,58,60,71,73,76,81,82,83,84,85,86,87,88,89,90,91,92,93,94,95,96,97,111,139,166,167,168,169,170,171,221,231,336,363,364,365,366,367,368,381,382,383,529,530,531,532,533,534,535,545,546,547,548,549,550,551,552,553,554,555,556,612,613,614,615,616,617,618,619,620,
192;0;8270;8274;1;3,4,14,16,18,25,26,50,51,57,58,60,71,73,76,81,82,83,84,85,86,87,88,89,90,91,92,93,94,95,96,97,111,139,166,167,168,169,170,171,221,231,336,363,364,365,366,367,368,381,382,383,529,530,531,532,533,534,535,545,546,547,548,549,550,551,552,553,554,555,556,612,613,614,615,616,617,618,619,620,
183;0;8274;8348;0;3,4,14,16,18,25,26,50,51,57,58,60,71,73,76,81,82,83,84,85,86,87,88,89,90,91,92,93,94,95,96,97,111,139,166,167,168,169,170,171,221,231,336,363,364,365,366,367,368,381,382,383,529,530,531,532,533,534,535,545,546,547,548,549,550,551,552,553,554,555,556,612,613,614,615,616,617,618,619,620,
183;1;8348;8352;0;3,4,14,16,18,25,26,50,51,57,58,60,71,73,76,81,82,83,84,85,86,87,88,89,90,91,92,93,94,95,96,97,111,139,166,167,168,169,170,171,221,231,336,363,364,365,366,367,368,381,382,383,529,530,531,532,533,534,535,545,546,547,548,549,550,551,552,553,554,555,556,612,613,614,615,616,617,618,619,620,
152;0;8352;8370;1;3,4,14,16,18,25,26,50,51,57,58,60,71,73,76,81,82,83,84,85,86,87,88,89,90,91,92,93,94,95,96,97,111,139,166,167,168,169,170,171,221,231,336,363,364,365,366,367,368,381,382,383,529,530,531,532,533,534,535,545,546,547,548,549,550,551,552,553,554,555,556,612,613,614,615,616,617,618,619,620,
76;0;8370;8415;1;3,4,14,16,18,25,26,50,51,57,58,60,71,73,76,81,82,83,84,85,86,87,88,89,90,91,92,93,94,95,96,97,111,139,166,167,168,169,170,171,221,231,336,363,364,365,366,367,368,381,382,383,529,530,531,532,533,534,535,545,546,547,548,549,550,551,552,553,554,555,556,612,613,614,615,616,617,618,619,620,
147;0;8415;8492;0;3,4,14,16,18,25,26,50,51,57,58,60,71,73,76,81,82,83,84,85,86,87,88,89,90,91,92,93,94,95,96,97,111,139,166,167,168,169,170,171,221,231,336,363,364,365,366,367,368,381,382,383,529,530,531,532,533,534,535,545,546,547,548,549,550,551,552,553,554,555,556,612,613,614,615,616,617,618,619,620,
147;1;8492;8526;0;3,4,14,16,18,25,26,50,51,57,58,60,71,73,76,81,82,83,84,85,86,87,88,89,90,91,92,93,94,95,96,97,111,139,166,167,168,169,170,171,221,231,336,363,364,365,366,367,368,381,382,383,529,530,531,532,533,534,535,545,546,547,548,549,550,551,552,553,554,555,556,612,613,614,615,616,617,618,619,620,
7;0;8526;8630;0;3,4,14,16,18,25,26,50,51,57,58,60,71,73,76,81,82,83,84,85,86,87,88,89,90,91,92,93,94,95,96,97,111,139,166,167,168,169,170,171,221,231,336,363,364,365,366,367,368,381,382,383,529,530,531,532,533,534,535,545,546,547,548,549,550,551,552,553,554,555,556,612,613,614,615,616,617,618,619,620,
7;1;8630;8675;0;3,4,14,16,18,25,26,50,51,57,58,60,71,73,76,81,82,83,84,85,86,87,88,89,90,91,92,93,94,95,96,97,111,139,166,167,168,169,170,171,221,231,336,363,364,365,366,367,368,381,382,383,529,530,531,532,533,534,535,545,546,547,548,549,550,551,552,553,554,555,556,612,613,614,615,616,617,618,619,620,
169;0;8675;8739;1;3,4,14,16,18,25,26,50,51,57,58,60,71,73,76,81,82,83,84,85,86,87,88,89,90,91,92,93,94,95,96,97,111,139,166,167,168,169,170,171,221,231,336,363,364,365,366,367,368,381,382,383,529,530,531,532,533,534,535,545,546,547,548,549,550,551,552,553,554,555,556,612,613,614,615,616,617,618,619,620,
169;1;8739;8828;1;3,4,14,16,18,25,26,50,51,57,58,60,71,73,76,81,82,83,84,85,86,87,88,89,90,91,92,93,94,95,96,97,111,139,166,167,168,169,170,171,221,231,336,363,364,365,366,367,368,381,382,383,529,530,531,532,533,534,535,545,546,547,548,549,550,551,552,553,554,555,556,612,613,614,615,616,617,618,619,620,
196;0;8828;8873;1;3,4,14,16,18,25,26,50,51,57,58,60,71,73,76,81,82,83,84,85,86,87,88,89,90,91,92,93,94,95,96,97,111,139,166,167,168,169,170,171,221,231,336,363,364,365,366,367,368,381,382,383,529,530,531,532,533,534,535,545,546,547,548,549,550,551,552,553,554,555,556,612,613,614,615,616,617,618,619,620,
230;0;8873;8877;0;3,4,14,16,18,25,26,50,51,57,58,60,71,73,76,81,82,83,84,85,86,87,88,89,90,91,92,93,94,95,96,97,111,139,166,167,168,169,170,171,221,231,336,363,364,365,366,367,368,381,382,383,529,530,531,532,533,534,535,545,546,547,548,549,550,551,552,553,554,555,556,612,613,614,615,616,617,618,619,620,
148;0;8877;8931;1;3,4,14,16,18,25,26,50,51,57,58,60,71,73,76,81,82,83,84,85,86,87,88,89,90,91,92,93,94,95,96,97,111,139,166,167,168,169,170,171,221,231,336,363,364,365,366,367,368,381,382,383,529,530,531,532,533,534,535,545,546,547,548,549,550,551,552,553,554,555,556,612,613,614,615,616,617,618,619,620,
249;0;8931;9000;1;3,4,14,16,18,25,26,50,51,57,58,60,71,73,76,81,82,83,84,85,86,87,88,89,90,91,92,93,94,95,96,97,111,139,166,167,168,169,170,171,221,231,336,363,364,365,366,367,368,381,382,383,529,530,531,532,533,534,535,545,546,547,548,549,550,551,552,553,554,555,556,612,613,614,615,616,617,618,619,620,
249;1;9000;9018;1;3,4,14,16,18,25,26,50,51,57,58,60,71,73,76,81,82,83,84,85,86,87,88,89,90,91,92,93,94,95,96,97,111,139,166,167,168,169,170,171,221,231,336,363,364,365,366,367,368,381,382,383,529,530,531,532,533,534,535,545,546,547,548,549,550,551,552,553,554,555,556,612,613,614,615,616,617,618,619,620,
105;0;9018;9188;1;3,4,14,16,18,25,26,50,51,57,58,60,71,73,76,81,82,83,84,85,86,87,88,89,90,91,92,93,94,95,96,97,111,139,166,167,168,169,170,171,221,231,336,363,364,365,366,367,368,381,382,383,529,530,531,532,533,534,535,545,546,547,548,549,550,551,552,553,554,555,556,612,613,614,615,616,617,618,619,620,
105;1;9188;9277;1;3,4,14,16,18,25,26,50,51,57,58,60,71,73,76,81,82,83,84,85,86,87,88,89,90,91,92,93,94,95,96,97,111,139,166,167,168,169,170,171,221,231,336,363,364,365,366,367,368,381,382,383,529,530,531,532,533,534,535,545,546,547,548,549,550,551,552,553,554,555,556,612,613,614,615,616,617,618,619,620,
174;0;9277;9322;0;3,4,14,16,18,25,26,50,51,57,58,60,71,73,76,81,82,83,84,85,86,87,88,89,90,91,92,93,94,95,96,97,111,139,166,167,168,169,170,171,221,231,336,363,364,365,366,367,368,381,382,383,529,530,531,532,533,534,535,545,546,547,548,549,550,551,552,553,554,555,556,612,613,614,615,616,617,618,619,620,
206;0;9322;9361;0;16,18,19,20,21,22,23,24,25,26,27,28,29,30,31,32,33,34,35,36,37,38,39,40,41,42,43,44,45,50,51,71,73,76,86,88,89,111,139,166,167,168,169,170,171,212,221,363,364,365,366,367,368,381,382,383,476,535,536,537,538,539,540,541,542,557,558,559,560,561,562,563,564,565,566,567,568,569,570,571,
31;0;9361;9390;0;16,18,19,20,21,22,23,24,25,26,27,28,29,30,31,32,33,34,35,36,37,38,39,40,41,42,43,44,45,50,51,71,73,76,86,88,89,111,139,166,167,168,169,170,171,212,221,363,364,365,366,367,368,381,382,383,476,535,536,537,538,539,540,541,542,557,558,559,560,561,562,563,564,565,566,567,568,569,570,571,
31;1;9390;9418;0;16,18,19,20,21,22,23,24,25,26,27,28,29,30,31,32,33,34,35,36,37,38,39,40,41,42,43,44,45,50,51,71,73,76,86,88,89,111,139,166,167,168,169,170,171,212,221,363,364,365,366,367,368,381,382,383,476,535,536,537,538,539,540,541,542,557,558,559,560,561,562,563,564,565,566,567,568,569,570,571,
86;0;9418;9468;0;16,18,19,20,21,22,23,24,25,26,27,28,29,30,31,32,33,34,35,36,37,38,39,40,41,42,43,44,45,50,51,71,73,76,86,88,89,111,139,166,167,168,169,170,171,212,221,363,364,365,366,367,368,381,382,383,476,535,536,537,538,539,540,541,542,557,558,559,560,561,562,563,564,565,566,567,568,569,570,571,
175;0;9468;9518;0;16,18,19,20,21,22,23,24,25,26,27,28,29,30,31,32,33,34,35,36,37,38,39,40,41,42,43,44,45,50,51,71,73,76,86,88,89,111,139,166,167,168,169,170,171,212,221,363,364,365,366,367,368,381,382,383,476,535,536,537,538,539,540,541,542,557,558,559,560,561,562,563,564,565,566,567,568,569,570,571,
175;1;9518;9557;0;16,18,19,20,21,22,23,24,25,26,27,28,29,30,31,32,33,34,35,36,37,38,39,40,41,42,43,44,45,50,51,71,73,76,86,88,89,111,139,166,167,168,169,170,171,212,221,363,364,365,366,367,368,381,382,383,476,535,536,537,538,539,540,541,542,557,558,559,560,561,562,563,564,565,566,567,568,569,570,571,
214;0;9557;9607;0;16,18,19,20,21,22,23,24,25,26,27,28,29,30,31,32,33,34,35,36,37,38,39,40,41,42,43,44,45,50,51,71,73,76,86,88,89,111,139,166,167,168,169,170,171,212,221,363,364,365,366,367,368,381,382,383,476,535,536,537,538,539,540,541,542,557,558,559,560,561,562,563,564,565,566,567,568,569,570,571,
10;0;9607;9641;0;16,18,19,20,21,22,23,24,25,26,27,28,29,30,31,32,33,34,35,36,37,38,39,40,41,42,43,44,45,50,51,71,73,76,86,88,89,111,139,166,167,168,169,170,171,212,221,363,364,365,366,367,368,381,382,383,476,535,536,537,538,539,540,541,542,557,558,559,560,561,562,563,564,565,566,567,568,569,570,571,
3;0;9641;9683;0;16,18,19,20,21,22,23,24,25,26,27,28,29,30,31,32,33,34,35,36,37,38,39,40,41,42,43,44,45,50,51,71,73,76,86,88,89,111,139,166,167,168,169,170,171,212,221,363,364,365,366,367,368,381,382,383,476,535,536,537,538,539,540,541,542,557,558,559,560,561,562,563,564,565,566,567,568,569,570,571,
3;1;9683;9711;0;16,18,19,20,21,22,23,24,25,26,27,28,29,30,31,32,33,34,35,36,37,38,39,40,41,42,43,44,45,50,51,71,73,76,86,88,89,111,139,166,167,168,169,170,171,212,221,363,364,365,366,367,368,381,382,383,476,535,536,537,538,539,540,541,542,557,558,559,560,561,562,563,564,565,566,567,568,569,570,571,
245;0;9711;9747;1;16,18,19,20,21,22,23,24,25,26,27,28,29,30,31,32,33,34,35,36,37,38,39,40,41,42,43,44,45,50,51,71,73,76,86,88,89,111,139,166,167,168,169,170,171,212,221,363,364,365,366,367,368,381,382,383,476,535,536,537,538,539,540,541,542,557,558,559,560,561,562,563,564,565,566,567,568,569,570,571,
245;1;9747;9764;1;16,18,19,20,21,22,23,24,25,26,27,28,29,30,31,32,33,34,35,36,37,38,39,40,41,42,43,44,45,50,51,71,73,76,86,88,89,111,139,166,167,168,169,170,171,212,221,363,364,365,366,367,368,381,382,383,476,535,536,537,538,539,540,541,542,557,558,559,560,561,562,563,564,565,566,567,568,569,570,571,
101;0;9764;9770;1;16,18,19,20,21,22,23,24,25,26,27,28,29,30,31,32,33,34,35,36,37,38,39,40,41,42,43,44,45,50,51,71,73,76,86,88,89,111,139,166,167,168,169,170,171,212,221,363,364,365,366,367,368,381,382,383,476,535,536,537,538,539,540,541,542,557,558,559,560,561,562,563,564,565,566,567,568,569,570,571,
101;1;9770;9787;1;16,18,19,20,21,22,23,24,25,26,27,28,29,30,31,32,33,34,35,36,37,38,39,40,41,42,43,44,45,50,51,71,73,76,86,88,89,111,139,166,167,168,169,170,171,212,221,363,364,365,366,367,368,381,382,383,476,535,536,537,538,539,540,541,542,557,558,559,560,561,562,563,564,565,566,567,568,569,570,571,
232;0;9787;9826;1;16,18,19,20,21,22,23,24,25,26,27,28,29,30,31,32,33,34,35,36,37,38,39,40,41,42,43,44,45,50,51,71,73,76,86,88,89,111,139,166,167,168,169,170,171,212,221,363,364,365,366,367,368,381,382,383,476,535,536,537,538,539,540,541,542,557,558,559,560,561,562,563,564,565,566,567,568,569,570,571,
153;0;9826;9989;1;16,18,19,20,21,22,23,24,25,26,27,28,29,30,31,32,33,34,35,36,37,38,39,40,41,42,43,44,45,50,51,71,73,76,86,88,89,111,139,166,167,168,169,170,171,212,221,363,364,365,366,367,368,381,382,383,476,535,536,537,538,539,540,541,542,557,558,559,560,561,562,563,564,565,566,567,568,569,570,571,
153;1;9989;10039;1;16,18,19,20,21,22,23,24,25,26,27,28,29,30,31,32,33,34,35,36,37,38,39,40,41,42,43,44,45,50,51,71,73,76,86,88,89,111,139,166,167,168,169,170,171,212,221,363,364,365,366,367,368,381,382,383,476,535,536,537,538,539,540,541,542,557,558,559,560,561,562,563,564,565,566,567,568,569,570,571,
114;0;10039;10078;0;16,18,19,20,21,22,23,24,25,26,27,28,29,30,31,32,33,34,35,36,37,38,39,40,41,42,43,44,45,50,51,71,73,76,86,88,89,111,139,166,167,168,169,170,171,212,221,363,364,365,366,367,368,381,382,383,476,535,536,537,538,539,540,541,542,557,558,559,560,561,562,563,564,565,566,567,568,569,570,571,
END
fineshedJobsCount: 261
switchs: 426
switchsInstances: 11
unfineshedPriorityCount: 18
totalUnfineshed: 115
criticalMachineSwitchs: 248
criticalMachineTime: 10078
Final Solution: 6754
Time: 383559
PTL: 466
MCMC: 57
Best Initial: 1643
Mean Initial: 1025.18
