./input/BaseInstances/6M1_n=210,r=0.6,t=266,v0.txt;./input/Processed/ToolSetInt.csv
7;720;1440
Machine: 0
18;0;0;86;0;10,11,12,13,14,15,16,17,18,19,20,24,30,31,32,33,34,35,36,38,53,54,57,62,63,64,66,67,69,70,77,80,81,82,83,84,85,98,99,100,101,102,103,104,105,106,107,108,109,110,111,112,113,114,132,133,134,135,136,137,138,139,140,141,177,191,196,197,216,220,221,237,238,239,240,241,242,243,244,249,
18;1;86;220;0;10,11,12,13,14,15,16,17,18,19,20,24,30,31,32,33,34,35,36,38,53,54,57,62,63,64,66,67,69,70,77,80,81,82,83,84,85,98,99,100,101,102,103,104,105,106,107,108,109,110,111,112,113,114,132,133,134,135,136,137,138,139,140,141,177,191,196,197,216,220,221,237,238,239,240,241,242,243,244,249,
119;0;220;309;1;10,11,12,13,14,15,16,17,18,19,20,24,30,31,32,33,34,35,36,38,53,54,57,62,63,64,66,67,69,70,77,80,81,82,83,84,85,98,99,100,101,102,103,104,105,106,107,108,109,110,111,112,113,114,132,133,134,135,136,137,138,139,140,141,177,191,196,197,216,220,221,237,238,239,240,241,242,243,244,249,
119;1;309;377;1;10,11,12,13,14,15,16,17,18,19,20,24,30,31,32,33,34,35,36,38,53,54,57,62,63,64,66,67,69,70,77,80,81,82,83,84,85,98,99,100,101,102,103,104,105,106,107,108,109,110,111,112,113,114,132,133,134,135,136,137,138,139,140,141,177,191,196,197,216,220,221,237,238,239,240,241,242,243,244,249,
1;0;377;545;0;10,11,12,13,14,15,16,17,18,19,20,24,30,31,32,33,34,35,36,38,53,54,57,62,63,64,66,67,69,70,77,80,81,82,83,84,85,98,99,100,101,102,103,104,105,106,107,108,109,110,111,112,113,114,132,133,134,135,136,137,138,139,140,141,177,191,196,197,216,220,221,237,238,239,240,241,242,243,244,249,
1;1;545;610;0;10,11,12,13,14,15,16,17,18,19,20,24,30,31,32,33,34,35,36,38,53,54,57,62,63,64,66,67,69,70,77,80,81,82,83,84,85,98,99,100,101,102,103,104,105,106,107,108,109,110,111,112,113,114,132,133,134,135,136,137,138,139,140,141,177,191,196,197,216,220,221,237,238,239,240,241,242,243,244,249,
3;0;610;676;0;10,11,12,13,14,15,16,17,18,19,20,24,30,31,32,33,34,35,36,38,53,54,57,62,63,64,66,67,69,70,77,80,81,82,83,84,85,98,99,100,101,102,103,104,105,106,107,108,109,110,111,112,113,114,132,133,134,135,136,137,138,139,140,141,177,191,196,197,216,220,221,237,238,239,240,241,242,243,244,249,
3;1;676;718;0;10,11,12,13,14,15,16,17,18,19,20,24,30,31,32,33,34,35,36,38,53,54,57,62,63,64,66,67,69,70,77,80,81,82,83,84,85,98,99,100,101,102,103,104,105,106,107,108,109,110,111,112,113,114,132,133,134,135,136,137,138,139,140,141,177,191,196,197,216,220,221,237,238,239,240,241,242,243,244,249,
41;0;718;808;1;10,11,12,13,14,15,16,17,18,19,20,24,30,31,32,33,34,35,36,38,53,54,57,62,63,64,66,67,69,70,77,80,81,82,83,84,85,98,99,100,101,102,103,104,105,106,107,108,109,110,111,112,113,114,132,133,134,135,136,137,138,139,140,141,177,191,196,197,216,220,221,237,238,239,240,241,242,243,244,249,
41;1;808;842;1;10,11,12,13,14,15,16,17,18,19,20,24,30,31,32,33,34,35,36,38,53,54,57,62,63,64,66,67,69,70,77,80,81,82,83,84,85,98,99,100,101,102,103,104,105,106,107,108,109,110,111,112,113,114,132,133,134,135,136,137,138,139,140,141,177,191,196,197,216,220,221,237,238,239,240,241,242,243,244,249,
113;0;842;989;0;10,11,12,13,14,15,16,17,18,19,20,24,30,31,32,33,34,35,36,38,53,54,57,62,63,64,66,67,69,70,77,80,81,82,83,84,85,98,99,100,101,102,103,104,105,106,107,108,109,110,111,112,113,114,132,133,134,135,136,137,138,139,140,141,177,191,196,197,216,220,221,237,238,239,240,241,242,243,244,249,
113;1;989;1078;0;10,11,12,13,14,15,16,17,18,19,20,24,30,31,32,33,34,35,36,38,53,54,57,62,63,64,66,67,69,70,77,80,81,82,83,84,85,98,99,100,101,102,103,104,105,106,107,108,109,110,111,112,113,114,132,133,134,135,136,137,138,139,140,141,177,191,196,197,216,220,221,237,238,239,240,241,242,243,244,249,
69;0;1078;1172;1;10,11,12,13,14,15,16,17,18,19,20,24,30,31,32,33,34,35,36,38,53,54,57,62,63,64,66,67,69,70,77,80,81,82,83,84,85,98,99,100,101,102,103,104,105,106,107,108,109,110,111,112,113,114,132,133,134,135,136,137,138,139,140,141,177,191,196,197,216,220,221,237,238,239,240,241,242,243,244,249,
69;1;1172;1205;1;10,11,12,13,14,15,16,17,18,19,20,24,30,31,32,33,34,35,36,38,53,54,57,62,63,64,66,67,69,70,77,80,81,82,83,84,85,98,99,100,101,102,103,104,105,106,107,108,109,110,111,112,113,114,132,133,134,135,136,137,138,139,140,141,177,191,196,197,216,220,221,237,238,239,240,241,242,243,244,249,
51;0;1205;1354;1;10,11,12,13,14,15,16,17,18,19,20,24,30,31,32,33,34,35,36,38,53,54,57,62,63,64,66,67,69,70,77,80,81,82,83,84,85,98,99,100,101,102,103,104,105,106,107,108,109,110,111,112,113,114,132,133,134,135,136,137,138,139,140,141,177,191,196,197,216,220,221,237,238,239,240,241,242,243,244,249,
51;1;1354;1491;1;10,11,12,13,14,15,16,17,18,19,20,24,30,31,32,33,34,35,36,38,53,54,57,62,63,64,66,67,69,70,77,80,81,82,83,84,85,98,99,100,101,102,103,104,105,106,107,108,109,110,111,112,113,114,132,133,134,135,136,137,138,139,140,141,177,191,196,197,216,220,221,237,238,239,240,241,242,243,244,249,
74;0;1491;1656;1;10,11,12,13,14,15,16,17,18,19,20,24,30,31,32,33,34,35,36,38,53,54,57,62,63,64,66,67,69,70,77,80,81,82,83,84,85,98,99,100,101,102,103,104,105,106,107,108,109,110,111,112,113,114,132,133,134,135,136,137,138,139,140,141,177,191,196,197,216,220,221,237,238,239,240,241,242,243,244,249,
74;1;1656;1698;1;10,11,12,13,14,15,16,17,18,19,20,24,30,31,32,33,34,35,36,38,53,54,57,62,63,64,66,67,69,70,77,80,81,82,83,84,85,98,99,100,101,102,103,104,105,106,107,108,109,110,111,112,113,114,132,133,134,135,136,137,138,139,140,141,177,191,196,197,216,220,221,237,238,239,240,241,242,243,244,249,
87;0;1698;1734;0;10,11,12,13,14,15,16,17,18,19,20,24,30,31,32,33,34,35,36,38,53,54,57,62,63,64,66,67,69,70,77,80,81,82,83,84,85,98,99,100,101,102,103,104,105,106,107,108,109,110,111,112,113,114,132,133,134,135,136,137,138,139,140,141,177,191,196,197,216,220,221,237,238,239,240,241,242,243,244,249,
39;0;1734;1807;1;10,11,12,13,14,15,16,17,18,19,20,24,30,31,32,33,34,35,36,38,53,54,57,62,63,64,66,67,69,70,77,80,81,82,83,84,85,98,99,100,101,102,103,104,105,106,107,108,109,110,111,112,113,114,132,133,134,135,136,137,138,139,140,141,177,191,196,197,216,220,221,237,238,239,240,241,242,243,244,249,
39;1;1807;1958;1;10,11,12,13,14,15,16,17,18,19,20,24,30,31,32,33,34,35,36,38,53,54,57,62,63,64,66,67,69,70,77,80,81,82,83,84,85,98,99,100,101,102,103,104,105,106,107,108,109,110,111,112,113,114,132,133,134,135,136,137,138,139,140,141,177,191,196,197,216,220,221,237,238,239,240,241,242,243,244,249,
13;0;1958;2055;0;10,11,12,13,14,15,16,17,18,19,20,24,30,31,32,33,34,35,36,38,53,54,57,62,63,64,66,67,69,70,77,80,81,82,83,84,85,98,99,100,101,102,103,104,105,106,107,108,109,110,111,112,113,114,132,133,134,135,136,137,138,139,140,141,177,191,196,197,216,220,221,237,238,239,240,241,242,243,244,249,
13;1;2055;2235;0;10,11,12,13,14,15,16,17,18,19,20,24,30,31,32,33,34,35,36,38,53,54,57,62,63,64,66,67,69,70,77,80,81,82,83,84,85,98,99,100,101,102,103,104,105,106,107,108,109,110,111,112,113,114,132,133,134,135,136,137,138,139,140,141,177,191,196,197,216,220,221,237,238,239,240,241,242,243,244,249,
68;0;2235;2332;0;10,11,12,13,14,15,16,17,18,19,20,24,30,31,32,33,34,35,36,38,53,54,57,62,63,64,66,67,69,70,77,80,81,82,83,84,85,98,99,100,101,102,103,104,105,106,107,108,109,110,111,112,113,114,132,133,134,135,136,137,138,139,140,141,177,191,196,197,216,220,221,237,238,239,240,241,242,243,244,249,
68;1;2332;2494;0;10,11,12,13,14,15,16,17,18,19,20,24,30,31,32,33,34,35,36,38,53,54,57,62,63,64,66,67,69,70,77,80,81,82,83,84,85,98,99,100,101,102,103,104,105,106,107,108,109,110,111,112,113,114,132,133,134,135,136,137,138,139,140,141,177,191,196,197,216,220,221,237,238,239,240,241,242,243,244,249,
88;0;2494;2553;0;10,11,12,13,14,15,16,17,18,19,20,24,30,31,32,33,34,35,36,38,53,54,57,62,63,64,66,67,69,70,77,80,81,82,83,84,85,98,99,100,101,102,103,104,105,106,107,108,109,110,111,112,113,114,132,133,134,135,136,137,138,139,140,141,177,191,196,197,216,220,221,237,238,239,240,241,242,243,244,249,
88;1;2553;2687;0;10,11,12,13,14,15,16,17,18,19,20,24,30,31,32,33,34,35,36,38,53,54,57,62,63,64,66,67,69,70,77,80,81,82,83,84,85,98,99,100,101,102,103,104,105,106,107,108,109,110,111,112,113,114,132,133,134,135,136,137,138,139,140,141,177,191,196,197,216,220,221,237,238,239,240,241,242,243,244,249,
53;0;2687;2698;0;10,11,12,13,14,15,16,17,18,19,20,24,30,31,32,33,34,35,36,38,53,54,57,62,63,64,66,67,69,70,77,80,81,82,83,84,85,98,99,100,101,102,103,104,105,106,107,108,109,110,111,112,113,114,132,133,134,135,136,137,138,139,140,141,177,191,196,197,216,220,221,237,238,239,240,241,242,243,244,249,
53;1;2698;2758;0;10,11,12,13,14,15,16,17,18,19,20,24,30,31,32,33,34,35,36,38,53,54,57,62,63,64,66,67,69,70,77,80,81,82,83,84,85,98,99,100,101,102,103,104,105,106,107,108,109,110,111,112,113,114,132,133,134,135,136,137,138,139,140,141,177,191,196,197,216,220,221,237,238,239,240,241,242,243,244,249,
52;0;2758;2792;0;10,11,12,13,14,15,16,17,18,19,20,24,30,31,32,33,34,35,36,38,53,54,57,62,63,64,66,67,69,70,77,80,81,82,83,84,85,98,99,100,101,102,103,104,105,106,107,108,109,110,111,112,113,114,132,133,134,135,136,137,138,139,140,141,177,191,196,197,216,220,221,237,238,239,240,241,242,243,244,249,
105;0;2792;2858;0;10,11,12,13,14,15,16,17,18,19,20,24,30,31,32,33,34,35,36,38,53,54,57,62,63,64,66,67,69,70,77,80,81,82,83,84,85,98,99,100,101,102,103,104,105,106,107,108,109,110,111,112,113,114,132,133,134,135,136,137,138,139,140,141,177,191,196,197,216,220,221,237,238,239,240,241,242,243,244,249,
30;0;2858;2989;0;10,11,12,13,14,15,16,17,18,19,20,24,30,31,32,33,34,35,36,38,53,54,57,62,63,64,66,67,69,70,77,80,81,82,83,84,85,98,99,100,101,102,103,104,105,106,107,108,109,110,111,112,113,114,132,133,134,135,136,137,138,139,140,141,177,191,196,197,216,220,221,237,238,239,240,241,242,243,244,249,
70;0;2989;3126;0;10,11,12,13,14,15,16,17,18,19,20,24,30,31,32,33,34,35,36,38,53,54,57,62,63,64,66,67,69,70,77,80,81,82,83,84,85,98,99,100,101,102,103,104,105,106,107,108,109,110,111,112,113,114,132,133,134,135,136,137,138,139,140,141,177,191,196,197,216,220,221,237,238,239,240,241,242,243,244,249,
64;0;3126;3216;1;10,11,12,13,14,15,16,17,18,19,20,24,30,31,32,33,34,35,36,38,53,54,57,62,63,64,66,67,69,70,77,80,81,82,83,84,85,98,99,100,101,102,103,104,105,106,107,108,109,110,111,112,113,114,132,133,134,135,136,137,138,139,140,141,177,191,196,197,216,220,221,237,238,239,240,241,242,243,244,249,
64;1;3216;3281;1;10,11,12,13,14,15,16,17,18,19,20,24,30,31,32,33,34,35,36,38,53,54,57,62,63,64,66,67,69,70,77,80,81,82,83,84,85,98,99,100,101,102,103,104,105,106,107,108,109,110,111,112,113,114,132,133,134,135,136,137,138,139,140,141,177,191,196,197,216,220,221,237,238,239,240,241,242,243,244,249,
15;0;3281;3412;0;10,11,12,13,14,15,16,17,18,19,20,24,30,31,32,33,34,35,36,38,53,54,57,62,63,64,66,67,69,70,77,80,81,82,83,84,85,98,99,100,101,102,103,104,105,106,107,108,109,110,111,112,113,114,132,133,134,135,136,137,138,139,140,141,177,191,196,197,216,220,221,237,238,239,240,241,242,243,244,249,
79;0;3412;3453;1;10,11,12,13,14,15,16,17,18,19,20,24,30,31,32,33,34,35,36,38,53,54,57,62,63,64,66,67,69,70,77,80,81,82,83,84,85,98,99,100,101,102,103,104,105,106,107,108,109,110,111,112,113,114,132,133,134,135,136,137,138,139,140,141,177,191,196,197,216,220,221,237,238,239,240,241,242,243,244,249,
79;1;3453;3474;1;10,11,12,13,14,15,16,17,18,19,20,24,30,31,32,33,34,35,36,38,53,54,57,62,63,64,66,67,69,70,77,80,81,82,83,84,85,98,99,100,101,102,103,104,105,106,107,108,109,110,111,112,113,114,132,133,134,135,136,137,138,139,140,141,177,191,196,197,216,220,221,237,238,239,240,241,242,243,244,249,
Machine: 1
11;0;0;34;1;2,20,21,22,23,24,25,26,27,28,29,36,38,40,52,53,63,64,69,70,71,72,73,74,75,76,77,78,79,80,81,82,83,84,85,86,87,88,98,99,100,101,102,103,104,105,106,107,108,127,135,151,169,170,171,172,173,174,175,176,183,186,188,190,200,201,202,203,204,205,216,218,238,244,245,246,247,263,264,265,
11;1;34;48;1;2,20,21,22,23,24,25,26,27,28,29,36,38,40,52,53,63,64,69,70,71,72,73,74,75,76,77,78,79,80,81,82,83,84,85,86,87,88,98,99,100,101,102,103,104,105,106,107,108,127,135,151,169,170,171,172,173,174,175,176,183,186,188,190,200,201,202,203,204,205,216,218,238,244,245,246,247,263,264,265,
9;0;48;174;1;2,20,21,22,23,24,25,26,27,28,29,36,38,40,52,53,63,64,69,70,71,72,73,74,75,76,77,78,79,80,81,82,83,84,85,86,87,88,98,99,100,101,102,103,104,105,106,107,108,127,135,151,169,170,171,172,173,174,175,176,183,186,188,190,200,201,202,203,204,205,216,218,238,244,245,246,247,263,264,265,
9;1;174;237;1;2,20,21,22,23,24,25,26,27,28,29,36,38,40,52,53,63,64,69,70,71,72,73,74,75,76,77,78,79,80,81,82,83,84,85,86,87,88,98,99,100,101,102,103,104,105,106,107,108,127,135,151,169,170,171,172,173,174,175,176,183,186,188,190,200,201,202,203,204,205,216,218,238,244,245,246,247,263,264,265,
48;0;237;326;0;2,20,21,22,23,24,25,26,27,28,29,36,38,40,52,53,63,64,69,70,71,72,73,74,75,76,77,78,79,80,81,82,83,84,85,86,87,88,98,99,100,101,102,103,104,105,106,107,108,127,135,151,169,170,171,172,173,174,175,176,183,186,188,190,200,201,202,203,204,205,216,218,238,244,245,246,247,263,264,265,
48;1;326;378;0;2,20,21,22,23,24,25,26,27,28,29,36,38,40,52,53,63,64,69,70,71,72,73,74,75,76,77,78,79,80,81,82,83,84,85,86,87,88,98,99,100,101,102,103,104,105,106,107,108,127,135,151,169,170,171,172,173,174,175,176,183,186,188,190,200,201,202,203,204,205,216,218,238,244,245,246,247,263,264,265,
42;0;378;449;0;2,20,21,22,23,24,25,26,27,28,29,36,38,40,52,53,63,64,69,70,71,72,73,74,75,76,77,78,79,80,81,82,83,84,85,86,87,88,98,99,100,101,102,103,104,105,106,107,108,127,135,151,169,170,171,172,173,174,175,176,183,186,188,190,200,201,202,203,204,205,216,218,238,244,245,246,247,263,264,265,
124;0;449;453;1;2,20,21,22,23,24,25,26,27,28,29,36,38,40,52,53,63,64,69,70,71,72,73,74,75,76,77,78,79,80,81,82,83,84,85,86,87,88,98,99,100,101,102,103,104,105,106,107,108,127,135,151,169,170,171,172,173,174,175,176,183,186,188,190,200,201,202,203,204,205,216,218,238,244,245,246,247,263,264,265,
124;1;453;467;1;2,20,21,22,23,24,25,26,27,28,29,36,38,40,52,53,63,64,69,70,71,72,73,74,75,76,77,78,79,80,81,82,83,84,85,86,87,88,98,99,100,101,102,103,104,105,106,107,108,127,135,151,169,170,171,172,173,174,175,176,183,186,188,190,200,201,202,203,204,205,216,218,238,244,245,246,247,263,264,265,
122;0;467;628;0;2,20,21,22,23,24,25,26,27,28,29,36,38,40,52,53,63,64,69,70,71,72,73,74,75,76,77,78,79,80,81,82,83,84,85,86,87,88,98,99,100,101,102,103,104,105,106,107,108,127,135,151,169,170,171,172,173,174,175,176,183,186,188,190,200,201,202,203,204,205,216,218,238,244,245,246,247,263,264,265,
24;0;628;681;1;2,20,21,22,23,24,25,26,27,28,29,36,38,40,52,53,63,64,69,70,71,72,73,74,75,76,77,78,79,80,81,82,83,84,85,86,87,88,98,99,100,101,102,103,104,105,106,107,108,127,135,151,169,170,171,172,173,174,175,176,183,186,188,190,200,201,202,203,204,205,216,218,238,244,245,246,247,263,264,265,
24;1;681;693;1;2,20,21,22,23,24,25,26,27,28,29,36,38,40,52,53,63,64,69,70,71,72,73,74,75,76,77,78,79,80,81,82,83,84,85,86,87,88,98,99,100,101,102,103,104,105,106,107,108,127,135,151,169,170,171,172,173,174,175,176,183,186,188,190,200,201,202,203,204,205,216,218,238,244,245,246,247,263,264,265,
78;0;693;722;0;2,20,21,22,23,24,25,26,27,28,29,36,38,40,52,53,63,64,69,70,71,72,73,74,75,76,77,78,79,80,81,82,83,84,85,86,87,88,98,99,100,101,102,103,104,105,106,107,108,127,135,151,169,170,171,172,173,174,175,176,183,186,188,190,200,201,202,203,204,205,216,218,238,244,245,246,247,263,264,265,
78;1;722;883;0;2,20,21,22,23,24,25,26,27,28,29,36,38,40,52,53,63,64,69,70,71,72,73,74,75,76,77,78,79,80,81,82,83,84,85,86,87,88,98,99,100,101,102,103,104,105,106,107,108,127,135,151,169,170,171,172,173,174,175,176,183,186,188,190,200,201,202,203,204,205,216,218,238,244,245,246,247,263,264,265,
56;0;883;951;1;2,20,21,22,23,24,25,26,27,28,29,36,38,40,52,53,63,64,69,70,71,72,73,74,75,76,77,78,79,80,81,82,83,84,85,86,87,88,98,99,100,101,102,103,104,105,106,107,108,127,135,151,169,170,171,172,173,174,175,176,183,186,188,190,200,201,202,203,204,205,216,218,238,244,245,246,247,263,264,265,
56;1;951;1055;1;2,20,21,22,23,24,25,26,27,28,29,36,38,40,52,53,63,64,69,70,71,72,73,74,75,76,77,78,79,80,81,82,83,84,85,86,87,88,98,99,100,101,102,103,104,105,106,107,108,127,135,151,169,170,171,172,173,174,175,176,183,186,188,190,200,201,202,203,204,205,216,218,238,244,245,246,247,263,264,265,
61;0;1055;1091;1;2,20,21,22,23,24,25,26,27,28,29,36,38,40,52,53,63,64,69,70,71,72,73,74,75,76,77,78,79,80,81,82,83,84,85,86,87,88,98,99,100,101,102,103,104,105,106,107,108,127,135,151,169,170,171,172,173,174,175,176,183,186,188,190,200,201,202,203,204,205,216,218,238,244,245,246,247,263,264,265,
61;1;1091;1181;1;2,20,21,22,23,24,25,26,27,28,29,36,38,40,52,53,63,64,69,70,71,72,73,74,75,76,77,78,79,80,81,82,83,84,85,86,87,88,98,99,100,101,102,103,104,105,106,107,108,127,135,151,169,170,171,172,173,174,175,176,183,186,188,190,200,201,202,203,204,205,216,218,238,244,245,246,247,263,264,265,
14;0;1181;1267;1;2,20,21,22,23,24,25,26,27,28,29,36,38,40,52,53,63,64,69,70,71,72,73,74,75,76,77,78,79,80,81,82,83,84,85,86,87,88,98,99,100,101,102,103,104,105,106,107,108,127,135,151,169,170,171,172,173,174,175,176,183,186,188,190,200,201,202,203,204,205,216,218,238,244,245,246,247,263,264,265,
14;1;1267;1418;1;2,20,21,22,23,24,25,26,27,28,29,36,38,40,52,53,63,64,69,70,71,72,73,74,75,76,77,78,79,80,81,82,83,84,85,86,87,88,98,99,100,101,102,103,104,105,106,107,108,127,135,151,169,170,171,172,173,174,175,176,183,186,188,190,200,201,202,203,204,205,216,218,238,244,245,246,247,263,264,265,
103;0;1418;1552;0;2,20,21,22,23,24,25,26,27,28,29,36,38,40,52,53,63,64,69,70,71,72,73,74,75,76,77,78,79,80,81,82,83,84,85,86,87,88,98,99,100,101,102,103,104,105,106,107,108,127,135,151,169,170,171,172,173,174,175,176,183,186,188,190,200,201,202,203,204,205,216,218,238,244,245,246,247,263,264,265,
103;1;1552;1614;0;2,20,21,22,23,24,25,26,27,28,29,36,38,40,52,53,63,64,69,70,71,72,73,74,75,76,77,78,79,80,81,82,83,84,85,86,87,88,98,99,100,101,102,103,104,105,106,107,108,127,135,151,169,170,171,172,173,174,175,176,183,186,188,190,200,201,202,203,204,205,216,218,238,244,245,246,247,263,264,265,
127;0;1614;1771;0;2,20,21,22,23,24,25,26,27,28,29,36,38,40,52,53,63,64,69,70,71,72,73,74,75,76,77,78,79,80,81,82,83,84,85,86,87,88,98,99,100,101,102,103,104,105,106,107,108,127,135,151,169,170,171,172,173,174,175,176,183,186,188,190,200,201,202,203,204,205,216,218,238,244,245,246,247,263,264,265,
2;0;1771;1943;1;2,20,21,22,23,24,25,26,27,28,29,36,38,40,52,53,63,64,69,70,71,72,73,74,75,76,77,78,79,80,81,82,83,84,85,86,87,88,98,99,100,101,102,103,104,105,106,107,108,127,135,151,169,170,171,172,173,174,175,176,183,186,188,190,200,201,202,203,204,205,216,218,238,244,245,246,247,263,264,265,
32;0;1943;2047;0;2,20,21,22,23,24,25,26,27,28,29,36,38,40,52,53,63,64,69,70,71,72,73,74,75,76,77,78,79,80,81,82,83,84,85,86,87,88,98,99,100,101,102,103,104,105,106,107,108,127,135,151,169,170,171,172,173,174,175,176,183,186,188,190,200,201,202,203,204,205,216,218,238,244,245,246,247,263,264,265,
91;0;2047;2210;1;2,20,21,22,23,24,25,26,27,28,29,36,38,40,52,53,63,64,69,70,71,72,73,74,75,76,77,78,79,80,81,82,83,84,85,86,87,88,98,99,100,101,102,103,104,105,106,107,108,127,135,151,169,170,171,172,173,174,175,176,183,186,188,190,200,201,202,203,204,205,216,218,238,244,245,246,247,263,264,265,
91;1;2210;2359;1;2,20,21,22,23,24,25,26,27,28,29,36,38,40,52,53,63,64,69,70,71,72,73,74,75,76,77,78,79,80,81,82,83,84,85,86,87,88,98,99,100,101,102,103,104,105,106,107,108,127,135,151,169,170,171,172,173,174,175,176,183,186,188,190,200,201,202,203,204,205,216,218,238,244,245,246,247,263,264,265,
121;0;2359;2455;1;2,20,21,22,23,24,25,26,27,28,29,36,38,40,52,53,63,64,69,70,71,72,73,74,75,76,77,78,79,80,81,82,83,84,85,86,87,88,98,99,100,101,102,103,104,105,106,107,108,127,135,151,169,170,171,172,173,174,175,176,183,186,188,190,200,201,202,203,204,205,216,218,238,244,245,246,247,263,264,265,
121;1;2455;2508;1;2,20,21,22,23,24,25,26,27,28,29,36,38,40,52,53,63,64,69,70,71,72,73,74,75,76,77,78,79,80,81,82,83,84,85,86,87,88,98,99,100,101,102,103,104,105,106,107,108,127,135,151,169,170,171,172,173,174,175,176,183,186,188,190,200,201,202,203,204,205,216,218,238,244,245,246,247,263,264,265,
95;0;2508;2645;0;2,20,21,22,23,24,25,26,27,28,29,36,38,40,52,53,63,64,69,70,71,72,73,74,75,76,77,78,79,80,81,82,83,84,85,86,87,88,98,99,100,101,102,103,104,105,106,107,108,127,135,151,169,170,171,172,173,174,175,176,183,186,188,190,200,201,202,203,204,205,216,218,238,244,245,246,247,263,264,265,
84;0;2645;2771;1;2,20,21,22,23,24,25,26,27,28,29,36,38,40,52,53,63,64,69,70,71,72,73,74,75,76,77,78,79,80,81,82,83,84,85,86,87,88,98,99,100,101,102,103,104,105,106,107,108,127,135,151,169,170,171,172,173,174,175,176,183,186,188,190,200,201,202,203,204,205,216,218,238,244,245,246,247,263,264,265,
84;1;2771;2786;1;2,20,21,22,23,24,25,26,27,28,29,36,38,40,52,53,63,64,69,70,71,72,73,74,75,76,77,78,79,80,81,82,83,84,85,86,87,88,98,99,100,101,102,103,104,105,106,107,108,127,135,151,169,170,171,172,173,174,175,176,183,186,188,190,200,201,202,203,204,205,216,218,238,244,245,246,247,263,264,265,
66;0;2786;2846;1;2,20,21,22,23,24,25,26,27,28,29,36,38,40,52,53,63,64,69,70,71,72,73,74,75,76,77,78,79,80,81,82,83,84,85,86,87,88,98,99,100,101,102,103,104,105,106,107,108,127,135,151,169,170,171,172,173,174,175,176,183,186,188,190,200,201,202,203,204,205,216,218,238,244,245,246,247,263,264,265,
66;1;2846;3007;1;2,20,21,22,23,24,25,26,27,28,29,36,38,40,52,53,63,64,69,70,71,72,73,74,75,76,77,78,79,80,81,82,83,84,85,86,87,88,98,99,100,101,102,103,104,105,106,107,108,127,135,151,169,170,171,172,173,174,175,176,183,186,188,190,200,201,202,203,204,205,216,218,238,244,245,246,247,263,264,265,
120;0;3007;3158;0;2,20,21,22,23,24,25,26,27,28,29,36,38,40,52,53,63,64,69,70,71,72,73,74,75,76,77,78,79,80,81,82,83,84,85,86,87,88,98,99,100,101,102,103,104,105,106,107,108,127,135,151,169,170,171,172,173,174,175,176,183,186,188,190,200,201,202,203,204,205,216,218,238,244,245,246,247,263,264,265,
96;0;3158;3302;1;2,20,21,22,23,24,25,26,27,28,29,36,38,40,52,53,63,64,69,70,71,72,73,74,75,76,77,78,79,80,81,82,83,84,85,86,87,88,98,99,100,101,102,103,104,105,106,107,108,127,135,151,169,170,171,172,173,174,175,176,183,186,188,190,200,201,202,203,204,205,216,218,238,244,245,246,247,263,264,265,
96;1;3302;3478;1;2,20,21,22,23,24,25,26,27,28,29,36,38,40,52,53,63,64,69,70,71,72,73,74,75,76,77,78,79,80,81,82,83,84,85,86,87,88,98,99,100,101,102,103,104,105,106,107,108,127,135,151,169,170,171,172,173,174,175,176,183,186,188,190,200,201,202,203,204,205,216,218,238,244,245,246,247,263,264,265,
Machine: 2
16;0;0;165;1;0,1,2,3,4,5,6,7,20,28,36,37,38,44,45,46,47,48,49,50,51,52,53,57,63,64,65,66,67,68,69,71,73,77,80,81,84,85,98,99,100,103,115,116,117,118,119,120,121,122,123,124,134,135,155,156,167,168,183,184,185,186,187,188,189,190,191,192,207,208,211,212,213,216,218,219,220,248,249,250,
16;1;165;262;1;0,1,2,3,4,5,6,7,20,28,36,37,38,44,45,46,47,48,49,50,51,52,53,57,63,64,65,66,67,68,69,71,73,77,80,81,84,85,98,99,100,103,115,116,117,118,119,120,121,122,123,124,134,135,155,156,167,168,183,184,185,186,187,188,189,190,191,192,207,208,211,212,213,216,218,219,220,248,249,250,
99;0;262;422;1;0,1,2,3,4,5,6,7,20,28,36,37,38,44,45,46,47,48,49,50,51,52,53,57,63,64,65,66,67,68,69,71,73,77,80,81,84,85,98,99,100,103,115,116,117,118,119,120,121,122,123,124,134,135,155,156,167,168,183,184,185,186,187,188,189,190,191,192,207,208,211,212,213,216,218,219,220,248,249,250,
99;1;422;575;1;0,1,2,3,4,5,6,7,20,28,36,37,38,44,45,46,47,48,49,50,51,52,53,57,63,64,65,66,67,68,69,71,73,77,80,81,84,85,98,99,100,103,115,116,117,118,119,120,121,122,123,124,134,135,155,156,167,168,183,184,185,186,187,188,189,190,191,192,207,208,211,212,213,216,218,219,220,248,249,250,
81;0;575;640;1;0,1,2,3,4,5,6,7,20,28,36,37,38,44,45,46,47,48,49,50,51,52,53,57,63,64,65,66,67,68,69,71,73,77,80,81,84,85,98,99,100,103,115,116,117,118,119,120,121,122,123,124,134,135,155,156,167,168,183,184,185,186,187,188,189,190,191,192,207,208,211,212,213,216,218,219,220,248,249,250,
81;1;640;749;1;0,1,2,3,4,5,6,7,20,28,36,37,38,44,45,46,47,48,49,50,51,52,53,57,63,64,65,66,67,68,69,71,73,77,80,81,84,85,98,99,100,103,115,116,117,118,119,120,121,122,123,124,134,135,155,156,167,168,183,184,185,186,187,188,189,190,191,192,207,208,211,212,213,216,218,219,220,248,249,250,
29;0;749;757;1;0,1,2,3,4,5,6,7,20,28,36,37,38,44,45,46,47,48,49,50,51,52,53,57,63,64,65,66,67,68,69,71,73,77,80,81,84,85,98,99,100,103,115,116,117,118,119,120,121,122,123,124,134,135,155,156,167,168,183,184,185,186,187,188,189,190,191,192,207,208,211,212,213,216,218,219,220,248,249,250,
29;1;757;801;1;0,1,2,3,4,5,6,7,20,28,36,37,38,44,45,46,47,48,49,50,51,52,53,57,63,64,65,66,67,68,69,71,73,77,80,81,84,85,98,99,100,103,115,116,117,118,119,120,121,122,123,124,134,135,155,156,167,168,183,184,185,186,187,188,189,190,191,192,207,208,211,212,213,216,218,219,220,248,249,250,
5;0;801;867;0;0,1,2,3,4,5,6,7,20,28,36,37,38,44,45,46,47,48,49,50,51,52,53,57,63,64,65,66,67,68,69,71,73,77,80,81,84,85,98,99,100,103,115,116,117,118,119,120,121,122,123,124,134,135,155,156,167,168,183,184,185,186,187,188,189,190,191,192,207,208,211,212,213,216,218,219,220,248,249,250,
80;0;867;944;0;0,1,2,3,4,5,6,7,20,28,36,37,38,44,45,46,47,48,49,50,51,52,53,57,63,64,65,66,67,68,69,71,73,77,80,81,84,85,98,99,100,103,115,116,117,118,119,120,121,122,123,124,134,135,155,156,167,168,183,184,185,186,187,188,189,190,191,192,207,208,211,212,213,216,218,219,220,248,249,250,
34;0;944;966;1;0,1,2,3,4,5,6,7,20,28,36,37,38,44,45,46,47,48,49,50,51,52,53,57,63,64,65,66,67,68,69,71,73,77,80,81,84,85,98,99,100,103,115,116,117,118,119,120,121,122,123,124,134,135,155,156,167,168,183,184,185,186,187,188,189,190,191,192,207,208,211,212,213,216,218,219,220,248,249,250,
34;1;966;1015;1;0,1,2,3,4,5,6,7,20,28,36,37,38,44,45,46,47,48,49,50,51,52,53,57,63,64,65,66,67,68,69,71,73,77,80,81,84,85,98,99,100,103,115,116,117,118,119,120,121,122,123,124,134,135,155,156,167,168,183,184,185,186,187,188,189,190,191,192,207,208,211,212,213,216,218,219,220,248,249,250,
49;0;1015;1113;1;0,1,2,3,4,5,6,7,20,28,36,37,38,44,45,46,47,48,49,50,51,52,53,57,63,64,65,66,67,68,69,71,73,77,80,81,84,85,98,99,100,103,115,116,117,118,119,120,121,122,123,124,134,135,155,156,167,168,183,184,185,186,187,188,189,190,191,192,207,208,211,212,213,216,218,219,220,248,249,250,
49;1;1113;1186;1;0,1,2,3,4,5,6,7,20,28,36,37,38,44,45,46,47,48,49,50,51,52,53,57,63,64,65,66,67,68,69,71,73,77,80,81,84,85,98,99,100,103,115,116,117,118,119,120,121,122,123,124,134,135,155,156,167,168,183,184,185,186,187,188,189,190,191,192,207,208,211,212,213,216,218,219,220,248,249,250,
82;0;1186;1307;0;0,1,2,3,4,5,6,7,20,28,36,37,38,44,45,46,47,48,49,50,51,52,53,57,63,64,65,66,67,68,69,71,73,77,80,81,84,85,98,99,100,103,115,116,117,118,119,120,121,122,123,124,134,135,155,156,167,168,183,184,185,186,187,188,189,190,191,192,207,208,211,212,213,216,218,219,220,248,249,250,
101;0;1307;1455;1;0,1,2,3,4,5,6,7,20,28,36,37,38,44,45,46,47,48,49,50,51,52,53,57,63,64,65,66,67,68,69,71,73,77,80,81,84,85,98,99,100,103,115,116,117,118,119,120,121,122,123,124,134,135,155,156,167,168,183,184,185,186,187,188,189,190,191,192,207,208,211,212,213,216,218,219,220,248,249,250,
101;1;1455;1477;1;0,1,2,3,4,5,6,7,20,28,36,37,38,44,45,46,47,48,49,50,51,52,53,57,63,64,65,66,67,68,69,71,73,77,80,81,84,85,98,99,100,103,115,116,117,118,119,120,121,122,123,124,134,135,155,156,167,168,183,184,185,186,187,188,189,190,191,192,207,208,211,212,213,216,218,219,220,248,249,250,
85;0;1477;1504;0;0,1,2,3,4,5,6,7,20,28,36,37,38,44,45,46,47,48,49,50,51,52,53,57,63,64,65,66,67,68,69,71,73,77,80,81,84,85,98,99,100,103,115,116,117,118,119,120,121,122,123,124,134,135,155,156,167,168,183,184,185,186,187,188,189,190,191,192,207,208,211,212,213,216,218,219,220,248,249,250,
36;0;1504;1534;1;0,1,2,3,4,5,6,7,20,28,36,37,38,44,45,46,47,48,49,50,51,52,53,57,63,64,65,66,67,68,69,71,73,77,80,81,84,85,98,99,100,103,115,116,117,118,119,120,121,122,123,124,134,135,155,156,167,168,183,184,185,186,187,188,189,190,191,192,207,208,211,212,213,216,218,219,220,248,249,250,
36;1;1534;1633;1;0,1,2,3,4,5,6,7,20,28,36,37,38,44,45,46,47,48,49,50,51,52,53,57,63,64,65,66,67,68,69,71,73,77,80,81,84,85,98,99,100,103,115,116,117,118,119,120,121,122,123,124,134,135,155,156,167,168,183,184,185,186,187,188,189,190,191,192,207,208,211,212,213,216,218,219,220,248,249,250,
76;0;1633;1754;1;0,1,2,3,4,5,6,7,20,28,36,37,38,44,45,46,47,48,49,50,51,52,53,57,63,64,65,66,67,68,69,71,73,77,80,81,84,85,98,99,100,103,115,116,117,118,119,120,121,122,123,124,134,135,155,156,167,168,183,184,185,186,187,188,189,190,191,192,207,208,211,212,213,216,218,219,220,248,249,250,
76;1;1754;1890;1;0,1,2,3,4,5,6,7,20,28,36,37,38,44,45,46,47,48,49,50,51,52,53,57,63,64,65,66,67,68,69,71,73,77,80,81,84,85,98,99,100,103,115,116,117,118,119,120,121,122,123,124,134,135,155,156,167,168,183,184,185,186,187,188,189,190,191,192,207,208,211,212,213,216,218,219,220,248,249,250,
83;0;1890;1920;0;0,1,2,3,4,5,6,7,20,28,36,37,38,44,45,46,47,48,49,50,51,52,53,57,63,64,65,66,67,68,69,71,73,77,80,81,84,85,98,99,100,103,115,116,117,118,119,120,121,122,123,124,134,135,155,156,167,168,183,184,185,186,187,188,189,190,191,192,207,208,211,212,213,216,218,219,220,248,249,250,
83;1;1920;2021;0;0,1,2,3,4,5,6,7,20,28,36,37,38,44,45,46,47,48,49,50,51,52,53,57,63,64,65,66,67,68,69,71,73,77,80,81,84,85,98,99,100,103,115,116,117,118,119,120,121,122,123,124,134,135,155,156,167,168,183,184,185,186,187,188,189,190,191,192,207,208,211,212,213,216,218,219,220,248,249,250,
26;0;2021;2165;1;0,1,2,3,4,5,6,7,20,28,36,37,38,44,45,46,47,48,49,50,51,52,53,57,63,64,65,66,67,68,69,71,73,77,80,81,84,85,98,99,100,103,115,116,117,118,119,120,121,122,123,124,134,135,155,156,167,168,183,184,185,186,187,188,189,190,191,192,207,208,211,212,213,216,218,219,220,248,249,250,
26;1;2165;2206;1;0,1,2,3,4,5,6,7,20,28,36,37,38,44,45,46,47,48,49,50,51,52,53,57,63,64,65,66,67,68,69,71,73,77,80,81,84,85,98,99,100,103,115,116,117,118,119,120,121,122,123,124,134,135,155,156,167,168,183,184,185,186,187,188,189,190,191,192,207,208,211,212,213,216,218,219,220,248,249,250,
6;0;2206;2367;1;0,1,2,3,4,5,6,7,20,28,36,37,38,44,45,46,47,48,49,50,51,52,53,57,63,64,65,66,67,68,69,71,73,77,80,81,84,85,98,99,100,103,115,116,117,118,119,120,121,122,123,124,134,135,155,156,167,168,183,184,185,186,187,188,189,190,191,192,207,208,211,212,213,216,218,219,220,248,249,250,
6;1;2367;2457;1;0,1,2,3,4,5,6,7,20,28,36,37,38,44,45,46,47,48,49,50,51,52,53,57,63,64,65,66,67,68,69,71,73,77,80,81,84,85,98,99,100,103,115,116,117,118,119,120,121,122,123,124,134,135,155,156,167,168,183,184,185,186,187,188,189,190,191,192,207,208,211,212,213,216,218,219,220,248,249,250,
8;0;2457;2570;0;0,1,2,3,4,5,6,7,20,28,36,37,38,44,45,46,47,48,49,50,51,52,53,57,63,64,65,66,67,68,69,71,73,77,80,81,84,85,98,99,100,103,115,116,117,118,119,120,121,122,123,124,134,135,155,156,167,168,183,184,185,186,187,188,189,190,191,192,207,208,211,212,213,216,218,219,220,248,249,250,
8;1;2570;2706;0;0,1,2,3,4,5,6,7,20,28,36,37,38,44,45,46,47,48,49,50,51,52,53,57,63,64,65,66,67,68,69,71,73,77,80,81,84,85,98,99,100,103,115,116,117,118,119,120,121,122,123,124,134,135,155,156,167,168,183,184,185,186,187,188,189,190,191,192,207,208,211,212,213,216,218,219,220,248,249,250,
94;0;2706;2807;1;0,1,2,3,4,5,6,7,20,28,36,37,38,44,45,46,47,48,49,50,51,52,53,57,63,64,65,66,67,68,69,71,73,77,80,81,84,85,98,99,100,103,115,116,117,118,119,120,121,122,123,124,134,135,155,156,167,168,183,184,185,186,187,188,189,190,191,192,207,208,211,212,213,216,218,219,220,248,249,250,
94;1;2807;2852;1;0,1,2,3,4,5,6,7,20,28,36,37,38,44,45,46,47,48,49,50,51,52,53,57,63,64,65,66,67,68,69,71,73,77,80,81,84,85,98,99,100,103,115,116,117,118,119,120,121,122,123,124,134,135,155,156,167,168,183,184,185,186,187,188,189,190,191,192,207,208,211,212,213,216,218,219,220,248,249,250,
50;0;2852;2991;0;0,1,2,3,4,5,6,7,20,28,36,37,38,44,45,46,47,48,49,50,51,52,53,57,63,64,65,66,67,68,69,71,73,77,80,81,84,85,98,99,100,103,115,116,117,118,119,120,121,122,123,124,134,135,155,156,167,168,183,184,185,186,187,188,189,190,191,192,207,208,211,212,213,216,218,219,220,248,249,250,
22;0;2991;3100;0;0,1,2,3,4,5,6,7,20,28,36,37,38,44,45,46,47,48,49,50,51,52,53,57,63,64,65,66,67,68,69,71,73,77,80,81,84,85,98,99,100,103,115,116,117,118,119,120,121,122,123,124,134,135,155,156,167,168,183,184,185,186,187,188,189,190,191,192,207,208,211,212,213,216,218,219,220,248,249,250,
59;0;3100;3105;1;0,1,2,3,4,5,6,7,20,28,36,37,38,44,45,46,47,48,49,50,51,52,53,57,63,64,65,66,67,68,69,71,73,77,80,81,84,85,98,99,100,103,115,116,117,118,119,120,121,122,123,124,134,135,155,156,167,168,183,184,185,186,187,188,189,190,191,192,207,208,211,212,213,216,218,219,220,248,249,250,
59;1;3105;3229;1;0,1,2,3,4,5,6,7,20,28,36,37,38,44,45,46,47,48,49,50,51,52,53,57,63,64,65,66,67,68,69,71,73,77,80,81,84,85,98,99,100,103,115,116,117,118,119,120,121,122,123,124,134,135,155,156,167,168,183,184,185,186,187,188,189,190,191,192,207,208,211,212,213,216,218,219,220,248,249,250,
102;0;3229;3280;0;0,1,2,3,4,5,6,7,20,28,36,37,38,44,45,46,47,48,49,50,51,52,53,57,63,64,65,66,67,68,69,71,73,77,80,81,84,85,98,99,100,103,115,116,117,118,119,120,121,122,123,124,134,135,155,156,167,168,183,184,185,186,187,188,189,190,191,192,207,208,211,212,213,216,218,219,220,248,249,250,
Machine: 3
23;0;0;106;0;0,1,2,3,4,5,6,7,8,9,10,11,18,20,36,38,53,54,55,56,57,58,59,60,61,62,63,64,67,69,82,85,88,90,102,104,106,115,135,142,143,144,145,146,147,148,149,150,153,155,169,170,171,172,177,178,179,180,181,182,196,197,208,216,221,235,238,239,242,250,253,254,255,256,257,258,259,260,261,262,
23;1;106;263;0;0,1,2,3,4,5,6,7,8,9,10,11,18,20,36,38,53,54,55,56,57,58,59,60,61,62,63,64,67,69,82,85,88,90,102,104,106,115,135,142,143,144,145,146,147,148,149,150,153,155,169,170,171,172,177,178,179,180,181,182,196,197,208,216,221,235,238,239,242,250,253,254,255,256,257,258,259,260,261,262,
57;0;263;361;0;0,1,2,3,4,5,6,7,8,9,10,11,18,20,36,38,53,54,55,56,57,58,59,60,61,62,63,64,67,69,82,85,88,90,102,104,106,115,135,142,143,144,145,146,147,148,149,150,153,155,169,170,171,172,177,178,179,180,181,182,196,197,208,216,221,235,238,239,242,250,253,254,255,256,257,258,259,260,261,262,
60;0;361;526;0;0,1,2,3,4,5,6,7,8,9,10,11,18,20,36,38,53,54,55,56,57,58,59,60,61,62,63,64,67,69,82,85,88,90,102,104,106,115,135,142,143,144,145,146,147,148,149,150,153,155,169,170,171,172,177,178,179,180,181,182,196,197,208,216,221,235,238,239,242,250,253,254,255,256,257,258,259,260,261,262,
92;0;526;657;0;0,1,2,3,4,5,6,7,8,9,10,11,18,20,36,38,53,54,55,56,57,58,59,60,61,62,63,64,67,69,82,85,88,90,102,104,106,115,135,142,143,144,145,146,147,148,149,150,153,155,169,170,171,172,177,178,179,180,181,182,196,197,208,216,221,235,238,239,242,250,253,254,255,256,257,258,259,260,261,262,
89;0;657;766;1;0,1,2,3,4,5,6,7,8,9,10,11,18,20,36,38,53,54,55,56,57,58,59,60,61,62,63,64,67,69,82,85,88,90,102,104,106,115,135,142,143,144,145,146,147,148,149,150,153,155,169,170,171,172,177,178,179,180,181,182,196,197,208,216,221,235,238,239,242,250,253,254,255,256,257,258,259,260,261,262,
89;1;766;850;1;0,1,2,3,4,5,6,7,8,9,10,11,18,20,36,38,53,54,55,56,57,58,59,60,61,62,63,64,67,69,82,85,88,90,102,104,106,115,135,142,143,144,145,146,147,148,149,150,153,155,169,170,171,172,177,178,179,180,181,182,196,197,208,216,221,235,238,239,242,250,253,254,255,256,257,258,259,260,261,262,
75;0;850;965;0;0,1,2,3,4,5,6,7,8,9,10,11,18,20,36,38,53,54,55,56,57,58,59,60,61,62,63,64,67,69,82,85,88,90,102,104,106,115,135,142,143,144,145,146,147,148,149,150,153,155,169,170,171,172,177,178,179,180,181,182,196,197,208,216,221,235,238,239,242,250,253,254,255,256,257,258,259,260,261,262,
77;0;965;1010;0;0,1,2,3,4,5,6,7,8,9,10,11,18,20,36,38,53,54,55,56,57,58,59,60,61,62,63,64,67,69,82,85,88,90,102,104,106,115,135,142,143,144,145,146,147,148,149,150,153,155,169,170,171,172,177,178,179,180,181,182,196,197,208,216,221,235,238,239,242,250,253,254,255,256,257,258,259,260,261,262,
28;0;1010;1044;0;0,1,2,3,4,5,6,7,8,9,10,11,18,20,36,38,53,54,55,56,57,58,59,60,61,62,63,64,67,69,82,85,88,90,102,104,106,115,135,142,143,144,145,146,147,148,149,150,153,155,169,170,171,172,177,178,179,180,181,182,196,197,208,216,221,235,238,239,242,250,253,254,255,256,257,258,259,260,261,262,
28;1;1044;1188;0;0,1,2,3,4,5,6,7,8,9,10,11,18,20,36,38,53,54,55,56,57,58,59,60,61,62,63,64,67,69,82,85,88,90,102,104,106,115,135,142,143,144,145,146,147,148,149,150,153,155,169,170,171,172,177,178,179,180,181,182,196,197,208,216,221,235,238,239,242,250,253,254,255,256,257,258,259,260,261,262,
98;0;1188;1261;0;0,1,2,3,4,5,6,7,8,9,10,11,18,20,36,38,53,54,55,56,57,58,59,60,61,62,63,64,67,69,82,85,88,90,102,104,106,115,135,142,143,144,145,146,147,148,149,150,153,155,169,170,171,172,177,178,179,180,181,182,196,197,208,216,221,235,238,239,242,250,253,254,255,256,257,258,259,260,261,262,
98;1;1261;1418;0;0,1,2,3,4,5,6,7,8,9,10,11,18,20,36,38,53,54,55,56,57,58,59,60,61,62,63,64,67,69,82,85,88,90,102,104,106,115,135,142,143,144,145,146,147,148,149,150,153,155,169,170,171,172,177,178,179,180,181,182,196,197,208,216,221,235,238,239,242,250,253,254,255,256,257,258,259,260,261,262,
108;0;1418;1424;0;0,1,2,3,4,5,6,7,8,9,10,11,18,20,36,38,53,54,55,56,57,58,59,60,61,62,63,64,67,69,82,85,88,90,102,104,106,115,135,142,143,144,145,146,147,148,149,150,153,155,169,170,171,172,177,178,179,180,181,182,196,197,208,216,221,235,238,239,242,250,253,254,255,256,257,258,259,260,261,262,
108;1;1424;1501;0;0,1,2,3,4,5,6,7,8,9,10,11,18,20,36,38,53,54,55,56,57,58,59,60,61,62,63,64,67,69,82,85,88,90,102,104,106,115,135,142,143,144,145,146,147,148,149,150,153,155,169,170,171,172,177,178,179,180,181,182,196,197,208,216,221,235,238,239,242,250,253,254,255,256,257,258,259,260,261,262,
93;0;1501;1600;0;0,1,2,3,4,5,6,7,8,9,10,11,18,20,36,38,53,54,55,56,57,58,59,60,61,62,63,64,67,69,82,85,88,90,102,104,106,115,135,142,143,144,145,146,147,148,149,150,153,155,169,170,171,172,177,178,179,180,181,182,196,197,208,216,221,235,238,239,242,250,253,254,255,256,257,258,259,260,261,262,
93;1;1600;1715;0;0,1,2,3,4,5,6,7,8,9,10,11,18,20,36,38,53,54,55,56,57,58,59,60,61,62,63,64,67,69,82,85,88,90,102,104,106,115,135,142,143,144,145,146,147,148,149,150,153,155,169,170,171,172,177,178,179,180,181,182,196,197,208,216,221,235,238,239,242,250,253,254,255,256,257,258,259,260,261,262,
58;0;1715;1761;0;0,1,2,3,4,5,6,7,8,9,10,11,18,20,36,38,53,54,55,56,57,58,59,60,61,62,63,64,67,69,82,85,88,90,102,104,106,115,135,142,143,144,145,146,147,148,149,150,153,155,169,170,171,172,177,178,179,180,181,182,196,197,208,216,221,235,238,239,242,250,253,254,255,256,257,258,259,260,261,262,
58;1;1761;1838;0;0,1,2,3,4,5,6,7,8,9,10,11,18,20,36,38,53,54,55,56,57,58,59,60,61,62,63,64,67,69,82,85,88,90,102,104,106,115,135,142,143,144,145,146,147,148,149,150,153,155,169,170,171,172,177,178,179,180,181,182,196,197,208,216,221,235,238,239,242,250,253,254,255,256,257,258,259,260,261,262,
117;0;1838;2018;0;0,1,2,3,4,5,6,7,8,9,10,11,18,20,36,38,53,54,55,56,57,58,59,60,61,62,63,64,67,69,82,85,88,90,102,104,106,115,135,142,143,144,145,146,147,148,149,150,153,155,169,170,171,172,177,178,179,180,181,182,196,197,208,216,221,235,238,239,242,250,253,254,255,256,257,258,259,260,261,262,
116;0;2018;2078;1;0,1,2,3,4,5,6,7,8,9,10,11,18,20,36,38,53,54,55,56,57,58,59,60,61,62,63,64,67,69,82,85,88,90,102,104,106,115,135,142,143,144,145,146,147,148,149,150,153,155,169,170,171,172,177,178,179,180,181,182,196,197,208,216,221,235,238,239,242,250,253,254,255,256,257,258,259,260,261,262,
116;1;2078;2230;1;0,1,2,3,4,5,6,7,8,9,10,11,18,20,36,38,53,54,55,56,57,58,59,60,61,62,63,64,67,69,82,85,88,90,102,104,106,115,135,142,143,144,145,146,147,148,149,150,153,155,169,170,171,172,177,178,179,180,181,182,196,197,208,216,221,235,238,239,242,250,253,254,255,256,257,258,259,260,261,262,
19;0;2230;2333;1;0,1,2,3,4,5,6,7,8,9,10,11,18,20,36,38,53,54,55,56,57,58,59,60,61,62,63,64,67,69,82,85,88,90,102,104,106,115,135,142,143,144,145,146,147,148,149,150,153,155,169,170,171,172,177,178,179,180,181,182,196,197,208,216,221,235,238,239,242,250,253,254,255,256,257,258,259,260,261,262,
19;1;2333;2497;1;0,1,2,3,4,5,6,7,8,9,10,11,18,20,36,38,53,54,55,56,57,58,59,60,61,62,63,64,67,69,82,85,88,90,102,104,106,115,135,142,143,144,145,146,147,148,149,150,153,155,169,170,171,172,177,178,179,180,181,182,196,197,208,216,221,235,238,239,242,250,253,254,255,256,257,258,259,260,261,262,
25;0;2497;2581;0;0,1,2,3,4,5,6,7,8,9,10,11,18,20,36,38,53,54,55,56,57,58,59,60,61,62,63,64,67,69,82,85,88,90,102,104,106,115,135,142,143,144,145,146,147,148,149,150,153,155,169,170,171,172,177,178,179,180,181,182,196,197,208,216,221,235,238,239,242,250,253,254,255,256,257,258,259,260,261,262,
45;0;2581;2620;0;0,1,2,3,4,5,6,7,8,9,10,11,18,20,36,38,53,54,55,56,57,58,59,60,61,62,63,64,67,69,82,85,88,90,102,104,106,115,135,142,143,144,145,146,147,148,149,150,153,155,169,170,171,172,177,178,179,180,181,182,196,197,208,216,221,235,238,239,242,250,253,254,255,256,257,258,259,260,261,262,
126;0;2620;2653;1;0,1,2,3,4,5,6,7,8,9,10,11,18,20,36,38,53,54,55,56,57,58,59,60,61,62,63,64,67,69,82,85,88,90,102,104,106,115,135,142,143,144,145,146,147,148,149,150,153,155,169,170,171,172,177,178,179,180,181,182,196,197,208,216,221,235,238,239,242,250,253,254,255,256,257,258,259,260,261,262,
126;1;2653;2687;1;0,1,2,3,4,5,6,7,8,9,10,11,18,20,36,38,53,54,55,56,57,58,59,60,61,62,63,64,67,69,82,85,88,90,102,104,106,115,135,142,143,144,145,146,147,148,149,150,153,155,169,170,171,172,177,178,179,180,181,182,196,197,208,216,221,235,238,239,242,250,253,254,255,256,257,258,259,260,261,262,
46;0;2687;2792;1;0,1,2,3,4,5,6,7,8,9,10,11,18,20,36,38,53,54,55,56,57,58,59,60,61,62,63,64,67,69,82,85,88,90,102,104,106,115,135,142,143,144,145,146,147,148,149,150,153,155,169,170,171,172,177,178,179,180,181,182,196,197,208,216,221,235,238,239,242,250,253,254,255,256,257,258,259,260,261,262,
46;1;2792;2962;1;0,1,2,3,4,5,6,7,8,9,10,11,18,20,36,38,53,54,55,56,57,58,59,60,61,62,63,64,67,69,82,85,88,90,102,104,106,115,135,142,143,144,145,146,147,148,149,150,153,155,169,170,171,172,177,178,179,180,181,182,196,197,208,216,221,235,238,239,242,250,253,254,255,256,257,258,259,260,261,262,
130;0;2962;3093;0;0,1,2,3,4,5,6,7,8,9,10,11,18,20,36,38,53,54,55,56,57,58,59,60,61,62,63,64,67,69,82,85,88,90,102,104,106,115,135,142,143,144,145,146,147,148,149,150,153,155,169,170,171,172,177,178,179,180,181,182,196,197,208,216,221,235,238,239,242,250,253,254,255,256,257,258,259,260,261,262,
65;0;3093;3257;0;0,1,2,3,4,5,6,7,8,9,10,11,18,20,36,38,53,54,55,56,57,58,59,60,61,62,63,64,67,69,82,85,88,90,102,104,106,115,135,142,143,144,145,146,147,148,149,150,153,155,169,170,171,172,177,178,179,180,181,182,196,197,208,216,221,235,238,239,242,250,253,254,255,256,257,258,259,260,261,262,
7;0;3257;3288;0;0,1,2,3,4,5,6,7,8,9,10,11,18,20,36,38,53,54,55,56,57,58,59,60,61,62,63,64,67,69,82,85,88,90,102,104,106,115,135,142,143,144,145,146,147,148,149,150,153,155,169,170,171,172,177,178,179,180,181,182,196,197,208,216,221,235,238,239,242,250,253,254,255,256,257,258,259,260,261,262,
Machine: 4
47;0;0;144;0;20,22,27,29,36,53,54,55,56,57,58,59,60,61,62,63,64,67,69,77,85,89,90,91,92,93,94,95,96,97,113,115,120,135,137,151,152,153,154,155,156,157,158,159,160,161,162,163,164,165,166,182,197,199,206,207,208,209,210,214,215,216,217,220,221,222,223,224,225,226,227,228,229,230,231,232,233,234,235,236,
73;0;144;310;0;20,22,27,29,36,53,54,55,56,57,58,59,60,61,62,63,64,67,69,77,85,89,90,91,92,93,94,95,96,97,113,115,120,135,137,151,152,153,154,155,156,157,158,159,160,161,162,163,164,165,166,182,197,199,206,207,208,209,210,214,215,216,217,220,221,222,223,224,225,226,227,228,229,230,231,232,233,234,235,236,
73;1;310;394;0;20,22,27,29,36,53,54,55,56,57,58,59,60,61,62,63,64,67,69,77,85,89,90,91,92,93,94,95,96,97,113,115,120,135,137,151,152,153,154,155,156,157,158,159,160,161,162,163,164,165,166,182,197,199,206,207,208,209,210,214,215,216,217,220,221,222,223,224,225,226,227,228,229,230,231,232,233,234,235,236,
62;0;394;541;0;20,22,27,29,36,53,54,55,56,57,58,59,60,61,62,63,64,67,69,77,85,89,90,91,92,93,94,95,96,97,113,115,120,135,137,151,152,153,154,155,156,157,158,159,160,161,162,163,164,165,166,182,197,199,206,207,208,209,210,214,215,216,217,220,221,222,223,224,225,226,227,228,229,230,231,232,233,234,235,236,
10;0;541;637;0;20,22,27,29,36,53,54,55,56,57,58,59,60,61,62,63,64,67,69,77,85,89,90,91,92,93,94,95,96,97,113,115,120,135,137,151,152,153,154,155,156,157,158,159,160,161,162,163,164,165,166,182,197,199,206,207,208,209,210,214,215,216,217,220,221,222,223,224,225,226,227,228,229,230,231,232,233,234,235,236,
100;0;637;737;0;20,22,27,29,36,53,54,55,56,57,58,59,60,61,62,63,64,67,69,77,85,89,90,91,92,93,94,95,96,97,113,115,120,135,137,151,152,153,154,155,156,157,158,159,160,161,162,163,164,165,166,182,197,199,206,207,208,209,210,214,215,216,217,220,221,222,223,224,225,226,227,228,229,230,231,232,233,234,235,236,
35;0;737;741;0;20,22,27,29,36,53,54,55,56,57,58,59,60,61,62,63,64,67,69,77,85,89,90,91,92,93,94,95,96,97,113,115,120,135,137,151,152,153,154,155,156,157,158,159,160,161,162,163,164,165,166,182,197,199,206,207,208,209,210,214,215,216,217,220,221,222,223,224,225,226,227,228,229,230,231,232,233,234,235,236,
12;0;741;888;0;20,22,27,29,36,53,54,55,56,57,58,59,60,61,62,63,64,67,69,77,85,89,90,91,92,93,94,95,96,97,113,115,120,135,137,151,152,153,154,155,156,157,158,159,160,161,162,163,164,165,166,182,197,199,206,207,208,209,210,214,215,216,217,220,221,222,223,224,225,226,227,228,229,230,231,232,233,234,235,236,
72;0;888;1032;0;20,22,27,29,36,53,54,55,56,57,58,59,60,61,62,63,64,67,69,77,85,89,90,91,92,93,94,95,96,97,113,115,120,135,137,151,152,153,154,155,156,157,158,159,160,161,162,163,164,165,166,182,197,199,206,207,208,209,210,214,215,216,217,220,221,222,223,224,225,226,227,228,229,230,231,232,233,234,235,236,
128;0;1032;1110;0;20,22,27,29,36,53,54,55,56,57,58,59,60,61,62,63,64,67,69,77,85,89,90,91,92,93,94,95,96,97,113,115,120,135,137,151,152,153,154,155,156,157,158,159,160,161,162,163,164,165,166,182,197,199,206,207,208,209,210,214,215,216,217,220,221,222,223,224,225,226,227,228,229,230,231,232,233,234,235,236,
128;1;1110;1188;0;20,22,27,29,36,53,54,55,56,57,58,59,60,61,62,63,64,67,69,77,85,89,90,91,92,93,94,95,96,97,113,115,120,135,137,151,152,153,154,155,156,157,158,159,160,161,162,163,164,165,166,182,197,199,206,207,208,209,210,214,215,216,217,220,221,222,223,224,225,226,227,228,229,230,231,232,233,234,235,236,
114;0;1188;1266;1;20,22,27,29,36,53,54,55,56,57,58,59,60,61,62,63,64,67,69,77,85,89,90,91,92,93,94,95,96,97,113,115,120,135,137,151,152,153,154,155,156,157,158,159,160,161,162,163,164,165,166,182,197,199,206,207,208,209,210,214,215,216,217,220,221,222,223,224,225,226,227,228,229,230,231,232,233,234,235,236,
114;1;1266;1347;1;20,22,27,29,36,53,54,55,56,57,58,59,60,61,62,63,64,67,69,77,85,89,90,91,92,93,94,95,96,97,113,115,120,135,137,151,152,153,154,155,156,157,158,159,160,161,162,163,164,165,166,182,197,199,206,207,208,209,210,214,215,216,217,220,221,222,223,224,225,226,227,228,229,230,231,232,233,234,235,236,
33;0;1347;1424;0;20,22,27,29,36,53,54,55,56,57,58,59,60,61,62,63,64,67,69,77,85,89,90,91,92,93,94,95,96,97,113,115,120,135,137,151,152,153,154,155,156,157,158,159,160,161,162,163,164,165,166,182,197,199,206,207,208,209,210,214,215,216,217,220,221,222,223,224,225,226,227,228,229,230,231,232,233,234,235,236,
33;1;1424;1567;0;20,22,27,29,36,53,54,55,56,57,58,59,60,61,62,63,64,67,69,77,85,89,90,91,92,93,94,95,96,97,113,115,120,135,137,151,152,153,154,155,156,157,158,159,160,161,162,163,164,165,166,182,197,199,206,207,208,209,210,214,215,216,217,220,221,222,223,224,225,226,227,228,229,230,231,232,233,234,235,236,
40;0;1567;1731;0;20,22,27,29,36,53,54,55,56,57,58,59,60,61,62,63,64,67,69,77,85,89,90,91,92,93,94,95,96,97,113,115,120,135,137,151,152,153,154,155,156,157,158,159,160,161,162,163,164,165,166,182,197,199,206,207,208,209,210,214,215,216,217,220,221,222,223,224,225,226,227,228,229,230,231,232,233,234,235,236,
43;0;1731;1773;0;20,22,27,29,36,53,54,55,56,57,58,59,60,61,62,63,64,67,69,77,85,89,90,91,92,93,94,95,96,97,113,115,120,135,137,151,152,153,154,155,156,157,158,159,160,161,162,163,164,165,166,182,197,199,206,207,208,209,210,214,215,216,217,220,221,222,223,224,225,226,227,228,229,230,231,232,233,234,235,236,
43;1;1773;1937;0;20,22,27,29,36,53,54,55,56,57,58,59,60,61,62,63,64,67,69,77,85,89,90,91,92,93,94,95,96,97,113,115,120,135,137,151,152,153,154,155,156,157,158,159,160,161,162,163,164,165,166,182,197,199,206,207,208,209,210,214,215,216,217,220,221,222,223,224,225,226,227,228,229,230,231,232,233,234,235,236,
20;0;1937;2010;0;20,22,27,29,36,53,54,55,56,57,58,59,60,61,62,63,64,67,69,77,85,89,90,91,92,93,94,95,96,97,113,115,120,135,137,151,152,153,154,155,156,157,158,159,160,161,162,163,164,165,166,182,197,199,206,207,208,209,210,214,215,216,217,220,221,222,223,224,225,226,227,228,229,230,231,232,233,234,235,236,
37;0;2010;2060;0;20,22,27,29,36,53,54,55,56,57,58,59,60,61,62,63,64,67,69,77,85,89,90,91,92,93,94,95,96,97,113,115,120,135,137,151,152,153,154,155,156,157,158,159,160,161,162,163,164,165,166,182,197,199,206,207,208,209,210,214,215,216,217,220,221,222,223,224,225,226,227,228,229,230,231,232,233,234,235,236,
107;0;2060;2072;0;20,22,27,29,36,53,54,55,56,57,58,59,60,61,62,63,64,67,69,77,85,89,90,91,92,93,94,95,96,97,113,115,120,135,137,151,152,153,154,155,156,157,158,159,160,161,162,163,164,165,166,182,197,199,206,207,208,209,210,214,215,216,217,220,221,222,223,224,225,226,227,228,229,230,231,232,233,234,235,236,
112;0;2072;2122;0;20,22,27,29,36,53,54,55,56,57,58,59,60,61,62,63,64,67,69,77,85,89,90,91,92,93,94,95,96,97,113,115,120,135,137,151,152,153,154,155,156,157,158,159,160,161,162,163,164,165,166,182,197,199,206,207,208,209,210,214,215,216,217,220,221,222,223,224,225,226,227,228,229,230,231,232,233,234,235,236,
21;0;2122;2142;1;20,22,27,29,36,53,54,55,56,57,58,59,60,61,62,63,64,67,69,77,85,89,90,91,92,93,94,95,96,97,113,115,120,135,137,151,152,153,154,155,156,157,158,159,160,161,162,163,164,165,166,182,197,199,206,207,208,209,210,214,215,216,217,220,221,222,223,224,225,226,227,228,229,230,231,232,233,234,235,236,
21;1;2142;2251;1;20,22,27,29,36,53,54,55,56,57,58,59,60,61,62,63,64,67,69,77,85,89,90,91,92,93,94,95,96,97,113,115,120,135,137,151,152,153,154,155,156,157,158,159,160,161,162,163,164,165,166,182,197,199,206,207,208,209,210,214,215,216,217,220,221,222,223,224,225,226,227,228,229,230,231,232,233,234,235,236,
38;0;2251;2413;0;20,22,27,29,36,53,54,55,56,57,58,59,60,61,62,63,64,67,69,77,85,89,90,91,92,93,94,95,96,97,113,115,120,135,137,151,152,153,154,155,156,157,158,159,160,161,162,163,164,165,166,182,197,199,206,207,208,209,210,214,215,216,217,220,221,222,223,224,225,226,227,228,229,230,231,232,233,234,235,236,
38;1;2413;2489;0;20,22,27,29,36,53,54,55,56,57,58,59,60,61,62,63,64,67,69,77,85,89,90,91,92,93,94,95,96,97,113,115,120,135,137,151,152,153,154,155,156,157,158,159,160,161,162,163,164,165,166,182,197,199,206,207,208,209,210,214,215,216,217,220,221,222,223,224,225,226,227,228,229,230,231,232,233,234,235,236,
106;0;2489;2664;1;20,22,27,29,36,53,54,55,56,57,58,59,60,61,62,63,64,67,69,77,85,89,90,91,92,93,94,95,96,97,113,115,120,135,137,151,152,153,154,155,156,157,158,159,160,161,162,163,164,165,166,182,197,199,206,207,208,209,210,214,215,216,217,220,221,222,223,224,225,226,227,228,229,230,231,232,233,234,235,236,
106;1;2664;2826;1;20,22,27,29,36,53,54,55,56,57,58,59,60,61,62,63,64,67,69,77,85,89,90,91,92,93,94,95,96,97,113,115,120,135,137,151,152,153,154,155,156,157,158,159,160,161,162,163,164,165,166,182,197,199,206,207,208,209,210,214,215,216,217,220,221,222,223,224,225,226,227,228,229,230,231,232,233,234,235,236,
90;0;2826;2935;0;20,22,27,29,36,53,54,55,56,57,58,59,60,61,62,63,64,67,69,77,85,89,90,91,92,93,94,95,96,97,113,115,120,135,137,151,152,153,154,155,156,157,158,159,160,161,162,163,164,165,166,182,197,199,206,207,208,209,210,214,215,216,217,220,221,222,223,224,225,226,227,228,229,230,231,232,233,234,235,236,
110;0;2935;3033;0;20,22,27,29,36,53,54,55,56,57,58,59,60,61,62,63,64,67,69,77,85,89,90,91,92,93,94,95,96,97,113,115,120,135,137,151,152,153,154,155,156,157,158,159,160,161,162,163,164,165,166,182,197,199,206,207,208,209,210,214,215,216,217,220,221,222,223,224,225,226,227,228,229,230,231,232,233,234,235,236,
Machine: 5
71;0;0;98;1;0,1,2,3,4,5,6,7,8,9,10,20,33,36,37,38,39,40,41,42,43,44,45,53,54,55,56,57,58,59,60,61,62,63,64,67,69,77,81,90,100,103,104,105,106,107,108,120,125,126,127,128,129,130,131,134,135,151,155,167,168,177,179,193,194,195,196,197,198,199,216,220,240,248,249,250,251,252,259,262,
71;1;98;249;1;0,1,2,3,4,5,6,7,8,9,10,20,33,36,37,38,39,40,41,42,43,44,45,53,54,55,56,57,58,59,60,61,62,63,64,67,69,77,81,90,100,103,104,105,106,107,108,120,125,126,127,128,129,130,131,134,135,151,155,167,168,177,179,193,194,195,196,197,198,199,216,220,240,248,249,250,251,252,259,262,
109;0;249;309;1;0,1,2,3,4,5,6,7,8,9,10,20,33,36,37,38,39,40,41,42,43,44,45,53,54,55,56,57,58,59,60,61,62,63,64,67,69,77,81,90,100,103,104,105,106,107,108,120,125,126,127,128,129,130,131,134,135,151,155,167,168,177,179,193,194,195,196,197,198,199,216,220,240,248,249,250,251,252,259,262,
109;1;309;418;1;0,1,2,3,4,5,6,7,8,9,10,20,33,36,37,38,39,40,41,42,43,44,45,53,54,55,56,57,58,59,60,61,62,63,64,67,69,77,81,90,100,103,104,105,106,107,108,120,125,126,127,128,129,130,131,134,135,151,155,167,168,177,179,193,194,195,196,197,198,199,216,220,240,248,249,250,251,252,259,262,
125;0;418;457;0;0,1,2,3,4,5,6,7,8,9,10,20,33,36,37,38,39,40,41,42,43,44,45,53,54,55,56,57,58,59,60,61,62,63,64,67,69,77,81,90,100,103,104,105,106,107,108,120,125,126,127,128,129,130,131,134,135,151,155,167,168,177,179,193,194,195,196,197,198,199,216,220,240,248,249,250,251,252,259,262,
67;0;457;512;0;0,1,2,3,4,5,6,7,8,9,10,20,33,36,37,38,39,40,41,42,43,44,45,53,54,55,56,57,58,59,60,61,62,63,64,67,69,77,81,90,100,103,104,105,106,107,108,120,125,126,127,128,129,130,131,134,135,151,155,167,168,177,179,193,194,195,196,197,198,199,216,220,240,248,249,250,251,252,259,262,
31;0;512;659;1;0,1,2,3,4,5,6,7,8,9,10,20,33,36,37,38,39,40,41,42,43,44,45,53,54,55,56,57,58,59,60,61,62,63,64,67,69,77,81,90,100,103,104,105,106,107,108,120,125,126,127,128,129,130,131,134,135,151,155,167,168,177,179,193,194,195,196,197,198,199,216,220,240,248,249,250,251,252,259,262,
31;1;659;731;1;0,1,2,3,4,5,6,7,8,9,10,20,33,36,37,38,39,40,41,42,43,44,45,53,54,55,56,57,58,59,60,61,62,63,64,67,69,77,81,90,100,103,104,105,106,107,108,120,125,126,127,128,129,130,131,134,135,151,155,167,168,177,179,193,194,195,196,197,198,199,216,220,240,248,249,250,251,252,259,262,
118;0;731;905;0;0,1,2,3,4,5,6,7,8,9,10,20,33,36,37,38,39,40,41,42,43,44,45,53,54,55,56,57,58,59,60,61,62,63,64,67,69,77,81,90,100,103,104,105,106,107,108,120,125,126,127,128,129,130,131,134,135,151,155,167,168,177,179,193,194,195,196,197,198,199,216,220,240,248,249,250,251,252,259,262,
118;1;905;1080;0;0,1,2,3,4,5,6,7,8,9,10,20,33,36,37,38,39,40,41,42,43,44,45,53,54,55,56,57,58,59,60,61,62,63,64,67,69,77,81,90,100,103,104,105,106,107,108,120,125,126,127,128,129,130,131,134,135,151,155,167,168,177,179,193,194,195,196,197,198,199,216,220,240,248,249,250,251,252,259,262,
115;0;1080;1203;0;0,1,2,3,4,5,6,7,8,9,10,20,33,36,37,38,39,40,41,42,43,44,45,53,54,55,56,57,58,59,60,61,62,63,64,67,69,77,81,90,100,103,104,105,106,107,108,120,125,126,127,128,129,130,131,134,135,151,155,167,168,177,179,193,194,195,196,197,198,199,216,220,240,248,249,250,251,252,259,262,
111;0;1203;1332;1;0,1,2,3,4,5,6,7,8,9,10,20,33,36,37,38,39,40,41,42,43,44,45,53,54,55,56,57,58,59,60,61,62,63,64,67,69,77,81,90,100,103,104,105,106,107,108,120,125,126,127,128,129,130,131,134,135,151,155,167,168,177,179,193,194,195,196,197,198,199,216,220,240,248,249,250,251,252,259,262,
111;1;1332;1355;1;0,1,2,3,4,5,6,7,8,9,10,20,33,36,37,38,39,40,41,42,43,44,45,53,54,55,56,57,58,59,60,61,62,63,64,67,69,77,81,90,100,103,104,105,106,107,108,120,125,126,127,128,129,130,131,134,135,151,155,167,168,177,179,193,194,195,196,197,198,199,216,220,240,248,249,250,251,252,259,262,
129;0;1355;1399;1;0,1,2,3,4,5,6,7,8,9,10,20,33,36,37,38,39,40,41,42,43,44,45,53,54,55,56,57,58,59,60,61,62,63,64,67,69,77,81,90,100,103,104,105,106,107,108,120,125,126,127,128,129,130,131,134,135,151,155,167,168,177,179,193,194,195,196,197,198,199,216,220,240,248,249,250,251,252,259,262,
129;1;1399;1575;1;0,1,2,3,4,5,6,7,8,9,10,20,33,36,37,38,39,40,41,42,43,44,45,53,54,55,56,57,58,59,60,61,62,63,64,67,69,77,81,90,100,103,104,105,106,107,108,120,125,126,127,128,129,130,131,134,135,151,155,167,168,177,179,193,194,195,196,197,198,199,216,220,240,248,249,250,251,252,259,262,
86;0;1575;1749;1;0,1,2,3,4,5,6,7,8,9,10,20,33,36,37,38,39,40,41,42,43,44,45,53,54,55,56,57,58,59,60,61,62,63,64,67,69,77,81,90,100,103,104,105,106,107,108,120,125,126,127,128,129,130,131,134,135,151,155,167,168,177,179,193,194,195,196,197,198,199,216,220,240,248,249,250,251,252,259,262,
86;1;1749;1924;1;0,1,2,3,4,5,6,7,8,9,10,20,33,36,37,38,39,40,41,42,43,44,45,53,54,55,56,57,58,59,60,61,62,63,64,67,69,77,81,90,100,103,104,105,106,107,108,120,125,126,127,128,129,130,131,134,135,151,155,167,168,177,179,193,194,195,196,197,198,199,216,220,240,248,249,250,251,252,259,262,
123;0;1924;2044;0;0,1,2,3,4,5,6,7,8,9,10,20,33,36,37,38,39,40,41,42,43,44,45,53,54,55,56,57,58,59,60,61,62,63,64,67,69,77,81,90,100,103,104,105,106,107,108,120,125,126,127,128,129,130,131,134,135,151,155,167,168,177,179,193,194,195,196,197,198,199,216,220,240,248,249,250,251,252,259,262,
123;1;2044;2099;0;0,1,2,3,4,5,6,7,8,9,10,20,33,36,37,38,39,40,41,42,43,44,45,53,54,55,56,57,58,59,60,61,62,63,64,67,69,77,81,90,100,103,104,105,106,107,108,120,125,126,127,128,129,130,131,134,135,151,155,167,168,177,179,193,194,195,196,197,198,199,216,220,240,248,249,250,251,252,259,262,
17;0;2099;2182;0;0,1,2,3,4,5,6,7,8,9,10,20,33,36,37,38,39,40,41,42,43,44,45,53,54,55,56,57,58,59,60,61,62,63,64,67,69,77,81,90,100,103,104,105,106,107,108,120,125,126,127,128,129,130,131,134,135,151,155,167,168,177,179,193,194,195,196,197,198,199,216,220,240,248,249,250,251,252,259,262,
54;0;2182;2319;1;0,1,2,3,4,5,6,7,8,9,10,20,33,36,37,38,39,40,41,42,43,44,45,53,54,55,56,57,58,59,60,61,62,63,64,67,69,77,81,90,100,103,104,105,106,107,108,120,125,126,127,128,129,130,131,134,135,151,155,167,168,177,179,193,194,195,196,197,198,199,216,220,240,248,249,250,251,252,259,262,
54;1;2319;2410;1;0,1,2,3,4,5,6,7,8,9,10,20,33,36,37,38,39,40,41,42,43,44,45,53,54,55,56,57,58,59,60,61,62,63,64,67,69,77,81,90,100,103,104,105,106,107,108,120,125,126,127,128,129,130,131,134,135,151,155,167,168,177,179,193,194,195,196,197,198,199,216,220,240,248,249,250,251,252,259,262,
104;0;2410;2463;1;0,1,2,3,4,5,6,7,8,9,10,20,33,36,37,38,39,40,41,42,43,44,45,53,54,55,56,57,58,59,60,61,62,63,64,67,69,77,81,90,100,103,104,105,106,107,108,120,125,126,127,128,129,130,131,134,135,151,155,167,168,177,179,193,194,195,196,197,198,199,216,220,240,248,249,250,251,252,259,262,
104;1;2463;2633;1;0,1,2,3,4,5,6,7,8,9,10,20,33,36,37,38,39,40,41,42,43,44,45,53,54,55,56,57,58,59,60,61,62,63,64,67,69,77,81,90,100,103,104,105,106,107,108,120,125,126,127,128,129,130,131,134,135,151,155,167,168,177,179,193,194,195,196,197,198,199,216,220,240,248,249,250,251,252,259,262,
4;0;2633;2799;1;0,1,2,3,4,5,6,7,8,9,10,20,33,36,37,38,39,40,41,42,43,44,45,53,54,55,56,57,58,59,60,61,62,63,64,67,69,77,81,90,100,103,104,105,106,107,108,120,125,126,127,128,129,130,131,134,135,151,155,167,168,177,179,193,194,195,196,197,198,199,216,220,240,248,249,250,251,252,259,262,
4;1;2799;2843;1;0,1,2,3,4,5,6,7,8,9,10,20,33,36,37,38,39,40,41,42,43,44,45,53,54,55,56,57,58,59,60,61,62,63,64,67,69,77,81,90,100,103,104,105,106,107,108,120,125,126,127,128,129,130,131,134,135,151,155,167,168,177,179,193,194,195,196,197,198,199,216,220,240,248,249,250,251,252,259,262,
63;0;2843;2873;0;0,1,2,3,4,5,6,7,8,9,10,20,33,36,37,38,39,40,41,42,43,44,45,53,54,55,56,57,58,59,60,61,62,63,64,67,69,77,81,90,100,103,104,105,106,107,108,120,125,126,127,128,129,130,131,134,135,151,155,167,168,177,179,193,194,195,196,197,198,199,216,220,240,248,249,250,251,252,259,262,
63;1;2873;2904;0;0,1,2,3,4,5,6,7,8,9,10,20,33,36,37,38,39,40,41,42,43,44,45,53,54,55,56,57,58,59,60,61,62,63,64,67,69,77,81,90,100,103,104,105,106,107,108,120,125,126,127,128,129,130,131,134,135,151,155,167,168,177,179,193,194,195,196,197,198,199,216,220,240,248,249,250,251,252,259,262,
27;0;2904;3009;0;0,1,2,3,4,5,6,7,8,9,10,20,33,36,37,38,39,40,41,42,43,44,45,53,54,55,56,57,58,59,60,61,62,63,64,67,69,77,81,90,100,103,104,105,106,107,108,120,125,126,127,128,129,130,131,134,135,151,155,167,168,177,179,193,194,195,196,197,198,199,216,220,240,248,249,250,251,252,259,262,
55;0;3009;3081;0;0,1,2,3,4,5,6,7,8,9,10,20,33,36,37,38,39,40,41,42,43,44,45,53,54,55,56,57,58,59,60,61,62,63,64,67,69,77,81,90,100,103,104,105,106,107,108,120,125,126,127,128,129,130,131,134,135,151,155,167,168,177,179,193,194,195,196,197,198,199,216,220,240,248,249,250,251,252,259,262,
44;0;3081;3086;1;0,1,2,3,4,5,6,7,8,9,10,20,33,36,37,38,39,40,41,42,43,44,45,53,54,55,56,57,58,59,60,61,62,63,64,67,69,77,81,90,100,103,104,105,106,107,108,120,125,126,127,128,129,130,131,134,135,151,155,167,168,177,179,193,194,195,196,197,198,199,216,220,240,248,249,250,251,252,259,262,
44;1;3086;3125;1;0,1,2,3,4,5,6,7,8,9,10,20,33,36,37,38,39,40,41,42,43,44,45,53,54,55,56,57,58,59,60,61,62,63,64,67,69,77,81,90,100,103,104,105,106,107,108,120,125,126,127,128,129,130,131,134,135,151,155,167,168,177,179,193,194,195,196,197,198,199,216,220,240,248,249,250,251,252,259,262,
0;0;3125;3154;1;0,1,2,3,4,5,6,7,8,9,10,20,33,36,37,38,39,40,41,42,43,44,45,53,54,55,56,57,58,59,60,61,62,63,64,67,69,77,81,90,100,103,104,105,106,107,108,120,125,126,127,128,129,130,131,134,135,151,155,167,168,177,179,193,194,195,196,197,198,199,216,220,240,248,249,250,251,252,259,262,
0;1;3154;3209;1;0,1,2,3,4,5,6,7,8,9,10,20,33,36,37,38,39,40,41,42,43,44,45,53,54,55,56,57,58,59,60,61,62,63,64,67,69,77,81,90,100,103,104,105,106,107,108,120,125,126,127,128,129,130,131,134,135,151,155,167,168,177,179,193,194,195,196,197,198,199,216,220,240,248,249,250,251,252,259,262,
97;0;3209;3216;0;0,1,2,3,4,5,6,7,8,9,10,20,33,36,37,38,39,40,41,42,43,44,45,53,54,55,56,57,58,59,60,61,62,63,64,67,69,77,81,90,100,103,104,105,106,107,108,120,125,126,127,128,129,130,131,134,135,151,155,167,168,177,179,193,194,195,196,197,198,199,216,220,240,248,249,250,251,252,259,262,
END
fineshedJobsCount: 210
switchs: 0
switchsInstances: 0
unfineshedPriorityCount: 0
totalUnfineshed: 0
criticalMachineSwitchs: 0
criticalMachineTime: 3478
Final Solution: 6300
Time: 281943
PTL: 2
MCMC: 26
Best Initial: 5977
Mean Initial: 5902.09
