./input/BaseInstances/6M2_n=209,r=0.4,t=209,v0.txt;./input/Processed/ToolSetInt.csv
7;720;1440
Machine: 0
20;0;0;64;1;0,1,2,3,4,5,6,7,8,9,10,11,12,13,14,15,20,21,23,25,33,34,35,36,37,41,49,50,51,52,53,63,64,65,66,67,68,69,70,71,72,73,74,75,76,77,78,79,80,81,82,83,84,85,86,87,88,89,90,91,92,93,94,95,96,97,98,99,100,101,102,103,104,105,106,117,144,171,172,173,
130;0;64;201;1;0,1,2,3,4,5,6,7,8,9,10,11,12,13,14,15,20,21,23,25,33,34,35,36,37,41,49,50,51,52,53,63,64,65,66,67,68,69,70,71,72,73,74,75,76,77,78,79,80,81,82,83,84,85,86,87,88,89,90,91,92,93,94,95,96,97,98,99,100,101,102,103,104,105,106,117,144,171,172,173,
31;0;201;357;1;0,1,2,3,4,5,6,7,8,9,10,11,12,13,14,15,20,21,23,25,33,34,35,36,37,41,49,50,51,52,53,63,64,65,66,67,68,69,70,71,72,73,74,75,76,77,78,79,80,81,82,83,84,85,86,87,88,89,90,91,92,93,94,95,96,97,98,99,100,101,102,103,104,105,106,117,144,171,172,173,
97;0;357;362;1;0,1,2,3,4,5,6,7,8,9,10,11,12,13,14,15,20,21,23,25,33,34,35,36,37,41,49,50,51,52,53,63,64,65,66,67,68,69,70,71,72,73,74,75,76,77,78,79,80,81,82,83,84,85,86,87,88,89,90,91,92,93,94,95,96,97,98,99,100,101,102,103,104,105,106,117,144,171,172,173,
97;1;362;526;1;0,1,2,3,4,5,6,7,8,9,10,11,12,13,14,15,20,21,23,25,33,34,35,36,37,41,49,50,51,52,53,63,64,65,66,67,68,69,70,71,72,73,74,75,76,77,78,79,80,81,82,83,84,85,86,87,88,89,90,91,92,93,94,95,96,97,98,99,100,101,102,103,104,105,106,117,144,171,172,173,
1;0;526;673;0;0,1,2,3,4,5,6,7,8,9,10,11,12,13,14,15,20,21,23,25,33,34,35,36,37,41,49,50,51,52,53,63,64,65,66,67,68,69,70,71,72,73,74,75,76,77,78,79,80,81,82,83,84,85,86,87,88,89,90,91,92,93,94,95,96,97,98,99,100,101,102,103,104,105,106,117,144,171,172,173,
14;0;673;823;1;0,1,2,3,4,5,6,7,8,9,10,11,12,13,14,15,20,21,23,25,33,34,35,36,37,41,49,50,51,52,53,63,64,65,66,67,68,69,70,71,72,73,74,75,76,77,78,79,80,81,82,83,84,85,86,87,88,89,90,91,92,93,94,95,96,97,98,99,100,101,102,103,104,105,106,117,144,171,172,173,
14;1;823;913;1;0,1,2,3,4,5,6,7,8,9,10,11,12,13,14,15,20,21,23,25,33,34,35,36,37,41,49,50,51,52,53,63,64,65,66,67,68,69,70,71,72,73,74,75,76,77,78,79,80,81,82,83,84,85,86,87,88,89,90,91,92,93,94,95,96,97,98,99,100,101,102,103,104,105,106,117,144,171,172,173,
81;0;913;1014;1;0,1,2,3,4,5,6,7,8,9,10,11,12,13,14,15,20,21,23,25,33,34,35,36,37,41,49,50,51,52,53,63,64,65,66,67,68,69,70,71,72,73,74,75,76,77,78,79,80,81,82,83,84,85,86,87,88,89,90,91,92,93,94,95,96,97,98,99,100,101,102,103,104,105,106,117,144,171,172,173,
91;0;1014;1187;1;0,1,2,3,4,5,6,7,8,9,10,11,12,13,14,15,20,21,23,25,33,34,35,36,37,41,49,50,51,52,53,63,64,65,66,67,68,69,70,71,72,73,74,75,76,77,78,79,80,81,82,83,84,85,86,87,88,89,90,91,92,93,94,95,96,97,98,99,100,101,102,103,104,105,106,117,144,171,172,173,
138;0;1187;1344;0;0,1,2,3,4,5,6,7,8,9,10,11,12,13,14,15,20,21,23,25,33,34,35,36,37,41,49,50,51,52,53,63,64,65,66,67,68,69,70,71,72,73,74,75,76,77,78,79,80,81,82,83,84,85,86,87,88,89,90,91,92,93,94,95,96,97,98,99,100,101,102,103,104,105,106,117,144,171,172,173,
126;0;1344;1473;0;0,1,2,3,4,5,6,7,8,9,10,11,12,13,14,15,20,21,23,25,33,34,35,36,37,41,49,50,51,52,53,63,64,65,66,67,68,69,70,71,72,73,74,75,76,77,78,79,80,81,82,83,84,85,86,87,88,89,90,91,92,93,94,95,96,97,98,99,100,101,102,103,104,105,106,117,144,171,172,173,
134;0;1473;1535;1;0,1,2,3,4,5,6,7,8,9,10,11,12,13,14,15,20,21,23,25,33,34,35,36,37,41,49,50,51,52,53,63,64,65,66,67,68,69,70,71,72,73,74,75,76,77,78,79,80,81,82,83,84,85,86,87,88,89,90,91,92,93,94,95,96,97,98,99,100,101,102,103,104,105,106,117,144,171,172,173,
134;1;1535;1646;1;0,1,2,3,4,5,6,7,8,9,10,11,12,13,14,15,20,21,23,25,33,34,35,36,37,41,49,50,51,52,53,63,64,65,66,67,68,69,70,71,72,73,74,75,76,77,78,79,80,81,82,83,84,85,86,87,88,89,90,91,92,93,94,95,96,97,98,99,100,101,102,103,104,105,106,117,144,171,172,173,
23;0;1646;1819;1;0,1,2,3,4,5,6,7,8,9,10,11,12,13,14,15,20,21,23,25,33,34,35,36,37,41,49,50,51,52,53,63,64,65,66,67,68,69,70,71,72,73,74,75,76,77,78,79,80,81,82,83,84,85,86,87,88,89,90,91,92,93,94,95,96,97,98,99,100,101,102,103,104,105,106,117,144,171,172,173,
95;0;1819;1909;0;0,1,2,3,4,5,6,7,8,9,10,11,12,13,14,15,20,21,23,25,33,34,35,36,37,41,49,50,51,52,53,63,64,65,66,67,68,69,70,71,72,73,74,75,76,77,78,79,80,81,82,83,84,85,86,87,88,89,90,91,92,93,94,95,96,97,98,99,100,101,102,103,104,105,106,117,144,171,172,173,
11;0;1909;1975;1;0,1,2,3,4,5,6,7,8,9,10,11,12,13,14,15,20,21,23,25,33,34,35,36,37,41,49,50,51,52,53,63,64,65,66,67,68,69,70,71,72,73,74,75,76,77,78,79,80,81,82,83,84,85,86,87,88,89,90,91,92,93,94,95,96,97,98,99,100,101,102,103,104,105,106,117,144,171,172,173,
140;0;1975;2090;1;0,1,2,3,4,5,6,7,8,9,10,11,12,13,14,15,20,21,23,25,33,34,35,36,37,41,49,50,51,52,53,63,64,65,66,67,68,69,70,71,72,73,74,75,76,77,78,79,80,81,82,83,84,85,86,87,88,89,90,91,92,93,94,95,96,97,98,99,100,101,102,103,104,105,106,117,144,171,172,173,
24;0;2090;2234;1;0,1,2,3,4,5,6,7,8,9,10,11,12,13,14,15,20,21,23,25,33,34,35,36,37,41,49,50,51,52,53,63,64,65,66,67,68,69,70,71,72,73,74,75,76,77,78,79,80,81,82,83,84,85,86,87,88,89,90,91,92,93,94,95,96,97,98,99,100,101,102,103,104,105,106,117,144,171,172,173,
24;1;2234;2302;1;0,1,2,3,4,5,6,7,8,9,10,11,12,13,14,15,20,21,23,25,33,34,35,36,37,41,49,50,51,52,53,63,64,65,66,67,68,69,70,71,72,73,74,75,76,77,78,79,80,81,82,83,84,85,86,87,88,89,90,91,92,93,94,95,96,97,98,99,100,101,102,103,104,105,106,117,144,171,172,173,
17;0;2302;2481;1;0,1,2,3,4,5,6,7,8,9,10,11,12,13,14,15,20,21,23,25,33,34,35,36,37,41,49,50,51,52,53,63,64,65,66,67,68,69,70,71,72,73,74,75,76,77,78,79,80,81,82,83,84,85,86,87,88,89,90,91,92,93,94,95,96,97,98,99,100,101,102,103,104,105,106,117,144,171,172,173,
17;1;2481;2515;1;0,1,2,3,4,5,6,7,8,9,10,11,12,13,14,15,20,21,23,25,33,34,35,36,37,41,49,50,51,52,53,63,64,65,66,67,68,69,70,71,72,73,74,75,76,77,78,79,80,81,82,83,84,85,86,87,88,89,90,91,92,93,94,95,96,97,98,99,100,101,102,103,104,105,106,117,144,171,172,173,
101;0;2515;2618;1;0,1,2,3,4,5,6,7,8,9,10,11,12,13,14,15,20,21,23,25,33,34,35,36,37,41,49,50,51,52,53,63,64,65,66,67,68,69,70,71,72,73,74,75,76,77,78,79,80,81,82,83,84,85,86,87,88,89,90,91,92,93,94,95,96,97,98,99,100,101,102,103,104,105,106,117,144,171,172,173,
106;0;2618;2698;0;0,1,2,3,4,5,6,7,8,9,10,11,12,13,14,15,20,21,23,25,33,34,35,36,37,41,49,50,51,52,53,63,64,65,66,67,68,69,70,71,72,73,74,75,76,77,78,79,80,81,82,83,84,85,86,87,88,89,90,91,92,93,94,95,96,97,98,99,100,101,102,103,104,105,106,117,144,171,172,173,
33;0;2698;2861;1;0,1,2,3,4,5,6,7,8,9,10,11,12,13,14,15,20,21,23,25,33,34,35,36,37,41,49,50,51,52,53,63,64,65,66,67,68,69,70,71,72,73,74,75,76,77,78,79,80,81,82,83,84,85,86,87,88,89,90,91,92,93,94,95,96,97,98,99,100,101,102,103,104,105,106,117,144,171,172,173,
123;0;2861;2909;1;0,1,2,3,4,5,6,7,8,9,10,11,12,13,14,15,20,21,23,25,33,34,35,36,37,41,49,50,51,52,53,63,64,65,66,67,68,69,70,71,72,73,74,75,76,77,78,79,80,81,82,83,84,85,86,87,88,89,90,91,92,93,94,95,96,97,98,99,100,101,102,103,104,105,106,117,144,171,172,173,
60;0;2909;2946;1;0,1,2,3,4,5,6,7,8,9,10,11,12,13,14,15,20,21,23,25,33,34,35,36,37,41,49,50,51,52,53,63,64,65,66,67,68,69,70,71,72,73,74,75,76,77,78,79,80,81,82,83,84,85,86,87,88,89,90,91,92,93,94,95,96,97,98,99,100,101,102,103,104,105,106,117,144,171,172,173,
111;0;2946;3018;1;0,1,2,3,4,5,6,7,8,9,10,11,12,13,14,15,20,21,23,25,33,34,35,36,37,41,49,50,51,52,53,63,64,65,66,67,68,69,70,71,72,73,74,75,76,77,78,79,80,81,82,83,84,85,86,87,88,89,90,91,92,93,94,95,96,97,98,99,100,101,102,103,104,105,106,117,144,171,172,173,
120;0;3018;3086;1;0,1,2,3,4,5,6,7,8,9,10,11,12,13,14,15,20,21,23,25,33,34,35,36,37,41,49,50,51,52,53,63,64,65,66,67,68,69,70,71,72,73,74,75,76,77,78,79,80,81,82,83,84,85,86,87,88,89,90,91,92,93,94,95,96,97,98,99,100,101,102,103,104,105,106,117,144,171,172,173,
94;0;3086;3127;1;0,1,2,3,4,5,6,7,8,9,10,11,12,13,14,15,20,21,23,25,33,34,35,36,37,41,49,50,51,52,53,63,64,65,66,67,68,69,70,71,72,73,74,75,76,77,78,79,80,81,82,83,84,85,86,87,88,89,90,91,92,93,94,95,96,97,98,99,100,101,102,103,104,105,106,117,144,171,172,173,
94;1;3127;3200;1;0,1,2,3,4,5,6,7,8,9,10,11,12,13,14,15,20,21,23,25,33,34,35,36,37,41,49,50,51,52,53,63,64,65,66,67,68,69,70,71,72,73,74,75,76,77,78,79,80,81,82,83,84,85,86,87,88,89,90,91,92,93,94,95,96,97,98,99,100,101,102,103,104,105,106,117,144,171,172,173,
Machine: 1
70;0;0;76;1;0,1,2,3,4,5,6,7,8,9,10,11,12,13,14,15,16,17,18,20,21,22,23,29,30,31,32,33,34,35,36,37,40,41,47,49,50,51,52,53,58,59,60,61,62,64,65,66,102,118,119,120,121,123,124,125,126,127,128,129,130,131,132,133,142,143,144,147,148,149,150,151,174,175,181,204,205,206,207,208,
40;0;76;105;1;0,1,2,3,4,5,6,7,8,9,10,11,12,13,14,15,16,17,18,20,21,22,23,29,30,31,32,33,34,35,36,37,40,41,47,49,50,51,52,53,58,59,60,61,62,64,65,66,102,118,119,120,121,123,124,125,126,127,128,129,130,131,132,133,142,143,144,147,148,149,150,151,174,175,181,204,205,206,207,208,
84;0;105;116;1;0,1,2,3,4,5,6,7,8,9,10,11,12,13,14,15,16,17,18,20,21,22,23,29,30,31,32,33,34,35,36,37,40,41,47,49,50,51,52,53,58,59,60,61,62,64,65,66,102,118,119,120,121,123,124,125,126,127,128,129,130,131,132,133,142,143,144,147,148,149,150,151,174,175,181,204,205,206,207,208,
84;1;116;192;1;0,1,2,3,4,5,6,7,8,9,10,11,12,13,14,15,16,17,18,20,21,22,23,29,30,31,32,33,34,35,36,37,40,41,47,49,50,51,52,53,58,59,60,61,62,64,65,66,102,118,119,120,121,123,124,125,126,127,128,129,130,131,132,133,142,143,144,147,148,149,150,151,174,175,181,204,205,206,207,208,
129;0;192;286;0;0,1,2,3,4,5,6,7,8,9,10,11,12,13,14,15,16,17,18,20,21,22,23,29,30,31,32,33,34,35,36,37,40,41,47,49,50,51,52,53,58,59,60,61,62,64,65,66,102,118,119,120,121,123,124,125,126,127,128,129,130,131,132,133,142,143,144,147,148,149,150,151,174,175,181,204,205,206,207,208,
129;1;286;342;0;0,1,2,3,4,5,6,7,8,9,10,11,12,13,14,15,16,17,18,20,21,22,23,29,30,31,32,33,34,35,36,37,40,41,47,49,50,51,52,53,58,59,60,61,62,64,65,66,102,118,119,120,121,123,124,125,126,127,128,129,130,131,132,133,142,143,144,147,148,149,150,151,174,175,181,204,205,206,207,208,
143;0;342;356;1;0,1,2,3,4,5,6,7,8,9,10,11,12,13,14,15,16,17,18,20,21,22,23,29,30,31,32,33,34,35,36,37,40,41,47,49,50,51,52,53,58,59,60,61,62,64,65,66,102,118,119,120,121,123,124,125,126,127,128,129,130,131,132,133,142,143,144,147,148,149,150,151,174,175,181,204,205,206,207,208,
21;0;356;390;1;0,1,2,3,4,5,6,7,8,9,10,11,12,13,14,15,16,17,18,20,21,22,23,29,30,31,32,33,34,35,36,37,40,41,47,49,50,51,52,53,58,59,60,61,62,64,65,66,102,118,119,120,121,123,124,125,126,127,128,129,130,131,132,133,142,143,144,147,148,149,150,151,174,175,181,204,205,206,207,208,
144;0;390;422;1;0,1,2,3,4,5,6,7,8,9,10,11,12,13,14,15,16,17,18,20,21,22,23,29,30,31,32,33,34,35,36,37,40,41,47,49,50,51,52,53,58,59,60,61,62,64,65,66,102,118,119,120,121,123,124,125,126,127,128,129,130,131,132,133,142,143,144,147,148,149,150,151,174,175,181,204,205,206,207,208,
144;1;422;531;1;0,1,2,3,4,5,6,7,8,9,10,11,12,13,14,15,16,17,18,20,21,22,23,29,30,31,32,33,34,35,36,37,40,41,47,49,50,51,52,53,58,59,60,61,62,64,65,66,102,118,119,120,121,123,124,125,126,127,128,129,130,131,132,133,142,143,144,147,148,149,150,151,174,175,181,204,205,206,207,208,
47;0;531;672;1;0,1,2,3,4,5,6,7,8,9,10,11,12,13,14,15,16,17,18,20,21,22,23,29,30,31,32,33,34,35,36,37,40,41,47,49,50,51,52,53,58,59,60,61,62,64,65,66,102,118,119,120,121,123,124,125,126,127,128,129,130,131,132,133,142,143,144,147,148,149,150,151,174,175,181,204,205,206,207,208,
47;1;672;768;1;0,1,2,3,4,5,6,7,8,9,10,11,12,13,14,15,16,17,18,20,21,22,23,29,30,31,32,33,34,35,36,37,40,41,47,49,50,51,52,53,58,59,60,61,62,64,65,66,102,118,119,120,121,123,124,125,126,127,128,129,130,131,132,133,142,143,144,147,148,149,150,151,174,175,181,204,205,206,207,208,
64;0;768;865;1;0,1,2,3,4,5,6,7,8,9,10,11,12,13,14,15,16,17,18,20,21,22,23,29,30,31,32,33,34,35,36,37,40,41,47,49,50,51,52,53,58,59,60,61,62,64,65,66,102,118,119,120,121,123,124,125,126,127,128,129,130,131,132,133,142,143,144,147,148,149,150,151,174,175,181,204,205,206,207,208,
64;1;865;1035;1;0,1,2,3,4,5,6,7,8,9,10,11,12,13,14,15,16,17,18,20,21,22,23,29,30,31,32,33,34,35,36,37,40,41,47,49,50,51,52,53,58,59,60,61,62,64,65,66,102,118,119,120,121,123,124,125,126,127,128,129,130,131,132,133,142,143,144,147,148,149,150,151,174,175,181,204,205,206,207,208,
57;0;1035;1055;1;0,1,2,3,4,5,6,7,8,9,10,11,12,13,14,15,16,17,18,20,21,22,23,29,30,31,32,33,34,35,36,37,40,41,47,49,50,51,52,53,58,59,60,61,62,64,65,66,102,118,119,120,121,123,124,125,126,127,128,129,130,131,132,133,142,143,144,147,148,149,150,151,174,175,181,204,205,206,207,208,
57;1;1055;1103;1;0,1,2,3,4,5,6,7,8,9,10,11,12,13,14,15,16,17,18,20,21,22,23,29,30,31,32,33,34,35,36,37,40,41,47,49,50,51,52,53,58,59,60,61,62,64,65,66,102,118,119,120,121,123,124,125,126,127,128,129,130,131,132,133,142,143,144,147,148,149,150,151,174,175,181,204,205,206,207,208,
92;0;1103;1144;0;0,1,2,3,4,5,6,7,8,9,10,11,12,13,14,15,16,17,18,20,21,22,23,29,30,31,32,33,34,35,36,37,40,41,47,49,50,51,52,53,58,59,60,61,62,64,65,66,102,118,119,120,121,123,124,125,126,127,128,129,130,131,132,133,142,143,144,147,148,149,150,151,174,175,181,204,205,206,207,208,
92;1;1144;1152;0;0,1,2,3,4,5,6,7,8,9,10,11,12,13,14,15,16,17,18,20,21,22,23,29,30,31,32,33,34,35,36,37,40,41,47,49,50,51,52,53,58,59,60,61,62,64,65,66,102,118,119,120,121,123,124,125,126,127,128,129,130,131,132,133,142,143,144,147,148,149,150,151,174,175,181,204,205,206,207,208,
127;0;1152;1240;1;0,1,2,3,4,5,6,7,8,9,10,11,12,13,14,15,16,17,18,20,21,22,23,29,30,31,32,33,34,35,36,37,40,41,47,49,50,51,52,53,58,59,60,61,62,64,65,66,102,118,119,120,121,123,124,125,126,127,128,129,130,131,132,133,142,143,144,147,148,149,150,151,174,175,181,204,205,206,207,208,
127;1;1240;1320;1;0,1,2,3,4,5,6,7,8,9,10,11,12,13,14,15,16,17,18,20,21,22,23,29,30,31,32,33,34,35,36,37,40,41,47,49,50,51,52,53,58,59,60,61,62,64,65,66,102,118,119,120,121,123,124,125,126,127,128,129,130,131,132,133,142,143,144,147,148,149,150,151,174,175,181,204,205,206,207,208,
77;0;1320;1345;1;0,1,2,3,4,5,6,7,8,9,10,11,12,13,14,15,16,17,18,20,21,22,23,29,30,31,32,33,34,35,36,37,40,41,47,49,50,51,52,53,58,59,60,61,62,64,65,66,102,118,119,120,121,123,124,125,126,127,128,129,130,131,132,133,142,143,144,147,148,149,150,151,174,175,181,204,205,206,207,208,
77;1;1345;1432;1;0,1,2,3,4,5,6,7,8,9,10,11,12,13,14,15,16,17,18,20,21,22,23,29,30,31,32,33,34,35,36,37,40,41,47,49,50,51,52,53,58,59,60,61,62,64,65,66,102,118,119,120,121,123,124,125,126,127,128,129,130,131,132,133,142,143,144,147,148,149,150,151,174,175,181,204,205,206,207,208,
10;0;1432;1535;1;0,1,2,3,4,5,6,7,8,9,10,11,12,13,14,15,16,17,18,20,21,22,23,29,30,31,32,33,34,35,36,37,40,41,47,49,50,51,52,53,58,59,60,61,62,64,65,66,102,118,119,120,121,123,124,125,126,127,128,129,130,131,132,133,142,143,144,147,148,149,150,151,174,175,181,204,205,206,207,208,
59;0;1535;1682;0;0,1,2,3,4,5,6,7,8,9,10,11,12,13,14,15,16,17,18,20,21,22,23,29,30,31,32,33,34,35,36,37,40,41,47,49,50,51,52,53,58,59,60,61,62,64,65,66,102,118,119,120,121,123,124,125,126,127,128,129,130,131,132,133,142,143,144,147,148,149,150,151,174,175,181,204,205,206,207,208,
59;1;1682;1807;0;0,1,2,3,4,5,6,7,8,9,10,11,12,13,14,15,16,17,18,20,21,22,23,29,30,31,32,33,34,35,36,37,40,41,47,49,50,51,52,53,58,59,60,61,62,64,65,66,102,118,119,120,121,123,124,125,126,127,128,129,130,131,132,133,142,143,144,147,148,149,150,151,174,175,181,204,205,206,207,208,
100;0;1807;1926;1;0,1,2,3,4,5,6,7,8,9,10,11,12,13,14,15,16,17,18,20,21,22,23,29,30,31,32,33,34,35,36,37,40,41,47,49,50,51,52,53,58,59,60,61,62,64,65,66,102,118,119,120,121,123,124,125,126,127,128,129,130,131,132,133,142,143,144,147,148,149,150,151,174,175,181,204,205,206,207,208,
80;0;1926;1961;1;0,1,2,3,4,5,6,7,8,9,10,11,12,13,14,15,16,17,18,20,21,22,23,29,30,31,32,33,34,35,36,37,40,41,47,49,50,51,52,53,58,59,60,61,62,64,65,66,102,118,119,120,121,123,124,125,126,127,128,129,130,131,132,133,142,143,144,147,148,149,150,151,174,175,181,204,205,206,207,208,
75;0;1961;2021;0;0,1,2,3,4,5,6,7,8,9,10,11,12,13,14,15,16,17,18,20,21,22,23,29,30,31,32,33,34,35,36,37,40,41,47,49,50,51,52,53,58,59,60,61,62,64,65,66,102,118,119,120,121,123,124,125,126,127,128,129,130,131,132,133,142,143,144,147,148,149,150,151,174,175,181,204,205,206,207,208,
93;0;2021;2115;1;0,1,2,3,4,5,6,7,8,9,10,11,12,13,14,15,16,17,18,20,21,22,23,29,30,31,32,33,34,35,36,37,40,41,47,49,50,51,52,53,58,59,60,61,62,64,65,66,102,118,119,120,121,123,124,125,126,127,128,129,130,131,132,133,142,143,144,147,148,149,150,151,174,175,181,204,205,206,207,208,
43;0;2115;2191;1;0,1,2,3,4,5,6,7,8,9,10,11,12,13,14,15,16,17,18,20,21,22,23,29,30,31,32,33,34,35,36,37,40,41,47,49,50,51,52,53,58,59,60,61,62,64,65,66,102,118,119,120,121,123,124,125,126,127,128,129,130,131,132,133,142,143,144,147,148,149,150,151,174,175,181,204,205,206,207,208,
86;0;2191;2228;0;0,1,2,3,4,5,6,7,8,9,10,11,12,13,14,15,16,17,18,20,21,22,23,29,30,31,32,33,34,35,36,37,40,41,47,49,50,51,52,53,58,59,60,61,62,64,65,66,102,118,119,120,121,123,124,125,126,127,128,129,130,131,132,133,142,143,144,147,148,149,150,151,174,175,181,204,205,206,207,208,
19;0;2228;2385;0;0,1,2,3,4,5,6,7,8,9,10,11,12,13,14,15,16,17,18,20,21,22,23,29,30,31,32,33,34,35,36,37,40,41,47,49,50,51,52,53,58,59,60,61,62,64,65,66,102,118,119,120,121,123,124,125,126,127,128,129,130,131,132,133,142,143,144,147,148,149,150,151,174,175,181,204,205,206,207,208,
19;1;2385;2459;0;0,1,2,3,4,5,6,7,8,9,10,11,12,13,14,15,16,17,18,20,21,22,23,29,30,31,32,33,34,35,36,37,40,41,47,49,50,51,52,53,58,59,60,61,62,64,65,66,102,118,119,120,121,123,124,125,126,127,128,129,130,131,132,133,142,143,144,147,148,149,150,151,174,175,181,204,205,206,207,208,
41;0;2459;2503;1;0,1,2,3,4,5,6,7,8,9,10,11,12,13,14,15,16,17,18,20,21,22,23,29,30,31,32,33,34,35,36,37,40,41,47,49,50,51,52,53,58,59,60,61,62,64,65,66,102,118,119,120,121,123,124,125,126,127,128,129,130,131,132,133,142,143,144,147,148,149,150,151,174,175,181,204,205,206,207,208,
13;0;2503;2554;1;0,1,2,3,4,5,6,7,8,9,10,11,12,13,14,15,16,17,18,20,21,22,23,29,30,31,32,33,34,35,36,37,40,41,47,49,50,51,52,53,58,59,60,61,62,64,65,66,102,118,119,120,121,123,124,125,126,127,128,129,130,131,132,133,142,143,144,147,148,149,150,151,174,175,181,204,205,206,207,208,
133;0;2554;2640;1;0,1,2,3,4,5,6,7,8,9,10,11,12,13,14,15,16,17,18,20,21,22,23,29,30,31,32,33,34,35,36,37,40,41,47,49,50,51,52,53,58,59,60,61,62,64,65,66,102,118,119,120,121,123,124,125,126,127,128,129,130,131,132,133,142,143,144,147,148,149,150,151,174,175,181,204,205,206,207,208,
Machine: 2
89;0;0;49;0;0,1,2,3,4,5,6,7,8,9,10,11,12,13,14,15,16,17,18,19,20,21,22,23,24,25,26,27,28,29,30,31,32,33,34,35,36,37,38,39,40,41,42,43,44,45,46,47,48,49,50,51,52,53,54,55,56,57,64,65,77,102,118,119,120,121,122,129,134,135,136,137,180,181,188,194,195,196,197,198,
89;1;49;227;0;0,1,2,3,4,5,6,7,8,9,10,11,12,13,14,15,16,17,18,19,20,21,22,23,24,25,26,27,28,29,30,31,32,33,34,35,36,37,38,39,40,41,42,43,44,45,46,47,48,49,50,51,52,53,54,55,56,57,64,65,77,102,118,119,120,121,122,129,134,135,136,137,180,181,188,194,195,196,197,198,
90;0;227;268;1;0,1,2,3,4,5,6,7,8,9,10,11,12,13,14,15,16,17,18,19,20,21,22,23,24,25,26,27,28,29,30,31,32,33,34,35,36,37,38,39,40,41,42,43,44,45,46,47,48,49,50,51,52,53,54,55,56,57,64,65,77,102,118,119,120,121,122,129,134,135,136,137,180,181,188,194,195,196,197,198,
67;0;268;355;1;0,1,2,3,4,5,6,7,8,9,10,11,12,13,14,15,16,17,18,19,20,21,22,23,24,25,26,27,28,29,30,31,32,33,34,35,36,37,38,39,40,41,42,43,44,45,46,47,48,49,50,51,52,53,54,55,56,57,64,65,77,102,118,119,120,121,122,129,134,135,136,137,180,181,188,194,195,196,197,198,
67;1;355;380;1;0,1,2,3,4,5,6,7,8,9,10,11,12,13,14,15,16,17,18,19,20,21,22,23,24,25,26,27,28,29,30,31,32,33,34,35,36,37,38,39,40,41,42,43,44,45,46,47,48,49,50,51,52,53,54,55,56,57,64,65,77,102,118,119,120,121,122,129,134,135,136,137,180,181,188,194,195,196,197,198,
50;0;380;550;1;0,1,2,3,4,5,6,7,8,9,10,11,12,13,14,15,16,17,18,19,20,21,22,23,24,25,26,27,28,29,30,31,32,33,34,35,36,37,38,39,40,41,42,43,44,45,46,47,48,49,50,51,52,53,54,55,56,57,64,65,77,102,118,119,120,121,122,129,134,135,136,137,180,181,188,194,195,196,197,198,
51;0;550;696;1;0,1,2,3,4,5,6,7,8,9,10,11,12,13,14,15,16,17,18,19,20,21,22,23,24,25,26,27,28,29,30,31,32,33,34,35,36,37,38,39,40,41,42,43,44,45,46,47,48,49,50,51,52,53,54,55,56,57,64,65,77,102,118,119,120,121,122,129,134,135,136,137,180,181,188,194,195,196,197,198,
38;0;696;774;0;0,1,2,3,4,5,6,7,8,9,10,11,12,13,14,15,16,17,18,19,20,21,22,23,24,25,26,27,28,29,30,31,32,33,34,35,36,37,38,39,40,41,42,43,44,45,46,47,48,49,50,51,52,53,54,55,56,57,64,65,77,102,118,119,120,121,122,129,134,135,136,137,180,181,188,194,195,196,197,198,
145;0;774;872;0;0,1,2,3,4,5,6,7,8,9,10,11,12,13,14,15,16,17,18,19,20,21,22,23,24,25,26,27,28,29,30,31,32,33,34,35,36,37,38,39,40,41,42,43,44,45,46,47,48,49,50,51,52,53,54,55,56,57,64,65,77,102,118,119,120,121,122,129,134,135,136,137,180,181,188,194,195,196,197,198,
147;0;872;949;1;0,1,2,3,4,5,6,7,8,9,10,11,12,13,14,15,16,17,18,19,20,21,22,23,24,25,26,27,28,29,30,31,32,33,34,35,36,37,38,39,40,41,42,43,44,45,46,47,48,49,50,51,52,53,54,55,56,57,64,65,77,102,118,119,120,121,122,129,134,135,136,137,180,181,188,194,195,196,197,198,
147;1;949;974;1;0,1,2,3,4,5,6,7,8,9,10,11,12,13,14,15,16,17,18,19,20,21,22,23,24,25,26,27,28,29,30,31,32,33,34,35,36,37,38,39,40,41,42,43,44,45,46,47,48,49,50,51,52,53,54,55,56,57,64,65,77,102,118,119,120,121,122,129,134,135,136,137,180,181,188,194,195,196,197,198,
0;0;974;1118;1;0,1,2,3,4,5,6,7,8,9,10,11,12,13,14,15,16,17,18,19,20,21,22,23,24,25,26,27,28,29,30,31,32,33,34,35,36,37,38,39,40,41,42,43,44,45,46,47,48,49,50,51,52,53,54,55,56,57,64,65,77,102,118,119,120,121,122,129,134,135,136,137,180,181,188,194,195,196,197,198,
0;1;1118;1164;1;0,1,2,3,4,5,6,7,8,9,10,11,12,13,14,15,16,17,18,19,20,21,22,23,24,25,26,27,28,29,30,31,32,33,34,35,36,37,38,39,40,41,42,43,44,45,46,47,48,49,50,51,52,53,54,55,56,57,64,65,77,102,118,119,120,121,122,129,134,135,136,137,180,181,188,194,195,196,197,198,
104;0;1164;1327;1;0,1,2,3,4,5,6,7,8,9,10,11,12,13,14,15,16,17,18,19,20,21,22,23,24,25,26,27,28,29,30,31,32,33,34,35,36,37,38,39,40,41,42,43,44,45,46,47,48,49,50,51,52,53,54,55,56,57,64,65,77,102,118,119,120,121,122,129,134,135,136,137,180,181,188,194,195,196,197,198,
104;1;1327;1468;1;0,1,2,3,4,5,6,7,8,9,10,11,12,13,14,15,16,17,18,19,20,21,22,23,24,25,26,27,28,29,30,31,32,33,34,35,36,37,38,39,40,41,42,43,44,45,46,47,48,49,50,51,52,53,54,55,56,57,64,65,77,102,118,119,120,121,122,129,134,135,136,137,180,181,188,194,195,196,197,198,
44;0;1468;1537;1;0,1,2,3,4,5,6,7,8,9,10,11,12,13,14,15,16,17,18,19,20,21,22,23,24,25,26,27,28,29,30,31,32,33,34,35,36,37,38,39,40,41,42,43,44,45,46,47,48,49,50,51,52,53,54,55,56,57,64,65,77,102,118,119,120,121,122,129,134,135,136,137,180,181,188,194,195,196,197,198,
44;1;1537;1693;1;0,1,2,3,4,5,6,7,8,9,10,11,12,13,14,15,16,17,18,19,20,21,22,23,24,25,26,27,28,29,30,31,32,33,34,35,36,37,38,39,40,41,42,43,44,45,46,47,48,49,50,51,52,53,54,55,56,57,64,65,77,102,118,119,120,121,122,129,134,135,136,137,180,181,188,194,195,196,197,198,
3;0;1693;1742;1;0,1,2,3,4,5,6,7,8,9,10,11,12,13,14,15,16,17,18,19,20,21,22,23,24,25,26,27,28,29,30,31,32,33,34,35,36,37,38,39,40,41,42,43,44,45,46,47,48,49,50,51,52,53,54,55,56,57,64,65,77,102,118,119,120,121,122,129,134,135,136,137,180,181,188,194,195,196,197,198,
114;0;1742;1830;1;0,1,2,3,4,5,6,7,8,9,10,11,12,13,14,15,16,17,18,19,20,21,22,23,24,25,26,27,28,29,30,31,32,33,34,35,36,37,38,39,40,41,42,43,44,45,46,47,48,49,50,51,52,53,54,55,56,57,64,65,77,102,118,119,120,121,122,129,134,135,136,137,180,181,188,194,195,196,197,198,
114;1;1830;1916;1;0,1,2,3,4,5,6,7,8,9,10,11,12,13,14,15,16,17,18,19,20,21,22,23,24,25,26,27,28,29,30,31,32,33,34,35,36,37,38,39,40,41,42,43,44,45,46,47,48,49,50,51,52,53,54,55,56,57,64,65,77,102,118,119,120,121,122,129,134,135,136,137,180,181,188,194,195,196,197,198,
113;0;1916;1993;1;0,1,2,3,4,5,6,7,8,9,10,11,12,13,14,15,16,17,18,19,20,21,22,23,24,25,26,27,28,29,30,31,32,33,34,35,36,37,38,39,40,41,42,43,44,45,46,47,48,49,50,51,52,53,54,55,56,57,64,65,77,102,118,119,120,121,122,129,134,135,136,137,180,181,188,194,195,196,197,198,
117;0;1993;2048;1;0,1,2,3,4,5,6,7,8,9,10,11,12,13,14,15,16,17,18,19,20,21,22,23,24,25,26,27,28,29,30,31,32,33,34,35,36,37,38,39,40,41,42,43,44,45,46,47,48,49,50,51,52,53,54,55,56,57,64,65,77,102,118,119,120,121,122,129,134,135,136,137,180,181,188,194,195,196,197,198,
117;1;2048;2183;1;0,1,2,3,4,5,6,7,8,9,10,11,12,13,14,15,16,17,18,19,20,21,22,23,24,25,26,27,28,29,30,31,32,33,34,35,36,37,38,39,40,41,42,43,44,45,46,47,48,49,50,51,52,53,54,55,56,57,64,65,77,102,118,119,120,121,122,129,134,135,136,137,180,181,188,194,195,196,197,198,
121;0;2183;2348;1;0,1,2,3,4,5,6,7,8,9,10,11,12,13,14,15,16,17,18,19,20,21,22,23,24,25,26,27,28,29,30,31,32,33,34,35,36,37,38,39,40,41,42,43,44,45,46,47,48,49,50,51,52,53,54,55,56,57,64,65,77,102,118,119,120,121,122,129,134,135,136,137,180,181,188,194,195,196,197,198,
141;0;2348;2429;1;0,1,2,3,4,5,6,7,8,9,10,11,12,13,14,15,16,17,18,19,20,21,22,23,24,25,26,27,28,29,30,31,32,33,34,35,36,37,38,39,40,41,42,43,44,45,46,47,48,49,50,51,52,53,54,55,56,57,64,65,77,102,118,119,120,121,122,129,134,135,136,137,180,181,188,194,195,196,197,198,
7;0;2429;2468;1;0,1,2,3,4,5,6,7,8,9,10,11,12,13,14,15,16,17,18,19,20,21,22,23,24,25,26,27,28,29,30,31,32,33,34,35,36,37,38,39,40,41,42,43,44,45,46,47,48,49,50,51,52,53,54,55,56,57,64,65,77,102,118,119,120,121,122,129,134,135,136,137,180,181,188,194,195,196,197,198,
7;1;2468;2642;1;0,1,2,3,4,5,6,7,8,9,10,11,12,13,14,15,16,17,18,19,20,21,22,23,24,25,26,27,28,29,30,31,32,33,34,35,36,37,38,39,40,41,42,43,44,45,46,47,48,49,50,51,52,53,54,55,56,57,64,65,77,102,118,119,120,121,122,129,134,135,136,137,180,181,188,194,195,196,197,198,
109;0;2642;2654;0;0,1,2,3,4,5,6,7,8,9,10,11,12,13,14,15,16,17,18,19,20,21,22,23,24,25,26,27,28,29,30,31,32,33,34,35,36,37,38,39,40,41,42,43,44,45,46,47,48,49,50,51,52,53,54,55,56,57,64,65,77,102,118,119,120,121,122,129,134,135,136,137,180,181,188,194,195,196,197,198,
109;1;2654;2819;0;0,1,2,3,4,5,6,7,8,9,10,11,12,13,14,15,16,17,18,19,20,21,22,23,24,25,26,27,28,29,30,31,32,33,34,35,36,37,38,39,40,41,42,43,44,45,46,47,48,49,50,51,52,53,54,55,56,57,64,65,77,102,118,119,120,121,122,129,134,135,136,137,180,181,188,194,195,196,197,198,
63;0;2819;2899;1;0,1,2,3,4,5,6,7,8,9,10,11,12,13,14,15,16,17,18,19,20,21,22,23,24,25,26,27,28,29,30,31,32,33,34,35,36,37,38,39,40,41,42,43,44,45,46,47,48,49,50,51,52,53,54,55,56,57,64,65,77,102,118,119,120,121,122,129,134,135,136,137,180,181,188,194,195,196,197,198,
119;0;2899;3070;0;0,1,2,3,4,5,6,7,8,9,10,11,12,13,14,15,16,17,18,19,20,21,22,23,24,25,26,27,28,29,30,31,32,33,34,35,36,37,38,39,40,41,42,43,44,45,46,47,48,49,50,51,52,53,54,55,56,57,64,65,77,102,118,119,120,121,122,129,134,135,136,137,180,181,188,194,195,196,197,198,
119;1;3070;3215;0;0,1,2,3,4,5,6,7,8,9,10,11,12,13,14,15,16,17,18,19,20,21,22,23,24,25,26,27,28,29,30,31,32,33,34,35,36,37,38,39,40,41,42,43,44,45,46,47,48,49,50,51,52,53,54,55,56,57,64,65,77,102,118,119,120,121,122,129,134,135,136,137,180,181,188,194,195,196,197,198,
131;0;3215;3223;1;0,1,2,3,4,5,6,7,8,9,10,11,12,13,14,15,16,17,18,19,20,21,22,23,24,25,26,27,28,29,30,31,32,33,34,35,36,37,38,39,40,41,42,43,44,45,46,47,48,49,50,51,52,53,54,55,56,57,64,65,77,102,118,119,120,121,122,129,134,135,136,137,180,181,188,194,195,196,197,198,
73;0;3223;3292;1;0,1,2,3,4,5,6,7,8,9,10,11,12,13,14,15,16,17,18,19,20,21,22,23,24,25,26,27,28,29,30,31,32,33,34,35,36,37,38,39,40,41,42,43,44,45,46,47,48,49,50,51,52,53,54,55,56,57,64,65,77,102,118,119,120,121,122,129,134,135,136,137,180,181,188,194,195,196,197,198,
27;0;3292;3431;1;0,1,2,3,4,5,6,7,8,9,10,11,12,13,14,15,16,17,18,19,20,21,22,23,24,25,26,27,28,29,30,31,32,33,34,35,36,37,38,39,40,41,42,43,44,45,46,47,48,49,50,51,52,53,54,55,56,57,64,65,77,102,118,119,120,121,122,129,134,135,136,137,180,181,188,194,195,196,197,198,
27;1;3431;3461;1;0,1,2,3,4,5,6,7,8,9,10,11,12,13,14,15,16,17,18,19,20,21,22,23,24,25,26,27,28,29,30,31,32,33,34,35,36,37,38,39,40,41,42,43,44,45,46,47,48,49,50,51,52,53,54,55,56,57,64,65,77,102,118,119,120,121,122,129,134,135,136,137,180,181,188,194,195,196,197,198,
107;0;3461;3630;1;0,1,2,3,4,5,6,7,8,9,10,11,12,13,14,15,16,17,18,19,20,21,22,23,24,25,26,27,28,29,30,31,32,33,34,35,36,37,38,39,40,41,42,43,44,45,46,47,48,49,50,51,52,53,54,55,56,57,64,65,77,102,118,119,120,121,122,129,134,135,136,137,180,181,188,194,195,196,197,198,
107;1;3630;3740;1;0,1,2,3,4,5,6,7,8,9,10,11,12,13,14,15,16,17,18,19,20,21,22,23,24,25,26,27,28,29,30,31,32,33,34,35,36,37,38,39,40,41,42,43,44,45,46,47,48,49,50,51,52,53,54,55,56,57,64,65,77,102,118,119,120,121,122,129,134,135,136,137,180,181,188,194,195,196,197,198,
Machine: 3
72;0;0;34;0;0,1,2,3,4,5,6,7,8,9,10,11,12,13,14,15,16,17,18,20,25,26,33,34,35,36,37,40,41,42,47,49,50,64,65,66,67,68,69,102,107,108,109,111,117,118,119,120,121,122,123,130,131,132,134,135,136,137,138,139,140,141,145,146,176,177,178,179,181,189,190,191,192,193,199,200,201,202,203,204,
72;1;34;139;0;0,1,2,3,4,5,6,7,8,9,10,11,12,13,14,15,16,17,18,20,25,26,33,34,35,36,37,40,41,42,47,49,50,64,65,66,67,68,69,102,107,108,109,111,117,118,119,120,121,122,123,130,131,132,134,135,136,137,138,139,140,141,145,146,176,177,178,179,181,189,190,191,192,193,199,200,201,202,203,204,
102;0;139;307;0;0,1,2,3,4,5,6,7,8,9,10,11,12,13,14,15,16,17,18,20,25,26,33,34,35,36,37,40,41,42,47,49,50,64,65,66,67,68,69,102,107,108,109,111,117,118,119,120,121,122,123,130,131,132,134,135,136,137,138,139,140,141,145,146,176,177,178,179,181,189,190,191,192,193,199,200,201,202,203,204,
102;1;307;458;0;0,1,2,3,4,5,6,7,8,9,10,11,12,13,14,15,16,17,18,20,25,26,33,34,35,36,37,40,41,42,47,49,50,64,65,66,67,68,69,102,107,108,109,111,117,118,119,120,121,122,123,130,131,132,134,135,136,137,138,139,140,141,145,146,176,177,178,179,181,189,190,191,192,193,199,200,201,202,203,204,
135;0;458;583;0;0,1,2,3,4,5,6,7,8,9,10,11,12,13,14,15,16,17,18,20,25,26,33,34,35,36,37,40,41,42,47,49,50,64,65,66,67,68,69,102,107,108,109,111,117,118,119,120,121,122,123,130,131,132,134,135,136,137,138,139,140,141,145,146,176,177,178,179,181,189,190,191,192,193,199,200,201,202,203,204,
122;0;583;751;0;0,1,2,3,4,5,6,7,8,9,10,11,12,13,14,15,16,17,18,20,25,26,33,34,35,36,37,40,41,42,47,49,50,64,65,66,67,68,69,102,107,108,109,111,117,118,119,120,121,122,123,130,131,132,134,135,136,137,138,139,140,141,145,146,176,177,178,179,181,189,190,191,192,193,199,200,201,202,203,204,
122;1;751;829;0;0,1,2,3,4,5,6,7,8,9,10,11,12,13,14,15,16,17,18,20,25,26,33,34,35,36,37,40,41,42,47,49,50,64,65,66,67,68,69,102,107,108,109,111,117,118,119,120,121,122,123,130,131,132,134,135,136,137,138,139,140,141,145,146,176,177,178,179,181,189,190,191,192,193,199,200,201,202,203,204,
69;0;829;999;0;0,1,2,3,4,5,6,7,8,9,10,11,12,13,14,15,16,17,18,20,25,26,33,34,35,36,37,40,41,42,47,49,50,64,65,66,67,68,69,102,107,108,109,111,117,118,119,120,121,122,123,130,131,132,134,135,136,137,138,139,140,141,145,146,176,177,178,179,181,189,190,191,192,193,199,200,201,202,203,204,
69;1;999;1168;0;0,1,2,3,4,5,6,7,8,9,10,11,12,13,14,15,16,17,18,20,25,26,33,34,35,36,37,40,41,42,47,49,50,64,65,66,67,68,69,102,107,108,109,111,117,118,119,120,121,122,123,130,131,132,134,135,136,137,138,139,140,141,145,146,176,177,178,179,181,189,190,191,192,193,199,200,201,202,203,204,
125;0;1168;1310;0;0,1,2,3,4,5,6,7,8,9,10,11,12,13,14,15,16,17,18,20,25,26,33,34,35,36,37,40,41,42,47,49,50,64,65,66,67,68,69,102,107,108,109,111,117,118,119,120,121,122,123,130,131,132,134,135,136,137,138,139,140,141,145,146,176,177,178,179,181,189,190,191,192,193,199,200,201,202,203,204,
116;0;1310;1352;0;0,1,2,3,4,5,6,7,8,9,10,11,12,13,14,15,16,17,18,20,25,26,33,34,35,36,37,40,41,42,47,49,50,64,65,66,67,68,69,102,107,108,109,111,117,118,119,120,121,122,123,130,131,132,134,135,136,137,138,139,140,141,145,146,176,177,178,179,181,189,190,191,192,193,199,200,201,202,203,204,
98;0;1352;1432;0;0,1,2,3,4,5,6,7,8,9,10,11,12,13,14,15,16,17,18,20,25,26,33,34,35,36,37,40,41,42,47,49,50,64,65,66,67,68,69,102,107,108,109,111,117,118,119,120,121,122,123,130,131,132,134,135,136,137,138,139,140,141,145,146,176,177,178,179,181,189,190,191,192,193,199,200,201,202,203,204,
99;0;1432;1505;0;0,1,2,3,4,5,6,7,8,9,10,11,12,13,14,15,16,17,18,20,25,26,33,34,35,36,37,40,41,42,47,49,50,64,65,66,67,68,69,102,107,108,109,111,117,118,119,120,121,122,123,130,131,132,134,135,136,137,138,139,140,141,145,146,176,177,178,179,181,189,190,191,192,193,199,200,201,202,203,204,
99;1;1505;1550;0;0,1,2,3,4,5,6,7,8,9,10,11,12,13,14,15,16,17,18,20,25,26,33,34,35,36,37,40,41,42,47,49,50,64,65,66,67,68,69,102,107,108,109,111,117,118,119,120,121,122,123,130,131,132,134,135,136,137,138,139,140,141,145,146,176,177,178,179,181,189,190,191,192,193,199,200,201,202,203,204,
32;0;1550;1599;0;0,1,2,3,4,5,6,7,8,9,10,11,12,13,14,15,16,17,18,20,25,26,33,34,35,36,37,40,41,42,47,49,50,64,65,66,67,68,69,102,107,108,109,111,117,118,119,120,121,122,123,130,131,132,134,135,136,137,138,139,140,141,145,146,176,177,178,179,181,189,190,191,192,193,199,200,201,202,203,204,
32;1;1599;1667;0;0,1,2,3,4,5,6,7,8,9,10,11,12,13,14,15,16,17,18,20,25,26,33,34,35,36,37,40,41,42,47,49,50,64,65,66,67,68,69,102,107,108,109,111,117,118,119,120,121,122,123,130,131,132,134,135,136,137,138,139,140,141,145,146,176,177,178,179,181,189,190,191,192,193,199,200,201,202,203,204,
79;0;1667;1736;0;0,1,2,3,4,5,6,7,8,9,10,11,12,13,14,15,16,17,18,20,25,26,33,34,35,36,37,40,41,42,47,49,50,64,65,66,67,68,69,102,107,108,109,111,117,118,119,120,121,122,123,130,131,132,134,135,136,137,138,139,140,141,145,146,176,177,178,179,181,189,190,191,192,193,199,200,201,202,203,204,
79;1;1736;1873;0;0,1,2,3,4,5,6,7,8,9,10,11,12,13,14,15,16,17,18,20,25,26,33,34,35,36,37,40,41,42,47,49,50,64,65,66,67,68,69,102,107,108,109,111,117,118,119,120,121,122,123,130,131,132,134,135,136,137,138,139,140,141,145,146,176,177,178,179,181,189,190,191,192,193,199,200,201,202,203,204,
115;0;1873;1893;0;0,1,2,3,4,5,6,7,8,9,10,11,12,13,14,15,16,17,18,20,25,26,33,34,35,36,37,40,41,42,47,49,50,64,65,66,67,68,69,102,107,108,109,111,117,118,119,120,121,122,123,130,131,132,134,135,136,137,138,139,140,141,145,146,176,177,178,179,181,189,190,191,192,193,199,200,201,202,203,204,
49;0;1893;1954;0;0,1,2,3,4,5,6,7,8,9,10,11,12,13,14,15,16,17,18,20,25,26,33,34,35,36,37,40,41,42,47,49,50,64,65,66,67,68,69,102,107,108,109,111,117,118,119,120,121,122,123,130,131,132,134,135,136,137,138,139,140,141,145,146,176,177,178,179,181,189,190,191,192,193,199,200,201,202,203,204,
49;1;1954;1979;0;0,1,2,3,4,5,6,7,8,9,10,11,12,13,14,15,16,17,18,20,25,26,33,34,35,36,37,40,41,42,47,49,50,64,65,66,67,68,69,102,107,108,109,111,117,118,119,120,121,122,123,130,131,132,134,135,136,137,138,139,140,141,145,146,176,177,178,179,181,189,190,191,192,193,199,200,201,202,203,204,
87;0;1979;2007;1;0,1,2,3,4,5,6,7,8,9,10,11,12,13,14,15,16,17,18,20,25,26,33,34,35,36,37,40,41,42,47,49,50,64,65,66,67,68,69,102,107,108,109,111,117,118,119,120,121,122,123,130,131,132,134,135,136,137,138,139,140,141,145,146,176,177,178,179,181,189,190,191,192,193,199,200,201,202,203,204,
87;1;2007;2112;1;0,1,2,3,4,5,6,7,8,9,10,11,12,13,14,15,16,17,18,20,25,26,33,34,35,36,37,40,41,42,47,49,50,64,65,66,67,68,69,102,107,108,109,111,117,118,119,120,121,122,123,130,131,132,134,135,136,137,138,139,140,141,145,146,176,177,178,179,181,189,190,191,192,193,199,200,201,202,203,204,
58;0;2112;2238;0;0,1,2,3,4,5,6,7,8,9,10,11,12,13,14,15,16,17,18,20,25,26,33,34,35,36,37,40,41,42,47,49,50,64,65,66,67,68,69,102,107,108,109,111,117,118,119,120,121,122,123,130,131,132,134,135,136,137,138,139,140,141,145,146,176,177,178,179,181,189,190,191,192,193,199,200,201,202,203,204,
26;0;2238;2282;0;0,1,2,3,4,5,6,7,8,9,10,11,12,13,14,15,16,17,18,20,25,26,33,34,35,36,37,40,41,42,47,49,50,64,65,66,67,68,69,102,107,108,109,111,117,118,119,120,121,122,123,130,131,132,134,135,136,137,138,139,140,141,145,146,176,177,178,179,181,189,190,191,192,193,199,200,201,202,203,204,
128;0;2282;2368;0;0,1,2,3,4,5,6,7,8,9,10,11,12,13,14,15,16,17,18,20,25,26,33,34,35,36,37,40,41,42,47,49,50,64,65,66,67,68,69,102,107,108,109,111,117,118,119,120,121,122,123,130,131,132,134,135,136,137,138,139,140,141,145,146,176,177,178,179,181,189,190,191,192,193,199,200,201,202,203,204,
35;0;2368;2546;0;0,1,2,3,4,5,6,7,8,9,10,11,12,13,14,15,16,17,18,20,25,26,33,34,35,36,37,40,41,42,47,49,50,64,65,66,67,68,69,102,107,108,109,111,117,118,119,120,121,122,123,130,131,132,134,135,136,137,138,139,140,141,145,146,176,177,178,179,181,189,190,191,192,193,199,200,201,202,203,204,
46;0;2546;2697;0;0,1,2,3,4,5,6,7,8,9,10,11,12,13,14,15,16,17,18,20,25,26,33,34,35,36,37,40,41,42,47,49,50,64,65,66,67,68,69,102,107,108,109,111,117,118,119,120,121,122,123,130,131,132,134,135,136,137,138,139,140,141,145,146,176,177,178,179,181,189,190,191,192,193,199,200,201,202,203,204,
76;0;2697;2707;0;0,1,2,3,4,5,6,7,8,9,10,11,12,13,14,15,16,17,18,20,25,26,33,34,35,36,37,40,41,42,47,49,50,64,65,66,67,68,69,102,107,108,109,111,117,118,119,120,121,122,123,130,131,132,134,135,136,137,138,139,140,141,145,146,176,177,178,179,181,189,190,191,192,193,199,200,201,202,203,204,
8;0;2707;2784;0;0,1,2,3,4,5,6,7,8,9,10,11,12,13,14,15,16,17,18,20,25,26,33,34,35,36,37,40,41,42,47,49,50,64,65,66,67,68,69,102,107,108,109,111,117,118,119,120,121,122,123,130,131,132,134,135,136,137,138,139,140,141,145,146,176,177,178,179,181,189,190,191,192,193,199,200,201,202,203,204,
146;0;2784;2835;0;0,1,2,3,4,5,6,7,8,9,10,11,12,13,14,15,16,17,18,20,25,26,33,34,35,36,37,40,41,42,47,49,50,64,65,66,67,68,69,102,107,108,109,111,117,118,119,120,121,122,123,130,131,132,134,135,136,137,138,139,140,141,145,146,176,177,178,179,181,189,190,191,192,193,199,200,201,202,203,204,
53;0;2835;2853;1;0,1,2,3,4,5,6,7,8,9,10,11,12,13,14,15,16,17,18,20,25,26,33,34,35,36,37,40,41,42,47,49,50,64,65,66,67,68,69,102,107,108,109,111,117,118,119,120,121,122,123,130,131,132,134,135,136,137,138,139,140,141,145,146,176,177,178,179,181,189,190,191,192,193,199,200,201,202,203,204,
112;0;2853;2949;0;0,1,2,3,4,5,6,7,8,9,10,11,12,13,14,15,16,17,18,20,25,26,33,34,35,36,37,40,41,42,47,49,50,64,65,66,67,68,69,102,107,108,109,111,117,118,119,120,121,122,123,130,131,132,134,135,136,137,138,139,140,141,145,146,176,177,178,179,181,189,190,191,192,193,199,200,201,202,203,204,
112;1;2949;3105;0;0,1,2,3,4,5,6,7,8,9,10,11,12,13,14,15,16,17,18,20,25,26,33,34,35,36,37,40,41,42,47,49,50,64,65,66,67,68,69,102,107,108,109,111,117,118,119,120,121,122,123,130,131,132,134,135,136,137,138,139,140,141,145,146,176,177,178,179,181,189,190,191,192,193,199,200,201,202,203,204,
71;0;3105;3220;1;0,1,2,3,4,5,6,7,8,9,10,11,12,13,14,15,16,17,18,20,25,26,33,34,35,36,37,40,41,42,47,49,50,64,65,66,67,68,69,102,107,108,109,111,117,118,119,120,121,122,123,130,131,132,134,135,136,137,138,139,140,141,145,146,176,177,178,179,181,189,190,191,192,193,199,200,201,202,203,204,
Machine: 4
124;0;0;44;1;0,1,2,3,4,5,6,7,8,9,10,11,12,13,14,15,16,17,18,20,21,22,23,25,26,31,33,34,35,36,37,38,39,40,42,43,44,45,46,47,48,49,54,55,56,57,63,64,65,102,112,113,114,115,116,118,119,120,121,123,127,128,129,141,142,162,163,164,165,166,182,183,184,185,186,187,205,206,207,208,
124;1;44;88;1;0,1,2,3,4,5,6,7,8,9,10,11,12,13,14,15,16,17,18,20,21,22,23,25,26,31,33,34,35,36,37,38,39,40,42,43,44,45,46,47,48,49,54,55,56,57,63,64,65,102,112,113,114,115,116,118,119,120,121,123,127,128,129,141,142,162,163,164,165,166,182,183,184,185,186,187,205,206,207,208,
16;0;88;182;0;0,1,2,3,4,5,6,7,8,9,10,11,12,13,14,15,16,17,18,20,21,22,23,25,26,31,33,34,35,36,37,38,39,40,42,43,44,45,46,47,48,49,54,55,56,57,63,64,65,102,112,113,114,115,116,118,119,120,121,123,127,128,129,141,142,162,163,164,165,166,182,183,184,185,186,187,205,206,207,208,
66;0;182;308;0;0,1,2,3,4,5,6,7,8,9,10,11,12,13,14,15,16,17,18,20,21,22,23,25,26,31,33,34,35,36,37,38,39,40,42,43,44,45,46,47,48,49,54,55,56,57,63,64,65,102,112,113,114,115,116,118,119,120,121,123,127,128,129,141,142,162,163,164,165,166,182,183,184,185,186,187,205,206,207,208,
68;0;308;467;0;0,1,2,3,4,5,6,7,8,9,10,11,12,13,14,15,16,17,18,20,21,22,23,25,26,31,33,34,35,36,37,38,39,40,42,43,44,45,46,47,48,49,54,55,56,57,63,64,65,102,112,113,114,115,116,118,119,120,121,123,127,128,129,141,142,162,163,164,165,166,182,183,184,185,186,187,205,206,207,208,
61;0;467;519;1;0,1,2,3,4,5,6,7,8,9,10,11,12,13,14,15,16,17,18,20,21,22,23,25,26,31,33,34,35,36,37,38,39,40,42,43,44,45,46,47,48,49,54,55,56,57,63,64,65,102,112,113,114,115,116,118,119,120,121,123,127,128,129,141,142,162,163,164,165,166,182,183,184,185,186,187,205,206,207,208,
29;0;519;540;0;0,1,2,3,4,5,6,7,8,9,10,11,12,13,14,15,16,17,18,20,21,22,23,25,26,31,33,34,35,36,37,38,39,40,42,43,44,45,46,47,48,49,54,55,56,57,63,64,65,102,112,113,114,115,116,118,119,120,121,123,127,128,129,141,142,162,163,164,165,166,182,183,184,185,186,187,205,206,207,208,
29;1;540;700;0;0,1,2,3,4,5,6,7,8,9,10,11,12,13,14,15,16,17,18,20,21,22,23,25,26,31,33,34,35,36,37,38,39,40,42,43,44,45,46,47,48,49,54,55,56,57,63,64,65,102,112,113,114,115,116,118,119,120,121,123,127,128,129,141,142,162,163,164,165,166,182,183,184,185,186,187,205,206,207,208,
55;0;700;844;0;0,1,2,3,4,5,6,7,8,9,10,11,12,13,14,15,16,17,18,20,21,22,23,25,26,31,33,34,35,36,37,38,39,40,42,43,44,45,46,47,48,49,54,55,56,57,63,64,65,102,112,113,114,115,116,118,119,120,121,123,127,128,129,141,142,162,163,164,165,166,182,183,184,185,186,187,205,206,207,208,
139;0;844;916;0;0,1,2,3,4,5,6,7,8,9,10,11,12,13,14,15,16,17,18,20,21,22,23,25,26,31,33,34,35,36,37,38,39,40,42,43,44,45,46,47,48,49,54,55,56,57,63,64,65,102,112,113,114,115,116,118,119,120,121,123,127,128,129,141,142,162,163,164,165,166,182,183,184,185,186,187,205,206,207,208,
139;1;916;922;0;0,1,2,3,4,5,6,7,8,9,10,11,12,13,14,15,16,17,18,20,21,22,23,25,26,31,33,34,35,36,37,38,39,40,42,43,44,45,46,47,48,49,54,55,56,57,63,64,65,102,112,113,114,115,116,118,119,120,121,123,127,128,129,141,142,162,163,164,165,166,182,183,184,185,186,187,205,206,207,208,
5;0;922;951;0;0,1,2,3,4,5,6,7,8,9,10,11,12,13,14,15,16,17,18,20,21,22,23,25,26,31,33,34,35,36,37,38,39,40,42,43,44,45,46,47,48,49,54,55,56,57,63,64,65,102,112,113,114,115,116,118,119,120,121,123,127,128,129,141,142,162,163,164,165,166,182,183,184,185,186,187,205,206,207,208,
12;0;951;996;0;0,1,2,3,4,5,6,7,8,9,10,11,12,13,14,15,16,17,18,20,21,22,23,25,26,31,33,34,35,36,37,38,39,40,42,43,44,45,46,47,48,49,54,55,56,57,63,64,65,102,112,113,114,115,116,118,119,120,121,123,127,128,129,141,142,162,163,164,165,166,182,183,184,185,186,187,205,206,207,208,
12;1;996;1049;0;0,1,2,3,4,5,6,7,8,9,10,11,12,13,14,15,16,17,18,20,21,22,23,25,26,31,33,34,35,36,37,38,39,40,42,43,44,45,46,47,48,49,54,55,56,57,63,64,65,102,112,113,114,115,116,118,119,120,121,123,127,128,129,141,142,162,163,164,165,166,182,183,184,185,186,187,205,206,207,208,
132;0;1049;1147;0;0,1,2,3,4,5,6,7,8,9,10,11,12,13,14,15,16,17,18,20,21,22,23,25,26,31,33,34,35,36,37,38,39,40,42,43,44,45,46,47,48,49,54,55,56,57,63,64,65,102,112,113,114,115,116,118,119,120,121,123,127,128,129,141,142,162,163,164,165,166,182,183,184,185,186,187,205,206,207,208,
132;1;1147;1265;0;0,1,2,3,4,5,6,7,8,9,10,11,12,13,14,15,16,17,18,20,21,22,23,25,26,31,33,34,35,36,37,38,39,40,42,43,44,45,46,47,48,49,54,55,56,57,63,64,65,102,112,113,114,115,116,118,119,120,121,123,127,128,129,141,142,162,163,164,165,166,182,183,184,185,186,187,205,206,207,208,
88;0;1265;1437;0;0,1,2,3,4,5,6,7,8,9,10,11,12,13,14,15,16,17,18,20,21,22,23,25,26,31,33,34,35,36,37,38,39,40,42,43,44,45,46,47,48,49,54,55,56,57,63,64,65,102,112,113,114,115,116,118,119,120,121,123,127,128,129,141,142,162,163,164,165,166,182,183,184,185,186,187,205,206,207,208,
36;0;1437;1486;0;0,1,2,3,4,5,6,7,8,9,10,11,12,13,14,15,16,17,18,20,21,22,23,25,26,31,33,34,35,36,37,38,39,40,42,43,44,45,46,47,48,49,54,55,56,57,63,64,65,102,112,113,114,115,116,118,119,120,121,123,127,128,129,141,142,162,163,164,165,166,182,183,184,185,186,187,205,206,207,208,
136;0;1486;1559;0;0,1,2,3,4,5,6,7,8,9,10,11,12,13,14,15,16,17,18,20,21,22,23,25,26,31,33,34,35,36,37,38,39,40,42,43,44,45,46,47,48,49,54,55,56,57,63,64,65,102,112,113,114,115,116,118,119,120,121,123,127,128,129,141,142,162,163,164,165,166,182,183,184,185,186,187,205,206,207,208,
18;0;1559;1564;0;0,1,2,3,4,5,6,7,8,9,10,11,12,13,14,15,16,17,18,20,21,22,23,25,26,31,33,34,35,36,37,38,39,40,42,43,44,45,46,47,48,49,54,55,56,57,63,64,65,102,112,113,114,115,116,118,119,120,121,123,127,128,129,141,142,162,163,164,165,166,182,183,184,185,186,187,205,206,207,208,
83;0;1564;1639;1;0,1,2,3,4,5,6,7,8,9,10,11,12,13,14,15,16,17,18,20,21,22,23,25,26,31,33,34,35,36,37,38,39,40,42,43,44,45,46,47,48,49,54,55,56,57,63,64,65,102,112,113,114,115,116,118,119,120,121,123,127,128,129,141,142,162,163,164,165,166,182,183,184,185,186,187,205,206,207,208,
108;0;1639;1753;0;0,1,2,3,4,5,6,7,8,9,10,11,12,13,14,15,16,17,18,20,21,22,23,25,26,31,33,34,35,36,37,38,39,40,42,43,44,45,46,47,48,49,54,55,56,57,63,64,65,102,112,113,114,115,116,118,119,120,121,123,127,128,129,141,142,162,163,164,165,166,182,183,184,185,186,187,205,206,207,208,
15;0;1753;1777;0;0,1,2,3,4,5,6,7,8,9,10,11,12,13,14,15,16,17,18,20,21,22,23,25,26,31,33,34,35,36,37,38,39,40,42,43,44,45,46,47,48,49,54,55,56,57,63,64,65,102,112,113,114,115,116,118,119,120,121,123,127,128,129,141,142,162,163,164,165,166,182,183,184,185,186,187,205,206,207,208,
42;0;1777;1881;0;0,1,2,3,4,5,6,7,8,9,10,11,12,13,14,15,16,17,18,20,21,22,23,25,26,31,33,34,35,36,37,38,39,40,42,43,44,45,46,47,48,49,54,55,56,57,63,64,65,102,112,113,114,115,116,118,119,120,121,123,127,128,129,141,142,162,163,164,165,166,182,183,184,185,186,187,205,206,207,208,
42;1;1881;2006;0;0,1,2,3,4,5,6,7,8,9,10,11,12,13,14,15,16,17,18,20,21,22,23,25,26,31,33,34,35,36,37,38,39,40,42,43,44,45,46,47,48,49,54,55,56,57,63,64,65,102,112,113,114,115,116,118,119,120,121,123,127,128,129,141,142,162,163,164,165,166,182,183,184,185,186,187,205,206,207,208,
30;0;2006;2014;1;0,1,2,3,4,5,6,7,8,9,10,11,12,13,14,15,16,17,18,20,21,22,23,25,26,31,33,34,35,36,37,38,39,40,42,43,44,45,46,47,48,49,54,55,56,57,63,64,65,102,112,113,114,115,116,118,119,120,121,123,127,128,129,141,142,162,163,164,165,166,182,183,184,185,186,187,205,206,207,208,
148;0;2014;2115;0;0,1,2,3,4,5,6,7,8,9,10,11,12,13,14,15,16,17,18,20,21,22,23,25,26,31,33,34,35,36,37,38,39,40,42,43,44,45,46,47,48,49,54,55,56,57,63,64,65,102,112,113,114,115,116,118,119,120,121,123,127,128,129,141,142,162,163,164,165,166,182,183,184,185,186,187,205,206,207,208,
110;0;2115;2294;1;0,1,2,3,4,5,6,7,8,9,10,11,12,13,14,15,16,17,18,20,21,22,23,25,26,31,33,34,35,36,37,38,39,40,42,43,44,45,46,47,48,49,54,55,56,57,63,64,65,102,112,113,114,115,116,118,119,120,121,123,127,128,129,141,142,162,163,164,165,166,182,183,184,185,186,187,205,206,207,208,
65;0;2294;2468;0;0,1,2,3,4,5,6,7,8,9,10,11,12,13,14,15,16,17,18,20,21,22,23,25,26,31,33,34,35,36,37,38,39,40,42,43,44,45,46,47,48,49,54,55,56,57,63,64,65,102,112,113,114,115,116,118,119,120,121,123,127,128,129,141,142,162,163,164,165,166,182,183,184,185,186,187,205,206,207,208,
22;0;2468;2551;0;0,1,2,3,4,5,6,7,8,9,10,11,12,13,14,15,16,17,18,20,21,22,23,25,26,31,33,34,35,36,37,38,39,40,42,43,44,45,46,47,48,49,54,55,56,57,63,64,65,102,112,113,114,115,116,118,119,120,121,123,127,128,129,141,142,162,163,164,165,166,182,183,184,185,186,187,205,206,207,208,
22;1;2551;2678;0;0,1,2,3,4,5,6,7,8,9,10,11,12,13,14,15,16,17,18,20,21,22,23,25,26,31,33,34,35,36,37,38,39,40,42,43,44,45,46,47,48,49,54,55,56,57,63,64,65,102,112,113,114,115,116,118,119,120,121,123,127,128,129,141,142,162,163,164,165,166,182,183,184,185,186,187,205,206,207,208,
2;0;2678;2733;0;0,1,2,3,4,5,6,7,8,9,10,11,12,13,14,15,16,17,18,20,21,22,23,25,26,31,33,34,35,36,37,38,39,40,42,43,44,45,46,47,48,49,54,55,56,57,63,64,65,102,112,113,114,115,116,118,119,120,121,123,127,128,129,141,142,162,163,164,165,166,182,183,184,185,186,187,205,206,207,208,
2;1;2733;2780;0;0,1,2,3,4,5,6,7,8,9,10,11,12,13,14,15,16,17,18,20,21,22,23,25,26,31,33,34,35,36,37,38,39,40,42,43,44,45,46,47,48,49,54,55,56,57,63,64,65,102,112,113,114,115,116,118,119,120,121,123,127,128,129,141,142,162,163,164,165,166,182,183,184,185,186,187,205,206,207,208,
Machine: 5
25;0;0;26;0;0,1,2,3,4,5,6,7,8,9,10,11,12,13,14,15,16,17,18,19,20,21,22,23,24,25,26,27,28,29,30,31,32,33,34,35,36,37,38,39,40,41,47,63,64,68,74,102,107,108,109,110,111,118,119,120,121,122,123,124,125,126,130,142,143,145,152,153,154,155,156,157,158,159,160,161,167,168,169,170,
9;0;26;163;0;0,1,2,3,4,5,6,7,8,9,10,11,12,13,14,15,16,17,18,19,20,21,22,23,24,25,26,27,28,29,30,31,32,33,34,35,36,37,38,39,40,41,47,63,64,68,74,102,107,108,109,110,111,118,119,120,121,122,123,124,125,126,130,142,143,145,152,153,154,155,156,157,158,159,160,161,167,168,169,170,
9;1;163;223;0;0,1,2,3,4,5,6,7,8,9,10,11,12,13,14,15,16,17,18,19,20,21,22,23,24,25,26,27,28,29,30,31,32,33,34,35,36,37,38,39,40,41,47,63,64,68,74,102,107,108,109,110,111,118,119,120,121,122,123,124,125,126,130,142,143,145,152,153,154,155,156,157,158,159,160,161,167,168,169,170,
142;0;223;245;0;0,1,2,3,4,5,6,7,8,9,10,11,12,13,14,15,16,17,18,19,20,21,22,23,24,25,26,27,28,29,30,31,32,33,34,35,36,37,38,39,40,41,47,63,64,68,74,102,107,108,109,110,111,118,119,120,121,122,123,124,125,126,130,142,143,145,152,153,154,155,156,157,158,159,160,161,167,168,169,170,
142;1;245;254;0;0,1,2,3,4,5,6,7,8,9,10,11,12,13,14,15,16,17,18,19,20,21,22,23,24,25,26,27,28,29,30,31,32,33,34,35,36,37,38,39,40,41,47,63,64,68,74,102,107,108,109,110,111,118,119,120,121,122,123,124,125,126,130,142,143,145,152,153,154,155,156,157,158,159,160,161,167,168,169,170,
48;0;254;280;0;0,1,2,3,4,5,6,7,8,9,10,11,12,13,14,15,16,17,18,19,20,21,22,23,24,25,26,27,28,29,30,31,32,33,34,35,36,37,38,39,40,41,47,63,64,68,74,102,107,108,109,110,111,118,119,120,121,122,123,124,125,126,130,142,143,145,152,153,154,155,156,157,158,159,160,161,167,168,169,170,
28;0;280;455;0;0,1,2,3,4,5,6,7,8,9,10,11,12,13,14,15,16,17,18,19,20,21,22,23,24,25,26,27,28,29,30,31,32,33,34,35,36,37,38,39,40,41,47,63,64,68,74,102,107,108,109,110,111,118,119,120,121,122,123,124,125,126,130,142,143,145,152,153,154,155,156,157,158,159,160,161,167,168,169,170,
78;0;455;542;0;0,1,2,3,4,5,6,7,8,9,10,11,12,13,14,15,16,17,18,19,20,21,22,23,24,25,26,27,28,29,30,31,32,33,34,35,36,37,38,39,40,41,47,63,64,68,74,102,107,108,109,110,111,118,119,120,121,122,123,124,125,126,130,142,143,145,152,153,154,155,156,157,158,159,160,161,167,168,169,170,
103;0;542;647;1;0,1,2,3,4,5,6,7,8,9,10,11,12,13,14,15,16,17,18,19,20,21,22,23,24,25,26,27,28,29,30,31,32,33,34,35,36,37,38,39,40,41,47,63,64,68,74,102,107,108,109,110,111,118,119,120,121,122,123,124,125,126,130,142,143,145,152,153,154,155,156,157,158,159,160,161,167,168,169,170,
137;0;647;823;1;0,1,2,3,4,5,6,7,8,9,10,11,12,13,14,15,16,17,18,19,20,21,22,23,24,25,26,27,28,29,30,31,32,33,34,35,36,37,38,39,40,41,47,63,64,68,74,102,107,108,109,110,111,118,119,120,121,122,123,124,125,126,130,142,143,145,152,153,154,155,156,157,158,159,160,161,167,168,169,170,
137;1;823;952;1;0,1,2,3,4,5,6,7,8,9,10,11,12,13,14,15,16,17,18,19,20,21,22,23,24,25,26,27,28,29,30,31,32,33,34,35,36,37,38,39,40,41,47,63,64,68,74,102,107,108,109,110,111,118,119,120,121,122,123,124,125,126,130,142,143,145,152,153,154,155,156,157,158,159,160,161,167,168,169,170,
74;0;952;1067;1;0,1,2,3,4,5,6,7,8,9,10,11,12,13,14,15,16,17,18,19,20,21,22,23,24,25,26,27,28,29,30,31,32,33,34,35,36,37,38,39,40,41,47,63,64,68,74,102,107,108,109,110,111,118,119,120,121,122,123,124,125,126,130,142,143,145,152,153,154,155,156,157,158,159,160,161,167,168,169,170,
74;1;1067;1245;1;0,1,2,3,4,5,6,7,8,9,10,11,12,13,14,15,16,17,18,19,20,21,22,23,24,25,26,27,28,29,30,31,32,33,34,35,36,37,38,39,40,41,47,63,64,68,74,102,107,108,109,110,111,118,119,120,121,122,123,124,125,126,130,142,143,145,152,153,154,155,156,157,158,159,160,161,167,168,169,170,
82;0;1245;1388;0;0,1,2,3,4,5,6,7,8,9,10,11,12,13,14,15,16,17,18,19,20,21,22,23,24,25,26,27,28,29,30,31,32,33,34,35,36,37,38,39,40,41,47,63,64,68,74,102,107,108,109,110,111,118,119,120,121,122,123,124,125,126,130,142,143,145,152,153,154,155,156,157,158,159,160,161,167,168,169,170,
82;1;1388;1403;0;0,1,2,3,4,5,6,7,8,9,10,11,12,13,14,15,16,17,18,19,20,21,22,23,24,25,26,27,28,29,30,31,32,33,34,35,36,37,38,39,40,41,47,63,64,68,74,102,107,108,109,110,111,118,119,120,121,122,123,124,125,126,130,142,143,145,152,153,154,155,156,157,158,159,160,161,167,168,169,170,
105;0;1403;1550;0;0,1,2,3,4,5,6,7,8,9,10,11,12,13,14,15,16,17,18,19,20,21,22,23,24,25,26,27,28,29,30,31,32,33,34,35,36,37,38,39,40,41,47,63,64,68,74,102,107,108,109,110,111,118,119,120,121,122,123,124,125,126,130,142,143,145,152,153,154,155,156,157,158,159,160,161,167,168,169,170,
6;0;1550;1681;0;0,1,2,3,4,5,6,7,8,9,10,11,12,13,14,15,16,17,18,19,20,21,22,23,24,25,26,27,28,29,30,31,32,33,34,35,36,37,38,39,40,41,47,63,64,68,74,102,107,108,109,110,111,118,119,120,121,122,123,124,125,126,130,142,143,145,152,153,154,155,156,157,158,159,160,161,167,168,169,170,
54;0;1681;1713;1;0,1,2,3,4,5,6,7,8,9,10,11,12,13,14,15,16,17,18,19,20,21,22,23,24,25,26,27,28,29,30,31,32,33,34,35,36,37,38,39,40,41,47,63,64,68,74,102,107,108,109,110,111,118,119,120,121,122,123,124,125,126,130,142,143,145,152,153,154,155,156,157,158,159,160,161,167,168,169,170,
54;1;1713;1754;1;0,1,2,3,4,5,6,7,8,9,10,11,12,13,14,15,16,17,18,19,20,21,22,23,24,25,26,27,28,29,30,31,32,33,34,35,36,37,38,39,40,41,47,63,64,68,74,102,107,108,109,110,111,118,119,120,121,122,123,124,125,126,130,142,143,145,152,153,154,155,156,157,158,159,160,161,167,168,169,170,
96;0;1754;1830;0;0,1,2,3,4,5,6,7,8,9,10,11,12,13,14,15,16,17,18,19,20,21,22,23,24,25,26,27,28,29,30,31,32,33,34,35,36,37,38,39,40,41,47,63,64,68,74,102,107,108,109,110,111,118,119,120,121,122,123,124,125,126,130,142,143,145,152,153,154,155,156,157,158,159,160,161,167,168,169,170,
45;0;1830;1899;0;0,1,2,3,4,5,6,7,8,9,10,11,12,13,14,15,16,17,18,19,20,21,22,23,24,25,26,27,28,29,30,31,32,33,34,35,36,37,38,39,40,41,47,63,64,68,74,102,107,108,109,110,111,118,119,120,121,122,123,124,125,126,130,142,143,145,152,153,154,155,156,157,158,159,160,161,167,168,169,170,
118;0;1899;1995;0;0,1,2,3,4,5,6,7,8,9,10,11,12,13,14,15,16,17,18,19,20,21,22,23,24,25,26,27,28,29,30,31,32,33,34,35,36,37,38,39,40,41,47,63,64,68,74,102,107,108,109,110,111,118,119,120,121,122,123,124,125,126,130,142,143,145,152,153,154,155,156,157,158,159,160,161,167,168,169,170,
39;0;1995;2042;0;0,1,2,3,4,5,6,7,8,9,10,11,12,13,14,15,16,17,18,19,20,21,22,23,24,25,26,27,28,29,30,31,32,33,34,35,36,37,38,39,40,41,47,63,64,68,74,102,107,108,109,110,111,118,119,120,121,122,123,124,125,126,130,142,143,145,152,153,154,155,156,157,158,159,160,161,167,168,169,170,
39;1;2042;2162;0;0,1,2,3,4,5,6,7,8,9,10,11,12,13,14,15,16,17,18,19,20,21,22,23,24,25,26,27,28,29,30,31,32,33,34,35,36,37,38,39,40,41,47,63,64,68,74,102,107,108,109,110,111,118,119,120,121,122,123,124,125,126,130,142,143,145,152,153,154,155,156,157,158,159,160,161,167,168,169,170,
85;0;2162;2293;0;0,1,2,3,4,5,6,7,8,9,10,11,12,13,14,15,16,17,18,19,20,21,22,23,24,25,26,27,28,29,30,31,32,33,34,35,36,37,38,39,40,41,47,63,64,68,74,102,107,108,109,110,111,118,119,120,121,122,123,124,125,126,130,142,143,145,152,153,154,155,156,157,158,159,160,161,167,168,169,170,
37;0;2293;2443;1;0,1,2,3,4,5,6,7,8,9,10,11,12,13,14,15,16,17,18,19,20,21,22,23,24,25,26,27,28,29,30,31,32,33,34,35,36,37,38,39,40,41,47,63,64,68,74,102,107,108,109,110,111,118,119,120,121,122,123,124,125,126,130,142,143,145,152,153,154,155,156,157,158,159,160,161,167,168,169,170,
37;1;2443;2494;1;0,1,2,3,4,5,6,7,8,9,10,11,12,13,14,15,16,17,18,19,20,21,22,23,24,25,26,27,28,29,30,31,32,33,34,35,36,37,38,39,40,41,47,63,64,68,74,102,107,108,109,110,111,118,119,120,121,122,123,124,125,126,130,142,143,145,152,153,154,155,156,157,158,159,160,161,167,168,169,170,
52;0;2494;2575;0;0,1,2,3,4,5,6,7,8,9,10,11,12,13,14,15,16,17,18,19,20,21,22,23,24,25,26,27,28,29,30,31,32,33,34,35,36,37,38,39,40,41,47,63,64,68,74,102,107,108,109,110,111,118,119,120,121,122,123,124,125,126,130,142,143,145,152,153,154,155,156,157,158,159,160,161,167,168,169,170,
52;1;2575;2611;0;0,1,2,3,4,5,6,7,8,9,10,11,12,13,14,15,16,17,18,19,20,21,22,23,24,25,26,27,28,29,30,31,32,33,34,35,36,37,38,39,40,41,47,63,64,68,74,102,107,108,109,110,111,118,119,120,121,122,123,124,125,126,130,142,143,145,152,153,154,155,156,157,158,159,160,161,167,168,169,170,
4;0;2611;2786;1;0,1,2,3,4,5,6,7,8,9,10,11,12,13,14,15,16,17,18,19,20,21,22,23,24,25,26,27,28,29,30,31,32,33,34,35,36,37,38,39,40,41,47,63,64,68,74,102,107,108,109,110,111,118,119,120,121,122,123,124,125,126,130,142,143,145,152,153,154,155,156,157,158,159,160,161,167,168,169,170,
4;1;2786;2883;1;0,1,2,3,4,5,6,7,8,9,10,11,12,13,14,15,16,17,18,19,20,21,22,23,24,25,26,27,28,29,30,31,32,33,34,35,36,37,38,39,40,41,47,63,64,68,74,102,107,108,109,110,111,118,119,120,121,122,123,124,125,126,130,142,143,145,152,153,154,155,156,157,158,159,160,161,167,168,169,170,
56;0;2883;2900;0;0,1,2,3,4,5,6,7,8,9,10,11,12,13,14,15,16,17,18,19,20,21,22,23,24,25,26,27,28,29,30,31,32,33,34,35,36,37,38,39,40,41,47,63,64,68,74,102,107,108,109,110,111,118,119,120,121,122,123,124,125,126,130,142,143,145,152,153,154,155,156,157,158,159,160,161,167,168,169,170,
34;0;2900;3075;1;0,1,2,3,4,5,6,7,8,9,10,11,12,13,14,15,16,17,18,19,20,21,22,23,24,25,26,27,28,29,30,31,32,33,34,35,36,37,38,39,40,41,47,63,64,68,74,102,107,108,109,110,111,118,119,120,121,122,123,124,125,126,130,142,143,145,152,153,154,155,156,157,158,159,160,161,167,168,169,170,
34;1;3075;3219;1;0,1,2,3,4,5,6,7,8,9,10,11,12,13,14,15,16,17,18,19,20,21,22,23,24,25,26,27,28,29,30,31,32,33,34,35,36,37,38,39,40,41,47,63,64,68,74,102,107,108,109,110,111,118,119,120,121,122,123,124,125,126,130,142,143,145,152,153,154,155,156,157,158,159,160,161,167,168,169,170,
62;0;3219;3225;0;0,1,2,3,4,5,6,7,8,9,10,11,12,13,14,15,16,17,18,19,20,21,22,23,24,25,26,27,28,29,30,31,32,33,34,35,36,37,38,39,40,41,47,63,64,68,74,102,107,108,109,110,111,118,119,120,121,122,123,124,125,126,130,142,143,145,152,153,154,155,156,157,158,159,160,161,167,168,169,170,
62;1;3225;3315;0;0,1,2,3,4,5,6,7,8,9,10,11,12,13,14,15,16,17,18,19,20,21,22,23,24,25,26,27,28,29,30,31,32,33,34,35,36,37,38,39,40,41,47,63,64,68,74,102,107,108,109,110,111,118,119,120,121,122,123,124,125,126,130,142,143,145,152,153,154,155,156,157,158,159,160,161,167,168,169,170,
END
fineshedJobsCount: 209
switchs: 0
switchsInstances: 0
unfineshedPriorityCount: 0
totalUnfineshed: 0
criticalMachineSwitchs: 0
criticalMachineTime: 3740
Final Solution: 6270
Time: 253682
PTL: 0
MCMC: 58
Best Initial: 6236
Mean Initial: 6212.73
