./input/BaseInstances/2M1_n=376,r=0.5,t=650,v0.txt;./input/Processed/ToolSetInt.csv
7;720;1440
Machine: 0
197;0;0;151;1;52,53,54,98,99,100,101,102,103,104,105,106,107,108,109,110,111,112,113,114,115,116,117,118,119,120,121,122,123,124,125,126,127,128,129,130,190,250,264,269,271,274,282,287,288,292,299,345,346,347,348,349,350,351,352,353,354,355,356,357,358,359,360,361,362,363,364,365,366,367,368,382,390,448,449,450,451,452,453,558,
197;1;151;268;1;52,53,54,98,99,100,101,102,103,104,105,106,107,108,109,110,111,112,113,114,115,116,117,118,119,120,121,122,123,124,125,126,127,128,129,130,190,250,264,269,271,274,282,287,288,292,299,345,346,347,348,349,350,351,352,353,354,355,356,357,358,359,360,361,362,363,364,365,366,367,368,382,390,448,449,450,451,452,453,558,
33;0;268;317;1;52,53,54,98,99,100,101,102,103,104,105,106,107,108,109,110,111,112,113,114,115,116,117,118,119,120,121,122,123,124,125,126,127,128,129,130,190,250,264,269,271,274,282,287,288,292,299,345,346,347,348,349,350,351,352,353,354,355,356,357,358,359,360,361,362,363,364,365,366,367,368,382,390,448,449,450,451,452,453,558,
33;1;317;333;1;52,53,54,98,99,100,101,102,103,104,105,106,107,108,109,110,111,112,113,114,115,116,117,118,119,120,121,122,123,124,125,126,127,128,129,130,190,250,264,269,271,274,282,287,288,292,299,345,346,347,348,349,350,351,352,353,354,355,356,357,358,359,360,361,362,363,364,365,366,367,368,382,390,448,449,450,451,452,453,558,
80;0;333;349;1;52,53,54,98,99,100,101,102,103,104,105,106,107,108,109,110,111,112,113,114,115,116,117,118,119,120,121,122,123,124,125,126,127,128,129,130,190,250,264,269,271,274,282,287,288,292,299,345,346,347,348,349,350,351,352,353,354,355,356,357,358,359,360,361,362,363,364,365,366,367,368,382,390,448,449,450,451,452,453,558,
131;0;349;388;0;52,53,54,98,99,100,101,102,103,104,105,106,107,108,109,110,111,112,113,114,115,116,117,118,119,120,121,122,123,124,125,126,127,128,129,130,190,250,264,269,271,274,282,287,288,292,299,345,346,347,348,349,350,351,352,353,354,355,356,357,358,359,360,361,362,363,364,365,366,367,368,382,390,448,449,450,451,452,453,558,
131;1;388;518;0;52,53,54,98,99,100,101,102,103,104,105,106,107,108,109,110,111,112,113,114,115,116,117,118,119,120,121,122,123,124,125,126,127,128,129,130,190,250,264,269,271,274,282,287,288,292,299,345,346,347,348,349,350,351,352,353,354,355,356,357,358,359,360,361,362,363,364,365,366,367,368,382,390,448,449,450,451,452,453,558,
37;0;518;550;1;52,53,54,98,99,100,101,102,103,104,105,106,107,108,109,110,111,112,113,114,115,116,117,118,119,120,121,122,123,124,125,126,127,128,129,130,190,250,264,269,271,274,282,287,288,292,299,345,346,347,348,349,350,351,352,353,354,355,356,357,358,359,360,361,362,363,364,365,366,367,368,382,390,448,449,450,451,452,453,558,
37;1;550;566;1;52,53,54,98,99,100,101,102,103,104,105,106,107,108,109,110,111,112,113,114,115,116,117,118,119,120,121,122,123,124,125,126,127,128,129,130,190,250,264,269,271,274,282,287,288,292,299,345,346,347,348,349,350,351,352,353,354,355,356,357,358,359,360,361,362,363,364,365,366,367,368,382,390,448,449,450,451,452,453,558,
224;0;566;582;1;52,53,54,98,99,100,101,102,103,104,105,106,107,108,109,110,111,112,113,114,115,116,117,118,119,120,121,122,123,124,125,126,127,128,129,130,190,250,264,269,271,274,282,287,288,292,299,345,346,347,348,349,350,351,352,353,354,355,356,357,358,359,360,361,362,363,364,365,366,367,368,382,390,448,449,450,451,452,453,558,
65;0;582;671;1;52,53,54,98,99,100,101,102,103,104,105,106,107,108,109,110,111,112,113,114,115,116,117,118,119,120,121,122,123,124,125,126,127,128,129,130,190,250,264,269,271,274,282,287,288,292,299,345,346,347,348,349,350,351,352,353,354,355,356,357,358,359,360,361,362,363,364,365,366,367,368,382,390,448,449,450,451,452,453,558,
65;1;671;788;1;52,53,54,98,99,100,101,102,103,104,105,106,107,108,109,110,111,112,113,114,115,116,117,118,119,120,121,122,123,124,125,126,127,128,129,130,190,250,264,269,271,274,282,287,288,292,299,345,346,347,348,349,350,351,352,353,354,355,356,357,358,359,360,361,362,363,364,365,366,367,368,382,390,448,449,450,451,452,453,558,
225;0;788;945;1;52,53,54,98,99,100,101,102,103,104,105,106,107,108,109,110,111,112,113,114,115,116,117,118,119,120,121,122,123,124,125,126,127,128,129,130,190,250,264,269,271,274,282,287,288,292,299,345,346,347,348,349,350,351,352,353,354,355,356,357,358,359,360,361,362,363,364,365,366,367,368,382,390,448,449,450,451,452,453,558,
225;1;945;1051;1;52,53,54,98,99,100,101,102,103,104,105,106,107,108,109,110,111,112,113,114,115,116,117,118,119,120,121,122,123,124,125,126,127,128,129,130,190,250,264,269,271,274,282,287,288,292,299,345,346,347,348,349,350,351,352,353,354,355,356,357,358,359,360,361,362,363,364,365,366,367,368,382,390,448,449,450,451,452,453,558,
109;0;1051;1219;1;52,53,54,98,99,100,101,102,103,104,105,106,107,108,109,110,111,112,113,114,115,116,117,118,119,120,121,122,123,124,125,126,127,128,129,130,190,250,264,269,271,274,282,287,288,292,299,345,346,347,348,349,350,351,352,353,354,355,356,357,358,359,360,361,362,363,364,365,366,367,368,382,390,448,449,450,451,452,453,558,
109;1;1219;1382;1;52,53,54,98,99,100,101,102,103,104,105,106,107,108,109,110,111,112,113,114,115,116,117,118,119,120,121,122,123,124,125,126,127,128,129,130,190,250,264,269,271,274,282,287,288,292,299,345,346,347,348,349,350,351,352,353,354,355,356,357,358,359,360,361,362,363,364,365,366,367,368,382,390,448,449,450,451,452,453,558,
11;0;1382;1426;0;52,53,54,98,99,100,101,102,103,104,105,106,107,108,109,110,111,112,113,114,115,116,117,118,119,120,121,122,123,124,125,126,127,128,129,130,190,250,264,269,271,274,282,287,288,292,299,345,346,347,348,349,350,351,352,353,354,355,356,357,358,359,360,361,362,363,364,365,366,367,368,382,390,448,449,450,451,452,453,558,
11;1;1426;1532;0;52,53,54,98,99,100,101,102,103,104,105,106,107,108,109,110,111,112,113,114,115,116,117,118,119,120,121,122,123,124,125,126,127,128,129,130,190,250,264,269,271,274,282,287,288,292,299,345,346,347,348,349,350,351,352,353,354,355,356,357,358,359,360,361,362,363,364,365,366,367,368,382,390,448,449,450,451,452,453,558,
121;0;1532;1571;1;52,53,54,98,99,100,101,102,103,104,105,106,107,108,109,110,111,112,113,114,115,116,117,118,119,120,121,122,123,124,125,126,127,128,129,130,190,250,264,269,271,274,282,287,288,292,299,363,364,365,366,367,368,382,390,558,579,580,581,582,583,584,585,586,587,588,589,590,591,592,593,594,595,596,597,598,599,600,601,602,
121;1;1571;1749;1;52,53,54,98,99,100,101,102,103,104,105,106,107,108,109,110,111,112,113,114,115,116,117,118,119,120,121,122,123,124,125,126,127,128,129,130,190,250,264,269,271,274,282,287,288,292,299,363,364,365,366,367,368,382,390,558,579,580,581,582,583,584,585,586,587,588,589,590,591,592,593,594,595,596,597,598,599,600,601,602,
213;0;1749;1829;1;52,53,54,98,99,100,101,102,103,104,105,106,107,108,109,110,111,112,113,114,115,116,117,118,119,120,121,122,123,124,125,126,127,128,129,130,190,250,264,269,271,274,282,287,288,292,299,363,364,365,366,367,368,382,390,558,579,580,581,582,583,584,585,586,587,588,589,590,591,592,593,594,595,596,597,598,599,600,601,602,
213;1;1829;1935;1;52,53,54,98,99,100,101,102,103,104,105,106,107,108,109,110,111,112,113,114,115,116,117,118,119,120,121,122,123,124,125,126,127,128,129,130,190,250,264,269,271,274,282,287,288,292,299,363,364,365,366,367,368,382,390,558,579,580,581,582,583,584,585,586,587,588,589,590,591,592,593,594,595,596,597,598,599,600,601,602,
236;0;1935;2113;1;52,53,54,98,99,100,101,102,103,104,105,106,107,108,109,110,111,112,113,114,115,116,117,118,119,120,121,122,123,124,125,126,127,128,129,130,190,250,264,269,271,274,282,287,288,292,299,363,364,365,366,367,368,382,390,558,579,580,581,582,583,584,585,586,587,588,589,590,591,592,593,594,595,596,597,598,599,600,601,602,
181;0;2113;2219;1;52,53,54,98,99,100,101,102,103,104,105,106,107,108,109,110,111,112,113,114,115,116,117,118,119,120,121,122,123,124,125,126,127,128,129,130,180,189,190,250,264,265,268,269,271,272,274,275,276,282,287,288,292,294,299,363,364,365,366,367,368,371,385,386,387,388,389,390,391,392,393,394,395,396,397,398,399,400,401,402,
181;1;2219;2332;1;52,53,54,98,99,100,101,102,103,104,105,106,107,108,109,110,111,112,113,114,115,116,117,118,119,120,121,122,123,124,125,126,127,128,129,130,180,189,190,250,264,265,268,269,271,272,274,275,276,282,287,288,292,294,299,363,364,365,366,367,368,371,385,386,387,388,389,390,391,392,393,394,395,396,397,398,399,400,401,402,
60;0;2332;2438;1;52,53,54,98,99,100,101,102,103,104,105,106,107,108,109,110,111,112,113,114,115,116,117,118,119,120,121,122,123,124,125,126,127,128,129,130,180,189,190,250,264,265,268,269,271,272,274,275,276,282,287,288,292,294,299,363,364,365,366,367,368,371,385,386,387,388,389,390,391,392,393,394,395,396,397,398,399,400,401,402,
88;0;2438;2551;1;52,53,54,98,99,100,101,102,103,104,105,106,107,108,109,110,111,112,113,114,115,116,117,118,119,120,121,122,123,124,125,126,127,128,129,130,180,189,190,250,264,265,268,269,271,272,274,275,276,282,287,288,292,294,299,363,364,365,366,367,368,371,385,386,387,388,389,390,391,392,393,394,395,396,397,398,399,400,401,402,
8;0;2551;2657;1;52,53,54,98,99,100,101,102,103,104,105,106,107,108,109,110,111,112,113,114,115,116,117,118,119,120,121,122,123,124,125,126,127,128,129,130,180,189,190,250,264,265,268,269,271,272,274,275,276,282,287,288,292,294,299,363,364,365,366,367,368,371,385,386,387,388,389,390,391,392,393,394,395,396,397,398,399,400,401,402,
200;0;2657;2815;1;52,53,54,98,99,100,101,102,103,104,105,106,107,108,109,110,111,112,113,114,115,116,117,118,119,120,121,122,123,124,125,126,127,128,129,130,180,189,190,250,264,265,268,269,271,272,274,275,276,282,287,288,292,294,299,363,364,365,366,367,368,371,385,386,387,388,389,390,391,392,393,394,395,396,397,398,399,400,401,402,
138;0;2815;2819;0;52,53,54,98,99,100,101,102,103,104,105,106,107,108,109,110,111,112,113,114,115,116,117,118,119,120,121,122,123,124,125,126,127,128,129,130,180,189,190,250,264,265,268,269,271,272,274,275,276,282,287,288,292,294,299,363,364,365,366,367,368,371,385,386,387,388,389,390,391,392,393,394,395,396,397,398,399,400,401,402,
25;0;2819;2929;1;52,53,54,98,99,100,101,102,103,104,105,106,107,108,109,110,111,112,113,114,115,116,117,118,119,120,121,122,123,124,125,126,127,128,129,130,180,189,190,250,264,265,268,269,271,272,274,275,276,282,287,288,292,294,299,363,364,365,366,367,368,371,385,386,387,388,389,390,391,392,393,394,395,396,397,398,399,400,401,402,
25;1;2929;3059;1;52,53,54,98,99,100,101,102,103,104,105,106,107,108,109,110,111,112,113,114,115,116,117,118,119,120,121,122,123,124,125,126,127,128,129,130,180,189,190,250,264,265,268,269,271,272,274,275,276,282,287,288,292,294,299,363,364,365,366,367,368,371,385,386,387,388,389,390,391,392,393,394,395,396,397,398,399,400,401,402,
52;0;3059;3217;1;52,53,54,98,99,100,101,102,103,104,105,106,107,108,109,110,111,112,113,114,115,116,117,118,119,120,121,122,123,124,125,126,127,128,129,130,180,189,190,250,264,265,268,269,271,272,274,275,276,282,287,288,292,294,299,363,364,365,366,367,368,371,385,386,387,388,389,390,391,392,393,394,395,396,397,398,399,400,401,402,
45;0;3217;3295;1;52,53,54,98,99,100,101,102,103,104,105,106,107,108,109,110,111,112,113,114,115,116,117,118,119,120,121,122,123,124,125,126,127,128,129,130,180,189,190,250,264,265,268,269,271,272,274,275,276,282,287,288,292,294,299,363,364,365,366,367,368,371,385,386,387,388,389,390,391,392,393,394,395,396,397,398,399,400,401,402,
45;1;3295;3408;1;52,53,54,98,99,100,101,102,103,104,105,106,107,108,109,110,111,112,113,114,115,116,117,118,119,120,121,122,123,124,125,126,127,128,129,130,180,189,190,250,264,265,268,269,271,272,274,275,276,282,287,288,292,294,299,363,364,365,366,367,368,371,385,386,387,388,389,390,391,392,393,394,395,396,397,398,399,400,401,402,
40;0;3408;3521;1;52,53,54,98,99,100,101,102,103,104,105,106,107,108,109,110,111,112,113,114,115,116,117,118,119,120,121,122,123,124,125,126,127,128,129,130,180,189,190,250,264,265,268,269,271,272,274,275,276,282,287,288,292,294,299,363,364,365,366,367,368,371,385,386,387,388,389,390,391,392,393,394,395,396,397,398,399,400,401,402,
145;0;3521;3661;1;52,53,98,99,100,101,102,103,104,105,106,107,108,109,110,111,112,123,126,128,180,189,190,205,212,250,268,269,271,272,274,275,276,282,288,294,296,306,307,308,309,310,311,312,313,314,315,316,317,318,319,320,321,322,323,324,325,326,327,328,329,330,331,363,371,385,386,387,388,389,400,401,402,441,442,443,444,445,446,447,
145;1;3661;3762;1;52,53,98,99,100,101,102,103,104,105,106,107,108,109,110,111,112,123,126,128,180,189,190,205,212,250,268,269,271,272,274,275,276,282,288,294,296,306,307,308,309,310,311,312,313,314,315,316,317,318,319,320,321,322,323,324,325,326,327,328,329,330,331,363,371,385,386,387,388,389,400,401,402,441,442,443,444,445,446,447,
111;0;3762;3808;0;52,53,98,99,100,101,102,103,104,105,106,107,108,109,110,111,112,123,126,128,180,189,190,205,212,250,268,269,271,272,274,275,276,282,288,294,296,306,307,308,309,310,311,312,313,314,315,316,317,318,319,320,321,322,323,324,325,326,327,328,329,330,331,363,371,385,386,387,388,389,400,401,402,441,442,443,444,445,446,447,
111;1;3808;3942;0;52,53,98,99,100,101,102,103,104,105,106,107,108,109,110,111,112,123,126,128,180,189,190,205,212,250,268,269,271,272,274,275,276,282,288,294,296,306,307,308,309,310,311,312,313,314,315,316,317,318,319,320,321,322,323,324,325,326,327,328,329,330,331,363,371,385,386,387,388,389,400,401,402,441,442,443,444,445,446,447,
234;0;3942;4043;0;52,53,98,99,100,101,102,103,104,105,106,107,108,109,110,111,112,123,126,128,180,189,190,205,212,250,268,269,271,272,274,275,276,282,288,294,296,306,307,308,309,310,311,312,313,314,315,316,317,318,319,320,321,322,323,324,325,326,327,328,329,330,331,363,371,385,386,387,388,389,400,401,402,441,442,443,444,445,446,447,
125;0;4043;4167;1;52,53,98,99,100,101,102,103,104,105,106,107,108,109,110,111,112,123,126,128,180,189,190,205,212,250,268,269,271,272,274,275,276,282,288,294,296,306,307,308,309,310,311,312,313,314,315,316,317,318,319,320,321,322,323,324,325,326,327,328,329,330,331,363,371,385,386,387,388,389,400,401,402,441,442,443,444,445,446,447,
125;1;4167;4341;1;52,53,98,99,100,101,102,103,104,105,106,107,108,109,110,111,112,123,126,128,180,189,190,205,212,250,268,269,271,272,274,275,276,282,288,294,296,306,307,308,309,310,311,312,313,314,315,316,317,318,319,320,321,322,323,324,325,326,327,328,329,330,331,363,371,385,386,387,388,389,400,401,402,441,442,443,444,445,446,447,
177;0;4341;4375;1;52,53,98,99,100,101,102,103,104,105,106,107,108,109,110,111,112,123,126,128,180,189,190,205,212,250,268,269,271,272,274,275,276,282,288,294,296,306,307,308,309,310,311,312,313,314,315,316,317,318,319,320,321,322,323,324,325,326,327,328,329,330,331,363,371,385,386,387,388,389,400,401,402,441,442,443,444,445,446,447,
177;1;4375;4509;1;52,53,98,99,100,101,102,103,104,105,106,107,108,109,110,111,112,123,126,128,180,189,190,205,212,250,268,269,271,272,274,275,276,282,288,294,296,306,307,308,309,310,311,312,313,314,315,316,317,318,319,320,321,322,323,324,325,326,327,328,329,330,331,363,371,385,386,387,388,389,400,401,402,441,442,443,444,445,446,447,
36;0;4509;4669;1;52,53,98,99,100,101,102,103,104,105,106,107,108,109,110,111,112,123,126,128,180,189,190,205,212,250,268,269,271,272,274,275,276,282,288,294,296,306,307,308,309,310,311,312,313,314,315,316,317,318,319,320,321,322,323,324,325,326,327,328,329,330,331,363,371,385,386,387,388,389,400,401,402,441,442,443,444,445,446,447,
69;0;4669;4722;1;52,53,98,99,100,101,102,103,104,105,106,107,108,109,110,111,112,123,126,128,180,189,190,205,212,250,268,269,271,272,274,275,276,282,288,294,296,306,307,308,309,310,311,312,313,314,315,316,317,318,319,320,321,322,323,324,325,326,327,328,329,330,331,363,371,385,386,387,388,389,400,401,402,441,442,443,444,445,446,447,
69;1;4722;4880;1;52,53,98,99,100,101,102,103,104,105,106,107,108,109,110,111,112,123,126,128,180,189,190,205,212,250,268,269,271,272,274,275,276,282,288,294,296,306,307,308,309,310,311,312,313,314,315,316,317,318,319,320,321,322,323,324,325,326,327,328,329,330,331,363,371,385,386,387,388,389,400,401,402,441,442,443,444,445,446,447,
198;0;4880;4884;0;52,53,98,99,100,101,102,103,104,105,106,107,108,109,110,111,112,123,126,128,180,189,190,205,212,250,268,269,271,272,274,275,276,282,288,294,296,306,307,308,309,310,311,312,313,314,315,316,317,318,319,320,321,322,323,324,325,326,327,328,329,330,331,363,371,385,386,387,388,389,400,401,402,441,442,443,444,445,446,447,
29;0;4884;4904;1;52,53,98,99,100,101,102,103,104,105,106,107,108,109,110,111,112,123,126,128,180,189,190,205,212,250,268,269,271,272,274,275,276,282,288,294,296,306,307,308,309,310,311,312,313,314,315,316,317,318,319,320,321,322,323,324,325,326,327,328,329,330,331,363,371,385,386,387,388,389,400,401,402,441,442,443,444,445,446,447,
29;1;4904;5069;1;52,53,98,99,100,101,102,103,104,105,106,107,108,109,110,111,112,123,126,128,180,189,190,205,212,250,268,269,271,272,274,275,276,282,288,294,296,306,307,308,309,310,311,312,313,314,315,316,317,318,319,320,321,322,323,324,325,326,327,328,329,330,331,363,371,385,386,387,388,389,400,401,402,441,442,443,444,445,446,447,
56;0;5069;5203;1;52,53,98,99,100,101,102,103,104,105,106,107,108,109,110,111,112,123,126,128,180,189,190,205,212,250,268,269,271,272,274,275,276,282,288,294,296,306,307,308,309,310,311,312,313,314,315,316,317,318,319,320,321,322,323,324,325,326,327,328,329,330,331,363,371,385,386,387,388,389,400,401,402,441,442,443,444,445,446,447,
57;0;5203;5377;1;52,53,98,99,100,101,102,103,104,105,106,107,108,109,110,111,112,123,126,128,180,189,190,205,212,250,268,269,271,272,274,275,276,282,288,294,296,306,307,308,309,310,311,312,313,314,315,316,317,318,319,320,321,322,323,324,325,326,327,328,329,330,331,363,371,385,386,387,388,389,400,401,402,441,442,443,444,445,446,447,
57;1;5377;5478;1;52,53,98,99,100,101,102,103,104,105,106,107,108,109,110,111,112,123,126,128,180,189,190,205,212,250,268,269,271,272,274,275,276,282,288,294,296,306,307,308,309,310,311,312,313,314,315,316,317,318,319,320,321,322,323,324,325,326,327,328,329,330,331,363,371,385,386,387,388,389,400,401,402,441,442,443,444,445,446,447,
137;0;5478;5642;1;52,53,98,99,100,101,102,103,104,105,106,107,108,109,110,111,112,123,126,128,180,189,190,205,212,250,268,269,271,272,274,275,276,282,288,294,296,306,307,308,309,310,311,312,313,314,315,316,317,318,319,320,321,322,323,324,325,326,327,328,329,330,331,363,371,385,386,387,388,389,400,401,402,441,442,443,444,445,446,447,
137;1;5642;5807;1;52,53,98,99,100,101,102,103,104,105,106,107,108,109,110,111,112,123,126,128,180,189,190,205,212,250,268,269,271,272,274,275,276,282,288,294,296,306,307,308,309,310,311,312,313,314,315,316,317,318,319,320,321,322,323,324,325,326,327,328,329,330,331,363,371,385,386,387,388,389,400,401,402,441,442,443,444,445,446,447,
68;0;5807;5967;1;52,53,98,99,100,101,102,103,104,105,106,107,108,109,110,111,112,123,126,128,180,189,190,205,212,250,268,269,271,272,274,275,276,282,288,294,296,306,307,308,309,310,311,312,313,314,315,316,317,318,319,320,321,322,323,324,325,326,327,328,329,330,331,363,371,385,386,387,388,389,400,401,402,441,442,443,444,445,446,447,
49;0;5967;6127;1;52,53,98,99,100,101,102,103,104,105,106,107,108,109,110,111,112,123,126,128,180,189,190,205,212,250,268,269,271,272,274,275,276,282,288,294,296,306,307,308,309,310,311,312,313,314,315,316,317,318,319,320,321,322,323,324,325,326,327,328,329,330,331,363,371,385,386,387,388,389,400,401,402,441,442,443,444,445,446,447,
49;1;6127;6131;1;52,53,98,99,100,101,102,103,104,105,106,107,108,109,110,111,112,123,126,128,180,189,190,205,212,250,268,269,271,272,274,275,276,282,288,294,296,306,307,308,309,310,311,312,313,314,315,316,317,318,319,320,321,322,323,324,325,326,327,328,329,330,331,363,371,385,386,387,388,389,400,401,402,441,442,443,444,445,446,447,
120;0;6131;6135;1;52,53,98,99,100,101,102,103,104,105,106,107,108,109,110,111,112,123,126,128,180,189,190,205,212,250,268,269,271,272,274,275,276,282,288,294,296,306,307,308,309,310,311,312,313,314,315,316,317,318,319,320,321,322,323,324,325,326,327,328,329,330,331,363,371,385,386,387,388,389,400,401,402,441,442,443,444,445,446,447,
53;0;6135;6167;1;52,53,98,99,100,101,102,103,104,105,106,107,108,109,110,111,112,123,126,128,180,189,190,205,212,250,268,269,271,272,274,275,276,282,288,294,296,306,307,308,309,310,311,312,313,314,315,316,317,318,319,320,321,322,323,324,325,326,327,328,329,330,331,363,371,385,386,387,388,389,400,401,402,441,442,443,444,445,446,447,
53;1;6167;6327;1;52,53,98,99,100,101,102,103,104,105,106,107,108,109,110,111,112,123,126,128,180,189,190,205,212,250,268,269,271,272,274,275,276,282,288,294,296,306,307,308,309,310,311,312,313,314,315,316,317,318,319,320,321,322,323,324,325,326,327,328,329,330,331,363,371,385,386,387,388,389,400,401,402,441,442,443,444,445,446,447,
209;0;6327;6490;1;50,51,52,53,57,58,60,98,99,100,101,102,103,104,105,106,107,108,109,110,111,112,123,128,131,132,172,180,189,190,205,212,245,246,247,248,249,250,251,252,253,254,255,282,288,323,363,371,400,401,402,403,404,441,442,443,444,445,446,447,480,481,482,483,484,485,486,487,545,546,547,548,549,550,551,552,553,554,555,556,
209;1;6490;6579;1;50,51,52,53,57,58,60,98,99,100,101,102,103,104,105,106,107,108,109,110,111,112,123,128,131,132,172,180,189,190,205,212,245,246,247,248,249,250,251,252,253,254,255,282,288,323,363,371,400,401,402,403,404,441,442,443,444,445,446,447,480,481,482,483,484,485,486,487,545,546,547,548,549,550,551,552,553,554,555,556,
96;0;6579;6668;1;50,51,52,53,57,58,60,98,99,100,101,102,103,104,105,106,107,108,109,110,111,112,123,128,131,132,172,180,189,190,205,212,245,246,247,248,249,250,251,252,253,254,255,282,288,323,363,371,400,401,402,403,404,441,442,443,444,445,446,447,480,481,482,483,484,485,486,487,545,546,547,548,549,550,551,552,553,554,555,556,
248;0;6668;6693;1;50,51,52,53,57,58,60,98,99,100,101,102,103,104,105,106,107,108,109,110,111,112,123,128,131,132,172,180,189,190,205,212,245,246,247,248,249,250,251,252,253,254,255,282,288,323,363,371,400,401,402,403,404,441,442,443,444,445,446,447,480,481,482,483,484,485,486,487,545,546,547,548,549,550,551,552,553,554,555,556,
84;0;6693;6704;1;50,51,52,53,57,58,60,98,99,100,101,102,103,104,105,106,107,108,109,110,111,112,123,128,131,132,172,180,189,190,205,212,245,246,247,248,249,250,251,252,253,254,255,282,288,323,363,371,400,401,402,403,404,441,442,443,444,445,446,447,480,481,482,483,484,485,486,487,545,546,547,548,549,550,551,552,553,554,555,556,
90;0;6704;6732;0;50,51,52,53,57,58,60,98,99,100,101,102,103,104,105,106,107,108,109,110,111,112,123,128,131,132,172,180,189,190,205,212,245,246,247,248,249,250,251,252,253,254,255,282,288,323,363,371,400,401,402,403,404,441,442,443,444,445,446,447,480,481,482,483,484,485,486,487,545,546,547,548,549,550,551,552,553,554,555,556,
204;0;6732;6821;1;50,51,52,53,57,58,60,98,99,100,101,102,103,104,105,106,107,108,109,110,111,112,123,128,131,132,172,180,189,190,205,212,245,246,247,248,249,250,251,252,253,254,255,282,288,323,363,371,400,401,402,403,404,441,442,443,444,445,446,447,480,481,482,483,484,485,486,487,545,546,547,548,549,550,551,552,553,554,555,556,
169;0;6821;6885;1;50,51,52,53,57,58,60,98,99,100,101,102,103,104,105,106,107,108,109,110,111,112,123,128,131,132,172,180,189,190,205,212,245,246,247,248,249,250,251,252,253,254,255,282,288,323,363,371,400,401,402,403,404,441,442,443,444,445,446,447,480,481,482,483,484,485,486,487,545,546,547,548,549,550,551,552,553,554,555,556,
169;1;6885;6974;1;50,51,52,53,57,58,60,98,99,100,101,102,103,104,105,106,107,108,109,110,111,112,123,128,131,132,172,180,189,190,205,212,245,246,247,248,249,250,251,252,253,254,255,282,288,323,363,371,400,401,402,403,404,441,442,443,444,445,446,447,480,481,482,483,484,485,486,487,545,546,547,548,549,550,551,552,553,554,555,556,
16;0;6974;6999;1;50,51,52,53,57,58,60,98,99,100,101,102,103,104,105,106,107,108,109,110,111,112,123,128,131,132,172,180,189,190,205,212,245,246,247,248,249,250,251,252,253,254,255,282,288,323,363,371,400,401,402,403,404,441,442,443,444,445,446,447,480,481,482,483,484,485,486,487,545,546,547,548,549,550,551,552,553,554,555,556,
180;0;6999;7088;1;50,51,52,53,57,58,60,98,99,100,101,102,103,104,105,106,107,108,109,110,111,112,123,128,131,132,172,180,189,190,205,212,245,246,247,248,249,250,251,252,253,254,255,282,288,323,363,371,400,401,402,403,404,441,442,443,444,445,446,447,480,481,482,483,484,485,486,487,545,546,547,548,549,550,551,552,553,554,555,556,
105;0;7088;7258;1;50,51,52,53,57,58,60,98,99,100,101,102,103,104,105,106,107,108,109,110,111,112,123,128,131,132,172,180,189,190,205,212,245,246,247,248,249,250,251,252,253,254,255,282,288,323,363,371,400,401,402,403,404,441,442,443,444,445,446,447,480,481,482,483,484,485,486,487,545,546,547,548,549,550,551,552,553,554,555,556,
105;1;7258;7347;1;50,51,52,53,57,58,60,98,99,100,101,102,103,104,105,106,107,108,109,110,111,112,123,128,131,132,172,180,189,190,205,212,245,246,247,248,249,250,251,252,253,254,255,282,288,323,363,371,400,401,402,403,404,441,442,443,444,445,446,447,480,481,482,483,484,485,486,487,545,546,547,548,549,550,551,552,553,554,555,556,
176;0;7347;7351;1;50,51,52,53,57,58,60,98,99,100,101,102,103,104,105,106,107,108,109,110,111,112,123,128,131,132,172,180,189,190,205,212,245,246,247,248,249,250,251,252,253,254,255,282,288,323,363,371,400,401,402,403,404,441,442,443,444,445,446,447,480,481,482,483,484,485,486,487,545,546,547,548,549,550,551,552,553,554,555,556,
129;0;7351;7492;1;50,51,52,53,57,58,60,98,99,100,101,102,103,104,105,106,107,108,109,110,111,112,123,128,131,132,172,180,189,190,205,212,245,246,247,248,249,250,251,252,253,254,255,282,288,323,363,371,400,401,402,403,404,441,442,443,444,445,446,447,480,481,482,483,484,485,486,487,545,546,547,548,549,550,551,552,553,554,555,556,
129;1;7492;7545;1;50,51,52,53,57,58,60,98,99,100,101,102,103,104,105,106,107,108,109,110,111,112,123,128,131,132,172,180,189,190,205,212,245,246,247,248,249,250,251,252,253,254,255,282,288,323,363,371,400,401,402,403,404,441,442,443,444,445,446,447,480,481,482,483,484,485,486,487,545,546,547,548,549,550,551,552,553,554,555,556,
140;0;7545;7634;1;50,51,52,53,57,58,60,98,99,100,101,102,103,104,105,106,107,108,109,110,111,112,123,128,131,132,172,180,189,190,205,212,245,246,247,248,249,250,251,252,253,254,255,282,288,323,363,371,400,401,402,403,404,441,442,443,444,445,446,447,480,481,482,483,484,485,486,487,545,546,547,548,549,550,551,552,553,554,555,556,
42;0;7634;7675;0;50,51,52,53,57,58,60,98,99,100,101,102,103,104,105,106,107,108,109,110,111,112,123,128,131,132,172,180,189,190,205,212,245,246,247,248,249,250,251,252,253,254,255,282,288,323,363,371,400,401,402,403,404,441,442,443,444,445,446,447,480,481,482,483,484,485,486,487,545,546,547,548,549,550,551,552,553,554,555,556,
75;0;7675;7785;0;50,51,52,53,57,58,60,98,99,100,101,102,103,104,105,106,107,108,109,110,111,112,123,128,131,132,172,180,189,190,205,212,245,246,247,248,249,250,251,252,253,254,255,282,288,323,363,371,400,401,402,403,404,441,442,443,444,445,446,447,480,481,482,483,484,485,486,487,545,546,547,548,549,550,551,552,553,554,555,556,
75;1;7785;7796;0;50,51,52,53,57,58,60,98,99,100,101,102,103,104,105,106,107,108,109,110,111,112,123,128,131,132,172,180,189,190,205,212,245,246,247,248,249,250,251,252,253,254,255,282,288,323,363,371,400,401,402,403,404,441,442,443,444,445,446,447,480,481,482,483,484,485,486,487,545,546,547,548,549,550,551,552,553,554,555,556,
185;0;7796;7956;1;2,3,4,14,16,25,26,50,51,52,53,71,73,76,82,87,89,110,131,132,172,180,181,182,183,184,185,186,187,188,189,190,191,192,193,194,195,196,197,198,199,200,201,221,231,336,337,338,339,340,341,342,343,344,371,400,401,402,403,404,441,442,443,444,445,446,447,529,530,531,532,533,534,535,615,616,617,618,619,620,
185;1;7956;8124;1;2,3,4,14,16,25,26,50,51,52,53,71,73,76,82,87,89,110,131,132,172,180,181,182,183,184,185,186,187,188,189,190,191,192,193,194,195,196,197,198,199,200,201,221,231,336,337,338,339,340,341,342,343,344,371,400,401,402,403,404,441,442,443,444,445,446,447,529,530,531,532,533,534,535,615,616,617,618,619,620,
218;0;8124;8178;0;2,3,4,14,16,25,26,50,51,52,53,71,73,76,82,87,89,110,131,132,172,180,181,182,183,184,185,186,187,188,189,190,191,192,193,194,195,196,197,198,199,200,201,221,231,336,337,338,339,340,341,342,343,344,371,400,401,402,403,404,441,442,443,444,445,446,447,529,530,531,532,533,534,535,615,616,617,618,619,620,
28;0;8178;8206;1;2,3,4,14,16,25,26,50,51,52,53,71,73,76,82,87,89,110,131,132,172,180,181,182,183,184,185,186,187,188,189,190,191,192,193,194,195,196,197,198,199,200,201,221,231,336,337,338,339,340,341,342,343,344,371,400,401,402,403,404,441,442,443,444,445,446,447,529,530,531,532,533,534,535,615,616,617,618,619,620,
148;0;8206;8260;1;2,3,4,14,16,25,26,50,51,52,53,71,73,76,82,87,89,110,131,132,172,180,181,182,183,184,185,186,187,188,189,190,191,192,193,194,195,196,197,198,199,200,201,221,231,336,337,338,339,340,341,342,343,344,371,400,401,402,403,404,441,442,443,444,445,446,447,529,530,531,532,533,534,535,615,616,617,618,619,620,
144;0;8260;8264;1;2,3,4,14,16,25,26,50,51,52,53,71,73,76,82,87,89,110,131,132,172,180,181,182,183,184,185,186,187,188,189,190,191,192,193,194,195,196,197,198,199,200,201,221,231,336,337,338,339,340,341,342,343,344,371,400,401,402,403,404,441,442,443,444,445,446,447,529,530,531,532,533,534,535,615,616,617,618,619,620,
230;0;8264;8268;0;2,3,4,14,16,25,26,50,51,52,53,71,73,76,82,87,89,110,131,132,172,180,181,182,183,184,185,186,187,188,189,190,191,192,193,194,195,196,197,198,199,200,201,221,231,336,337,338,339,340,341,342,343,344,371,400,401,402,403,404,441,442,443,444,445,446,447,529,530,531,532,533,534,535,615,616,617,618,619,620,
192;0;8268;8272;1;2,3,4,14,16,25,26,50,51,52,53,71,73,76,82,87,89,110,131,132,172,180,181,182,183,184,185,186,187,188,189,190,191,192,193,194,195,196,197,198,199,200,201,221,231,336,337,338,339,340,341,342,343,344,371,400,401,402,403,404,441,442,443,444,445,446,447,529,530,531,532,533,534,535,615,616,617,618,619,620,
93;0;8272;8305;1;2,3,4,14,16,25,26,50,51,52,53,71,73,76,82,87,89,110,131,132,172,180,181,182,183,184,185,186,187,188,189,190,191,192,193,194,195,196,197,198,199,200,201,221,231,336,337,338,339,340,341,342,343,344,371,400,401,402,403,404,441,442,443,444,445,446,447,529,530,531,532,533,534,535,615,616,617,618,619,620,
93;1;8305;8358;1;2,3,4,14,16,25,26,50,51,52,53,71,73,76,82,87,89,110,131,132,172,180,181,182,183,184,185,186,187,188,189,190,191,192,193,194,195,196,197,198,199,200,201,221,231,336,337,338,339,340,341,342,343,344,371,400,401,402,403,404,441,442,443,444,445,446,447,529,530,531,532,533,534,535,615,616,617,618,619,620,
173;0;8358;8397;1;2,3,4,14,16,25,26,50,51,52,53,71,73,76,82,87,89,110,131,132,172,180,181,182,183,184,185,186,187,188,189,190,191,192,193,194,195,196,197,198,199,200,201,221,231,336,337,338,339,340,341,342,343,344,371,400,401,402,403,404,441,442,443,444,445,446,447,529,530,531,532,533,534,535,615,616,617,618,619,620,
173;1;8397;8438;1;2,3,4,14,16,25,26,50,51,52,53,71,73,76,82,87,89,110,131,132,172,180,181,182,183,184,185,186,187,188,189,190,191,192,193,194,195,196,197,198,199,200,201,221,231,336,337,338,339,340,341,342,343,344,371,400,401,402,403,404,441,442,443,444,445,446,447,529,530,531,532,533,534,535,615,616,617,618,619,620,
183;0;8438;8512;0;2,3,4,14,16,25,26,50,51,52,53,71,73,76,82,87,89,110,131,132,172,180,181,182,183,184,185,186,187,188,189,190,191,192,193,194,195,196,197,198,199,200,201,221,231,336,337,338,339,340,341,342,343,344,371,400,401,402,403,404,441,442,443,444,445,446,447,529,530,531,532,533,534,535,615,616,617,618,619,620,
183;1;8512;8516;0;2,3,4,14,16,25,26,50,51,52,53,71,73,76,82,87,89,110,131,132,172,180,181,182,183,184,185,186,187,188,189,190,191,192,193,194,195,196,197,198,199,200,201,221,231,336,337,338,339,340,341,342,343,344,371,400,401,402,403,404,441,442,443,444,445,446,447,529,530,531,532,533,534,535,615,616,617,618,619,620,
85;0;8516;8691;1;2,3,4,14,16,25,26,50,51,52,53,71,73,76,82,87,89,110,131,132,172,180,181,182,183,184,185,186,187,188,189,190,191,192,193,194,195,196,197,198,199,200,201,221,231,336,337,338,339,340,341,342,343,344,371,400,401,402,403,404,441,442,443,444,445,446,447,529,530,531,532,533,534,535,615,616,617,618,619,620,
85;1;8691;8732;1;2,3,4,14,16,25,26,50,51,52,53,71,73,76,82,87,89,110,131,132,172,180,181,182,183,184,185,186,187,188,189,190,191,192,193,194,195,196,197,198,199,200,201,221,231,336,337,338,339,340,341,342,343,344,371,400,401,402,403,404,441,442,443,444,445,446,447,529,530,531,532,533,534,535,615,616,617,618,619,620,
199;0;8732;8787;0;2,3,4,14,16,25,26,50,51,52,53,71,73,76,82,87,89,110,131,132,172,180,181,182,183,184,185,186,187,188,189,190,191,192,193,194,195,196,197,198,199,200,201,221,231,336,337,338,339,340,341,342,343,344,371,400,401,402,403,404,441,442,443,444,445,446,447,529,530,531,532,533,534,535,615,616,617,618,619,620,
199;1;8787;8882;0;2,3,4,14,16,25,26,50,51,52,53,71,73,76,82,87,89,110,131,132,172,180,181,182,183,184,185,186,187,188,189,190,191,192,193,194,195,196,197,198,199,200,201,221,231,336,337,338,339,340,341,342,343,344,371,400,401,402,403,404,441,442,443,444,445,446,447,529,530,531,532,533,534,535,615,616,617,618,619,620,
158;0;8882;8936;0;2,3,4,14,16,25,26,50,51,52,53,71,73,76,82,87,89,110,131,132,172,180,181,182,183,184,185,186,187,188,189,190,191,192,193,194,195,196,197,198,199,200,201,221,231,336,337,338,339,340,341,342,343,344,371,400,401,402,403,404,441,442,443,444,445,446,447,529,530,531,532,533,534,535,615,616,617,618,619,620,
226;0;8936;8964;0;2,3,4,14,16,25,26,50,51,52,53,71,73,76,82,87,89,110,131,132,172,180,181,182,183,184,185,186,187,188,189,190,191,192,193,194,195,196,197,198,199,200,201,221,231,336,337,338,339,340,341,342,343,344,371,400,401,402,403,404,441,442,443,444,445,446,447,529,530,531,532,533,534,535,615,616,617,618,619,620,
186;0;8964;9018;0;2,3,4,14,16,25,26,50,51,52,53,71,73,76,82,87,89,110,131,132,172,180,181,182,183,184,185,186,187,188,189,190,191,192,193,194,195,196,197,198,199,200,201,221,231,336,337,338,339,340,341,342,343,344,371,400,401,402,403,404,441,442,443,444,445,446,447,529,530,531,532,533,534,535,615,616,617,618,619,620,
31;0;9018;9047;0;2,3,4,14,16,25,26,50,51,52,53,71,73,76,82,87,89,110,131,132,172,180,181,182,183,184,185,186,187,188,189,190,191,192,193,194,195,196,197,198,199,200,201,221,231,336,337,338,339,340,341,342,343,344,371,400,401,402,403,404,441,442,443,444,445,446,447,529,530,531,532,533,534,535,615,616,617,618,619,620,
31;1;9047;9075;0;2,3,4,14,16,25,26,50,51,52,53,71,73,76,82,87,89,110,131,132,172,180,181,182,183,184,185,186,187,188,189,190,191,192,193,194,195,196,197,198,199,200,201,221,231,336,337,338,339,340,341,342,343,344,371,400,401,402,403,404,441,442,443,444,445,446,447,529,530,531,532,533,534,535,615,616,617,618,619,620,
216;0;9075;9079;1;2,3,4,14,16,25,26,50,51,52,53,71,73,76,82,87,89,110,131,132,172,180,181,182,183,184,185,186,187,188,189,190,191,192,193,194,195,196,197,198,199,200,201,221,231,336,337,338,339,340,341,342,343,344,371,400,401,402,403,404,441,442,443,444,445,446,447,529,530,531,532,533,534,535,615,616,617,618,619,620,
92;0;9079;9174;1;2,3,4,14,16,25,26,50,51,52,53,71,73,76,82,87,89,110,131,132,172,180,181,182,183,184,185,186,187,188,189,190,191,192,193,194,195,196,197,198,199,200,201,221,231,336,337,338,339,340,341,342,343,344,371,400,401,402,403,404,441,442,443,444,445,446,447,529,530,531,532,533,534,535,615,616,617,618,619,620,
132;0;9174;9269;1;2,3,4,14,16,25,26,50,51,52,53,71,73,76,82,87,89,110,131,132,172,180,181,182,183,184,185,186,187,188,189,190,191,192,193,194,195,196,197,198,199,200,201,221,231,336,337,338,339,340,341,342,343,344,371,400,401,402,403,404,441,442,443,444,445,446,447,529,530,531,532,533,534,535,615,616,617,618,619,620,
89;0;9269;9405;1;2,3,4,14,16,25,26,50,51,52,53,71,73,76,82,87,89,110,131,132,172,180,181,182,183,184,185,186,187,188,189,190,191,192,193,194,195,196,197,198,199,200,201,221,231,336,337,338,339,340,341,342,343,344,371,400,401,402,403,404,441,442,443,444,445,446,447,529,530,531,532,533,534,535,615,616,617,618,619,620,
89;1;9405;9539;1;2,3,4,14,16,25,26,50,51,52,53,71,73,76,82,87,89,110,131,132,172,180,181,182,183,184,185,186,187,188,189,190,191,192,193,194,195,196,197,198,199,200,201,221,231,336,337,338,339,340,341,342,343,344,371,400,401,402,403,404,441,442,443,444,445,446,447,529,530,531,532,533,534,535,615,616,617,618,619,620,
239;0;9539;9635;0;2,3,4,14,16,25,26,50,51,52,53,71,73,76,82,87,89,110,131,132,172,180,181,182,183,184,185,186,187,188,189,190,191,192,193,194,195,196,197,198,199,200,201,221,231,336,337,338,339,340,341,342,343,344,371,400,401,402,403,404,441,442,443,444,445,446,447,529,530,531,532,533,534,535,615,616,617,618,619,620,
239;1;9635;9688;0;2,3,4,14,16,25,26,50,51,52,53,71,73,76,82,87,89,110,131,132,172,180,181,182,183,184,185,186,187,188,189,190,191,192,193,194,195,196,197,198,199,200,201,221,231,336,337,338,339,340,341,342,343,344,371,400,401,402,403,404,441,442,443,444,445,446,447,529,530,531,532,533,534,535,615,616,617,618,619,620,
83;0;9688;9727;0;2,3,4,14,16,25,26,50,51,52,53,71,73,76,82,87,89,110,131,132,172,180,181,182,183,184,185,186,187,188,189,190,191,192,193,194,195,196,197,198,199,200,201,221,231,336,337,338,339,340,341,342,343,344,371,400,401,402,403,404,441,442,443,444,445,446,447,529,530,531,532,533,534,535,615,616,617,618,619,620,
83;1;9727;9781;0;2,3,4,14,16,25,26,50,51,52,53,71,73,76,82,87,89,110,131,132,172,180,181,182,183,184,185,186,187,188,189,190,191,192,193,194,195,196,197,198,199,200,201,221,231,336,337,338,339,340,341,342,343,344,371,400,401,402,403,404,441,442,443,444,445,446,447,529,530,531,532,533,534,535,615,616,617,618,619,620,
87;0;9781;9815;0;2,3,4,14,16,25,26,50,51,52,53,71,73,76,82,87,89,110,131,132,172,180,181,182,183,184,185,186,187,188,189,190,191,192,193,194,195,196,197,198,199,200,201,221,231,336,337,338,339,340,341,342,343,344,371,400,401,402,403,404,441,442,443,444,445,446,447,529,530,531,532,533,534,535,615,616,617,618,619,620,
87;1;9815;9869;0;2,3,4,14,16,25,26,50,51,52,53,71,73,76,82,87,89,110,131,132,172,180,181,182,183,184,185,186,187,188,189,190,191,192,193,194,195,196,197,198,199,200,201,221,231,336,337,338,339,340,341,342,343,344,371,400,401,402,403,404,441,442,443,444,445,446,447,529,530,531,532,533,534,535,615,616,617,618,619,620,
106;0;9869;9964;0;2,3,4,14,16,25,26,50,51,52,53,71,73,76,82,87,89,110,131,132,172,180,181,182,183,184,185,186,187,188,189,190,191,192,193,194,195,196,197,198,199,200,201,221,231,336,337,338,339,340,341,342,343,344,371,400,401,402,403,404,441,442,443,444,445,446,447,529,530,531,532,533,534,535,615,616,617,618,619,620,
100;0;9964;10059;1;2,3,4,14,16,25,26,50,51,52,53,71,73,76,82,87,89,110,131,132,172,180,181,182,183,184,185,186,187,188,189,190,191,192,193,194,195,196,197,198,199,200,201,221,231,336,337,338,339,340,341,342,343,344,371,400,401,402,403,404,441,442,443,444,445,446,447,529,530,531,532,533,534,535,615,616,617,618,619,620,
70;0;10059;10063;0;2,3,4,14,16,25,26,50,51,52,53,71,73,76,82,87,89,110,131,132,172,180,181,182,183,184,185,186,187,188,189,190,191,192,193,194,195,196,197,198,199,200,201,221,231,336,337,338,339,340,341,342,343,344,371,400,401,402,403,404,441,442,443,444,445,446,447,529,530,531,532,533,534,535,615,616,617,618,619,620,
Machine: 1
76;0;0;45;1;2,4,5,14,16,18,25,26,50,51,52,53,54,81,82,83,84,85,86,87,88,89,90,91,92,93,94,95,96,97,123,131,132,172,173,174,175,176,177,178,179,205,212,251,280,282,306,307,308,309,312,332,333,334,335,336,337,338,339,340,341,342,343,344,366,422,458,507,508,509,572,573,574,575,576,577,578,612,613,614,
205;0;45;97;1;2,4,5,14,16,18,25,26,50,51,52,53,54,81,82,83,84,85,86,87,88,89,90,91,92,93,94,95,96,97,123,131,132,172,173,174,175,176,177,178,179,205,212,251,280,282,306,307,308,309,312,332,333,334,335,336,337,338,339,340,341,342,343,344,366,422,458,507,508,509,572,573,574,575,576,577,578,612,613,614,
205;1;97;211;1;2,4,5,14,16,18,25,26,50,51,52,53,54,81,82,83,84,85,86,87,88,89,90,91,92,93,94,95,96,97,123,131,132,172,173,174,175,176,177,178,179,205,212,251,280,282,306,307,308,309,312,332,333,334,335,336,337,338,339,340,341,342,343,344,366,422,458,507,508,509,572,573,574,575,576,577,578,612,613,614,
73;0;211;273;1;2,4,5,14,16,18,25,26,50,51,52,53,54,81,82,83,84,85,86,87,88,89,90,91,92,93,94,95,96,97,123,131,132,172,173,174,175,176,177,178,179,205,212,251,280,282,306,307,308,309,312,332,333,334,335,336,337,338,339,340,341,342,343,344,366,422,458,507,508,509,572,573,574,575,576,577,578,612,613,614,
73;1;273;441;1;2,4,5,14,16,18,25,26,50,51,52,53,54,81,82,83,84,85,86,87,88,89,90,91,92,93,94,95,96,97,123,131,132,172,173,174,175,176,177,178,179,205,212,251,280,282,306,307,308,309,312,332,333,334,335,336,337,338,339,340,341,342,343,344,366,422,458,507,508,509,572,573,574,575,576,577,578,612,613,614,
7;0;441;545;0;2,4,5,14,16,18,25,26,50,51,52,53,54,81,82,83,84,85,86,87,88,89,90,91,92,93,94,95,96,97,123,131,132,172,173,174,175,176,177,178,179,205,212,251,280,282,306,307,308,309,312,332,333,334,335,336,337,338,339,340,341,342,343,344,366,422,458,507,508,509,572,573,574,575,576,577,578,612,613,614,
7;1;545;590;0;2,4,5,14,16,18,25,26,50,51,52,53,54,81,82,83,84,85,86,87,88,89,90,91,92,93,94,95,96,97,123,131,132,172,173,174,175,176,177,178,179,205,212,251,280,282,306,307,308,309,312,332,333,334,335,336,337,338,339,340,341,342,343,344,366,422,458,507,508,509,572,573,574,575,576,577,578,612,613,614,
164;0;590;758;1;2,4,5,14,16,18,25,26,50,51,52,53,54,81,82,83,84,85,86,87,88,89,90,91,92,93,94,95,96,97,123,131,132,172,173,174,175,176,177,178,179,205,212,251,280,282,306,307,308,309,312,332,333,334,335,336,337,338,339,340,341,342,343,344,366,422,458,507,508,509,572,573,574,575,576,577,578,612,613,614,
161;0;758;919;1;2,4,5,14,16,18,25,26,50,51,52,53,54,81,82,83,84,85,86,87,88,89,90,91,92,93,94,95,96,97,123,131,132,172,173,174,175,176,177,178,179,205,212,251,280,282,306,307,308,309,312,332,333,334,335,336,337,338,339,340,341,342,343,344,366,422,458,507,508,509,572,573,574,575,576,577,578,612,613,614,
161;1;919;980;1;2,4,5,14,16,18,25,26,50,51,52,53,54,81,82,83,84,85,86,87,88,89,90,91,92,93,94,95,96,97,123,131,132,172,173,174,175,176,177,178,179,205,212,251,280,282,306,307,308,309,312,332,333,334,335,336,337,338,339,340,341,342,343,344,366,422,458,507,508,509,572,573,574,575,576,577,578,612,613,614,
24;0;980;1081;1;2,4,5,14,16,18,25,26,50,51,52,53,54,81,82,83,84,85,86,87,88,89,90,91,92,93,94,95,96,97,123,131,132,172,173,174,175,176,177,178,179,205,212,251,280,282,306,307,308,309,312,332,333,334,335,336,337,338,339,340,341,342,343,344,366,422,458,507,508,509,572,573,574,575,576,577,578,612,613,614,
174;0;1081;1126;0;2,4,5,14,16,18,25,26,50,51,52,53,54,81,82,83,84,85,86,87,88,89,90,91,92,93,94,95,96,97,123,131,132,172,173,174,175,176,177,178,179,205,212,251,280,282,306,307,308,309,312,332,333,334,335,336,337,338,339,340,341,342,343,344,366,422,458,507,508,509,572,573,574,575,576,577,578,612,613,614,
79;0;1126;1187;0;2,4,5,14,16,18,25,26,50,51,52,53,54,81,82,83,84,85,86,87,88,89,90,91,92,93,94,95,96,97,123,131,132,172,173,174,175,176,177,178,179,205,212,251,280,282,306,307,308,309,312,332,333,334,335,336,337,338,339,340,341,342,343,344,366,422,458,507,508,509,572,573,574,575,576,577,578,612,613,614,
79;1;1187;1355;0;2,4,5,14,16,18,25,26,50,51,52,53,54,81,82,83,84,85,86,87,88,89,90,91,92,93,94,95,96,97,123,131,132,172,173,174,175,176,177,178,179,205,212,251,280,282,306,307,308,309,312,332,333,334,335,336,337,338,339,340,341,342,343,344,366,422,458,507,508,509,572,573,574,575,576,577,578,612,613,614,
196;0;1355;1400;1;2,4,5,14,16,18,25,26,50,51,52,53,54,81,82,83,84,85,86,87,88,89,90,91,92,93,94,95,96,97,123,131,132,172,173,174,175,176,177,178,179,205,212,251,280,282,306,307,308,309,312,332,333,334,335,336,337,338,339,340,341,342,343,344,366,422,458,507,508,509,572,573,574,575,576,577,578,612,613,614,
47;0;1400;1441;0;2,4,5,14,16,18,25,26,50,51,52,53,54,81,82,83,84,85,86,87,88,89,90,91,92,93,94,95,96,97,123,131,132,172,173,174,175,176,177,178,179,205,212,251,280,282,306,307,308,309,312,332,333,334,335,336,337,338,339,340,341,342,343,344,366,422,458,507,508,509,572,573,574,575,576,577,578,612,613,614,
47;1;1441;1547;0;2,4,5,14,16,18,25,26,50,51,52,53,54,81,82,83,84,85,86,87,88,89,90,91,92,93,94,95,96,97,123,131,132,172,173,174,175,176,177,178,179,205,212,251,280,282,306,307,308,309,312,332,333,334,335,336,337,338,339,340,341,342,343,344,366,422,458,507,508,509,572,573,574,575,576,577,578,612,613,614,
201;0;1547;1561;1;2,4,5,14,16,18,25,26,50,51,52,53,54,81,82,83,84,85,86,87,88,89,90,91,92,93,94,95,96,97,123,131,132,172,173,174,175,176,177,178,179,205,212,251,280,282,306,307,308,309,312,332,333,334,335,336,337,338,339,340,341,342,343,344,366,422,458,507,508,509,572,573,574,575,576,577,578,612,613,614,
201;1;1561;1662;1;2,4,5,14,16,18,25,26,50,51,52,53,54,81,82,83,84,85,86,87,88,89,90,91,92,93,94,95,96,97,123,131,132,172,173,174,175,176,177,178,179,205,212,251,280,282,306,307,308,309,312,332,333,334,335,336,337,338,339,340,341,342,343,344,366,422,458,507,508,509,572,573,574,575,576,577,578,612,613,614,
44;0;1662;1792;1;2,4,5,14,16,18,25,26,50,51,52,53,54,81,82,83,84,85,86,87,88,89,90,91,92,93,94,95,96,97,123,131,132,172,173,174,175,176,177,178,179,205,212,251,280,282,306,307,308,309,312,332,333,334,335,336,337,338,339,340,341,342,343,344,366,422,458,507,508,509,572,573,574,575,576,577,578,612,613,614,
3;0;1792;1834;0;2,4,5,14,16,18,25,26,50,51,52,53,54,81,82,83,84,85,86,87,88,89,90,91,92,93,94,95,96,97,123,131,132,172,173,174,175,176,177,178,179,205,212,251,280,282,306,307,308,309,312,332,333,334,335,336,337,338,339,340,341,342,343,344,366,422,458,507,508,509,572,573,574,575,576,577,578,612,613,614,
3;1;1834;1862;0;2,4,5,14,16,18,25,26,50,51,52,53,54,81,82,83,84,85,86,87,88,89,90,91,92,93,94,95,96,97,123,131,132,172,173,174,175,176,177,178,179,205,212,251,280,282,306,307,308,309,312,332,333,334,335,336,337,338,339,340,341,342,343,344,366,422,458,507,508,509,572,573,574,575,576,577,578,612,613,614,
219;0;1862;1878;0;2,4,5,14,16,18,25,26,50,51,52,53,54,81,82,83,84,85,86,87,88,89,90,91,92,93,94,95,96,97,123,131,132,172,173,174,175,176,177,178,179,205,212,251,280,282,306,307,308,309,312,332,333,334,335,336,337,338,339,340,341,342,343,344,366,422,458,507,508,509,572,573,574,575,576,577,578,612,613,614,
219;1;1878;2046;0;2,4,5,14,16,18,25,26,50,51,52,53,54,81,82,83,84,85,86,87,88,89,90,91,92,93,94,95,96,97,123,131,132,172,173,174,175,176,177,178,179,205,212,251,280,282,306,307,308,309,312,332,333,334,335,336,337,338,339,340,341,342,343,344,366,422,458,507,508,509,572,573,574,575,576,577,578,612,613,614,
208;0;2046;2147;1;2,4,5,14,16,18,25,26,50,51,52,53,54,81,82,83,84,85,86,87,88,89,90,91,92,93,94,95,96,97,123,131,132,172,173,174,175,176,177,178,179,205,212,251,280,282,306,307,308,309,312,332,333,334,335,336,337,338,339,340,341,342,343,344,366,422,458,507,508,509,572,573,574,575,576,577,578,612,613,614,
59;0;2147;2179;0;2,4,5,14,16,18,25,26,50,51,52,53,54,81,82,83,84,85,86,87,88,89,90,91,92,93,94,95,96,97,123,131,132,172,173,174,175,176,177,178,179,205,212,251,280,282,306,307,308,309,312,332,333,334,335,336,337,338,339,340,341,342,343,344,366,422,458,507,508,509,572,573,574,575,576,577,578,612,613,614,
59;1;2179;2224;0;2,4,5,14,16,18,25,26,50,51,52,53,54,81,82,83,84,85,86,87,88,89,90,91,92,93,94,95,96,97,123,131,132,172,173,174,175,176,177,178,179,205,212,251,280,282,306,307,308,309,312,332,333,334,335,336,337,338,339,340,341,342,343,344,366,422,458,507,508,509,572,573,574,575,576,577,578,612,613,614,
128;0;2224;2265;1;2,4,5,14,16,18,25,26,50,51,52,53,54,81,82,83,84,85,86,87,88,89,90,91,92,93,94,95,96,97,123,131,132,172,173,174,175,176,177,178,179,205,212,251,280,282,306,307,308,309,312,332,333,334,335,336,337,338,339,340,341,342,343,344,366,422,458,507,508,509,572,573,574,575,576,577,578,612,613,614,
188;0;2265;2379;1;2,4,5,14,16,18,25,26,50,51,52,53,54,81,82,83,84,85,86,87,88,89,90,91,92,93,94,95,96,97,123,131,132,172,173,174,175,176,177,178,179,205,212,251,280,282,306,307,308,309,312,332,333,334,335,336,337,338,339,340,341,342,343,344,366,422,458,507,508,509,572,573,574,575,576,577,578,612,613,614,
221;0;2379;2537;1;2,4,5,14,16,18,25,26,50,51,52,53,54,81,82,83,84,85,86,87,88,89,90,91,92,93,94,95,96,97,123,131,132,172,173,174,175,176,177,178,179,205,212,251,280,282,306,307,308,309,312,332,333,334,335,336,337,338,339,340,341,342,343,344,366,422,458,507,508,509,572,573,574,575,576,577,578,612,613,614,
221;1;2537;2555;1;2,4,5,14,16,18,25,26,50,51,52,53,54,81,82,83,84,85,86,87,88,89,90,91,92,93,94,95,96,97,123,131,132,172,173,174,175,176,177,178,179,205,212,251,280,282,306,307,308,309,312,332,333,334,335,336,337,338,339,340,341,342,343,344,366,422,458,507,508,509,572,573,574,575,576,577,578,612,613,614,
118;0;2555;2616;0;2,4,5,14,16,18,25,26,50,51,52,53,54,81,82,83,84,85,86,87,88,89,90,91,92,93,94,95,96,97,123,131,132,172,173,174,175,176,177,178,179,205,212,251,280,282,306,307,308,309,312,332,333,334,335,336,337,338,339,340,341,342,343,344,366,422,458,507,508,509,572,573,574,575,576,577,578,612,613,614,
152;0;2616;2634;1;2,4,5,14,16,18,25,26,50,51,52,53,54,81,82,83,84,85,86,87,88,89,90,91,92,93,94,95,96,97,123,131,132,172,173,174,175,176,177,178,179,205,212,251,280,282,306,307,308,309,312,332,333,334,335,336,337,338,339,340,341,342,343,344,366,422,458,507,508,509,572,573,574,575,576,577,578,612,613,614,
212;0;2634;2748;1;2,4,5,14,16,18,25,26,50,51,52,53,54,81,82,83,84,85,86,87,88,89,90,91,92,93,94,95,96,97,123,131,132,172,173,174,175,176,177,178,179,205,212,251,280,282,306,307,308,309,312,332,333,334,335,336,337,338,339,340,341,342,343,344,366,422,458,507,508,509,572,573,574,575,576,577,578,612,613,614,
231;0;2748;2808;0;2,4,5,14,16,18,25,26,50,51,52,53,54,81,82,83,84,85,86,87,88,89,90,91,92,93,94,95,96,97,123,131,132,172,173,174,175,176,177,178,179,205,212,251,280,282,306,307,308,309,312,332,333,334,335,336,337,338,339,340,341,342,343,344,366,422,458,507,508,509,572,573,574,575,576,577,578,612,613,614,
231;1;2808;2914;0;2,4,5,14,16,18,25,26,50,51,52,53,54,81,82,83,84,85,86,87,88,89,90,91,92,93,94,95,96,97,123,131,132,172,173,174,175,176,177,178,179,205,212,251,280,282,306,307,308,309,312,332,333,334,335,336,337,338,339,340,341,342,343,344,366,422,458,507,508,509,572,573,574,575,576,577,578,612,613,614,
4;0;2914;3044;1;2,4,5,14,16,18,25,26,50,51,52,53,54,81,82,83,84,85,86,87,88,89,90,91,92,93,94,95,96,97,123,131,132,172,173,174,175,176,177,178,179,205,212,251,280,282,306,307,308,309,312,332,333,334,335,336,337,338,339,340,341,342,343,344,366,422,458,507,508,509,572,573,574,575,576,577,578,612,613,614,
229;0;3044;3196;1;2,4,5,14,16,18,25,26,50,51,52,53,54,81,82,83,84,85,86,87,88,89,90,91,92,93,94,95,96,97,123,131,132,172,173,174,175,176,177,178,179,205,212,251,280,282,306,307,308,309,312,332,333,334,335,336,337,338,339,340,341,342,343,344,366,422,458,507,508,509,572,573,574,575,576,577,578,612,613,614,
229;1;3196;3302;1;2,4,5,14,16,18,25,26,50,51,52,53,54,81,82,83,84,85,86,87,88,89,90,91,92,93,94,95,96,97,123,131,132,172,173,174,175,176,177,178,179,205,212,251,280,282,306,307,308,309,312,332,333,334,335,336,337,338,339,340,341,342,343,344,366,422,458,507,508,509,572,573,574,575,576,577,578,612,613,614,
32;0;3302;3470;1;2,4,5,14,16,18,25,26,50,51,52,53,54,81,82,83,84,85,86,87,88,89,90,91,92,93,94,95,96,97,123,131,132,172,173,174,175,176,177,178,179,205,212,251,280,282,306,307,308,309,312,332,333,334,335,336,337,338,339,340,341,342,343,344,366,422,458,507,508,509,572,573,574,575,576,577,578,612,613,614,
81;0;3470;3516;1;0,1,2,3,4,5,6,7,8,9,10,11,12,13,14,15,16,17,18,26,69,70,71,72,73,74,75,76,77,78,79,80,88,89,123,131,132,172,173,174,175,176,177,178,179,212,251,280,282,312,332,333,334,335,366,507,508,509,510,511,512,513,514,515,516,517,518,519,520,521,522,523,524,525,526,527,528,612,613,614,
81;1;3516;3668;1;0,1,2,3,4,5,6,7,8,9,10,11,12,13,14,15,16,17,18,26,69,70,71,72,73,74,75,76,77,78,79,80,88,89,123,131,132,172,173,174,175,176,177,178,179,212,251,280,282,312,332,333,334,335,366,507,508,509,510,511,512,513,514,515,516,517,518,519,520,521,522,523,524,525,526,527,528,612,613,614,
116;0;3668;3736;1;0,1,2,3,4,5,6,7,8,9,10,11,12,13,14,15,16,17,18,26,69,70,71,72,73,74,75,76,77,78,79,80,88,89,123,131,132,172,173,174,175,176,177,178,179,212,251,280,282,312,332,333,334,335,366,507,508,509,510,511,512,513,514,515,516,517,518,519,520,521,522,523,524,525,526,527,528,612,613,614,
112;0;3736;3886;1;0,1,2,3,4,5,6,7,8,9,10,11,12,13,14,15,16,17,18,26,69,70,71,72,73,74,75,76,77,78,79,80,88,89,123,131,132,172,173,174,175,176,177,178,179,212,251,280,282,312,332,333,334,335,366,507,508,509,510,511,512,513,514,515,516,517,518,519,520,521,522,523,524,525,526,527,528,612,613,614,
0;0;3886;3963;1;0,1,2,3,4,5,6,7,8,9,10,11,12,13,14,15,16,17,18,26,69,70,71,72,73,74,75,76,77,78,79,80,88,89,123,131,132,172,173,174,175,176,177,178,179,212,251,280,282,312,332,333,334,335,366,507,508,509,510,511,512,513,514,515,516,517,518,519,520,521,522,523,524,525,526,527,528,612,613,614,
0;1;3963;4031;1;0,1,2,3,4,5,6,7,8,9,10,11,12,13,14,15,16,17,18,26,69,70,71,72,73,74,75,76,77,78,79,80,88,89,123,131,132,172,173,174,175,176,177,178,179,212,251,280,282,312,332,333,334,335,366,507,508,509,510,511,512,513,514,515,516,517,518,519,520,521,522,523,524,525,526,527,528,612,613,614,
108;0;4031;4183;1;0,1,2,3,4,5,6,7,8,9,10,11,12,13,14,15,16,17,18,26,69,70,71,72,73,74,75,76,77,78,79,80,88,89,123,131,132,172,173,174,175,176,177,178,179,212,251,280,282,312,332,333,334,335,366,507,508,509,510,511,512,513,514,515,516,517,518,519,520,521,522,523,524,525,526,527,528,612,613,614,
21;0;4183;4271;1;0,1,2,3,4,5,6,7,8,9,10,11,12,13,14,15,16,17,18,26,69,70,71,72,73,74,75,76,77,78,79,80,88,89,123,131,132,172,173,174,175,176,177,178,179,212,251,280,282,312,332,333,334,335,366,507,508,509,510,511,512,513,514,515,516,517,518,519,520,521,522,523,524,525,526,527,528,612,613,614,
21;1;4271;4377;1;0,1,2,3,4,5,6,7,8,9,10,11,12,13,14,15,16,17,18,26,69,70,71,72,73,74,75,76,77,78,79,80,88,89,123,131,132,172,173,174,175,176,177,178,179,212,251,280,282,312,332,333,334,335,366,507,508,509,510,511,512,513,514,515,516,517,518,519,520,521,522,523,524,525,526,527,528,612,613,614,
240;0;4377;4529;1;0,1,2,3,4,5,6,7,8,9,10,11,12,13,14,15,16,17,18,26,69,70,71,72,73,74,75,76,77,78,79,80,88,89,123,131,132,172,173,174,175,176,177,178,179,212,251,280,282,312,332,333,334,335,366,507,508,509,510,511,512,513,514,515,516,517,518,519,520,521,522,523,524,525,526,527,528,612,613,614,
97;0;4529;4621;1;0,1,2,3,4,5,6,7,8,9,10,11,12,13,14,15,16,17,18,26,69,70,71,72,73,74,75,76,77,78,79,80,88,89,123,131,132,172,173,174,175,176,177,178,179,212,251,280,282,312,332,333,334,335,366,507,508,509,510,511,512,513,514,515,516,517,518,519,520,521,522,523,524,525,526,527,528,612,613,614,
97;1;4621;4771;1;0,1,2,3,4,5,6,7,8,9,10,11,12,13,14,15,16,17,18,26,69,70,71,72,73,74,75,76,77,78,79,80,88,89,123,131,132,172,173,174,175,176,177,178,179,212,251,280,282,312,332,333,334,335,366,507,508,509,510,511,512,513,514,515,516,517,518,519,520,521,522,523,524,525,526,527,528,612,613,614,
249;0;4771;4840;1;0,1,2,3,4,5,6,7,8,9,10,11,12,13,14,15,16,17,18,26,69,70,71,72,73,74,75,76,77,78,79,80,88,89,123,131,132,172,173,174,175,176,177,178,179,212,251,280,282,312,332,333,334,335,366,507,508,509,510,511,512,513,514,515,516,517,518,519,520,521,522,523,524,525,526,527,528,612,613,614,
249;1;4840;4858;1;0,1,2,3,4,5,6,7,8,9,10,11,12,13,14,15,16,17,18,26,69,70,71,72,73,74,75,76,77,78,79,80,88,89,123,131,132,172,173,174,175,176,177,178,179,212,251,280,282,312,332,333,334,335,366,507,508,509,510,511,512,513,514,515,516,517,518,519,520,521,522,523,524,525,526,527,528,612,613,614,
124;0;4858;5008;1;0,1,2,3,4,5,6,7,8,9,10,11,12,13,14,15,16,17,18,26,69,70,71,72,73,74,75,76,77,78,79,80,88,89,123,131,132,172,173,174,175,176,177,178,179,212,251,280,282,312,332,333,334,335,366,507,508,509,510,511,512,513,514,515,516,517,518,519,520,521,522,523,524,525,526,527,528,612,613,614,
12;0;5008;5049;1;12,26,69,88,89,131,132,133,134,135,137,138,139,140,172,173,174,175,176,177,178,179,212,256,257,258,259,260,261,262,318,332,333,334,335,369,370,371,372,373,374,375,376,377,378,379,380,381,382,383,384,427,476,488,489,490,491,492,493,494,495,496,497,498,499,500,501,502,503,504,505,506,535,536,537,538,539,540,541,542,
235;0;5049;5065;0;12,26,69,88,89,131,132,133,134,135,137,138,139,140,172,173,174,175,176,177,178,179,212,256,257,258,259,260,261,262,318,332,333,334,335,369,370,371,372,373,374,375,376,377,378,379,380,381,382,383,384,427,476,488,489,490,491,492,493,494,495,496,497,498,499,500,501,502,503,504,505,506,535,536,537,538,539,540,541,542,
235;1;5065;5084;0;12,26,69,88,89,131,132,133,134,135,137,138,139,140,172,173,174,175,176,177,178,179,212,256,257,258,259,260,261,262,318,332,333,334,335,369,370,371,372,373,374,375,376,377,378,379,380,381,382,383,384,427,476,488,489,490,491,492,493,494,495,496,497,498,499,500,501,502,503,504,505,506,535,536,537,538,539,540,541,542,
126;0;5084;5108;0;12,26,69,88,89,131,132,133,134,135,137,138,139,140,172,173,174,175,176,177,178,179,212,256,257,258,259,260,261,262,318,332,333,334,335,369,370,371,372,373,374,375,376,377,378,379,380,381,382,383,384,427,476,488,489,490,491,492,493,494,495,496,497,498,499,500,501,502,503,504,505,506,535,536,537,538,539,540,541,542,
107;0;5108;5113;0;12,26,69,88,89,131,132,133,134,135,137,138,139,140,172,173,174,175,176,177,178,179,212,256,257,258,259,260,261,262,318,332,333,334,335,369,370,371,372,373,374,375,376,377,378,379,380,381,382,383,384,427,476,488,489,490,491,492,493,494,495,496,497,498,499,500,501,502,503,504,505,506,535,536,537,538,539,540,541,542,
107;1;5113;5227;0;12,26,69,88,89,131,132,133,134,135,137,138,139,140,172,173,174,175,176,177,178,179,212,256,257,258,259,260,261,262,318,332,333,334,335,369,370,371,372,373,374,375,376,377,378,379,380,381,382,383,384,427,476,488,489,490,491,492,493,494,495,496,497,498,499,500,501,502,503,504,505,506,535,536,537,538,539,540,541,542,
162;0;5227;5246;0;12,26,69,88,89,131,132,133,134,135,137,138,139,140,172,173,174,175,176,177,178,179,212,256,257,258,259,260,261,262,318,332,333,334,335,369,370,371,372,373,374,375,376,377,378,379,380,381,382,383,384,427,476,488,489,490,491,492,493,494,495,496,497,498,499,500,501,502,503,504,505,506,535,536,537,538,539,540,541,542,
113;0;5246;5306;1;12,26,69,88,89,131,132,133,134,135,137,138,139,140,172,173,174,175,176,177,178,179,212,256,257,258,259,260,261,262,318,332,333,334,335,369,370,371,372,373,374,375,376,377,378,379,380,381,382,383,384,427,476,488,489,490,491,492,493,494,495,496,497,498,499,500,501,502,503,504,505,506,535,536,537,538,539,540,541,542,
113;1;5306;5398;1;12,26,69,88,89,131,132,133,134,135,137,138,139,140,172,173,174,175,176,177,178,179,212,256,257,258,259,260,261,262,318,332,333,334,335,369,370,371,372,373,374,375,376,377,378,379,380,381,382,383,384,427,476,488,489,490,491,492,493,494,495,496,497,498,499,500,501,502,503,504,505,506,535,536,537,538,539,540,541,542,
86;0;5398;5448;0;12,26,69,88,89,131,132,133,134,135,137,138,139,140,172,173,174,175,176,177,178,179,212,256,257,258,259,260,261,262,318,332,333,334,335,369,370,371,372,373,374,375,376,377,378,379,380,381,382,383,384,427,476,488,489,490,491,492,493,494,495,496,497,498,499,500,501,502,503,504,505,506,535,536,537,538,539,540,541,542,
61;0;5448;5539;1;12,26,69,88,89,131,132,133,134,135,137,138,139,140,172,173,174,175,176,177,178,179,212,256,257,258,259,260,261,262,318,332,333,334,335,369,370,371,372,373,374,375,376,377,378,379,380,381,382,383,384,427,476,488,489,490,491,492,493,494,495,496,497,498,499,500,501,502,503,504,505,506,535,536,537,538,539,540,541,542,
61;1;5539;5580;1;12,26,69,88,89,131,132,133,134,135,137,138,139,140,172,173,174,175,176,177,178,179,212,256,257,258,259,260,261,262,318,332,333,334,335,369,370,371,372,373,374,375,376,377,378,379,380,381,382,383,384,427,476,488,489,490,491,492,493,494,495,496,497,498,499,500,501,502,503,504,505,506,535,536,537,538,539,540,541,542,
168;0;5580;5599;1;12,26,69,88,89,131,132,133,134,135,137,138,139,140,172,173,174,175,176,177,178,179,212,256,257,258,259,260,261,262,318,332,333,334,335,369,370,371,372,373,374,375,376,377,378,379,380,381,382,383,384,427,476,488,489,490,491,492,493,494,495,496,497,498,499,500,501,502,503,504,505,506,535,536,537,538,539,540,541,542,
136;0;5599;5623;1;12,26,69,88,89,131,132,133,134,135,137,138,139,140,172,173,174,175,176,177,178,179,212,256,257,258,259,260,261,262,318,332,333,334,335,369,370,371,372,373,374,375,376,377,378,379,380,381,382,383,384,427,476,488,489,490,491,492,493,494,495,496,497,498,499,500,501,502,503,504,505,506,535,536,537,538,539,540,541,542,
246;0;5623;5664;0;12,26,69,88,89,131,132,133,134,135,137,138,139,140,172,173,174,175,176,177,178,179,212,256,257,258,259,260,261,262,318,332,333,334,335,369,370,371,372,373,374,375,376,377,378,379,380,381,382,383,384,427,476,488,489,490,491,492,493,494,495,496,497,498,499,500,501,502,503,504,505,506,535,536,537,538,539,540,541,542,
153;0;5664;5827;1;12,26,69,88,89,131,132,133,134,135,137,138,139,140,172,173,174,175,176,177,178,179,212,256,257,258,259,260,261,262,318,332,333,334,335,369,370,371,372,373,374,375,376,377,378,379,380,381,382,383,384,427,476,488,489,490,491,492,493,494,495,496,497,498,499,500,501,502,503,504,505,506,535,536,537,538,539,540,541,542,
153;1;5827;5877;1;12,26,69,88,89,131,132,133,134,135,137,138,139,140,172,173,174,175,176,177,178,179,212,256,257,258,259,260,261,262,318,332,333,334,335,369,370,371,372,373,374,375,376,377,378,379,380,381,382,383,384,427,476,488,489,490,491,492,493,494,495,496,497,498,499,500,501,502,503,504,505,506,535,536,537,538,539,540,541,542,
77;0;5877;6045;1;12,26,69,88,89,131,132,133,134,135,137,138,139,140,172,173,174,175,176,177,178,179,212,256,257,258,259,260,261,262,318,332,333,334,335,369,370,371,372,373,374,375,376,377,378,379,380,381,382,383,384,427,476,488,489,490,491,492,493,494,495,496,497,498,499,500,501,502,503,504,505,506,535,536,537,538,539,540,541,542,
77;1;6045;6064;1;12,26,69,88,89,131,132,133,134,135,137,138,139,140,172,173,174,175,176,177,178,179,212,256,257,258,259,260,261,262,318,332,333,334,335,369,370,371,372,373,374,375,376,377,378,379,380,381,382,383,384,427,476,488,489,490,491,492,493,494,495,496,497,498,499,500,501,502,503,504,505,506,535,536,537,538,539,540,541,542,
13;0;6064;6141;1;12,26,69,88,89,131,132,133,134,135,137,138,139,140,172,173,174,175,176,177,178,179,212,256,257,258,259,260,261,262,318,332,333,334,335,369,370,371,372,373,374,375,376,377,378,379,380,381,382,383,384,427,476,488,489,490,491,492,493,494,495,496,497,498,499,500,501,502,503,504,505,506,535,536,537,538,539,540,541,542,
13;1;6141;6247;1;12,26,69,88,89,131,132,133,134,135,137,138,139,140,172,173,174,175,176,177,178,179,212,256,257,258,259,260,261,262,318,332,333,334,335,369,370,371,372,373,374,375,376,377,378,379,380,381,382,383,384,427,476,488,489,490,491,492,493,494,495,496,497,498,499,500,501,502,503,504,505,506,535,536,537,538,539,540,541,542,
214;0;6247;6297;0;12,26,69,88,89,131,132,133,134,135,137,138,139,140,172,173,174,175,176,177,178,179,212,256,257,258,259,260,261,262,318,332,333,334,335,369,370,371,372,373,374,375,376,377,378,379,380,381,382,383,384,427,476,488,489,490,491,492,493,494,495,496,497,498,499,500,501,502,503,504,505,506,535,536,537,538,539,540,541,542,
99;0;6297;6334;0;12,26,69,88,89,131,132,133,134,135,137,138,139,140,172,173,174,175,176,177,178,179,212,256,257,258,259,260,261,262,318,332,333,334,335,369,370,371,372,373,374,375,376,377,378,379,380,381,382,383,384,427,476,488,489,490,491,492,493,494,495,496,497,498,499,500,501,502,503,504,505,506,535,536,537,538,539,540,541,542,
99;1;6334;6426;0;12,26,69,88,89,131,132,133,134,135,137,138,139,140,172,173,174,175,176,177,178,179,212,256,257,258,259,260,261,262,318,332,333,334,335,369,370,371,372,373,374,375,376,377,378,379,380,381,382,383,384,427,476,488,489,490,491,492,493,494,495,496,497,498,499,500,501,502,503,504,505,506,535,536,537,538,539,540,541,542,
165;0;6426;6509;1;12,26,46,47,48,49,69,88,89,131,132,133,134,135,136,137,138,139,140,141,142,143,144,145,146,147,148,149,150,151,152,153,154,155,156,157,158,159,160,161,162,163,164,165,166,167,168,169,170,171,172,212,256,257,258,259,260,261,262,318,369,370,371,372,373,374,375,376,377,378,379,380,381,382,383,384,400,401,402,536,
165;1;6509;6520;1;12,26,46,47,48,49,69,88,89,131,132,133,134,135,136,137,138,139,140,141,142,143,144,145,146,147,148,149,150,151,152,153,154,155,156,157,158,159,160,161,162,163,164,165,166,167,168,169,170,171,172,212,256,257,258,259,260,261,262,318,369,370,371,372,373,374,375,376,377,378,379,380,381,382,383,384,400,401,402,536,
217;0;6520;6680;1;12,26,46,47,48,49,69,88,89,131,132,133,134,135,136,137,138,139,140,141,142,143,144,145,146,147,148,149,150,151,152,153,154,155,156,157,158,159,160,161,162,163,164,165,166,167,168,169,170,171,172,212,256,257,258,259,260,261,262,318,369,370,371,372,373,374,375,376,377,378,379,380,381,382,383,384,400,401,402,536,
217;1;6680;6772;1;12,26,46,47,48,49,69,88,89,131,132,133,134,135,136,137,138,139,140,141,142,143,144,145,146,147,148,149,150,151,152,153,154,155,156,157,158,159,160,161,162,163,164,165,166,167,168,169,170,171,172,212,256,257,258,259,260,261,262,318,369,370,371,372,373,374,375,376,377,378,379,380,381,382,383,384,400,401,402,536,
160;0;6772;6776;1;12,26,46,47,48,49,69,88,89,131,132,133,134,135,136,137,138,139,140,141,142,143,144,145,146,147,148,149,150,151,152,153,154,155,156,157,158,159,160,161,162,163,164,165,166,167,168,169,170,171,172,212,256,257,258,259,260,261,262,318,369,370,371,372,373,374,375,376,377,378,379,380,381,382,383,384,400,401,402,536,
41;0;6776;6869;1;12,26,46,47,48,49,69,88,89,131,132,133,134,135,136,137,138,139,140,141,142,143,144,145,146,147,148,149,150,151,152,153,154,155,156,157,158,159,160,161,162,163,164,165,166,167,168,169,170,171,172,212,256,257,258,259,260,261,262,318,369,370,371,372,373,374,375,376,377,378,379,380,381,382,383,384,400,401,402,536,
41;1;6869;6873;1;12,26,46,47,48,49,69,88,89,131,132,133,134,135,136,137,138,139,140,141,142,143,144,145,146,147,148,149,150,151,152,153,154,155,156,157,158,159,160,161,162,163,164,165,166,167,168,169,170,171,172,212,256,257,258,259,260,261,262,318,369,370,371,372,373,374,375,376,377,378,379,380,381,382,383,384,400,401,402,536,
9;0;6873;6933;1;12,26,46,47,48,49,69,88,89,131,132,133,134,135,136,137,138,139,140,141,142,143,144,145,146,147,148,149,150,151,152,153,154,155,156,157,158,159,160,161,162,163,164,165,166,167,168,169,170,171,172,212,256,257,258,259,260,261,262,318,369,370,371,372,373,374,375,376,377,378,379,380,381,382,383,384,400,401,402,536,
9;1;6933;7007;1;12,26,46,47,48,49,69,88,89,131,132,133,134,135,136,137,138,139,140,141,142,143,144,145,146,147,148,149,150,151,152,153,154,155,156,157,158,159,160,161,162,163,164,165,166,167,168,169,170,171,172,212,256,257,258,259,260,261,262,318,369,370,371,372,373,374,375,376,377,378,379,380,381,382,383,384,400,401,402,536,
17;0;7007;7168;1;12,26,46,47,48,49,69,88,89,131,132,133,134,135,136,137,138,139,140,141,142,143,144,145,146,147,148,149,150,151,152,153,154,155,156,157,158,159,160,161,162,163,164,165,166,167,168,169,170,171,172,212,256,257,258,259,260,261,262,318,369,370,371,372,373,374,375,376,377,378,379,380,381,382,383,384,400,401,402,536,
17;1;7168;7192;1;12,26,46,47,48,49,69,88,89,131,132,133,134,135,136,137,138,139,140,141,142,143,144,145,146,147,148,149,150,151,152,153,154,155,156,157,158,159,160,161,162,163,164,165,166,167,168,169,170,171,172,212,256,257,258,259,260,261,262,318,369,370,371,372,373,374,375,376,377,378,379,380,381,382,383,384,400,401,402,536,
10;0;7192;7226;0;12,26,46,47,48,49,69,88,89,131,132,133,134,135,136,137,138,139,140,141,142,143,144,145,146,147,148,149,150,151,152,153,154,155,156,157,158,159,160,161,162,163,164,165,166,167,168,169,170,171,172,212,256,257,258,259,260,261,262,318,369,370,371,372,373,374,375,376,377,378,379,380,381,382,383,384,400,401,402,536,
220;0;7226;7237;1;12,26,46,47,48,49,69,88,89,131,132,133,134,135,136,137,138,139,140,141,142,143,144,145,146,147,148,149,150,151,152,153,154,155,156,157,158,159,160,161,162,163,164,165,166,167,168,169,170,171,172,212,256,257,258,259,260,261,262,318,369,370,371,372,373,374,375,376,377,378,379,380,381,382,383,384,400,401,402,536,
141;0;7237;7290;1;12,26,46,47,48,49,69,88,89,131,132,133,134,135,136,137,138,139,140,141,142,143,144,145,146,147,148,149,150,151,152,153,154,155,156,157,158,159,160,161,162,163,164,165,166,167,168,169,170,171,172,212,256,257,258,259,260,261,262,318,369,370,371,372,373,374,375,376,377,378,379,380,381,382,383,384,400,401,402,536,
141;1;7290;7364;1;12,26,46,47,48,49,69,88,89,131,132,133,134,135,136,137,138,139,140,141,142,143,144,145,146,147,148,149,150,151,152,153,154,155,156,157,158,159,160,161,162,163,164,165,166,167,168,169,170,171,172,212,256,257,258,259,260,261,262,318,369,370,371,372,373,374,375,376,377,378,379,380,381,382,383,384,400,401,402,536,
64;0;7364;7375;1;12,26,46,47,48,49,69,88,89,131,132,133,134,135,136,137,138,139,140,141,142,143,144,145,146,147,148,149,150,151,152,153,154,155,156,157,158,159,160,161,162,163,164,165,166,167,168,169,170,171,172,212,256,257,258,259,260,261,262,318,369,370,371,372,373,374,375,376,377,378,379,380,381,382,383,384,400,401,402,536,
23;0;7375;7437;0;12,26,46,47,48,49,69,88,89,131,132,133,134,135,136,137,138,139,140,141,142,143,144,145,146,147,148,149,150,151,152,153,154,155,156,157,158,159,160,161,162,163,164,165,166,167,168,169,170,171,172,212,256,257,258,259,260,261,262,318,369,370,371,372,373,374,375,376,377,378,379,380,381,382,383,384,400,401,402,536,
23;1;7437;7478;0;12,26,46,47,48,49,69,88,89,131,132,133,134,135,136,137,138,139,140,141,142,143,144,145,146,147,148,149,150,151,152,153,154,155,156,157,158,159,160,161,162,163,164,165,166,167,168,169,170,171,172,212,256,257,258,259,260,261,262,318,369,370,371,372,373,374,375,376,377,378,379,380,381,382,383,384,400,401,402,536,
149;0;7478;7579;1;12,26,46,47,48,49,69,88,89,131,132,133,134,135,136,137,138,139,140,141,142,143,144,145,146,147,148,149,150,151,152,153,154,155,156,157,158,159,160,161,162,163,164,165,166,167,168,169,170,171,172,212,256,257,258,259,260,261,262,318,369,370,371,372,373,374,375,376,377,378,379,380,381,382,383,384,400,401,402,536,
149;1;7579;7671;1;12,26,46,47,48,49,69,88,89,131,132,133,134,135,136,137,138,139,140,141,142,143,144,145,146,147,148,149,150,151,152,153,154,155,156,157,158,159,160,161,162,163,164,165,166,167,168,169,170,171,172,212,256,257,258,259,260,261,262,318,369,370,371,372,373,374,375,376,377,378,379,380,381,382,383,384,400,401,402,536,
2;0;7671;7682;1;12,26,46,47,48,49,69,88,89,131,132,133,134,135,136,137,138,139,140,141,142,143,144,145,146,147,148,149,150,151,152,153,154,155,156,157,158,159,160,161,162,163,164,165,166,167,168,169,170,171,172,212,256,257,258,259,260,261,262,318,369,370,371,372,373,374,375,376,377,378,379,380,381,382,383,384,400,401,402,536,
133;0;7682;7780;1;12,26,46,47,48,49,55,56,57,58,59,60,61,62,63,64,65,66,67,68,69,88,89,131,132,133,134,135,136,137,166,167,168,169,170,171,212,306,318,369,370,371,372,373,374,375,376,377,378,379,380,381,382,383,384,536,557,558,559,560,561,562,563,564,565,566,567,568,569,570,571,603,604,605,606,607,608,609,610,611,
133;1;7780;7948;1;12,26,46,47,48,49,55,56,57,58,59,60,61,62,63,64,65,66,67,68,69,88,89,131,132,133,134,135,136,137,166,167,168,169,170,171,212,306,318,369,370,371,372,373,374,375,376,377,378,379,380,381,382,383,384,536,557,558,559,560,561,562,563,564,565,566,567,568,569,570,571,603,604,605,606,607,608,609,610,611,
157;0;7948;8031;1;12,26,46,47,48,49,55,56,57,58,59,60,61,62,63,64,65,66,67,68,69,88,89,131,132,133,134,135,136,137,166,167,168,169,170,171,212,306,318,369,370,371,372,373,374,375,376,377,378,379,380,381,382,383,384,536,557,558,559,560,561,562,563,564,565,566,567,568,569,570,571,603,604,605,606,607,608,609,610,611,
157;1;8031;8084;1;12,26,46,47,48,49,55,56,57,58,59,60,61,62,63,64,65,66,67,68,69,88,89,131,132,133,134,135,136,137,166,167,168,169,170,171,212,306,318,369,370,371,372,373,374,375,376,377,378,379,380,381,382,383,384,536,557,558,559,560,561,562,563,564,565,566,567,568,569,570,571,603,604,605,606,607,608,609,610,611,
117;0;8084;8117;1;12,26,46,47,48,49,55,56,57,58,59,60,61,62,63,64,65,66,67,68,69,88,89,131,132,133,134,135,136,137,166,167,168,169,170,171,212,306,318,369,370,371,372,373,374,375,376,377,378,379,380,381,382,383,384,536,557,558,559,560,561,562,563,564,565,566,567,568,569,570,571,603,604,605,606,607,608,609,610,611,
117;1;8117;8128;1;12,26,46,47,48,49,55,56,57,58,59,60,61,62,63,64,65,66,67,68,69,88,89,131,132,133,134,135,136,137,166,167,168,169,170,171,212,306,318,369,370,371,372,373,374,375,376,377,378,379,380,381,382,383,384,536,557,558,559,560,561,562,563,564,565,566,567,568,569,570,571,603,604,605,606,607,608,609,610,611,
104;0;8128;8220;1;12,26,46,47,48,49,55,56,57,58,59,60,61,62,63,64,65,66,67,68,69,88,89,131,132,133,134,135,136,137,166,167,168,169,170,171,212,306,318,369,370,371,372,373,374,375,376,377,378,379,380,381,382,383,384,536,557,558,559,560,561,562,563,564,565,566,567,568,569,570,571,603,604,605,606,607,608,609,610,611,
101;0;8220;8226;1;12,26,46,47,48,49,55,56,57,58,59,60,61,62,63,64,65,66,67,68,69,88,89,131,132,133,134,135,136,137,166,167,168,169,170,171,212,306,318,369,370,371,372,373,374,375,376,377,378,379,380,381,382,383,384,536,557,558,559,560,561,562,563,564,565,566,567,568,569,570,571,603,604,605,606,607,608,609,610,611,
101;1;8226;8243;1;12,26,46,47,48,49,55,56,57,58,59,60,61,62,63,64,65,66,67,68,69,88,89,131,132,133,134,135,136,137,166,167,168,169,170,171,212,306,318,369,370,371,372,373,374,375,376,377,378,379,380,381,382,383,384,536,557,558,559,560,561,562,563,564,565,566,567,568,569,570,571,603,604,605,606,607,608,609,610,611,
237;0;8243;8251;1;12,26,46,47,48,49,55,56,57,58,59,60,61,62,63,64,65,66,67,68,69,88,89,131,132,133,134,135,136,137,166,167,168,169,170,171,212,306,318,369,370,371,372,373,374,375,376,377,378,379,380,381,382,383,384,536,557,558,559,560,561,562,563,564,565,566,567,568,569,570,571,603,604,605,606,607,608,609,610,611,
237;1;8251;8419;1;12,26,46,47,48,49,55,56,57,58,59,60,61,62,63,64,65,66,67,68,69,88,89,131,132,133,134,135,136,137,166,167,168,169,170,171,212,306,318,369,370,371,372,373,374,375,376,377,378,379,380,381,382,383,384,536,557,558,559,560,561,562,563,564,565,566,567,568,569,570,571,603,604,605,606,607,608,609,610,611,
184;0;8419;8566;1;12,26,46,47,48,49,55,56,57,58,59,60,61,62,63,64,65,66,67,68,69,88,89,131,132,133,134,135,136,137,166,167,168,169,170,171,212,306,318,369,370,371,372,373,374,375,376,377,378,379,380,381,382,383,384,536,557,558,559,560,561,562,563,564,565,566,567,568,569,570,571,603,604,605,606,607,608,609,610,611,
143;0;8566;8639;0;12,26,46,47,48,49,55,56,57,58,59,60,61,62,63,64,65,66,67,68,69,88,89,131,132,133,134,135,136,137,166,167,168,169,170,171,212,306,318,369,370,371,372,373,374,375,376,377,378,379,380,381,382,383,384,536,557,558,559,560,561,562,563,564,565,566,567,568,569,570,571,603,604,605,606,607,608,609,610,611,
143;1;8639;8731;0;12,26,46,47,48,49,55,56,57,58,59,60,61,62,63,64,65,66,67,68,69,88,89,131,132,133,134,135,136,137,166,167,168,169,170,171,212,306,318,369,370,371,372,373,374,375,376,377,378,379,380,381,382,383,384,536,557,558,559,560,561,562,563,564,565,566,567,568,569,570,571,603,604,605,606,607,608,609,610,611,
130;0;8731;8784;0;12,26,46,47,48,49,55,56,57,58,59,60,61,62,63,64,65,66,67,68,69,88,89,131,132,133,134,135,136,137,166,167,168,169,170,171,212,306,318,369,370,371,372,373,374,375,376,377,378,379,380,381,382,383,384,536,557,558,559,560,561,562,563,564,565,566,567,568,569,570,571,603,604,605,606,607,608,609,610,611,
71;0;8784;8832;0;12,26,46,47,48,49,55,56,57,58,59,60,61,62,63,64,65,66,67,68,69,88,89,131,132,133,134,135,136,137,166,167,168,169,170,171,212,306,318,369,370,371,372,373,374,375,376,377,378,379,380,381,382,383,384,536,557,558,559,560,561,562,563,564,565,566,567,568,569,570,571,603,604,605,606,607,608,609,610,611,
71;1;8832;8843;0;12,26,46,47,48,49,55,56,57,58,59,60,61,62,63,64,65,66,67,68,69,88,89,131,132,133,134,135,136,137,166,167,168,169,170,171,212,306,318,369,370,371,372,373,374,375,376,377,378,379,380,381,382,383,384,536,557,558,559,560,561,562,563,564,565,566,567,568,569,570,571,603,604,605,606,607,608,609,610,611,
189;0;8843;8920;1;12,26,46,47,48,49,55,56,57,58,59,60,61,62,63,64,65,66,67,68,69,88,89,131,132,133,134,135,136,137,166,167,168,169,170,171,212,306,318,369,370,371,372,373,374,375,376,377,378,379,380,381,382,383,384,536,557,558,559,560,561,562,563,564,565,566,567,568,569,570,571,603,604,605,606,607,608,609,610,611,
189;1;8920;8973;1;12,26,46,47,48,49,55,56,57,58,59,60,61,62,63,64,65,66,67,68,69,88,89,131,132,133,134,135,136,137,166,167,168,169,170,171,212,306,318,369,370,371,372,373,374,375,376,377,378,379,380,381,382,383,384,536,557,558,559,560,561,562,563,564,565,566,567,568,569,570,571,603,604,605,606,607,608,609,610,611,
35;0;8973;9017;0;12,26,46,47,48,49,55,56,57,58,59,60,61,62,63,64,65,66,67,68,69,88,89,131,132,133,134,135,136,137,166,167,168,169,170,171,212,306,318,369,370,371,372,373,374,375,376,377,378,379,380,381,382,383,384,536,557,558,559,560,561,562,563,564,565,566,567,568,569,570,571,603,604,605,606,607,608,609,610,611,
35;1;9017;9109;0;12,26,46,47,48,49,55,56,57,58,59,60,61,62,63,64,65,66,67,68,69,88,89,131,132,133,134,135,136,137,166,167,168,169,170,171,212,306,318,369,370,371,372,373,374,375,376,377,378,379,380,381,382,383,384,536,557,558,559,560,561,562,563,564,565,566,567,568,569,570,571,603,604,605,606,607,608,609,610,611,
146;0;9109;9143;0;12,26,46,47,48,49,55,56,57,58,59,60,61,62,63,64,65,66,67,68,69,88,89,131,132,133,134,135,136,137,166,167,168,169,170,171,212,306,318,369,370,371,372,373,374,375,376,377,378,379,380,381,382,383,384,536,557,558,559,560,561,562,563,564,565,566,567,568,569,570,571,603,604,605,606,607,608,609,610,611,
5;0;9143;9229;1;19,20,21,22,23,24,25,26,27,28,29,30,31,32,33,34,35,36,37,38,39,40,41,42,43,44,45,46,47,48,49,55,56,57,58,59,60,61,62,63,64,65,66,67,68,69,88,89,166,167,168,169,170,171,212,306,381,382,383,536,557,558,559,560,561,562,563,564,565,566,567,568,569,570,571,603,604,605,606,607,
5;1;9229;9376;1;19,20,21,22,23,24,25,26,27,28,29,30,31,32,33,34,35,36,37,38,39,40,41,42,43,44,45,46,47,48,49,55,56,57,58,59,60,61,62,63,64,65,66,67,68,69,88,89,166,167,168,169,170,171,212,306,381,382,383,536,557,558,559,560,561,562,563,564,565,566,567,568,569,570,571,603,604,605,606,607,
182;0;9376;9429;0;19,20,21,22,23,24,25,26,27,28,29,30,31,32,33,34,35,36,37,38,39,40,41,42,43,44,45,46,47,48,49,55,56,57,58,59,60,61,62,63,64,65,66,67,68,69,88,89,166,167,168,169,170,171,212,306,381,382,383,536,557,558,559,560,561,562,563,564,565,566,567,568,569,570,571,603,604,605,606,607,
19;0;9429;9530;0;19,20,21,22,23,24,25,26,27,28,29,30,31,32,33,34,35,36,37,38,39,40,41,42,43,44,45,46,47,48,49,55,56,57,58,59,60,61,62,63,64,65,66,67,68,69,88,89,166,167,168,169,170,171,212,306,381,382,383,536,557,558,559,560,561,562,563,564,565,566,567,568,569,570,571,603,604,605,606,607,
19;1;9530;9541;0;19,20,21,22,23,24,25,26,27,28,29,30,31,32,33,34,35,36,37,38,39,40,41,42,43,44,45,46,47,48,49,55,56,57,58,59,60,61,62,63,64,65,66,67,68,69,88,89,166,167,168,169,170,171,212,306,381,382,383,536,557,558,559,560,561,562,563,564,565,566,567,568,569,570,571,603,604,605,606,607,
232;0;9541;9580;1;19,20,21,22,23,24,25,26,27,28,29,30,31,32,33,34,35,36,37,38,39,40,41,42,43,44,45,46,47,48,49,55,56,57,58,59,60,61,62,63,64,65,66,67,68,69,88,89,166,167,168,169,170,171,212,306,381,382,383,536,557,558,559,560,561,562,563,564,565,566,567,568,569,570,571,603,604,605,606,607,
114;0;9580;9619;0;19,20,21,22,23,24,25,26,27,28,29,30,31,32,33,34,35,36,37,38,39,40,41,42,43,44,45,46,47,48,49,55,56,57,58,59,60,61,62,63,64,65,66,67,68,69,88,89,166,167,168,169,170,171,212,306,381,382,383,536,557,558,559,560,561,562,563,564,565,566,567,568,569,570,571,603,604,605,606,607,
147;0;9619;9696;0;19,20,21,22,23,24,25,26,27,28,29,30,31,32,33,34,35,36,37,38,39,40,41,42,43,44,45,46,47,48,49,55,56,57,58,59,60,61,62,63,64,65,66,67,68,69,88,89,166,167,168,169,170,171,212,306,381,382,383,536,557,558,559,560,561,562,563,564,565,566,567,568,569,570,571,603,604,605,606,607,
147;1;9696;9730;0;19,20,21,22,23,24,25,26,27,28,29,30,31,32,33,34,35,36,37,38,39,40,41,42,43,44,45,46,47,48,49,55,56,57,58,59,60,61,62,63,64,65,66,67,68,69,88,89,166,167,168,169,170,171,212,306,381,382,383,536,557,558,559,560,561,562,563,564,565,566,567,568,569,570,571,603,604,605,606,607,
245;0;9730;9766;1;19,20,21,22,23,24,25,26,27,28,29,30,31,32,33,34,35,36,37,38,39,40,41,42,43,44,45,46,47,48,49,55,56,57,58,59,60,61,62,63,64,65,66,67,68,69,88,89,166,167,168,169,170,171,212,306,381,382,383,536,557,558,559,560,561,562,563,564,565,566,567,568,569,570,571,603,604,605,606,607,
245;1;9766;9783;1;19,20,21,22,23,24,25,26,27,28,29,30,31,32,33,34,35,36,37,38,39,40,41,42,43,44,45,46,47,48,49,55,56,57,58,59,60,61,62,63,64,65,66,67,68,69,88,89,166,167,168,169,170,171,212,306,381,382,383,536,557,558,559,560,561,562,563,564,565,566,567,568,569,570,571,603,604,605,606,607,
195;0;9783;9898;0;19,20,21,22,23,24,25,26,27,28,29,30,31,32,33,34,35,36,37,38,39,40,41,42,43,44,45,46,47,48,49,55,56,57,58,59,60,61,62,63,64,65,66,67,68,69,88,89,166,167,168,169,170,171,212,306,381,382,383,536,557,558,559,560,561,562,563,564,565,566,567,568,569,570,571,603,604,605,606,607,
195;1;9898;9951;0;19,20,21,22,23,24,25,26,27,28,29,30,31,32,33,34,35,36,37,38,39,40,41,42,43,44,45,46,47,48,49,55,56,57,58,59,60,61,62,63,64,65,66,67,68,69,88,89,166,167,168,169,170,171,212,306,381,382,383,536,557,558,559,560,561,562,563,564,565,566,567,568,569,570,571,603,604,605,606,607,
175;0;9951;10001;0;19,20,21,22,23,24,25,26,27,28,29,30,31,32,33,34,35,36,37,38,39,40,41,42,43,44,45,46,47,48,49,55,56,57,58,59,60,61,62,63,64,65,66,67,68,69,88,89,166,167,168,169,170,171,212,306,381,382,383,536,557,558,559,560,561,562,563,564,565,566,567,568,569,570,571,603,604,605,606,607,
175;1;10001;10040;0;19,20,21,22,23,24,25,26,27,28,29,30,31,32,33,34,35,36,37,38,39,40,41,42,43,44,45,46,47,48,49,55,56,57,58,59,60,61,62,63,64,65,66,67,68,69,88,89,166,167,168,169,170,171,212,306,381,382,383,536,557,558,559,560,561,562,563,564,565,566,567,568,569,570,571,603,604,605,606,607,
END
fineshedJobsCount: 256
switchs: 390
switchsInstances: 10
unfineshedPriorityCount: 13
totalUnfineshed: 120
criticalMachineSwitchs: 182
criticalMachineTime: 10063
Final Solution: 6800
Time: 384326
PTL: 465
MCMC: 37
Best Initial: 1582
Mean Initial: 1066.82
