./input/BaseInstances/2M1_n=130,r=0.5,t=224,v0.txt;./input/Processed/ToolSetInt.csv
7;720;1440
Machine: 0
0;0;0;34;1;0,1,2,3,4,5,6,7,24,25,26,27,28,29,32,33,36,37,93,94,95,96,97,98,99,100,101,102,103,104,105,108,109,110,111,112,113,114,115,116,117,118,119,120,121,122,123,124,125,126,127,128,129,130,131,132,133,135,175,178,179,205,206,207,208,209,210,211,212,213,214,215,216,217,218,219,220,221,222,223,
0;1;34;102;1;0,1,2,3,4,5,6,7,24,25,26,27,28,29,32,33,36,37,93,94,95,96,97,98,99,100,101,102,103,104,105,108,109,110,111,112,113,114,115,116,117,118,119,120,121,122,123,124,125,126,127,128,129,130,131,132,133,135,175,178,179,205,206,207,208,209,210,211,212,213,214,215,216,217,218,219,220,221,222,223,
64;0;102;113;1;0,1,2,3,4,5,6,7,24,25,26,27,28,29,32,33,36,37,93,94,95,96,97,98,99,100,101,102,103,104,105,108,109,110,111,112,113,114,115,116,117,118,119,120,121,122,123,124,125,126,127,128,129,130,131,132,133,135,175,178,179,205,206,207,208,209,210,211,212,213,214,215,216,217,218,219,220,221,222,223,
69;0;113;192;1;0,1,2,3,4,5,6,7,24,25,26,27,28,29,32,33,36,37,93,94,95,96,97,98,99,100,101,102,103,104,105,108,109,110,111,112,113,114,115,116,117,118,119,120,121,122,123,124,125,126,127,128,129,130,131,132,133,135,175,178,179,205,206,207,208,209,210,211,212,213,214,215,216,217,218,219,220,221,222,223,
69;1;192;350;1;0,1,2,3,4,5,6,7,24,25,26,27,28,29,32,33,36,37,93,94,95,96,97,98,99,100,101,102,103,104,105,108,109,110,111,112,113,114,115,116,117,118,119,120,121,122,123,124,125,126,127,128,129,130,131,132,133,135,175,178,179,205,206,207,208,209,210,211,212,213,214,215,216,217,218,219,220,221,222,223,
55;0;350;455;0;0,1,2,3,4,5,6,7,24,25,26,27,28,29,32,33,36,37,93,94,95,96,97,98,99,100,101,102,103,104,105,108,109,110,111,112,113,114,115,116,117,118,119,120,121,122,123,124,125,126,127,128,129,130,131,132,133,135,175,178,179,205,206,207,208,209,210,211,212,213,214,215,216,217,218,219,220,221,222,223,
55;1;455;577;0;0,1,2,3,4,5,6,7,24,25,26,27,28,29,32,33,36,37,93,94,95,96,97,98,99,100,101,102,103,104,105,108,109,110,111,112,113,114,115,116,117,118,119,120,121,122,123,124,125,126,127,128,129,130,131,132,133,135,175,178,179,205,206,207,208,209,210,211,212,213,214,215,216,217,218,219,220,221,222,223,
37;0;577;605;1;0,1,2,3,4,5,6,7,24,25,26,27,28,29,32,33,36,37,93,94,95,96,97,98,99,100,101,102,103,104,105,108,109,110,111,112,113,114,115,116,117,118,119,120,121,122,123,124,125,126,127,128,129,130,131,132,133,135,175,178,179,205,206,207,208,209,210,211,212,213,214,215,216,217,218,219,220,221,222,223,
37;1;605;621;1;0,1,2,3,4,5,6,7,24,25,26,27,28,29,32,33,36,37,93,94,95,96,97,98,99,100,101,102,103,104,105,108,109,110,111,112,113,114,115,116,117,118,119,120,121,122,123,124,125,126,127,128,129,130,131,132,133,135,175,178,179,205,206,207,208,209,210,211,212,213,214,215,216,217,218,219,220,221,222,223,
6;0;621;771;0;0,1,2,3,4,5,6,7,24,25,26,27,28,29,32,33,36,37,93,94,95,96,97,98,99,100,101,102,103,104,105,108,109,110,111,112,113,114,115,116,117,118,119,120,121,122,123,124,125,126,127,128,129,130,131,132,133,135,175,178,179,205,206,207,208,209,210,211,212,213,214,215,216,217,218,219,220,221,222,223,
81;0;771;810;1;0,1,2,3,4,5,6,7,24,25,26,27,28,29,32,33,36,37,93,94,95,96,97,98,99,100,101,102,103,104,105,108,109,110,111,112,113,114,115,116,117,118,119,120,121,122,123,124,125,126,127,128,129,130,131,132,133,135,175,178,179,205,206,207,208,209,210,211,212,213,214,215,216,217,218,219,220,221,222,223,
81;1;810;962;1;0,1,2,3,4,5,6,7,24,25,26,27,28,29,32,33,36,37,93,94,95,96,97,98,99,100,101,102,103,104,105,108,109,110,111,112,113,114,115,116,117,118,119,120,121,122,123,124,125,126,127,128,129,130,131,132,133,135,175,178,179,205,206,207,208,209,210,211,212,213,214,215,216,217,218,219,220,221,222,223,
25;0;962;1087;1;0,1,2,3,4,5,6,7,24,25,26,27,28,29,32,33,36,37,93,94,95,96,97,98,99,100,101,102,103,104,105,108,109,110,111,112,113,114,115,116,117,118,119,120,121,122,123,124,125,126,127,128,129,130,131,132,133,135,175,178,179,205,206,207,208,209,210,211,212,213,214,215,216,217,218,219,220,221,222,223,
25;1;1087;1217;1;0,1,2,3,4,5,6,7,24,25,26,27,28,29,32,33,36,37,93,94,95,96,97,98,99,100,101,102,103,104,105,108,109,110,111,112,113,114,115,116,117,118,119,120,121,122,123,124,125,126,127,128,129,130,131,132,133,135,175,178,179,205,206,207,208,209,210,211,212,213,214,215,216,217,218,219,220,221,222,223,
29;0;1217;1331;1;0,1,2,3,4,5,6,7,24,25,26,27,28,29,32,33,36,37,93,94,95,96,97,98,99,100,101,102,103,104,105,108,109,110,111,112,113,114,115,116,117,118,119,120,121,122,123,124,125,126,127,128,129,130,131,132,133,135,175,178,179,205,206,207,208,209,210,211,212,213,214,215,216,217,218,219,220,221,222,223,
29;1;1331;1496;1;0,1,2,3,4,5,6,7,24,25,26,27,28,29,32,33,36,37,93,94,95,96,97,98,99,100,101,102,103,104,105,108,109,110,111,112,113,114,115,116,117,118,119,120,121,122,123,124,125,126,127,128,129,130,131,132,133,135,175,178,179,205,206,207,208,209,210,211,212,213,214,215,216,217,218,219,220,221,222,223,
68;0;1496;1656;1;0,1,2,3,4,5,6,7,24,25,26,27,28,29,32,33,36,37,93,94,95,96,97,98,99,100,101,102,103,104,105,108,109,110,111,112,113,114,115,116,117,118,119,120,121,122,123,124,125,126,127,128,129,130,131,132,133,135,175,178,179,205,206,207,208,209,210,211,212,213,214,215,216,217,218,219,220,221,222,223,
22;0;1656;1786;0;0,1,2,3,4,5,6,7,24,25,26,27,28,29,32,33,36,37,93,94,95,96,97,98,99,100,101,102,103,104,105,108,109,110,111,112,113,114,115,116,117,118,119,120,121,122,123,124,125,126,127,128,129,130,131,132,133,135,175,178,179,205,206,207,208,209,210,211,212,213,214,215,216,217,218,219,220,221,222,223,
19;0;1786;1950;0;0,1,2,3,4,5,6,7,24,25,26,27,28,29,32,33,36,37,93,94,95,96,97,98,99,100,101,102,103,104,105,108,109,110,111,112,113,114,115,116,117,118,119,120,121,122,123,124,125,126,127,128,129,130,131,132,133,135,175,178,179,205,206,207,208,209,210,211,212,213,214,215,216,217,218,219,220,221,222,223,
19;1;1950;1961;0;0,1,2,3,4,5,6,7,24,25,26,27,28,29,32,33,36,37,93,94,95,96,97,98,99,100,101,102,103,104,105,108,109,110,111,112,113,114,115,116,117,118,119,120,121,122,123,124,125,126,127,128,129,130,131,132,133,135,175,178,179,205,206,207,208,209,210,211,212,213,214,215,216,217,218,219,220,221,222,223,
62;0;1961;2095;0;0,1,2,3,4,5,6,7,24,25,26,27,28,29,32,33,36,37,93,94,95,96,97,98,99,100,101,102,103,104,105,108,109,110,111,112,113,114,115,116,117,118,119,120,121,122,123,124,125,126,127,128,129,130,131,132,133,135,175,178,179,205,206,207,208,209,210,211,212,213,214,215,216,217,218,219,220,221,222,223,
4;0;2095;2225;1;0,1,2,3,4,5,6,7,24,25,26,27,28,29,32,33,36,37,93,94,95,96,97,98,99,100,101,102,103,104,105,108,109,110,111,112,113,114,115,116,117,118,119,120,121,122,123,124,125,126,127,128,129,130,131,132,133,135,175,178,179,205,206,207,208,209,210,211,212,213,214,215,216,217,218,219,220,221,222,223,
31;0;2225;2401;0;0,1,2,3,4,5,6,7,24,25,26,27,28,29,32,33,36,37,93,94,95,96,97,98,99,100,101,102,103,104,105,108,109,110,111,112,113,114,115,116,117,118,119,120,121,122,123,124,125,126,127,128,129,130,131,132,133,135,175,178,179,205,206,207,208,209,210,211,212,213,214,215,216,217,218,219,220,221,222,223,
31;1;2401;2429;0;0,1,2,3,4,5,6,7,24,25,26,27,28,29,32,33,36,37,93,94,95,96,97,98,99,100,101,102,103,104,105,108,109,110,111,112,113,114,115,116,117,118,119,120,121,122,123,124,125,126,127,128,129,130,131,132,133,135,175,178,179,205,206,207,208,209,210,211,212,213,214,215,216,217,218,219,220,221,222,223,
77;0;2429;2589;1;0,1,2,3,4,5,6,7,24,25,26,27,28,29,32,33,36,37,93,94,95,96,97,98,99,100,101,102,103,104,105,108,109,110,111,112,113,114,115,116,117,118,119,120,121,122,123,124,125,126,127,128,129,130,131,132,133,135,175,178,179,205,206,207,208,209,210,211,212,213,214,215,216,217,218,219,220,221,222,223,
77;1;2589;2608;1;0,1,2,3,4,5,6,7,24,25,26,27,28,29,32,33,36,37,93,94,95,96,97,98,99,100,101,102,103,104,105,108,109,110,111,112,113,114,115,116,117,118,119,120,121,122,123,124,125,126,127,128,129,130,131,132,133,135,175,178,179,205,206,207,208,209,210,211,212,213,214,215,216,217,218,219,220,221,222,223,
54;0;2608;2773;0;0,1,2,3,4,5,6,7,24,25,26,27,28,29,32,33,36,37,93,94,95,96,97,98,99,100,101,102,103,104,105,108,109,110,111,112,113,114,115,116,117,118,119,120,121,122,123,124,125,126,127,128,129,130,131,132,133,135,175,178,179,205,206,207,208,209,210,211,212,213,214,215,216,217,218,219,220,221,222,223,
27;0;2773;2837;0;0,1,2,3,4,5,6,7,24,25,26,27,28,29,32,33,36,37,93,94,95,96,97,98,99,100,101,102,103,104,105,108,109,110,111,112,113,114,115,116,117,118,119,120,121,122,123,124,125,126,127,128,129,130,131,132,133,135,175,178,179,205,206,207,208,209,210,211,212,213,214,215,216,217,218,219,220,221,222,223,
27;1;2837;3011;0;0,1,2,3,4,5,6,7,24,25,26,27,28,29,32,33,36,37,93,94,95,96,97,98,99,100,101,102,103,104,105,108,109,110,111,112,113,114,115,116,117,118,119,120,121,122,123,124,125,126,127,128,129,130,131,132,133,135,175,178,179,205,206,207,208,209,210,211,212,213,214,215,216,217,218,219,220,221,222,223,
71;0;3011;3179;0;0,1,2,3,4,5,6,7,24,25,26,27,28,29,32,33,36,37,93,94,95,96,97,98,99,100,101,102,103,104,105,108,109,110,111,112,113,114,115,116,117,118,119,120,121,122,123,124,125,126,127,128,129,130,131,132,133,135,175,178,179,205,206,207,208,209,210,211,212,213,214,215,216,217,218,219,220,221,222,223,
71;1;3179;3190;0;0,1,2,3,4,5,6,7,24,25,26,27,28,29,32,33,36,37,93,94,95,96,97,98,99,100,101,102,103,104,105,108,109,110,111,112,113,114,115,116,117,118,119,120,121,122,123,124,125,126,127,128,129,130,131,132,133,135,175,178,179,205,206,207,208,209,210,211,212,213,214,215,216,217,218,219,220,221,222,223,
44;0;3190;3320;1;0,1,2,3,4,5,6,7,24,25,26,27,28,29,32,33,36,37,93,94,95,96,97,98,99,100,101,102,103,104,105,108,109,110,111,112,113,114,115,116,117,118,119,120,121,122,123,124,125,126,127,128,129,130,131,132,133,135,175,178,179,205,206,207,208,209,210,211,212,213,214,215,216,217,218,219,220,221,222,223,
26;0;3320;3480;0;0,1,2,3,4,5,6,7,24,25,26,27,28,29,32,33,36,37,93,94,95,96,97,98,99,100,101,102,103,104,105,108,109,110,111,112,113,114,115,116,117,118,119,120,121,122,123,124,125,126,127,128,129,130,131,132,133,135,175,178,179,205,206,207,208,209,210,211,212,213,214,215,216,217,218,219,220,221,222,223,
53;0;3480;3512;1;0,1,2,3,4,5,6,7,24,25,26,27,28,29,32,33,36,37,93,94,95,96,97,98,99,100,101,102,103,104,105,108,109,110,111,112,113,114,115,116,117,118,119,120,121,122,123,124,125,126,127,128,129,130,131,132,133,135,175,178,179,205,206,207,208,209,210,211,212,213,214,215,216,217,218,219,220,221,222,223,
53;1;3512;3672;1;0,1,2,3,4,5,6,7,24,25,26,27,28,29,32,33,36,37,93,94,95,96,97,98,99,100,101,102,103,104,105,108,109,110,111,112,113,114,115,116,117,118,119,120,121,122,123,124,125,126,127,128,129,130,131,132,133,135,175,178,179,205,206,207,208,209,210,211,212,213,214,215,216,217,218,219,220,221,222,223,
83;0;3672;3738;0;0,1,2,3,4,5,6,7,24,25,26,27,28,29,32,33,36,37,93,94,95,96,97,98,99,100,101,102,103,104,105,108,109,110,111,112,113,114,115,116,117,118,119,120,121,122,123,124,125,126,127,128,129,130,131,132,133,135,175,178,179,205,206,207,208,209,210,211,212,213,214,215,216,217,218,219,220,221,222,223,
83;1;3738;3792;0;0,1,2,3,4,5,6,7,24,25,26,27,28,29,32,33,36,37,93,94,95,96,97,98,99,100,101,102,103,104,105,108,109,110,111,112,113,114,115,116,117,118,119,120,121,122,123,124,125,126,127,128,129,130,131,132,133,135,175,178,179,205,206,207,208,209,210,211,212,213,214,215,216,217,218,219,220,221,222,223,
3;0;3792;3872;0;0,1,2,3,4,5,6,7,24,25,26,27,28,29,32,33,36,37,93,94,95,96,97,98,99,100,101,102,103,104,105,108,109,110,111,112,113,114,115,116,117,118,119,120,121,122,123,124,125,126,127,128,129,130,131,132,133,135,175,178,179,205,206,207,208,209,210,211,212,213,214,215,216,217,218,219,220,221,222,223,
3;1;3872;3900;0;0,1,2,3,4,5,6,7,24,25,26,27,28,29,32,33,36,37,93,94,95,96,97,98,99,100,101,102,103,104,105,108,109,110,111,112,113,114,115,116,117,118,119,120,121,122,123,124,125,126,127,128,129,130,131,132,133,135,175,178,179,205,206,207,208,209,210,211,212,213,214,215,216,217,218,219,220,221,222,223,
60;0;3900;4006;1;0,1,2,3,4,5,6,7,24,25,26,27,28,29,32,33,36,37,93,94,95,96,97,98,99,100,101,102,103,104,105,108,109,110,111,112,113,114,115,116,117,118,119,120,121,122,123,124,125,126,127,128,129,130,131,132,133,135,175,178,179,205,206,207,208,209,210,211,212,213,214,215,216,217,218,219,220,221,222,223,
36;0;4006;4166;1;0,1,2,3,4,5,6,7,24,25,26,27,28,29,32,33,36,37,93,94,95,96,97,98,99,100,101,102,103,104,105,108,109,110,111,112,113,114,115,116,117,118,119,120,121,122,123,124,125,126,127,128,129,130,131,132,133,135,175,178,179,205,206,207,208,209,210,211,212,213,214,215,216,217,218,219,220,221,222,223,
38;0;4166;4324;0;0,1,2,3,4,5,6,7,24,25,26,27,28,29,32,33,36,37,93,94,95,96,97,98,99,100,101,102,103,104,105,108,109,110,111,112,113,114,115,116,117,118,119,120,121,122,123,124,125,126,127,128,129,130,131,132,133,135,175,178,179,205,206,207,208,209,210,211,212,213,214,215,216,217,218,219,220,221,222,223,
2;0;4324;4335;1;0,1,2,3,4,5,6,7,24,25,26,27,28,29,32,33,36,37,93,94,95,96,97,98,99,100,101,102,103,104,105,108,109,110,111,112,113,114,115,116,117,118,119,120,121,122,123,124,125,126,127,128,129,130,131,132,133,135,175,178,179,205,206,207,208,209,210,211,212,213,214,215,216,217,218,219,220,221,222,223,
56;0;4335;4469;1;0,1,2,3,4,5,6,7,24,25,26,27,28,29,32,33,36,37,93,94,95,96,97,98,99,100,101,102,103,104,105,108,109,110,111,112,113,114,115,116,117,118,119,120,121,122,123,124,125,126,127,128,129,130,131,132,133,135,175,178,179,205,206,207,208,209,210,211,212,213,214,215,216,217,218,219,220,221,222,223,
65;0;4469;4559;1;0,1,2,3,4,5,6,7,24,25,26,27,28,29,32,33,36,37,93,94,95,96,97,98,99,100,101,102,103,104,105,108,109,110,111,112,113,114,115,116,117,118,119,120,121,122,123,124,125,126,127,128,129,130,131,132,133,135,175,178,179,205,206,207,208,209,210,211,212,213,214,215,216,217,218,219,220,221,222,223,
65;1;4559;4676;1;0,1,2,3,4,5,6,7,24,25,26,27,28,29,32,33,36,37,93,94,95,96,97,98,99,100,101,102,103,104,105,108,109,110,111,112,113,114,115,116,117,118,119,120,121,122,123,124,125,126,127,128,129,130,131,132,133,135,175,178,179,205,206,207,208,209,210,211,212,213,214,215,216,217,218,219,220,221,222,223,
11;0;4676;4706;0;0,1,2,3,4,5,6,7,24,25,26,27,28,29,32,33,36,37,93,94,95,96,97,98,99,100,101,102,103,104,105,108,109,110,111,112,113,114,115,116,117,118,119,120,121,122,123,124,125,126,127,128,129,130,131,132,133,135,175,178,179,205,206,207,208,209,210,211,212,213,214,215,216,217,218,219,220,221,222,223,
11;1;4706;4812;0;0,1,2,3,4,5,6,7,24,25,26,27,28,29,32,33,36,37,93,94,95,96,97,98,99,100,101,102,103,104,105,108,109,110,111,112,113,114,115,116,117,118,119,120,121,122,123,124,125,126,127,128,129,130,131,132,133,135,175,178,179,205,206,207,208,209,210,211,212,213,214,215,216,217,218,219,220,221,222,223,
80;0;4812;4828;1;0,1,2,3,4,5,6,7,24,25,26,27,28,29,32,33,36,37,93,94,95,96,97,98,99,100,101,102,103,104,105,108,109,110,111,112,113,114,115,116,117,118,119,120,121,122,123,124,125,126,127,128,129,130,131,132,133,135,175,178,179,205,206,207,208,209,210,211,212,213,214,215,216,217,218,219,220,221,222,223,
20;0;4828;4950;1;0,1,2,3,4,5,6,7,24,25,26,27,28,29,32,33,36,37,93,94,95,96,97,98,99,100,101,102,103,104,105,108,109,110,111,112,113,114,115,116,117,118,119,120,121,122,123,124,125,126,127,128,129,130,131,132,133,135,175,178,179,205,206,207,208,209,210,211,212,213,214,215,216,217,218,219,220,221,222,223,
82;0;4950;5102;0;0,1,2,3,4,5,6,7,24,25,26,27,28,29,32,33,36,37,93,94,95,96,97,98,99,100,101,102,103,104,105,108,109,110,111,112,113,114,115,116,117,118,119,120,121,122,123,124,125,126,127,128,129,130,131,132,133,135,175,178,179,205,206,207,208,209,210,211,212,213,214,215,216,217,218,219,220,221,222,223,
45;0;5102;5124;1;0,1,2,3,4,5,6,7,24,25,26,27,28,29,32,33,36,37,93,94,95,96,97,98,99,100,101,102,103,104,105,108,109,110,111,112,113,114,115,116,117,118,119,120,121,122,123,124,125,126,127,128,129,130,131,132,133,135,175,178,179,205,206,207,208,209,210,211,212,213,214,215,216,217,218,219,220,221,222,223,
45;1;5124;5237;1;0,1,2,3,4,5,6,7,24,25,26,27,28,29,32,33,36,37,93,94,95,96,97,98,99,100,101,102,103,104,105,108,109,110,111,112,113,114,115,116,117,118,119,120,121,122,123,124,125,126,127,128,129,130,131,132,133,135,175,178,179,205,206,207,208,209,210,211,212,213,214,215,216,217,218,219,220,221,222,223,
16;0;5237;5262;1;0,1,2,3,4,5,6,7,24,25,26,27,28,29,32,33,36,37,93,94,95,96,97,98,99,100,101,102,103,104,105,108,109,110,111,112,113,114,115,116,117,118,119,120,121,122,123,124,125,126,127,128,129,130,131,132,133,135,175,178,179,205,206,207,208,209,210,211,212,213,214,215,216,217,218,219,220,221,222,223,
33;0;5262;5322;1;0,1,2,3,4,5,6,7,24,25,26,27,28,29,32,33,36,37,93,94,95,96,97,98,99,100,101,102,103,104,105,108,109,110,111,112,113,114,115,116,117,118,119,120,121,122,123,124,125,126,127,128,129,130,131,132,133,135,175,178,179,205,206,207,208,209,210,211,212,213,214,215,216,217,218,219,220,221,222,223,
33;1;5322;5338;1;0,1,2,3,4,5,6,7,24,25,26,27,28,29,32,33,36,37,93,94,95,96,97,98,99,100,101,102,103,104,105,108,109,110,111,112,113,114,115,116,117,118,119,120,121,122,123,124,125,126,127,128,129,130,131,132,133,135,175,178,179,205,206,207,208,209,210,211,212,213,214,215,216,217,218,219,220,221,222,223,
40;0;5338;5451;1;0,1,2,3,4,5,6,7,24,25,26,27,28,29,32,33,36,37,93,94,95,96,97,98,99,100,101,102,103,104,105,108,109,110,111,112,113,114,115,116,117,118,119,120,121,122,123,124,125,126,127,128,129,130,131,132,133,135,175,178,179,205,206,207,208,209,210,211,212,213,214,215,216,217,218,219,220,221,222,223,
39;0;5451;5530;0;0,1,2,3,4,5,6,7,24,25,26,27,28,29,32,33,36,37,93,94,95,96,97,98,99,100,101,102,103,104,105,108,109,110,111,112,113,114,115,116,117,118,119,120,121,122,123,124,125,126,127,128,129,130,131,132,133,135,175,178,179,205,206,207,208,209,210,211,212,213,214,215,216,217,218,219,220,221,222,223,
39;1;5530;5688;0;0,1,2,3,4,5,6,7,24,25,26,27,28,29,32,33,36,37,93,94,95,96,97,98,99,100,101,102,103,104,105,108,109,110,111,112,113,114,115,116,117,118,119,120,121,122,123,124,125,126,127,128,129,130,131,132,133,135,175,178,179,205,206,207,208,209,210,211,212,213,214,215,216,217,218,219,220,221,222,223,
52;0;5688;5846;1;0,1,2,3,4,5,6,7,24,25,26,27,28,29,32,33,36,37,93,94,95,96,97,98,99,100,101,102,103,104,105,108,109,110,111,112,113,114,115,116,117,118,119,120,121,122,123,124,125,126,127,128,129,130,131,132,133,135,175,178,179,205,206,207,208,209,210,211,212,213,214,215,216,217,218,219,220,221,222,223,
28;0;5846;5874;1;0,1,2,3,4,5,6,7,24,25,26,27,28,29,32,33,36,37,93,94,95,96,97,98,99,100,101,102,103,104,105,108,109,110,111,112,113,114,115,116,117,118,119,120,121,122,123,124,125,126,127,128,129,130,131,132,133,135,175,178,179,205,206,207,208,209,210,211,212,213,214,215,216,217,218,219,220,221,222,223,
8;0;5874;5980;1;0,1,2,3,4,5,6,7,24,25,26,27,28,29,32,33,36,37,93,94,95,96,97,98,99,100,101,102,103,104,105,108,109,110,111,112,113,114,115,116,117,118,119,120,121,122,123,124,125,126,127,128,129,130,131,132,133,135,175,178,179,205,206,207,208,209,210,211,212,213,214,215,216,217,218,219,220,221,222,223,
66;0;5980;6097;0;0,1,2,3,4,5,6,7,24,25,26,27,28,29,32,33,36,37,93,94,95,96,97,98,99,100,101,102,103,104,105,108,109,110,111,112,113,114,115,116,117,118,119,120,121,122,123,124,125,126,127,128,129,130,131,132,133,135,175,178,179,205,206,207,208,209,210,211,212,213,214,215,216,217,218,219,220,221,222,223,
Machine: 1
49;0;0;27;1;0,8,9,30,31,34,35,38,39,40,63,64,65,66,67,68,69,70,71,72,73,74,75,76,77,78,79,80,81,82,83,84,85,86,87,88,89,90,91,92,106,107,134,136,137,138,139,140,141,142,143,144,145,146,147,180,181,182,183,184,185,186,187,188,189,190,191,192,193,194,195,196,197,198,199,200,201,202,203,204,
49;1;27;31;1;0,8,9,30,31,34,35,38,39,40,63,64,65,66,67,68,69,70,71,72,73,74,75,76,77,78,79,80,81,82,83,84,85,86,87,88,89,90,91,92,106,107,134,136,137,138,139,140,141,142,143,144,145,146,147,180,181,182,183,184,185,186,187,188,189,190,191,192,193,194,195,196,197,198,199,200,201,202,203,204,
57;0;31;106;1;0,8,9,30,31,34,35,38,39,40,63,64,65,66,67,68,69,70,71,72,73,74,75,76,77,78,79,80,81,82,83,84,85,86,87,88,89,90,91,92,106,107,134,136,137,138,139,140,141,142,143,144,145,146,147,180,181,182,183,184,185,186,187,188,189,190,191,192,193,194,195,196,197,198,199,200,201,202,203,204,
57;1;106;207;1;0,8,9,30,31,34,35,38,39,40,63,64,65,66,67,68,69,70,71,72,73,74,75,76,77,78,79,80,81,82,83,84,85,86,87,88,89,90,91,92,106,107,134,136,137,138,139,140,141,142,143,144,145,146,147,180,181,182,183,184,185,186,187,188,189,190,191,192,193,194,195,196,197,198,199,200,201,202,203,204,
72;0;207;345;1;0,8,9,30,31,34,35,38,39,40,63,64,65,66,67,68,69,70,71,72,73,74,75,76,77,78,79,80,81,82,83,84,85,86,87,88,89,90,91,92,106,107,134,136,137,138,139,140,141,142,143,144,145,146,147,180,181,182,183,184,185,186,187,188,189,190,191,192,193,194,195,196,197,198,199,200,201,202,203,204,
21;0;345;496;1;0,8,9,30,31,34,35,38,39,40,63,64,65,66,67,68,69,70,71,72,73,74,75,76,77,78,79,80,81,82,83,84,85,86,87,88,89,90,91,92,106,107,134,136,137,138,139,140,141,142,143,144,145,146,147,180,181,182,183,184,185,186,187,188,189,190,191,192,193,194,195,196,197,198,199,200,201,202,203,204,
21;1;496;602;1;0,8,9,30,31,34,35,38,39,40,63,64,65,66,67,68,69,70,71,72,73,74,75,76,77,78,79,80,81,82,83,84,85,86,87,88,89,90,91,92,106,107,134,136,137,138,139,140,141,142,143,144,145,146,147,180,181,182,183,184,185,186,187,188,189,190,191,192,193,194,195,196,197,198,199,200,201,202,203,204,
17;0;602;751;1;0,8,9,30,31,34,35,38,39,40,63,64,65,66,67,68,69,70,71,72,73,74,75,76,77,78,79,80,81,82,83,84,85,86,87,88,89,90,91,92,106,107,134,136,137,138,139,140,141,142,143,144,145,146,147,180,181,182,183,184,185,186,187,188,189,190,191,192,193,194,195,196,197,198,199,200,201,202,203,204,
17;1;751;775;1;0,8,9,30,31,34,35,38,39,40,63,64,65,66,67,68,69,70,71,72,73,74,75,76,77,78,79,80,81,82,83,84,85,86,87,88,89,90,91,92,106,107,134,136,137,138,139,140,141,142,143,144,145,146,147,180,181,182,183,184,185,186,187,188,189,190,191,192,193,194,195,196,197,198,199,200,201,202,203,204,
18;0;775;870;0;0,8,9,30,31,34,35,38,39,40,63,64,65,66,67,68,69,70,71,72,73,74,75,76,77,78,79,80,81,82,83,84,85,86,87,88,89,90,91,92,106,107,134,136,137,138,139,140,141,142,143,144,145,146,147,180,181,182,183,184,185,186,187,188,189,190,191,192,193,194,195,196,197,198,199,200,201,202,203,204,
70;0;870;874;0;0,8,9,30,31,34,35,38,39,40,63,64,65,66,67,68,69,70,71,72,73,74,75,76,77,78,79,80,81,82,83,84,85,86,87,88,89,90,91,92,106,107,134,136,137,138,139,140,141,142,143,144,145,146,147,180,181,182,183,184,185,186,187,188,189,190,191,192,193,194,195,196,197,198,199,200,201,202,203,204,
23;0;874;898;0;0,8,9,30,31,34,35,38,39,40,63,64,65,66,67,68,69,70,71,72,73,74,75,76,77,78,79,80,81,82,83,84,85,86,87,88,89,90,91,92,106,107,134,136,137,138,139,140,141,142,143,144,145,146,147,180,181,182,183,184,185,186,187,188,189,190,191,192,193,194,195,196,197,198,199,200,201,202,203,204,
23;1;898;939;0;0,8,9,30,31,34,35,38,39,40,63,64,65,66,67,68,69,70,71,72,73,74,75,76,77,78,79,80,81,82,83,84,85,86,87,88,89,90,91,92,106,107,134,136,137,138,139,140,141,142,143,144,145,146,147,180,181,182,183,184,185,186,187,188,189,190,191,192,193,194,195,196,197,198,199,200,201,202,203,204,
15;0;939;1017;0;0,8,9,30,31,34,35,38,39,40,63,64,65,66,67,68,69,70,71,72,73,74,75,76,77,78,79,80,81,82,83,84,85,86,87,88,89,90,91,92,106,107,134,136,137,138,139,140,141,142,143,144,145,146,147,180,181,182,183,184,185,186,187,188,189,190,191,192,193,194,195,196,197,198,199,200,201,202,203,204,
15;1;1017;1155;0;0,8,9,30,31,34,35,38,39,40,63,64,65,66,67,68,69,70,71,72,73,74,75,76,77,78,79,80,81,82,83,84,85,86,87,88,89,90,91,92,106,107,134,136,137,138,139,140,141,142,143,144,145,146,147,180,181,182,183,184,185,186,187,188,189,190,191,192,193,194,195,196,197,198,199,200,201,202,203,204,
24;0;1155;1256;1;0,8,9,30,31,34,35,38,39,40,63,64,65,66,67,68,69,70,71,72,73,74,75,76,77,78,79,80,81,82,83,84,85,86,87,88,89,90,91,92,106,107,134,136,137,138,139,140,141,142,143,144,145,146,147,180,181,182,183,184,185,186,187,188,189,190,191,192,193,194,195,196,197,198,199,200,201,202,203,204,
51;0;1256;1328;0;0,8,9,30,31,34,35,38,39,40,63,64,65,66,67,68,69,70,71,72,73,74,75,76,77,78,79,80,81,82,83,84,85,86,87,88,89,90,91,92,106,107,134,136,137,138,139,140,141,142,143,144,145,146,147,180,181,182,183,184,185,186,187,188,189,190,191,192,193,194,195,196,197,198,199,200,201,202,203,204,
51;1;1328;1442;0;0,8,9,30,31,34,35,38,39,40,63,64,65,66,67,68,69,70,71,72,73,74,75,76,77,78,79,80,81,82,83,84,85,86,87,88,89,90,91,92,106,107,134,136,137,138,139,140,141,142,143,144,145,146,147,180,181,182,183,184,185,186,187,188,189,190,191,192,193,194,195,196,197,198,199,200,201,202,203,204,
47;0;1442;1525;0;0,8,9,30,31,34,35,38,39,40,63,64,65,66,67,68,69,70,71,72,73,74,75,76,77,78,79,80,81,82,83,84,85,86,87,88,89,90,91,92,106,107,134,136,137,138,139,140,141,142,143,144,145,146,147,180,181,182,183,184,185,186,187,188,189,190,191,192,193,194,195,196,197,198,199,200,201,202,203,204,
47;1;1525;1631;0;0,8,9,30,31,34,35,38,39,40,63,64,65,66,67,68,69,70,71,72,73,74,75,76,77,78,79,80,81,82,83,84,85,86,87,88,89,90,91,92,106,107,134,136,137,138,139,140,141,142,143,144,145,146,147,180,181,182,183,184,185,186,187,188,189,190,191,192,193,194,195,196,197,198,199,200,201,202,203,204,
63;0;1631;1711;0;0,8,9,30,31,34,35,38,39,40,63,64,65,66,67,68,69,70,71,72,73,74,75,76,77,78,79,80,81,82,83,84,85,86,87,88,89,90,91,92,106,107,134,136,137,138,139,140,141,142,143,144,145,146,147,180,181,182,183,184,185,186,187,188,189,190,191,192,193,194,195,196,197,198,199,200,201,202,203,204,
63;1;1711;1874;0;0,8,9,30,31,34,35,38,39,40,63,64,65,66,67,68,69,70,71,72,73,74,75,76,77,78,79,80,81,82,83,84,85,86,87,88,89,90,91,92,106,107,134,136,137,138,139,140,141,142,143,144,145,146,147,180,181,182,183,184,185,186,187,188,189,190,191,192,193,194,195,196,197,198,199,200,201,202,203,204,
13;0;1874;1980;1;0,8,9,30,31,34,35,38,39,40,63,64,65,66,67,68,69,70,71,72,73,74,75,76,77,78,79,80,81,82,83,84,85,86,87,88,89,90,91,92,106,107,134,136,137,138,139,140,141,142,143,144,145,146,147,180,181,182,183,184,185,186,187,188,189,190,191,192,193,194,195,196,197,198,199,200,201,202,203,204,
13;1;1980;2086;1;0,8,9,30,31,34,35,38,39,40,63,64,65,66,67,68,69,70,71,72,73,74,75,76,77,78,79,80,81,82,83,84,85,86,87,88,89,90,91,92,106,107,134,136,137,138,139,140,141,142,143,144,145,146,147,180,181,182,183,184,185,186,187,188,189,190,191,192,193,194,195,196,197,198,199,200,201,202,203,204,
73;0;2086;2238;1;0,8,9,30,31,34,35,38,39,40,63,64,65,66,67,68,69,70,71,72,73,74,75,76,77,78,79,80,81,82,83,84,85,86,87,88,89,90,91,92,106,107,134,136,137,138,139,140,141,142,143,144,145,146,147,180,181,182,183,184,185,186,187,188,189,190,191,192,193,194,195,196,197,198,199,200,201,202,203,204,
73;1;2238;2406;1;0,8,9,30,31,34,35,38,39,40,63,64,65,66,67,68,69,70,71,72,73,74,75,76,77,78,79,80,81,82,83,84,85,86,87,88,89,90,91,92,106,107,134,136,137,138,139,140,141,142,143,144,145,146,147,180,181,182,183,184,185,186,187,188,189,190,191,192,193,194,195,196,197,198,199,200,201,202,203,204,
34;0;2406;2569;0;0,8,9,30,31,34,35,38,39,40,63,64,65,66,67,68,69,70,71,72,73,74,75,76,77,78,79,80,81,82,83,84,85,86,87,88,89,90,91,92,106,107,134,136,137,138,139,140,141,142,143,144,145,146,147,180,181,182,183,184,185,186,187,188,189,190,191,192,193,194,195,196,197,198,199,200,201,202,203,204,
59;0;2569;2701;0;0,8,9,30,31,34,35,38,39,40,63,64,65,66,67,68,69,70,71,72,73,74,75,76,77,78,79,80,81,82,83,84,85,86,87,88,89,90,91,92,106,107,134,136,137,138,139,140,141,142,143,144,145,146,147,180,181,182,183,184,185,186,187,188,189,190,191,192,193,194,195,196,197,198,199,200,201,202,203,204,
59;1;2701;2746;0;0,8,9,30,31,34,35,38,39,40,63,64,65,66,67,68,69,70,71,72,73,74,75,76,77,78,79,80,81,82,83,84,85,86,87,88,89,90,91,92,106,107,134,136,137,138,139,140,141,142,143,144,145,146,147,180,181,182,183,184,185,186,187,188,189,190,191,192,193,194,195,196,197,198,199,200,201,202,203,204,
14;0;2746;2841;0;0,8,9,30,31,34,35,38,39,40,63,64,65,66,67,68,69,70,71,72,73,74,75,76,77,78,79,80,81,82,83,84,85,86,87,88,89,90,91,92,106,107,134,136,137,138,139,140,141,142,143,144,145,146,147,180,181,182,183,184,185,186,187,188,189,190,191,192,193,194,195,196,197,198,199,200,201,202,203,204,
42;0;2841;2882;0;0,8,9,30,31,34,35,38,39,40,63,64,65,66,67,68,69,70,71,72,73,74,75,76,77,78,79,80,81,82,83,84,85,86,87,88,89,90,91,92,106,107,134,136,137,138,139,140,141,142,143,144,145,146,147,180,181,182,183,184,185,186,187,188,189,190,191,192,193,194,195,196,197,198,199,200,201,202,203,204,
35;0;2882;2886;0;0,8,9,30,31,34,35,38,39,40,63,64,65,66,67,68,69,70,71,72,73,74,75,76,77,78,79,80,81,82,83,84,85,86,87,88,89,90,91,92,106,107,134,136,137,138,139,140,141,142,143,144,145,146,147,180,181,182,183,184,185,186,187,188,189,190,191,192,193,194,195,196,197,198,199,200,201,202,203,204,
35;1;2886;2978;0;0,8,9,30,31,34,35,38,39,40,63,64,65,66,67,68,69,70,71,72,73,74,75,76,77,78,79,80,81,82,83,84,85,86,87,88,89,90,91,92,106,107,134,136,137,138,139,140,141,142,143,144,145,146,147,180,181,182,183,184,185,186,187,188,189,190,191,192,193,194,195,196,197,198,199,200,201,202,203,204,
10;0;2978;3012;0;0,8,9,30,31,34,35,38,39,40,63,64,65,66,67,68,69,70,71,72,73,74,75,76,77,78,79,80,81,82,83,84,85,86,87,88,89,90,91,92,106,107,134,136,137,138,139,140,141,142,143,144,145,146,147,180,181,182,183,184,185,186,187,188,189,190,191,192,193,194,195,196,197,198,199,200,201,202,203,204,
30;0;3012;3126;0;0,8,9,30,31,34,35,38,39,40,63,64,65,66,67,68,69,70,71,72,73,74,75,76,77,78,79,80,81,82,83,84,85,86,87,88,89,90,91,92,106,107,134,136,137,138,139,140,141,142,143,144,145,146,147,180,181,182,183,184,185,186,187,188,189,190,191,192,193,194,195,196,197,198,199,200,201,202,203,204,
78;0;3126;3227;0;0,8,9,30,31,34,35,38,39,40,63,64,65,66,67,68,69,70,71,72,73,74,75,76,77,78,79,80,81,82,83,84,85,86,87,88,89,90,91,92,106,107,134,136,137,138,139,140,141,142,143,144,145,146,147,180,181,182,183,184,185,186,187,188,189,190,191,192,193,194,195,196,197,198,199,200,201,202,203,204,
5;0;3227;3311;1;0,8,9,30,31,34,35,38,39,40,63,64,65,66,67,68,69,70,71,72,73,74,75,76,77,78,79,80,81,82,83,84,85,86,87,88,89,90,91,92,106,107,134,136,137,138,139,140,141,142,143,144,145,146,147,180,181,182,183,184,185,186,187,188,189,190,191,192,193,194,195,196,197,198,199,200,201,202,203,204,
5;1;3311;3458;1;0,8,9,30,31,34,35,38,39,40,63,64,65,66,67,68,69,70,71,72,73,74,75,76,77,78,79,80,81,82,83,84,85,86,87,88,89,90,91,92,106,107,134,136,137,138,139,140,141,142,143,144,145,146,147,180,181,182,183,184,185,186,187,188,189,190,191,192,193,194,195,196,197,198,199,200,201,202,203,204,
48;0;3458;3605;1;0,8,9,30,31,34,35,38,39,40,63,64,65,66,67,68,69,70,71,72,73,74,75,76,77,78,79,80,81,82,83,84,85,86,87,88,89,90,91,92,106,107,134,136,137,138,139,140,141,142,143,144,145,146,147,180,181,182,183,184,185,186,187,188,189,190,191,192,193,194,195,196,197,198,199,200,201,202,203,204,
32;0;3605;3773;1;0,8,9,30,31,34,35,38,39,40,63,64,65,66,67,68,69,70,71,72,73,74,75,76,77,78,79,80,81,82,83,84,85,86,87,88,89,90,91,92,106,107,134,136,137,138,139,140,141,142,143,144,145,146,147,180,181,182,183,184,185,186,187,188,189,190,191,192,193,194,195,196,197,198,199,200,201,202,203,204,
58;0;3773;3887;0;0,8,9,30,31,34,35,38,39,40,63,64,65,66,67,68,69,70,71,72,73,74,75,76,77,78,79,80,81,82,83,84,85,86,87,88,89,90,91,92,106,107,134,136,137,138,139,140,141,142,143,144,145,146,147,180,181,182,183,184,185,186,187,188,189,190,191,192,193,194,195,196,197,198,199,200,201,202,203,204,
85;0;3887;3923;1;0,8,9,30,31,34,35,38,39,40,63,64,65,66,67,68,69,70,71,72,73,74,75,76,77,78,79,80,81,82,83,84,85,86,87,88,89,90,91,92,106,107,134,136,137,138,139,140,141,142,143,144,145,146,147,180,181,182,183,184,185,186,187,188,189,190,191,192,193,194,195,196,197,198,199,200,201,202,203,204,
85;1;3923;3964;1;0,8,9,30,31,34,35,38,39,40,63,64,65,66,67,68,69,70,71,72,73,74,75,76,77,78,79,80,81,82,83,84,85,86,87,88,89,90,91,92,106,107,134,136,137,138,139,140,141,142,143,144,145,146,147,180,181,182,183,184,185,186,187,188,189,190,191,192,193,194,195,196,197,198,199,200,201,202,203,204,
74;0;3964;4130;0;0,8,9,30,31,34,35,38,39,40,63,64,65,66,67,68,69,70,71,72,73,74,75,76,77,78,79,80,81,82,83,84,85,86,87,88,89,90,91,92,106,107,134,136,137,138,139,140,141,142,143,144,145,146,147,180,181,182,183,184,185,186,187,188,189,190,191,192,193,194,195,196,197,198,199,200,201,202,203,204,
75;0;4130;4185;0;0,8,9,30,31,34,35,38,39,40,63,64,65,66,67,68,69,70,71,72,73,74,75,76,77,78,79,80,81,82,83,84,85,86,87,88,89,90,91,92,106,107,134,136,137,138,139,140,141,142,143,144,145,146,147,180,181,182,183,184,185,186,187,188,189,190,191,192,193,194,195,196,197,198,199,200,201,202,203,204,
75;1;4185;4196;0;0,8,9,30,31,34,35,38,39,40,63,64,65,66,67,68,69,70,71,72,73,74,75,76,77,78,79,80,81,82,83,84,85,86,87,88,89,90,91,92,106,107,134,136,137,138,139,140,141,142,143,144,145,146,147,180,181,182,183,184,185,186,187,188,189,190,191,192,193,194,195,196,197,198,199,200,201,202,203,204,
76;0;4196;4241;1;0,8,9,30,31,34,35,38,39,40,63,64,65,66,67,68,69,70,71,72,73,74,75,76,77,78,79,80,81,82,83,84,85,86,87,88,89,90,91,92,106,107,134,136,137,138,139,140,141,142,143,144,145,146,147,180,181,182,183,184,185,186,187,188,189,190,191,192,193,194,195,196,197,198,199,200,201,202,203,204,
7;0;4241;4245;0;0,8,9,30,31,34,35,38,39,40,63,64,65,66,67,68,69,70,71,72,73,74,75,76,77,78,79,80,81,82,83,84,85,86,87,88,89,90,91,92,106,107,134,136,137,138,139,140,141,142,143,144,145,146,147,180,181,182,183,184,185,186,187,188,189,190,191,192,193,194,195,196,197,198,199,200,201,202,203,204,
7;1;4245;4290;0;0,8,9,30,31,34,35,38,39,40,63,64,65,66,67,68,69,70,71,72,73,74,75,76,77,78,79,80,81,82,83,84,85,86,87,88,89,90,91,92,106,107,134,136,137,138,139,140,141,142,143,144,145,146,147,180,181,182,183,184,185,186,187,188,189,190,191,192,193,194,195,196,197,198,199,200,201,202,203,204,
84;0;4290;4301;1;0,8,9,30,31,34,35,38,39,40,63,64,65,66,67,68,69,70,71,72,73,74,75,76,77,78,79,80,81,82,83,84,85,86,87,88,89,90,91,92,106,107,134,136,137,138,139,140,141,142,143,144,145,146,147,180,181,182,183,184,185,186,187,188,189,190,191,192,193,194,195,196,197,198,199,200,201,202,203,204,
67;0;4301;4312;0;0,8,9,30,31,34,35,38,39,40,63,64,65,66,67,68,69,70,71,72,73,74,75,76,77,78,79,80,81,82,83,84,85,86,87,88,89,90,91,92,106,107,134,136,137,138,139,140,141,142,143,144,145,146,147,180,181,182,183,184,185,186,187,188,189,190,191,192,193,194,195,196,197,198,199,200,201,202,203,204,
67;1;4312;4407;0;0,8,9,30,31,34,35,38,39,40,63,64,65,66,67,68,69,70,71,72,73,74,75,76,77,78,79,80,81,82,83,84,85,86,87,88,89,90,91,92,106,107,134,136,137,138,139,140,141,142,143,144,145,146,147,180,181,182,183,184,185,186,187,188,189,190,191,192,193,194,195,196,197,198,199,200,201,202,203,204,
46;0;4407;4570;0;0,8,9,30,31,34,35,38,39,40,63,64,65,66,67,68,69,70,71,72,73,74,75,76,77,78,79,80,81,82,83,84,85,86,87,88,89,90,91,92,106,107,134,136,137,138,139,140,141,142,143,144,145,146,147,180,181,182,183,184,185,186,187,188,189,190,191,192,193,194,195,196,197,198,199,200,201,202,203,204,
79;0;4570;4685;0;0,8,9,30,31,34,35,38,39,40,63,64,65,66,67,68,69,70,71,72,73,74,75,76,77,78,79,80,81,82,83,84,85,86,87,88,89,90,91,92,106,107,134,136,137,138,139,140,141,142,143,144,145,146,147,180,181,182,183,184,185,186,187,188,189,190,191,192,193,194,195,196,197,198,199,200,201,202,203,204,
79;1;4685;4853;0;0,8,9,30,31,34,35,38,39,40,63,64,65,66,67,68,69,70,71,72,73,74,75,76,77,78,79,80,81,82,83,84,85,86,87,88,89,90,91,92,106,107,134,136,137,138,139,140,141,142,143,144,145,146,147,180,181,182,183,184,185,186,187,188,189,190,191,192,193,194,195,196,197,198,199,200,201,202,203,204,
61;0;4853;5007;1;0,8,9,10,11,12,13,14,15,16,17,18,19,20,21,22,23,30,38,39,40,41,42,43,44,45,46,47,48,49,50,51,52,53,54,55,56,57,58,59,60,61,62,63,69,70,72,134,143,147,148,149,150,151,152,153,154,155,156,157,158,159,160,161,162,163,164,165,166,167,168,169,170,171,172,173,174,175,176,177,
61;1;5007;5048;1;0,8,9,10,11,12,13,14,15,16,17,18,19,20,21,22,23,30,38,39,40,41,42,43,44,45,46,47,48,49,50,51,52,53,54,55,56,57,58,59,60,61,62,63,69,70,72,134,143,147,148,149,150,151,152,153,154,155,156,157,158,159,160,161,162,163,164,165,166,167,168,169,170,171,172,173,174,175,176,177,
12;0;5048;5089;1;0,8,9,10,11,12,13,14,15,16,17,18,19,20,21,22,23,30,38,39,40,41,42,43,44,45,46,47,48,49,50,51,52,53,54,55,56,57,58,59,60,61,62,63,69,70,72,134,143,147,148,149,150,151,152,153,154,155,156,157,158,159,160,161,162,163,164,165,166,167,168,169,170,171,172,173,174,175,176,177,
1;0;5089;5175;0;0,8,9,10,11,12,13,14,15,16,17,18,19,20,21,22,23,30,38,39,40,41,42,43,44,45,46,47,48,49,50,51,52,53,54,55,56,57,58,59,60,61,62,63,69,70,72,134,143,147,148,149,150,151,152,153,154,155,156,157,158,159,160,161,162,163,164,165,166,167,168,169,170,171,172,173,174,175,176,177,
1;1;5175;5214;0;0,8,9,10,11,12,13,14,15,16,17,18,19,20,21,22,23,30,38,39,40,41,42,43,44,45,46,47,48,49,50,51,52,53,54,55,56,57,58,59,60,61,62,63,69,70,72,134,143,147,148,149,150,151,152,153,154,155,156,157,158,159,160,161,162,163,164,165,166,167,168,169,170,171,172,173,174,175,176,177,
50;0;5214;5273;0;0,8,9,10,11,12,13,14,15,16,17,18,19,20,21,22,23,30,38,39,40,41,42,43,44,45,46,47,48,49,50,51,52,53,54,55,56,57,58,59,60,61,62,63,69,70,72,134,143,147,148,149,150,151,152,153,154,155,156,157,158,159,160,161,162,163,164,165,166,167,168,169,170,171,172,173,174,175,176,177,
41;0;5273;5318;1;0,8,9,10,11,12,13,14,15,16,17,18,19,20,21,22,23,30,38,39,40,41,42,43,44,45,46,47,48,49,50,51,52,53,54,55,56,57,58,59,60,61,62,63,69,70,72,134,143,147,148,149,150,151,152,153,154,155,156,157,158,159,160,161,162,163,164,165,166,167,168,169,170,171,172,173,174,175,176,177,
41;1;5318;5322;1;0,8,9,10,11,12,13,14,15,16,17,18,19,20,21,22,23,30,38,39,40,41,42,43,44,45,46,47,48,49,50,51,52,53,54,55,56,57,58,59,60,61,62,63,69,70,72,134,143,147,148,149,150,151,152,153,154,155,156,157,158,159,160,161,162,163,164,165,166,167,168,169,170,171,172,173,174,175,176,177,
9;0;5322;5391;1;0,8,9,10,11,12,13,14,15,16,17,18,19,20,21,22,23,30,38,39,40,41,42,43,44,45,46,47,48,49,50,51,52,53,54,55,56,57,58,59,60,61,62,63,69,70,72,134,143,147,148,149,150,151,152,153,154,155,156,157,158,159,160,161,162,163,164,165,166,167,168,169,170,171,172,173,174,175,176,177,
9;1;5391;5465;1;0,8,9,10,11,12,13,14,15,16,17,18,19,20,21,22,23,30,38,39,40,41,42,43,44,45,46,47,48,49,50,51,52,53,54,55,56,57,58,59,60,61,62,63,69,70,72,134,143,147,148,149,150,151,152,153,154,155,156,157,158,159,160,161,162,163,164,165,166,167,168,169,170,171,172,173,174,175,176,177,
43;0;5465;5531;0;0,8,9,10,11,12,13,14,15,16,17,18,19,20,21,22,23,30,38,39,40,41,42,43,44,45,46,47,48,49,50,51,52,53,54,55,56,57,58,59,60,61,62,63,69,70,72,134,143,147,148,149,150,151,152,153,154,155,156,157,158,159,160,161,162,163,164,165,166,167,168,169,170,171,172,173,174,175,176,177,
43;1;5531;5584;0;0,8,9,10,11,12,13,14,15,16,17,18,19,20,21,22,23,30,38,39,40,41,42,43,44,45,46,47,48,49,50,51,52,53,54,55,56,57,58,59,60,61,62,63,69,70,72,134,143,147,148,149,150,151,152,153,154,155,156,157,158,159,160,161,162,163,164,165,166,167,168,169,170,171,172,173,174,175,176,177,
END
fineshedJobsCount: 130
switchs: 66
switchsInstances: 1
unfineshedPriorityCount: 0
totalUnfineshed: 0
criticalMachineSwitchs: 0
criticalMachineTime: 6097
Final Solution: 3824
Time: 114683
PTL: 336
MCMC: 201
Best Initial: 3655
Mean Initial: 3617.27
