./input/BaseInstances/6M2_n=209,r=0.4,t=209,v0.txt;./input/Processed/ToolSetInt.csv
7;720;1440
Machine: 0
94;0;0;41;1;0,1,2,4,5,6,7,10,12,13,14,15,20,21,23,26,29,30,31,33,34,35,36,37,40,41,49,63,64,65,66,67,68,69,70,71,72,73,74,75,76,77,78,79,80,81,82,83,84,85,86,87,88,89,90,91,92,93,94,95,96,97,98,99,100,101,118,119,120,121,127,128,129,130,131,132,142,143,144,182,
94;1;41;114;1;0,1,2,4,5,6,7,10,12,13,14,15,20,21,23,26,29,30,31,33,34,35,36,37,40,41,49,63,64,65,66,67,68,69,70,71,72,73,74,75,76,77,78,79,80,81,82,83,84,85,86,87,88,89,90,91,92,93,94,95,96,97,98,99,100,101,118,119,120,121,127,128,129,130,131,132,142,143,144,182,
131;0;114;122;1;0,1,2,4,5,6,7,10,12,13,14,15,20,21,23,26,29,30,31,33,34,35,36,37,40,41,49,63,64,65,66,67,68,69,70,71,72,73,74,75,76,77,78,79,80,81,82,83,84,85,86,87,88,89,90,91,92,93,94,95,96,97,98,99,100,101,118,119,120,121,127,128,129,130,131,132,142,143,144,182,
148;0;122;223;0;0,1,2,4,5,6,7,10,12,13,14,15,20,21,23,26,29,30,31,33,34,35,36,37,40,41,49,63,64,65,66,67,68,69,70,71,72,73,74,75,76,77,78,79,80,81,82,83,84,85,86,87,88,89,90,91,92,93,94,95,96,97,98,99,100,101,118,119,120,121,127,128,129,130,131,132,142,143,144,182,
129;0;223;317;0;0,1,2,4,5,6,7,10,12,13,14,15,20,21,23,26,29,30,31,33,34,35,36,37,40,41,49,63,64,65,66,67,68,69,70,71,72,73,74,75,76,77,78,79,80,81,82,83,84,85,86,87,88,89,90,91,92,93,94,95,96,97,98,99,100,101,118,119,120,121,127,128,129,130,131,132,142,143,144,182,
129;1;317;373;0;0,1,2,4,5,6,7,10,12,13,14,15,20,21,23,26,29,30,31,33,34,35,36,37,40,41,49,63,64,65,66,67,68,69,70,71,72,73,74,75,76,77,78,79,80,81,82,83,84,85,86,87,88,89,90,91,92,93,94,95,96,97,98,99,100,101,118,119,120,121,127,128,129,130,131,132,142,143,144,182,
5;0;373;402;0;0,1,2,4,5,6,7,10,12,13,14,15,20,21,23,26,29,30,31,33,34,35,36,37,40,41,49,63,64,65,66,67,68,69,70,71,72,73,74,75,76,77,78,79,80,81,82,83,84,85,86,87,88,89,90,91,92,93,94,95,96,97,98,99,100,101,118,119,120,121,127,128,129,130,131,132,142,143,144,182,
140;0;402;517;1;0,1,2,4,5,6,7,10,12,13,14,15,20,21,23,26,29,30,31,33,34,35,36,37,40,41,49,63,64,65,66,67,68,69,70,71,72,73,74,75,76,77,78,79,80,81,82,83,84,85,86,87,88,89,90,91,92,93,94,95,96,97,98,99,100,101,118,119,120,121,127,128,129,130,131,132,142,143,144,182,
41;0;517;561;1;0,1,2,4,5,6,7,10,12,13,14,15,20,21,23,26,29,30,31,33,34,35,36,37,40,41,49,63,64,65,66,67,68,69,70,71,72,73,74,75,76,77,78,79,80,81,82,83,84,85,86,87,88,89,90,91,92,93,94,95,96,97,98,99,100,101,118,119,120,121,127,128,129,130,131,132,142,143,144,182,
25;0;561;587;0;0,1,2,4,5,6,7,10,12,13,14,15,20,21,23,26,29,30,31,33,34,35,36,37,40,41,49,63,64,65,66,67,68,69,70,71,72,73,74,75,76,77,78,79,80,81,82,83,84,85,86,87,88,89,90,91,92,93,94,95,96,97,98,99,100,101,118,119,120,121,127,128,129,130,131,132,142,143,144,182,
91;0;587;760;1;0,1,2,4,5,6,7,10,12,13,14,15,20,21,23,26,29,30,31,33,34,35,36,37,40,41,49,63,64,65,66,67,68,69,70,71,72,73,74,75,76,77,78,79,80,81,82,83,84,85,86,87,88,89,90,91,92,93,94,95,96,97,98,99,100,101,118,119,120,121,127,128,129,130,131,132,142,143,144,182,
108;0;760;874;0;0,1,2,4,5,6,7,10,12,13,14,15,20,21,23,26,29,30,31,33,34,35,36,37,40,41,49,63,64,65,66,67,68,69,70,71,72,73,74,75,76,77,78,79,80,81,82,83,84,85,86,87,88,89,90,91,92,93,94,95,96,97,98,99,100,101,118,119,120,121,127,128,129,130,131,132,142,143,144,182,
86;0;874;911;0;0,1,2,4,5,6,7,10,12,13,14,15,20,21,23,26,29,30,31,33,34,35,36,37,40,41,49,63,64,65,66,67,68,69,70,71,72,73,74,75,76,77,78,79,80,81,82,83,84,85,86,87,88,89,90,91,92,93,94,95,96,97,98,99,100,101,118,119,120,121,127,128,129,130,131,132,142,143,144,182,
81;0;911;1012;1;0,1,2,4,5,6,7,10,12,13,14,15,20,21,23,26,29,30,31,33,34,35,36,37,40,41,49,63,64,65,66,67,68,69,70,71,72,73,74,75,76,77,78,79,80,81,82,83,84,85,86,87,88,89,90,91,92,93,94,95,96,97,98,99,100,101,118,119,120,121,127,128,129,130,131,132,142,143,144,182,
71;0;1012;1127;1;0,1,2,4,5,6,7,10,12,13,14,15,20,21,23,26,29,30,31,33,34,35,36,37,40,41,49,63,64,65,66,67,68,69,70,71,72,73,74,75,76,77,78,79,80,81,82,83,84,85,86,87,88,89,90,91,92,93,94,95,96,97,98,99,100,101,118,119,120,121,127,128,129,130,131,132,142,143,144,182,
87;0;1127;1155;1;0,1,2,4,5,6,7,10,12,13,14,15,20,21,23,26,29,30,31,33,34,35,36,37,40,41,49,63,64,65,66,67,68,69,70,71,72,73,74,75,76,77,78,79,80,81,82,83,84,85,86,87,88,89,90,91,92,93,94,95,96,97,98,99,100,101,118,119,120,121,127,128,129,130,131,132,142,143,144,182,
87;1;1155;1260;1;0,1,2,4,5,6,7,10,12,13,14,15,20,21,23,26,29,30,31,33,34,35,36,37,40,41,49,63,64,65,66,67,68,69,70,71,72,73,74,75,76,77,78,79,80,81,82,83,84,85,86,87,88,89,90,91,92,93,94,95,96,97,98,99,100,101,118,119,120,121,127,128,129,130,131,132,142,143,144,182,
137;0;1260;1436;1;0,1,2,4,5,6,7,10,12,13,14,15,20,21,23,26,29,30,31,33,34,35,36,37,40,41,49,63,64,65,66,67,68,69,70,71,72,73,74,75,76,77,78,79,80,81,82,83,84,85,86,87,88,89,90,91,92,93,94,95,96,97,98,99,100,101,118,119,120,121,127,128,129,130,131,132,142,143,144,182,
137;1;1436;1565;1;0,1,2,4,5,6,7,10,12,13,14,15,20,21,23,26,29,30,31,33,34,35,36,37,40,41,49,63,64,65,66,67,68,69,70,71,72,73,74,75,76,77,78,79,80,81,82,83,84,85,86,87,88,89,90,91,92,93,94,95,96,97,98,99,100,101,118,119,120,121,127,128,129,130,131,132,142,143,144,182,
45;0;1565;1634;0;0,1,2,4,5,6,7,10,12,13,14,15,20,21,23,26,29,30,31,33,34,35,36,37,40,41,49,63,64,65,66,67,68,69,70,71,72,73,74,75,76,77,78,79,80,81,82,83,84,85,86,87,88,89,90,91,92,93,94,95,96,97,98,99,100,101,118,119,120,121,127,128,129,130,131,132,142,143,144,182,
11;0;1634;1700;1;0,1,2,4,5,6,7,10,12,13,14,15,20,21,23,26,29,30,31,33,34,35,36,37,40,41,49,63,64,65,66,67,68,69,70,71,72,73,74,75,76,77,78,79,80,81,82,83,84,85,86,87,88,89,90,91,92,93,94,95,96,97,98,99,100,101,118,119,120,121,127,128,129,130,131,132,142,143,144,182,
14;0;1700;1850;1;0,1,2,4,5,6,7,10,12,13,14,15,20,21,23,26,29,30,31,33,34,35,36,37,40,41,49,63,64,65,66,67,68,69,70,71,72,73,74,75,76,77,78,79,80,81,82,83,84,85,86,87,88,89,90,91,92,93,94,95,96,97,98,99,100,101,118,119,120,121,127,128,129,130,131,132,142,143,144,182,
14;1;1850;1940;1;0,1,2,4,5,6,7,10,12,13,14,15,20,21,23,26,29,30,31,33,34,35,36,37,40,41,49,63,64,65,66,67,68,69,70,71,72,73,74,75,76,77,78,79,80,81,82,83,84,85,86,87,88,89,90,91,92,93,94,95,96,97,98,99,100,101,118,119,120,121,127,128,129,130,131,132,142,143,144,182,
127;0;1940;2028;1;0,1,2,4,5,6,7,10,12,13,14,15,20,21,23,26,29,30,31,33,34,35,36,37,40,41,49,63,64,65,66,67,68,69,70,71,72,73,74,75,76,77,78,79,80,81,82,83,84,85,86,87,88,89,90,91,92,93,94,95,96,97,98,99,100,101,118,119,120,121,127,128,129,130,131,132,142,143,144,182,
127;1;2028;2108;1;0,1,2,4,5,6,7,10,12,13,14,15,20,21,23,26,29,30,31,33,34,35,36,37,40,41,49,63,64,65,66,67,68,69,70,71,72,73,74,75,76,77,78,79,80,81,82,83,84,85,86,87,88,89,90,91,92,93,94,95,96,97,98,99,100,101,118,119,120,121,127,128,129,130,131,132,142,143,144,182,
31;0;2108;2264;1;0,1,2,4,5,6,7,10,12,13,14,15,20,21,23,26,29,30,31,33,34,35,36,37,40,41,49,63,64,65,66,67,68,69,70,71,72,73,74,75,76,77,78,79,80,81,82,83,84,85,86,87,88,89,90,91,92,93,94,95,96,97,98,99,100,101,118,119,120,121,127,128,129,130,131,132,142,143,144,182,
93;0;2264;2358;1;0,1,2,4,5,6,7,10,12,13,14,15,20,21,23,26,29,30,31,33,34,35,36,37,40,41,49,63,64,65,66,67,68,69,70,71,72,73,74,75,76,77,78,79,80,81,82,83,84,85,86,87,88,89,90,91,92,93,94,95,96,97,98,99,100,101,118,119,120,121,127,128,129,130,131,132,142,143,144,182,
20;0;2358;2422;1;0,1,2,4,5,6,7,10,12,13,14,15,20,21,23,26,29,30,31,33,34,35,36,37,40,41,49,63,64,65,66,67,68,69,70,71,72,73,74,75,76,77,78,79,80,81,82,83,84,85,86,87,88,89,90,91,92,93,94,95,96,97,98,99,100,101,118,119,120,121,127,128,129,130,131,132,142,143,144,182,
59;0;2422;2569;0;0,1,2,4,5,6,7,10,12,13,14,15,20,21,23,26,29,30,31,33,34,35,36,37,40,41,49,63,64,65,66,67,68,69,70,71,72,73,74,75,76,77,78,79,80,81,82,83,84,85,86,87,88,89,90,91,92,93,94,95,96,97,98,99,100,101,118,119,120,121,127,128,129,130,131,132,142,143,144,182,
59;1;2569;2694;0;0,1,2,4,5,6,7,10,12,13,14,15,20,21,23,26,29,30,31,33,34,35,36,37,40,41,49,63,64,65,66,67,68,69,70,71,72,73,74,75,76,77,78,79,80,81,82,83,84,85,86,87,88,89,90,91,92,93,94,95,96,97,98,99,100,101,118,119,120,121,127,128,129,130,131,132,142,143,144,182,
54;0;2694;2726;1;0,1,2,4,5,6,7,10,12,13,14,15,20,21,23,26,29,30,31,33,34,35,36,37,40,41,49,63,64,65,66,67,68,69,70,71,72,73,74,75,76,77,78,79,80,81,82,83,84,85,86,87,88,89,90,91,92,93,94,95,96,97,98,99,100,101,118,119,120,121,127,128,129,130,131,132,142,143,144,182,
54;1;2726;2767;1;0,1,2,4,5,6,7,10,12,13,14,15,20,21,23,26,29,30,31,33,34,35,36,37,40,41,49,63,64,65,66,67,68,69,70,71,72,73,74,75,76,77,78,79,80,81,82,83,84,85,86,87,88,89,90,91,92,93,94,95,96,97,98,99,100,101,118,119,120,121,127,128,129,130,131,132,142,143,144,182,
73;0;2767;2836;1;0,1,2,4,5,6,7,10,12,13,14,15,20,21,23,26,29,30,31,33,34,35,36,37,40,41,49,63,64,65,66,67,68,69,70,71,72,73,74,75,76,77,78,79,80,81,82,83,84,85,86,87,88,89,90,91,92,93,94,95,96,97,98,99,100,101,118,119,120,121,127,128,129,130,131,132,142,143,144,182,
Machine: 1
9;0;0;137;0;0,1,2,3,4,5,6,7,8,9,10,11,12,13,14,15,16,20,21,22,23,24,25,26,27,28,29,30,31,33,34,35,36,37,40,41,42,43,44,45,46,47,49,50,51,52,53,64,65,66,102,118,119,120,121,122,123,124,125,126,130,131,132,133,134,135,136,137,142,143,145,174,175,181,199,200,201,202,203,204,
9;1;137;197;0;0,1,2,3,4,5,6,7,8,9,10,11,12,13,14,15,16,20,21,22,23,24,25,26,27,28,29,30,31,33,34,35,36,37,40,41,42,43,44,45,46,47,49,50,51,52,53,64,65,66,102,118,119,120,121,122,123,124,125,126,130,131,132,133,134,135,136,137,142,143,145,174,175,181,199,200,201,202,203,204,
125;0;197;339;0;0,1,2,3,4,5,6,7,8,9,10,11,12,13,14,15,16,20,21,22,23,24,25,26,27,28,29,30,31,33,34,35,36,37,40,41,42,43,44,45,46,47,49,50,51,52,53,64,65,66,102,118,119,120,121,122,123,124,125,126,130,131,132,133,134,135,136,137,142,143,145,174,175,181,199,200,201,202,203,204,
112;0;339;435;0;0,1,2,3,4,5,6,7,8,9,10,11,12,13,14,15,16,20,21,22,23,24,25,26,27,28,29,30,31,33,34,35,36,37,40,41,42,43,44,45,46,47,49,50,51,52,53,64,65,66,102,118,119,120,121,122,123,124,125,126,130,131,132,133,134,135,136,137,142,143,145,174,175,181,199,200,201,202,203,204,
112;1;435;591;0;0,1,2,3,4,5,6,7,8,9,10,11,12,13,14,15,16,20,21,22,23,24,25,26,27,28,29,30,31,33,34,35,36,37,40,41,42,43,44,45,46,47,49,50,51,52,53,64,65,66,102,118,119,120,121,122,123,124,125,126,130,131,132,133,134,135,136,137,142,143,145,174,175,181,199,200,201,202,203,204,
82;0;591;734;0;0,1,2,3,4,5,6,7,8,9,10,11,12,13,14,15,16,20,21,22,23,24,25,26,27,28,29,30,31,33,34,35,36,37,40,41,42,43,44,45,46,47,49,50,51,52,53,64,65,66,102,118,119,120,121,122,123,124,125,126,130,131,132,133,134,135,136,137,142,143,145,174,175,181,199,200,201,202,203,204,
82;1;734;749;0;0,1,2,3,4,5,6,7,8,9,10,11,12,13,14,15,16,20,21,22,23,24,25,26,27,28,29,30,31,33,34,35,36,37,40,41,42,43,44,45,46,47,49,50,51,52,53,64,65,66,102,118,119,120,121,122,123,124,125,126,130,131,132,133,134,135,136,137,142,143,145,174,175,181,199,200,201,202,203,204,
133;0;749;835;1;0,1,2,3,4,5,6,7,8,9,10,11,12,13,14,15,16,20,21,22,23,24,25,26,27,28,29,30,31,33,34,35,36,37,40,41,42,43,44,45,46,47,49,50,51,52,53,64,65,66,102,118,119,120,121,122,123,124,125,126,130,131,132,133,134,135,136,137,142,143,145,174,175,181,199,200,201,202,203,204,
15;0;835;859;0;0,1,2,3,4,5,6,7,8,9,10,11,12,13,14,15,16,20,21,22,23,24,25,26,27,28,29,30,31,33,34,35,36,37,40,41,42,43,44,45,46,47,49,50,51,52,53,64,65,66,102,118,119,120,121,122,123,124,125,126,130,131,132,133,134,135,136,137,142,143,145,174,175,181,199,200,201,202,203,204,
142;0;859;881;0;0,1,2,3,4,5,6,7,8,9,10,11,12,13,14,15,16,20,21,22,23,24,25,26,27,28,29,30,31,33,34,35,36,37,40,41,42,43,44,45,46,47,49,50,51,52,53,64,65,66,102,118,119,120,121,122,123,124,125,126,130,131,132,133,134,135,136,137,142,143,145,174,175,181,199,200,201,202,203,204,
142;1;881;890;0;0,1,2,3,4,5,6,7,8,9,10,11,12,13,14,15,16,20,21,22,23,24,25,26,27,28,29,30,31,33,34,35,36,37,40,41,42,43,44,45,46,47,49,50,51,52,53,64,65,66,102,118,119,120,121,122,123,124,125,126,130,131,132,133,134,135,136,137,142,143,145,174,175,181,199,200,201,202,203,204,
84;0;890;901;1;0,1,2,3,4,5,6,7,8,9,10,11,12,13,14,15,16,20,21,22,23,24,25,26,27,28,29,30,31,33,34,35,36,37,40,41,42,43,44,45,46,47,49,50,51,52,53,64,65,66,102,118,119,120,121,122,123,124,125,126,130,131,132,133,134,135,136,137,142,143,145,174,175,181,199,200,201,202,203,204,
84;1;901;977;1;0,1,2,3,4,5,6,7,8,9,10,11,12,13,14,15,16,20,21,22,23,24,25,26,27,28,29,30,31,33,34,35,36,37,40,41,42,43,44,45,46,47,49,50,51,52,53,64,65,66,102,118,119,120,121,122,123,124,125,126,130,131,132,133,134,135,136,137,142,143,145,174,175,181,199,200,201,202,203,204,
6;0;977;1108;0;0,1,2,3,4,5,6,7,8,9,10,11,12,13,14,15,16,20,21,22,23,24,25,26,27,28,29,30,31,33,34,35,36,37,40,41,42,43,44,45,46,47,49,50,51,52,53,64,65,66,102,118,119,120,121,122,123,124,125,126,130,131,132,133,134,135,136,137,142,143,145,174,175,181,199,200,201,202,203,204,
8;0;1108;1185;0;0,1,2,3,4,5,6,7,8,9,10,11,12,13,14,15,16,20,21,22,23,24,25,26,27,28,29,30,31,33,34,35,36,37,40,41,42,43,44,45,46,47,49,50,51,52,53,64,65,66,102,118,119,120,121,122,123,124,125,126,130,131,132,133,134,135,136,137,142,143,145,174,175,181,199,200,201,202,203,204,
126;0;1185;1314;0;0,1,2,3,4,5,6,7,8,9,10,11,12,13,14,15,16,20,21,22,23,24,25,26,27,28,29,30,31,33,34,35,36,37,40,41,42,43,44,45,46,47,49,50,51,52,53,64,65,66,102,118,119,120,121,122,123,124,125,126,130,131,132,133,134,135,136,137,142,143,145,174,175,181,199,200,201,202,203,204,
44;0;1314;1383;1;0,1,2,3,4,5,6,7,8,9,10,11,12,13,14,15,16,20,21,22,23,24,25,26,27,28,29,30,31,33,34,35,36,37,40,41,42,43,44,45,46,47,49,50,51,52,53,64,65,66,102,118,119,120,121,122,123,124,125,126,130,131,132,133,134,135,136,137,142,143,145,174,175,181,199,200,201,202,203,204,
44;1;1383;1539;1;0,1,2,3,4,5,6,7,8,9,10,11,12,13,14,15,16,20,21,22,23,24,25,26,27,28,29,30,31,33,34,35,36,37,40,41,42,43,44,45,46,47,49,50,51,52,53,64,65,66,102,118,119,120,121,122,123,124,125,126,130,131,132,133,134,135,136,137,142,143,145,174,175,181,199,200,201,202,203,204,
80;0;1539;1574;1;0,1,2,3,4,5,6,7,8,9,10,11,12,13,14,15,16,20,21,22,23,24,25,26,27,28,29,30,31,33,34,35,36,37,40,41,42,43,44,45,46,47,49,50,51,52,53,64,65,66,102,118,119,120,121,122,123,124,125,126,130,131,132,133,134,135,136,137,142,143,145,174,175,181,199,200,201,202,203,204,
98;0;1574;1654;0;0,1,2,3,4,5,6,7,8,9,10,11,12,13,14,15,16,20,21,22,23,24,25,26,27,28,29,30,31,33,34,35,36,37,40,41,42,43,44,45,46,47,49,50,51,52,53,64,65,66,102,118,119,120,121,122,123,124,125,126,130,131,132,133,134,135,136,137,142,143,145,174,175,181,199,200,201,202,203,204,
96;0;1654;1730;0;0,1,2,3,4,5,6,7,8,9,10,11,12,13,14,15,16,20,21,22,23,24,25,26,27,28,29,30,31,33,34,35,36,37,40,41,42,43,44,45,46,47,49,50,51,52,53,64,65,66,102,118,119,120,121,122,123,124,125,126,130,131,132,133,134,135,136,137,142,143,145,174,175,181,199,200,201,202,203,204,
79;0;1730;1799;0;0,1,2,3,4,5,6,7,8,9,10,11,12,13,14,15,16,20,21,22,23,24,25,26,27,28,29,30,31,33,34,35,36,37,40,41,42,43,44,45,46,47,49,50,51,52,53,64,65,66,102,118,119,120,121,122,123,124,125,126,130,131,132,133,134,135,136,137,142,143,145,174,175,181,199,200,201,202,203,204,
79;1;1799;1936;0;0,1,2,3,4,5,6,7,8,9,10,11,12,13,14,15,16,20,21,22,23,24,25,26,27,28,29,30,31,33,34,35,36,37,40,41,42,43,44,45,46,47,49,50,51,52,53,64,65,66,102,118,119,120,121,122,123,124,125,126,130,131,132,133,134,135,136,137,142,143,145,174,175,181,199,200,201,202,203,204,
48;0;1936;1962;0;0,1,2,3,4,5,6,7,8,9,10,11,12,13,14,15,16,20,21,22,23,24,25,26,27,28,29,30,31,33,34,35,36,37,40,41,42,43,44,45,46,47,49,50,51,52,53,64,65,66,102,118,119,120,121,122,123,124,125,126,130,131,132,133,134,135,136,137,142,143,145,174,175,181,199,200,201,202,203,204,
23;0;1962;2135;1;0,1,2,3,4,5,6,7,8,9,10,11,12,13,14,15,16,20,21,22,23,24,25,26,27,28,29,30,31,33,34,35,36,37,40,41,42,43,44,45,46,47,49,50,51,52,53,64,65,66,102,118,119,120,121,122,123,124,125,126,130,131,132,133,134,135,136,137,142,143,145,174,175,181,199,200,201,202,203,204,
100;0;2135;2254;1;0,1,2,3,4,5,6,7,8,9,10,11,12,13,14,15,16,20,21,22,23,24,25,26,27,28,29,30,31,33,34,35,36,37,40,41,42,43,44,45,46,47,49,50,51,52,53,64,65,66,102,118,119,120,121,122,123,124,125,126,130,131,132,133,134,135,136,137,142,143,145,174,175,181,199,200,201,202,203,204,
105;0;2254;2401;0;0,1,2,3,4,5,6,7,8,9,10,11,12,13,14,15,16,20,21,22,23,24,25,26,27,28,29,30,31,33,34,35,36,37,40,41,42,43,44,45,46,47,49,50,51,52,53,64,65,66,102,118,119,120,121,122,123,124,125,126,130,131,132,133,134,135,136,137,142,143,145,174,175,181,199,200,201,202,203,204,
46;0;2401;2552;0;0,1,2,3,4,5,6,7,8,9,10,11,12,13,14,15,16,20,21,22,23,24,25,26,27,28,29,30,31,33,34,35,36,37,40,41,42,43,44,45,46,47,49,50,51,52,53,64,65,66,102,118,119,120,121,122,123,124,125,126,130,131,132,133,134,135,136,137,142,143,145,174,175,181,199,200,201,202,203,204,
3;0;2552;2601;1;0,1,2,3,4,5,6,7,8,9,10,11,12,13,14,15,16,20,21,22,23,24,25,26,27,28,29,30,31,33,34,35,36,37,40,41,42,43,44,45,46,47,49,50,51,52,53,64,65,66,102,118,119,120,121,122,123,124,125,126,130,131,132,133,134,135,136,137,142,143,145,174,175,181,199,200,201,202,203,204,
135;0;2601;2726;0;0,1,2,3,4,5,6,7,8,9,10,11,12,13,14,15,16,20,21,22,23,24,25,26,27,28,29,30,31,33,34,35,36,37,40,41,42,43,44,45,46,47,49,50,51,52,53,64,65,66,102,118,119,120,121,122,123,124,125,126,130,131,132,133,134,135,136,137,142,143,145,174,175,181,199,200,201,202,203,204,
21;0;2726;2760;1;0,1,2,3,4,5,6,7,8,9,10,11,12,13,14,15,16,20,21,22,23,24,25,26,27,28,29,30,31,33,34,35,36,37,40,41,42,43,44,45,46,47,49,50,51,52,53,64,65,66,102,118,119,120,121,122,123,124,125,126,130,131,132,133,134,135,136,137,142,143,145,174,175,181,199,200,201,202,203,204,
74;0;2760;2875;1;0,1,2,3,4,5,6,7,8,9,10,11,12,13,14,15,16,20,21,22,23,24,25,26,27,28,29,30,31,33,34,35,36,37,40,41,42,43,44,45,46,47,49,50,51,52,53,64,65,66,102,118,119,120,121,122,123,124,125,126,130,131,132,133,134,135,136,137,142,143,145,174,175,181,199,200,201,202,203,204,
74;1;2875;3053;1;0,1,2,3,4,5,6,7,8,9,10,11,12,13,14,15,16,20,21,22,23,24,25,26,27,28,29,30,31,33,34,35,36,37,40,41,42,43,44,45,46,47,49,50,51,52,53,64,65,66,102,118,119,120,121,122,123,124,125,126,130,131,132,133,134,135,136,137,142,143,145,174,175,181,199,200,201,202,203,204,
Machine: 2
26;0;0;44;0;0,1,2,3,4,5,6,7,8,9,10,11,12,13,14,15,16,17,18,19,20,21,22,23,24,25,26,27,28,29,30,33,34,35,36,37,41,49,50,63,64,65,66,67,68,69,102,103,104,105,106,111,118,119,120,121,138,139,140,141,142,147,148,149,150,151,181,190,191,192,193,194,195,196,197,198,205,206,207,208,
120;0;44;112;1;0,1,2,3,4,5,6,7,8,9,10,11,12,13,14,15,16,17,18,19,20,21,22,23,24,25,26,27,28,29,30,33,34,35,36,37,41,49,50,63,64,65,66,67,68,69,102,103,104,105,106,111,118,119,120,121,138,139,140,141,142,147,148,149,150,151,181,190,191,192,193,194,195,196,197,198,205,206,207,208,
99;0;112;185;0;0,1,2,3,4,5,6,7,8,9,10,11,12,13,14,15,16,17,18,19,20,21,22,23,24,25,26,27,28,29,30,33,34,35,36,37,41,49,50,63,64,65,66,67,68,69,102,103,104,105,106,111,118,119,120,121,138,139,140,141,142,147,148,149,150,151,181,190,191,192,193,194,195,196,197,198,205,206,207,208,
99;1;185;230;0;0,1,2,3,4,5,6,7,8,9,10,11,12,13,14,15,16,17,18,19,20,21,22,23,24,25,26,27,28,29,30,33,34,35,36,37,41,49,50,63,64,65,66,67,68,69,102,103,104,105,106,111,118,119,120,121,138,139,140,141,142,147,148,149,150,151,181,190,191,192,193,194,195,196,197,198,205,206,207,208,
136;0;230;303;0;0,1,2,3,4,5,6,7,8,9,10,11,12,13,14,15,16,17,18,19,20,21,22,23,24,25,26,27,28,29,30,33,34,35,36,37,41,49,50,63,64,65,66,67,68,69,102,103,104,105,106,111,118,119,120,121,138,139,140,141,142,147,148,149,150,151,181,190,191,192,193,194,195,196,197,198,205,206,207,208,
27;0;303;442;1;0,1,2,3,4,5,6,7,8,9,10,11,12,13,14,15,16,17,18,19,20,21,22,23,24,25,26,27,28,29,30,33,34,35,36,37,41,49,50,63,64,65,66,67,68,69,102,103,104,105,106,111,118,119,120,121,138,139,140,141,142,147,148,149,150,151,181,190,191,192,193,194,195,196,197,198,205,206,207,208,
27;1;442;472;1;0,1,2,3,4,5,6,7,8,9,10,11,12,13,14,15,16,17,18,19,20,21,22,23,24,25,26,27,28,29,30,33,34,35,36,37,41,49,50,63,64,65,66,67,68,69,102,103,104,105,106,111,118,119,120,121,138,139,140,141,142,147,148,149,150,151,181,190,191,192,193,194,195,196,197,198,205,206,207,208,
144;0;472;504;1;0,1,2,3,4,5,6,7,8,9,10,11,12,13,14,15,16,17,18,19,20,21,22,23,24,25,26,27,28,29,30,33,34,35,36,37,41,49,50,63,64,65,66,67,68,69,102,103,104,105,106,111,118,119,120,121,138,139,140,141,142,147,148,149,150,151,181,190,191,192,193,194,195,196,197,198,205,206,207,208,
144;1;504;613;1;0,1,2,3,4,5,6,7,8,9,10,11,12,13,14,15,16,17,18,19,20,21,22,23,24,25,26,27,28,29,30,33,34,35,36,37,41,49,50,63,64,65,66,67,68,69,102,103,104,105,106,111,118,119,120,121,138,139,140,141,142,147,148,149,150,151,181,190,191,192,193,194,195,196,197,198,205,206,207,208,
66;0;613;739;0;0,1,2,3,4,5,6,7,8,9,10,11,12,13,14,15,16,17,18,19,20,21,22,23,24,25,26,27,28,29,30,33,34,35,36,37,41,49,50,63,64,65,66,67,68,69,102,103,104,105,106,111,118,119,120,121,138,139,140,141,142,147,148,149,150,151,181,190,191,192,193,194,195,196,197,198,205,206,207,208,
22;0;739;822;0;0,1,2,3,4,5,6,7,8,9,10,11,12,13,14,15,16,17,18,19,20,21,22,23,24,25,26,27,28,29,30,33,34,35,36,37,41,49,50,63,64,65,66,67,68,69,102,103,104,105,106,111,118,119,120,121,138,139,140,141,142,147,148,149,150,151,181,190,191,192,193,194,195,196,197,198,205,206,207,208,
22;1;822;949;0;0,1,2,3,4,5,6,7,8,9,10,11,12,13,14,15,16,17,18,19,20,21,22,23,24,25,26,27,28,29,30,33,34,35,36,37,41,49,50,63,64,65,66,67,68,69,102,103,104,105,106,111,118,119,120,121,138,139,140,141,142,147,148,149,150,151,181,190,191,192,193,194,195,196,197,198,205,206,207,208,
147;0;949;1026;1;0,1,2,3,4,5,6,7,8,9,10,11,12,13,14,15,16,17,18,19,20,21,22,23,24,25,26,27,28,29,30,33,34,35,36,37,41,49,50,63,64,65,66,67,68,69,102,103,104,105,106,111,118,119,120,121,138,139,140,141,142,147,148,149,150,151,181,190,191,192,193,194,195,196,197,198,205,206,207,208,
147;1;1026;1051;1;0,1,2,3,4,5,6,7,8,9,10,11,12,13,14,15,16,17,18,19,20,21,22,23,24,25,26,27,28,29,30,33,34,35,36,37,41,49,50,63,64,65,66,67,68,69,102,103,104,105,106,111,118,119,120,121,138,139,140,141,142,147,148,149,150,151,181,190,191,192,193,194,195,196,197,198,205,206,207,208,
90;0;1051;1092;1;0,1,2,3,4,5,6,7,8,9,10,11,12,13,14,15,16,17,18,19,20,21,22,23,24,25,26,27,28,29,30,33,34,35,36,37,41,49,50,63,64,65,66,67,68,69,102,103,104,105,106,111,118,119,120,121,138,139,140,141,142,147,148,149,150,151,181,190,191,192,193,194,195,196,197,198,205,206,207,208,
38;0;1092;1170;0;0,1,2,3,4,5,6,7,8,9,10,11,12,13,14,15,16,17,18,19,20,21,22,23,24,25,26,27,28,29,30,33,34,35,36,37,41,49,50,63,64,65,66,67,68,69,102,103,104,105,106,111,118,119,120,121,138,139,140,141,142,147,148,149,150,151,181,190,191,192,193,194,195,196,197,198,205,206,207,208,
57;0;1170;1190;1;0,1,2,3,4,5,6,7,8,9,10,11,12,13,14,15,16,17,18,19,20,21,22,23,24,25,26,27,28,29,30,33,34,35,36,37,41,49,50,63,64,65,66,67,68,69,102,103,104,105,106,111,118,119,120,121,138,139,140,141,142,147,148,149,150,151,181,190,191,192,193,194,195,196,197,198,205,206,207,208,
57;1;1190;1238;1;0,1,2,3,4,5,6,7,8,9,10,11,12,13,14,15,16,17,18,19,20,21,22,23,24,25,26,27,28,29,30,33,34,35,36,37,41,49,50,63,64,65,66,67,68,69,102,103,104,105,106,111,118,119,120,121,138,139,140,141,142,147,148,149,150,151,181,190,191,192,193,194,195,196,197,198,205,206,207,208,
68;0;1238;1397;0;0,1,2,3,4,5,6,7,8,9,10,11,12,13,14,15,16,17,18,19,20,21,22,23,24,25,26,27,28,29,30,33,34,35,36,37,41,49,50,63,64,65,66,67,68,69,102,103,104,105,106,111,118,119,120,121,138,139,140,141,142,147,148,149,150,151,181,190,191,192,193,194,195,196,197,198,205,206,207,208,
116;0;1397;1439;0;0,1,2,3,4,5,6,7,8,9,10,11,12,13,14,15,16,17,18,19,20,21,22,23,24,25,26,27,28,29,30,33,34,35,36,37,41,49,50,63,64,65,66,67,68,69,102,103,104,105,106,111,118,119,120,121,138,139,140,141,142,147,148,149,150,151,181,190,191,192,193,194,195,196,197,198,205,206,207,208,
107;0;1439;1608;1;0,1,2,3,4,5,6,7,8,9,10,11,12,13,14,15,16,17,18,19,20,21,22,23,24,25,26,27,28,29,30,33,34,35,36,37,41,49,50,63,64,65,66,67,68,69,102,103,104,105,106,111,118,119,120,121,138,139,140,141,142,147,148,149,150,151,181,190,191,192,193,194,195,196,197,198,205,206,207,208,
107;1;1608;1718;1;0,1,2,3,4,5,6,7,8,9,10,11,12,13,14,15,16,17,18,19,20,21,22,23,24,25,26,27,28,29,30,33,34,35,36,37,41,49,50,63,64,65,66,67,68,69,102,103,104,105,106,111,118,119,120,121,138,139,140,141,142,147,148,149,150,151,181,190,191,192,193,194,195,196,197,198,205,206,207,208,
24;0;1718;1862;1;0,1,2,3,4,5,6,7,8,9,10,11,12,13,14,15,16,17,18,19,20,21,22,23,24,25,26,27,28,29,30,33,34,35,36,37,41,49,50,63,64,65,66,67,68,69,102,103,104,105,106,111,118,119,120,121,138,139,140,141,142,147,148,149,150,151,181,190,191,192,193,194,195,196,197,198,205,206,207,208,
24;1;1862;1930;1;0,1,2,3,4,5,6,7,8,9,10,11,12,13,14,15,16,17,18,19,20,21,22,23,24,25,26,27,28,29,30,33,34,35,36,37,41,49,50,63,64,65,66,67,68,69,102,103,104,105,106,111,118,119,120,121,138,139,140,141,142,147,148,149,150,151,181,190,191,192,193,194,195,196,197,198,205,206,207,208,
61;0;1930;1982;1;0,1,2,3,4,5,6,7,8,9,10,11,12,13,14,15,16,17,18,19,20,21,22,23,24,25,26,27,28,29,30,33,34,35,36,37,41,49,50,63,64,65,66,67,68,69,102,103,104,105,106,111,118,119,120,121,138,139,140,141,142,147,148,149,150,151,181,190,191,192,193,194,195,196,197,198,205,206,207,208,
117;0;1982;2037;1;0,1,2,3,4,5,6,7,8,9,10,11,12,13,14,15,16,17,18,19,20,21,22,23,24,25,26,27,28,29,30,33,34,35,36,37,41,49,50,63,64,65,66,67,68,69,102,103,104,105,106,111,118,119,120,121,138,139,140,141,142,147,148,149,150,151,181,190,191,192,193,194,195,196,197,198,205,206,207,208,
117;1;2037;2172;1;0,1,2,3,4,5,6,7,8,9,10,11,12,13,14,15,16,17,18,19,20,21,22,23,24,25,26,27,28,29,30,33,34,35,36,37,41,49,50,63,64,65,66,67,68,69,102,103,104,105,106,111,118,119,120,121,138,139,140,141,142,147,148,149,150,151,181,190,191,192,193,194,195,196,197,198,205,206,207,208,
145;0;2172;2270;0;0,1,2,3,4,5,6,7,8,9,10,11,12,13,14,15,16,17,18,19,20,21,22,23,24,25,26,27,28,29,30,33,34,35,36,37,41,49,50,63,64,65,66,67,68,69,102,103,104,105,106,111,118,119,120,121,138,139,140,141,142,147,148,149,150,151,181,190,191,192,193,194,195,196,197,198,205,206,207,208,
121;0;2270;2435;1;0,1,2,3,4,5,6,7,8,9,10,11,12,13,14,15,16,17,18,19,20,21,22,23,24,25,26,27,28,29,30,33,34,35,36,37,41,49,50,63,64,65,66,67,68,69,102,103,104,105,106,111,118,119,120,121,138,139,140,141,142,147,148,149,150,151,181,190,191,192,193,194,195,196,197,198,205,206,207,208,
1;0;2435;2582;0;0,1,2,3,4,5,6,7,8,9,10,11,12,13,14,15,16,17,18,19,20,21,22,23,24,25,26,27,28,29,30,33,34,35,36,37,41,49,50,63,64,65,66,67,68,69,102,103,104,105,106,111,118,119,120,121,138,139,140,141,142,147,148,149,150,151,181,190,191,192,193,194,195,196,197,198,205,206,207,208,
53;0;2582;2600;1;0,1,2,3,4,5,6,7,8,9,10,11,12,13,14,15,16,17,18,19,20,21,22,23,24,25,26,27,28,29,30,33,34,35,36,37,41,49,50,63,64,65,66,67,68,69,102,103,104,105,106,111,118,119,120,121,138,139,140,141,142,147,148,149,150,151,181,190,191,192,193,194,195,196,197,198,205,206,207,208,
29;0;2600;2621;0;0,1,2,3,4,5,6,7,8,9,10,11,12,13,14,15,16,17,18,19,20,21,22,23,24,25,26,27,28,29,30,33,34,35,36,37,41,49,50,63,64,65,66,67,68,69,102,103,104,105,106,111,118,119,120,121,138,139,140,141,142,147,148,149,150,151,181,190,191,192,193,194,195,196,197,198,205,206,207,208,
29;1;2621;2781;0;0,1,2,3,4,5,6,7,8,9,10,11,12,13,14,15,16,17,18,19,20,21,22,23,24,25,26,27,28,29,30,33,34,35,36,37,41,49,50,63,64,65,66,67,68,69,102,103,104,105,106,111,118,119,120,121,138,139,140,141,142,147,148,149,150,151,181,190,191,192,193,194,195,196,197,198,205,206,207,208,
77;0;2781;2806;1;0,1,2,3,4,5,6,7,8,9,10,11,12,13,14,15,16,17,18,19,20,21,22,23,24,25,26,27,28,29,30,33,34,35,36,37,41,49,50,63,64,65,66,67,68,69,102,103,104,105,106,111,118,119,120,121,138,139,140,141,142,147,148,149,150,151,181,190,191,192,193,194,195,196,197,198,205,206,207,208,
77;1;2806;2893;1;0,1,2,3,4,5,6,7,8,9,10,11,12,13,14,15,16,17,18,19,20,21,22,23,24,25,26,27,28,29,30,33,34,35,36,37,41,49,50,63,64,65,66,67,68,69,102,103,104,105,106,111,118,119,120,121,138,139,140,141,142,147,148,149,150,151,181,190,191,192,193,194,195,196,197,198,205,206,207,208,
138;0;2893;3050;0;0,1,2,3,4,5,6,7,8,9,10,11,12,13,14,15,16,17,18,19,20,21,22,23,24,25,26,27,28,29,30,33,34,35,36,37,41,49,50,63,64,65,66,67,68,69,102,103,104,105,106,111,118,119,120,121,138,139,140,141,142,147,148,149,150,151,181,190,191,192,193,194,195,196,197,198,205,206,207,208,
Machine: 3
113;0;0;77;1;0,1,2,3,4,5,6,7,8,9,10,11,12,13,14,15,16,17,18,19,20,21,22,23,24,25,26,27,28,29,33,34,35,36,37,38,39,40,41,47,49,50,51,52,53,63,64,66,68,74,102,107,108,109,110,111,117,118,119,120,121,122,144,145,162,163,164,165,166,171,172,183,184,185,186,187,205,206,207,208,
40;0;77;106;1;0,1,2,3,4,5,6,7,8,9,10,11,12,13,14,15,16,17,18,19,20,21,22,23,24,25,26,27,28,29,33,34,35,36,37,38,39,40,41,47,49,50,51,52,53,63,64,66,68,74,102,107,108,109,110,111,117,118,119,120,121,122,144,145,162,163,164,165,166,171,172,183,184,185,186,187,205,206,207,208,
36;0;106;155;0;0,1,2,3,4,5,6,7,8,9,10,11,12,13,14,15,16,17,18,19,20,21,22,23,24,25,26,27,28,29,33,34,35,36,37,38,39,40,41,47,49,50,51,52,53,63,64,66,68,74,102,107,108,109,110,111,117,118,119,120,121,122,144,145,162,163,164,165,166,171,172,183,184,185,186,187,205,206,207,208,
65;0;155;329;0;0,1,2,3,4,5,6,7,8,9,10,11,12,13,14,15,16,17,18,19,20,21,22,23,24,25,26,27,28,29,33,34,35,36,37,38,39,40,41,47,49,50,51,52,53,63,64,66,68,74,102,107,108,109,110,111,117,118,119,120,121,122,144,145,162,163,164,165,166,171,172,183,184,185,186,187,205,206,207,208,
132;0;329;427;0;0,1,2,3,4,5,6,7,8,9,10,11,12,13,14,15,16,17,18,19,20,21,22,23,24,25,26,27,28,29,33,34,35,36,37,38,39,40,41,47,49,50,51,52,53,63,64,66,68,74,102,107,108,109,110,111,117,118,119,120,121,122,144,145,162,163,164,165,166,171,172,183,184,185,186,187,205,206,207,208,
132;1;427;545;0;0,1,2,3,4,5,6,7,8,9,10,11,12,13,14,15,16,17,18,19,20,21,22,23,24,25,26,27,28,29,33,34,35,36,37,38,39,40,41,47,49,50,51,52,53,63,64,66,68,74,102,107,108,109,110,111,117,118,119,120,121,122,144,145,162,163,164,165,166,171,172,183,184,185,186,187,205,206,207,208,
37;0;545;695;1;0,1,2,3,4,5,6,7,8,9,10,11,12,13,14,15,16,17,18,19,20,21,22,23,24,25,26,27,28,29,33,34,35,36,37,38,39,40,41,47,49,50,51,52,53,63,64,66,68,74,102,107,108,109,110,111,117,118,119,120,121,122,144,145,162,163,164,165,166,171,172,183,184,185,186,187,205,206,207,208,
37;1;695;746;1;0,1,2,3,4,5,6,7,8,9,10,11,12,13,14,15,16,17,18,19,20,21,22,23,24,25,26,27,28,29,33,34,35,36,37,38,39,40,41,47,49,50,51,52,53,63,64,66,68,74,102,107,108,109,110,111,117,118,119,120,121,122,144,145,162,163,164,165,166,171,172,183,184,185,186,187,205,206,207,208,
89;0;746;795;0;0,1,2,3,4,5,6,7,8,9,10,11,12,13,14,15,16,17,18,19,20,21,22,23,24,25,26,27,28,29,33,34,35,36,37,38,39,40,41,47,49,50,51,52,53,63,64,66,68,74,102,107,108,109,110,111,117,118,119,120,121,122,144,145,162,163,164,165,166,171,172,183,184,185,186,187,205,206,207,208,
89;1;795;973;0;0,1,2,3,4,5,6,7,8,9,10,11,12,13,14,15,16,17,18,19,20,21,22,23,24,25,26,27,28,29,33,34,35,36,37,38,39,40,41,47,49,50,51,52,53,63,64,66,68,74,102,107,108,109,110,111,117,118,119,120,121,122,144,145,162,163,164,165,166,171,172,183,184,185,186,187,205,206,207,208,
110;0;973;1152;1;0,1,2,3,4,5,6,7,8,9,10,11,12,13,14,15,16,17,18,19,20,21,22,23,24,25,26,27,28,29,33,34,35,36,37,38,39,40,41,47,49,50,51,52,53,63,64,66,68,74,102,107,108,109,110,111,117,118,119,120,121,122,144,145,162,163,164,165,166,171,172,183,184,185,186,187,205,206,207,208,
56;0;1152;1169;0;0,1,2,3,4,5,6,7,8,9,10,11,12,13,14,15,16,17,18,19,20,21,22,23,24,25,26,27,28,29,33,34,35,36,37,38,39,40,41,47,49,50,51,52,53,63,64,66,68,74,102,107,108,109,110,111,117,118,119,120,121,122,144,145,162,163,164,165,166,171,172,183,184,185,186,187,205,206,207,208,
62;0;1169;1175;0;0,1,2,3,4,5,6,7,8,9,10,11,12,13,14,15,16,17,18,19,20,21,22,23,24,25,26,27,28,29,33,34,35,36,37,38,39,40,41,47,49,50,51,52,53,63,64,66,68,74,102,107,108,109,110,111,117,118,119,120,121,122,144,145,162,163,164,165,166,171,172,183,184,185,186,187,205,206,207,208,
62;1;1175;1265;0;0,1,2,3,4,5,6,7,8,9,10,11,12,13,14,15,16,17,18,19,20,21,22,23,24,25,26,27,28,29,33,34,35,36,37,38,39,40,41,47,49,50,51,52,53,63,64,66,68,74,102,107,108,109,110,111,117,118,119,120,121,122,144,145,162,163,164,165,166,171,172,183,184,185,186,187,205,206,207,208,
12;0;1265;1310;0;0,1,2,3,4,5,6,7,8,9,10,11,12,13,14,15,16,17,18,19,20,21,22,23,24,25,26,27,28,29,33,34,35,36,37,38,39,40,41,47,49,50,51,52,53,63,64,66,68,74,102,107,108,109,110,111,117,118,119,120,121,122,144,145,162,163,164,165,166,171,172,183,184,185,186,187,205,206,207,208,
12;1;1310;1363;0;0,1,2,3,4,5,6,7,8,9,10,11,12,13,14,15,16,17,18,19,20,21,22,23,24,25,26,27,28,29,33,34,35,36,37,38,39,40,41,47,49,50,51,52,53,63,64,66,68,74,102,107,108,109,110,111,117,118,119,120,121,122,144,145,162,163,164,165,166,171,172,183,184,185,186,187,205,206,207,208,
17;0;1363;1542;1;0,1,2,3,4,5,6,7,8,9,10,11,12,13,14,15,16,17,18,19,20,21,22,23,24,25,26,27,28,29,33,34,35,36,37,38,39,40,41,47,49,50,51,52,53,63,64,66,68,74,102,107,108,109,110,111,117,118,119,120,121,122,144,145,162,163,164,165,166,171,172,183,184,185,186,187,205,206,207,208,
17;1;1542;1576;1;0,1,2,3,4,5,6,7,8,9,10,11,12,13,14,15,16,17,18,19,20,21,22,23,24,25,26,27,28,29,33,34,35,36,37,38,39,40,41,47,49,50,51,52,53,63,64,66,68,74,102,107,108,109,110,111,117,118,119,120,121,122,144,145,162,163,164,165,166,171,172,183,184,185,186,187,205,206,207,208,
118;0;1576;1672;0;0,1,2,3,4,5,6,7,8,9,10,11,12,13,14,15,16,17,18,19,20,21,22,23,24,25,26,27,28,29,33,34,35,36,37,38,39,40,41,47,49,50,51,52,53,63,64,66,68,74,102,107,108,109,110,111,117,118,119,120,121,122,144,145,162,163,164,165,166,171,172,183,184,185,186,187,205,206,207,208,
63;0;1672;1752;1;0,1,2,3,4,5,6,7,8,9,10,11,12,13,14,15,16,17,18,19,20,21,22,23,24,25,26,27,28,29,33,34,35,36,37,38,39,40,41,47,49,50,51,52,53,63,64,66,68,74,102,107,108,109,110,111,117,118,119,120,121,122,144,145,162,163,164,165,166,171,172,183,184,185,186,187,205,206,207,208,
134;0;1752;1814;1;0,1,2,3,4,5,6,7,8,9,10,11,12,13,14,15,16,17,18,19,20,21,22,23,24,25,26,27,28,29,33,34,35,36,37,38,39,40,41,47,49,50,51,52,53,63,64,66,68,74,102,107,108,109,110,111,117,118,119,120,121,122,144,145,162,163,164,165,166,171,172,183,184,185,186,187,205,206,207,208,
134;1;1814;1925;1;0,1,2,3,4,5,6,7,8,9,10,11,12,13,14,15,16,17,18,19,20,21,22,23,24,25,26,27,28,29,33,34,35,36,37,38,39,40,41,47,49,50,51,52,53,63,64,66,68,74,102,107,108,109,110,111,117,118,119,120,121,122,144,145,162,163,164,165,166,171,172,183,184,185,186,187,205,206,207,208,
122;0;1925;2093;0;0,1,2,3,4,5,6,7,8,9,10,11,12,13,14,15,16,17,18,19,20,21,22,23,24,25,26,27,28,29,33,34,35,36,37,38,39,40,41,47,49,50,51,52,53,63,64,66,68,74,102,107,108,109,110,111,117,118,119,120,121,122,144,145,162,163,164,165,166,171,172,183,184,185,186,187,205,206,207,208,
122;1;2093;2171;0;0,1,2,3,4,5,6,7,8,9,10,11,12,13,14,15,16,17,18,19,20,21,22,23,24,25,26,27,28,29,33,34,35,36,37,38,39,40,41,47,49,50,51,52,53,63,64,66,68,74,102,107,108,109,110,111,117,118,119,120,121,122,144,145,162,163,164,165,166,171,172,183,184,185,186,187,205,206,207,208,
95;0;2171;2261;0;0,1,2,3,4,5,6,7,8,9,10,11,12,13,14,15,16,17,18,19,20,21,22,23,24,25,26,27,28,29,33,34,35,36,37,38,39,40,41,47,49,50,51,52,53,63,64,66,68,74,102,107,108,109,110,111,117,118,119,120,121,122,144,145,162,163,164,165,166,171,172,183,184,185,186,187,205,206,207,208,
83;0;2261;2336;1;0,1,2,3,4,5,6,7,8,9,10,11,12,13,14,15,16,17,18,19,20,21,22,23,24,25,26,27,28,29,33,34,35,36,37,38,39,40,41,47,49,50,51,52,53,63,64,66,68,74,102,107,108,109,110,111,117,118,119,120,121,122,144,145,162,163,164,165,166,171,172,183,184,185,186,187,205,206,207,208,
50;0;2336;2506;1;0,1,2,3,4,5,6,7,8,9,10,11,12,13,14,15,16,17,18,19,20,21,22,23,24,25,26,27,28,29,33,34,35,36,37,38,39,40,41,47,49,50,51,52,53,63,64,66,68,74,102,107,108,109,110,111,117,118,119,120,121,122,144,145,162,163,164,165,166,171,172,183,184,185,186,187,205,206,207,208,
55;0;2506;2650;0;0,1,2,3,4,5,6,7,8,9,10,11,12,13,14,15,16,17,18,19,20,21,22,23,24,25,26,27,28,29,33,34,35,36,37,38,39,40,41,47,49,50,51,52,53,63,64,66,68,74,102,107,108,109,110,111,117,118,119,120,121,122,144,145,162,163,164,165,166,171,172,183,184,185,186,187,205,206,207,208,
103;0;2650;2755;1;0,1,2,3,4,5,6,7,8,9,10,11,12,13,14,15,16,17,18,19,20,21,22,23,24,25,26,27,28,29,33,34,35,36,37,38,39,40,41,47,49,50,51,52,53,63,64,66,68,74,102,107,108,109,110,111,117,118,119,120,121,122,144,145,162,163,164,165,166,171,172,183,184,185,186,187,205,206,207,208,
72;0;2755;2789;0;0,1,2,3,4,5,6,7,8,9,10,11,12,13,14,15,16,17,18,19,20,21,22,23,24,25,26,27,28,29,33,34,35,36,37,38,39,40,41,47,49,50,51,52,53,63,64,66,68,74,102,107,108,109,110,111,117,118,119,120,121,122,144,145,162,163,164,165,166,171,172,183,184,185,186,187,205,206,207,208,
72;1;2789;2894;0;0,1,2,3,4,5,6,7,8,9,10,11,12,13,14,15,16,17,18,19,20,21,22,23,24,25,26,27,28,29,33,34,35,36,37,38,39,40,41,47,49,50,51,52,53,63,64,66,68,74,102,107,108,109,110,111,117,118,119,120,121,122,144,145,162,163,164,165,166,171,172,183,184,185,186,187,205,206,207,208,
60;0;2894;2931;1;0,1,2,3,4,5,6,7,8,9,10,11,12,13,14,15,16,17,18,19,20,21,22,23,24,25,26,27,28,29,33,34,35,36,37,38,39,40,41,47,49,50,51,52,53,63,64,66,68,74,102,107,108,109,110,111,117,118,119,120,121,122,144,145,162,163,164,165,166,171,172,183,184,185,186,187,205,206,207,208,
33;0;2931;3094;1;0,1,2,3,4,5,6,7,8,9,10,11,12,13,14,15,16,17,18,19,20,21,22,23,24,25,26,27,28,29,33,34,35,36,37,38,39,40,41,47,49,50,51,52,53,63,64,66,68,74,102,107,108,109,110,111,117,118,119,120,121,122,144,145,162,163,164,165,166,171,172,183,184,185,186,187,205,206,207,208,
28;0;3094;3269;0;0,1,2,3,4,5,6,7,8,9,10,11,12,13,14,15,16,17,18,19,20,21,22,23,24,25,26,27,28,29,33,34,35,36,37,38,39,40,41,47,49,50,51,52,53,63,64,66,68,74,102,107,108,109,110,111,117,118,119,120,121,122,144,145,162,163,164,165,166,171,172,183,184,185,186,187,205,206,207,208,
Machine: 4
123;0;0;48;1;0,1,2,3,4,5,6,7,8,9,10,11,12,13,14,15,16,17,18,19,20,21,22,23,24,25,26,27,28,29,30,31,32,33,34,35,36,37,38,39,40,41,42,43,44,47,48,54,55,56,57,58,59,60,61,62,64,65,77,109,118,119,120,121,122,123,124,125,126,141,146,176,177,178,179,180,205,206,207,208,
4;0;48;223;1;0,1,2,3,4,5,6,7,8,9,10,11,12,13,14,15,16,17,18,19,20,21,22,23,24,25,26,27,28,29,30,31,32,33,34,35,36,37,38,39,40,41,42,43,44,47,48,54,55,56,57,58,59,60,61,62,64,65,77,109,118,119,120,121,122,123,124,125,126,141,146,176,177,178,179,180,205,206,207,208,
4;1;223;320;1;0,1,2,3,4,5,6,7,8,9,10,11,12,13,14,15,16,17,18,19,20,21,22,23,24,25,26,27,28,29,30,31,32,33,34,35,36,37,38,39,40,41,42,43,44,47,48,54,55,56,57,58,59,60,61,62,64,65,77,109,118,119,120,121,122,123,124,125,126,141,146,176,177,178,179,180,205,206,207,208,
119;0;320;491;0;0,1,2,3,4,5,6,7,8,9,10,11,12,13,14,15,16,17,18,19,20,21,22,23,24,25,26,27,28,29,30,31,32,33,34,35,36,37,38,39,40,41,42,43,44,47,48,54,55,56,57,58,59,60,61,62,64,65,77,109,118,119,120,121,122,123,124,125,126,141,146,176,177,178,179,180,205,206,207,208,
119;1;491;636;0;0,1,2,3,4,5,6,7,8,9,10,11,12,13,14,15,16,17,18,19,20,21,22,23,24,25,26,27,28,29,30,31,32,33,34,35,36,37,38,39,40,41,42,43,44,47,48,54,55,56,57,58,59,60,61,62,64,65,77,109,118,119,120,121,122,123,124,125,126,141,146,176,177,178,179,180,205,206,207,208,
88;0;636;808;0;0,1,2,3,4,5,6,7,8,9,10,11,12,13,14,15,16,17,18,19,20,21,22,23,24,25,26,27,28,29,30,31,32,33,34,35,36,37,38,39,40,41,42,43,44,47,48,54,55,56,57,58,59,60,61,62,64,65,77,109,118,119,120,121,122,123,124,125,126,141,146,176,177,178,179,180,205,206,207,208,
104;0;808;971;1;0,1,2,3,4,5,6,7,8,9,10,11,12,13,14,15,16,17,18,19,20,21,22,23,24,25,26,27,28,29,30,31,32,33,34,35,36,37,38,39,40,41,42,43,44,47,48,54,55,56,57,58,59,60,61,62,64,65,77,109,118,119,120,121,122,123,124,125,126,141,146,176,177,178,179,180,205,206,207,208,
104;1;971;1112;1;0,1,2,3,4,5,6,7,8,9,10,11,12,13,14,15,16,17,18,19,20,21,22,23,24,25,26,27,28,29,30,31,32,33,34,35,36,37,38,39,40,41,42,43,44,47,48,54,55,56,57,58,59,60,61,62,64,65,77,109,118,119,120,121,122,123,124,125,126,141,146,176,177,178,179,180,205,206,207,208,
67;0;1112;1199;1;0,1,2,3,4,5,6,7,8,9,10,11,12,13,14,15,16,17,18,19,20,21,22,23,24,25,26,27,28,29,30,31,32,33,34,35,36,37,38,39,40,41,42,43,44,47,48,54,55,56,57,58,59,60,61,62,64,65,77,109,118,119,120,121,122,123,124,125,126,141,146,176,177,178,179,180,205,206,207,208,
67;1;1199;1224;1;0,1,2,3,4,5,6,7,8,9,10,11,12,13,14,15,16,17,18,19,20,21,22,23,24,25,26,27,28,29,30,31,32,33,34,35,36,37,38,39,40,41,42,43,44,47,48,54,55,56,57,58,59,60,61,62,64,65,77,109,118,119,120,121,122,123,124,125,126,141,146,176,177,178,179,180,205,206,207,208,
18;0;1224;1229;0;0,1,2,3,4,5,6,7,8,9,10,11,12,13,14,15,16,17,18,19,20,21,22,23,24,25,26,27,28,29,30,31,32,33,34,35,36,37,38,39,40,41,42,43,44,47,48,54,55,56,57,58,59,60,61,62,64,65,77,109,118,119,120,121,122,123,124,125,126,141,146,176,177,178,179,180,205,206,207,208,
101;0;1229;1332;1;0,1,2,3,4,5,6,7,8,9,10,11,12,13,14,15,16,17,18,19,20,21,22,23,24,25,26,27,28,29,30,31,32,33,34,35,36,37,38,39,40,41,42,43,44,47,48,54,55,56,57,58,59,60,61,62,64,65,77,109,118,119,120,121,122,123,124,125,126,141,146,176,177,178,179,180,205,206,207,208,
111;0;1332;1404;1;0,1,2,3,4,5,6,7,8,9,10,11,12,13,14,15,16,17,18,19,20,21,22,23,24,25,26,27,28,29,30,31,32,33,34,35,36,37,38,39,40,41,42,43,44,47,48,54,55,56,57,58,59,60,61,62,64,65,77,109,118,119,120,121,122,123,124,125,126,141,146,176,177,178,179,180,205,206,207,208,
139;0;1404;1476;0;0,1,2,3,4,5,6,7,8,9,10,11,12,13,14,15,16,17,18,19,20,21,22,23,24,25,26,27,28,29,30,31,32,33,34,35,36,37,38,39,40,41,42,43,44,47,48,54,55,56,57,58,59,60,61,62,64,65,77,109,118,119,120,121,122,123,124,125,126,141,146,176,177,178,179,180,205,206,207,208,
139;1;1476;1482;0;0,1,2,3,4,5,6,7,8,9,10,11,12,13,14,15,16,17,18,19,20,21,22,23,24,25,26,27,28,29,30,31,32,33,34,35,36,37,38,39,40,41,42,43,44,47,48,54,55,56,57,58,59,60,61,62,64,65,77,109,118,119,120,121,122,123,124,125,126,141,146,176,177,178,179,180,205,206,207,208,
130;0;1482;1619;1;0,1,2,3,4,5,6,7,8,9,10,11,12,13,14,15,16,17,18,19,20,21,22,23,24,25,26,27,28,29,30,31,32,33,34,35,36,37,38,39,40,41,42,43,44,47,48,54,55,56,57,58,59,60,61,62,64,65,77,109,118,119,120,121,122,123,124,125,126,141,146,176,177,178,179,180,205,206,207,208,
102;0;1619;1787;0;0,1,2,3,4,5,6,7,8,9,10,11,12,13,14,15,16,17,18,19,20,21,22,23,24,25,26,27,28,29,30,31,32,33,34,35,36,37,38,39,40,41,42,43,44,47,48,54,55,56,57,58,59,60,61,62,64,65,77,109,118,119,120,121,122,123,124,125,126,141,146,176,177,178,179,180,205,206,207,208,
102;1;1787;1938;0;0,1,2,3,4,5,6,7,8,9,10,11,12,13,14,15,16,17,18,19,20,21,22,23,24,25,26,27,28,29,30,31,32,33,34,35,36,37,38,39,40,41,42,43,44,47,48,54,55,56,57,58,59,60,61,62,64,65,77,109,118,119,120,121,122,123,124,125,126,141,146,176,177,178,179,180,205,206,207,208,
35;0;1938;2116;0;0,1,2,3,4,5,6,7,8,9,10,11,12,13,14,15,16,17,18,19,20,21,22,23,24,25,26,27,28,29,30,31,32,33,34,35,36,37,38,39,40,41,42,43,44,47,48,54,55,56,57,58,59,60,61,62,64,65,77,109,118,119,120,121,122,123,124,125,126,141,146,176,177,178,179,180,205,206,207,208,
109;0;2116;2128;0;0,1,2,3,4,5,6,7,8,9,10,11,12,13,14,15,16,17,18,19,20,21,22,23,24,25,26,27,28,29,30,31,32,33,34,35,36,37,38,39,40,41,42,43,44,47,48,54,55,56,57,58,59,60,61,62,64,65,77,109,118,119,120,121,122,123,124,125,126,141,146,176,177,178,179,180,205,206,207,208,
109;1;2128;2293;0;0,1,2,3,4,5,6,7,8,9,10,11,12,13,14,15,16,17,18,19,20,21,22,23,24,25,26,27,28,29,30,31,32,33,34,35,36,37,38,39,40,41,42,43,44,47,48,54,55,56,57,58,59,60,61,62,64,65,77,109,118,119,120,121,122,123,124,125,126,141,146,176,177,178,179,180,205,206,207,208,
39;0;2293;2340;0;0,1,2,3,4,5,6,7,8,9,10,11,12,13,14,15,16,17,18,19,20,21,22,23,24,25,26,27,28,29,30,31,32,33,34,35,36,37,38,39,40,41,42,43,44,47,48,54,55,56,57,58,59,60,61,62,64,65,77,109,118,119,120,121,122,123,124,125,126,141,146,176,177,178,179,180,205,206,207,208,
39;1;2340;2460;0;0,1,2,3,4,5,6,7,8,9,10,11,12,13,14,15,16,17,18,19,20,21,22,23,24,25,26,27,28,29,30,31,32,33,34,35,36,37,38,39,40,41,42,43,44,47,48,54,55,56,57,58,59,60,61,62,64,65,77,109,118,119,120,121,122,123,124,125,126,141,146,176,177,178,179,180,205,206,207,208,
51;0;2460;2606;1;0,1,2,3,4,5,6,7,8,9,10,11,12,13,14,15,16,17,18,19,20,21,22,23,24,25,26,27,28,29,30,31,32,33,34,35,36,37,38,39,40,41,42,43,44,47,48,54,55,56,57,58,59,60,61,62,64,65,77,109,118,119,120,121,122,123,124,125,126,141,146,176,177,178,179,180,205,206,207,208,
76;0;2606;2616;0;0,1,2,3,4,5,6,7,8,9,10,11,12,13,14,15,16,17,18,19,20,21,22,23,24,25,26,27,28,29,30,31,32,33,34,35,36,37,38,39,40,41,42,43,44,47,48,54,55,56,57,58,59,60,61,62,64,65,77,109,118,119,120,121,122,123,124,125,126,141,146,176,177,178,179,180,205,206,207,208,
47;0;2616;2757;1;0,1,2,3,4,5,6,7,8,9,10,11,12,13,14,15,16,17,18,19,20,21,22,23,24,25,26,27,28,29,30,31,32,33,34,35,36,37,38,39,40,41,42,43,44,47,48,54,55,56,57,58,59,60,61,62,64,65,77,109,118,119,120,121,122,123,124,125,126,141,146,176,177,178,179,180,205,206,207,208,
47;1;2757;2853;1;0,1,2,3,4,5,6,7,8,9,10,11,12,13,14,15,16,17,18,19,20,21,22,23,24,25,26,27,28,29,30,31,32,33,34,35,36,37,38,39,40,41,42,43,44,47,48,54,55,56,57,58,59,60,61,62,64,65,77,109,118,119,120,121,122,123,124,125,126,141,146,176,177,178,179,180,205,206,207,208,
42;0;2853;2957;0;0,1,2,3,4,5,6,7,8,9,10,11,12,13,14,15,16,17,18,19,20,21,22,23,24,25,26,27,28,29,30,31,32,33,34,35,36,37,38,39,40,41,42,43,44,47,48,54,55,56,57,58,59,60,61,62,64,65,77,109,118,119,120,121,122,123,124,125,126,141,146,176,177,178,179,180,205,206,207,208,
42;1;2957;3082;0;0,1,2,3,4,5,6,7,8,9,10,11,12,13,14,15,16,17,18,19,20,21,22,23,24,25,26,27,28,29,30,31,32,33,34,35,36,37,38,39,40,41,42,43,44,47,48,54,55,56,57,58,59,60,61,62,64,65,77,109,118,119,120,121,122,123,124,125,126,141,146,176,177,178,179,180,205,206,207,208,
19;0;3082;3239;0;0,1,2,3,4,5,6,7,8,9,10,11,12,13,14,15,16,17,18,19,20,21,22,23,24,25,26,27,28,29,30,31,32,33,34,35,36,37,38,39,40,41,42,43,44,47,48,54,55,56,57,58,59,60,61,62,64,65,77,109,118,119,120,121,122,123,124,125,126,141,146,176,177,178,179,180,205,206,207,208,
19;1;3239;3313;0;0,1,2,3,4,5,6,7,8,9,10,11,12,13,14,15,16,17,18,19,20,21,22,23,24,25,26,27,28,29,30,31,32,33,34,35,36,37,38,39,40,41,42,43,44,47,48,54,55,56,57,58,59,60,61,62,64,65,77,109,118,119,120,121,122,123,124,125,126,141,146,176,177,178,179,180,205,206,207,208,
16;0;3313;3407;0;0,1,2,3,4,5,6,7,8,9,10,11,12,13,14,15,16,17,18,19,20,21,22,23,24,25,26,27,28,29,30,31,32,33,34,35,36,37,38,39,40,41,42,43,44,47,48,54,55,56,57,58,59,60,61,62,64,65,77,109,118,119,120,121,122,123,124,125,126,141,146,176,177,178,179,180,205,206,207,208,
58;0;3407;3533;0;0,1,2,3,4,5,6,7,8,9,10,11,12,13,14,15,16,17,18,19,20,21,22,23,24,25,26,27,28,29,30,31,32,33,34,35,36,37,38,39,40,41,42,43,44,47,48,54,55,56,57,58,59,60,61,62,64,65,77,109,118,119,120,121,122,123,124,125,126,141,146,176,177,178,179,180,205,206,207,208,
143;0;3533;3547;1;0,1,2,3,4,5,6,7,8,9,10,11,12,13,14,15,16,17,18,19,20,21,22,23,24,25,26,27,28,29,30,31,32,33,34,35,36,37,38,39,40,41,42,43,44,47,48,54,55,56,57,58,59,60,61,62,64,65,77,109,118,119,120,121,122,123,124,125,126,141,146,176,177,178,179,180,205,206,207,208,
2;0;3547;3602;0;0,1,2,3,4,5,6,7,8,9,10,11,12,13,14,15,16,17,18,19,20,21,22,23,24,25,26,27,28,29,30,31,32,33,34,35,36,37,38,39,40,41,42,43,44,47,48,54,55,56,57,58,59,60,61,62,64,65,77,109,118,119,120,121,122,123,124,125,126,141,146,176,177,178,179,180,205,206,207,208,
2;1;3602;3649;0;0,1,2,3,4,5,6,7,8,9,10,11,12,13,14,15,16,17,18,19,20,21,22,23,24,25,26,27,28,29,30,31,32,33,34,35,36,37,38,39,40,41,42,43,44,47,48,54,55,56,57,58,59,60,61,62,64,65,77,109,118,119,120,121,122,123,124,125,126,141,146,176,177,178,179,180,205,206,207,208,
69;0;3649;3819;0;0,1,2,3,4,5,6,7,8,9,10,11,12,13,14,15,16,17,18,19,20,21,22,23,24,25,26,27,28,29,30,31,32,33,34,35,36,37,38,39,40,41,42,43,44,47,48,54,55,56,57,58,59,60,61,62,64,65,77,109,118,119,120,121,122,123,124,125,126,141,146,176,177,178,179,180,205,206,207,208,
69;1;3819;3988;0;0,1,2,3,4,5,6,7,8,9,10,11,12,13,14,15,16,17,18,19,20,21,22,23,24,25,26,27,28,29,30,31,32,33,34,35,36,37,38,39,40,41,42,43,44,47,48,54,55,56,57,58,59,60,61,62,64,65,77,109,118,119,120,121,122,123,124,125,126,141,146,176,177,178,179,180,205,206,207,208,
Machine: 5
128;0;0;86;0;0,1,2,3,4,5,6,7,8,9,10,11,12,13,14,15,16,17,18,19,20,21,22,23,24,25,26,27,29,30,31,32,33,34,35,36,37,40,41,49,64,65,66,102,107,108,112,113,114,115,116,117,127,128,129,130,131,132,133,152,153,154,155,156,157,158,159,160,161,167,168,169,170,171,172,173,181,188,189,204,
75;0;86;146;0;0,1,2,3,4,5,6,7,8,9,10,11,12,13,14,15,16,17,18,19,20,21,22,23,24,25,26,27,29,30,31,32,33,34,35,36,37,40,41,49,64,65,66,102,107,108,112,113,114,115,116,117,127,128,129,130,131,132,133,152,153,154,155,156,157,158,159,160,161,167,168,169,170,171,172,173,181,188,189,204,
114;0;146;234;1;0,1,2,3,4,5,6,7,8,9,10,11,12,13,14,15,16,17,18,19,20,21,22,23,24,25,26,27,29,30,31,32,33,34,35,36,37,40,41,49,64,65,66,102,107,108,112,113,114,115,116,117,127,128,129,130,131,132,133,152,153,154,155,156,157,158,159,160,161,167,168,169,170,171,172,173,181,188,189,204,
114;1;234;320;1;0,1,2,3,4,5,6,7,8,9,10,11,12,13,14,15,16,17,18,19,20,21,22,23,24,25,26,27,29,30,31,32,33,34,35,36,37,40,41,49,64,65,66,102,107,108,112,113,114,115,116,117,127,128,129,130,131,132,133,152,153,154,155,156,157,158,159,160,161,167,168,169,170,171,172,173,181,188,189,204,
85;0;320;451;0;0,1,2,3,4,5,6,7,8,9,10,11,12,13,14,15,16,17,18,19,20,21,22,23,24,25,26,27,29,30,31,32,33,34,35,36,37,40,41,49,64,65,66,102,107,108,112,113,114,115,116,117,127,128,129,130,131,132,133,152,153,154,155,156,157,158,159,160,161,167,168,169,170,171,172,173,181,188,189,204,
115;0;451;471;0;0,1,2,3,4,5,6,7,8,9,10,11,12,13,14,15,16,17,18,19,20,21,22,23,24,25,26,27,29,30,31,32,33,34,35,36,37,40,41,49,64,65,66,102,107,108,112,113,114,115,116,117,127,128,129,130,131,132,133,152,153,154,155,156,157,158,159,160,161,167,168,169,170,171,172,173,181,188,189,204,
32;0;471;520;0;0,1,2,3,4,5,6,7,8,9,10,11,12,13,14,15,16,17,18,19,20,21,22,23,24,25,26,27,29,30,31,32,33,34,35,36,37,40,41,49,64,65,66,102,107,108,112,113,114,115,116,117,127,128,129,130,131,132,133,152,153,154,155,156,157,158,159,160,161,167,168,169,170,171,172,173,181,188,189,204,
32;1;520;588;0;0,1,2,3,4,5,6,7,8,9,10,11,12,13,14,15,16,17,18,19,20,21,22,23,24,25,26,27,29,30,31,32,33,34,35,36,37,40,41,49,64,65,66,102,107,108,112,113,114,115,116,117,127,128,129,130,131,132,133,152,153,154,155,156,157,158,159,160,161,167,168,169,170,171,172,173,181,188,189,204,
124;0;588;632;1;0,1,2,3,4,5,6,7,8,9,10,11,12,13,14,15,16,17,18,19,20,21,22,23,24,25,26,27,29,30,31,32,33,34,35,36,37,40,41,49,64,65,66,102,107,108,112,113,114,115,116,117,127,128,129,130,131,132,133,152,153,154,155,156,157,158,159,160,161,167,168,169,170,171,172,173,181,188,189,204,
124;1;632;676;1;0,1,2,3,4,5,6,7,8,9,10,11,12,13,14,15,16,17,18,19,20,21,22,23,24,25,26,27,29,30,31,32,33,34,35,36,37,40,41,49,64,65,66,102,107,108,112,113,114,115,116,117,127,128,129,130,131,132,133,152,153,154,155,156,157,158,159,160,161,167,168,169,170,171,172,173,181,188,189,204,
13;0;676;727;1;0,1,2,3,4,5,6,7,8,9,10,11,12,13,14,15,16,17,18,19,20,21,22,23,24,25,26,27,29,30,31,32,33,34,35,36,37,40,41,49,64,65,66,102,107,108,112,113,114,115,116,117,127,128,129,130,131,132,133,152,153,154,155,156,157,158,159,160,161,167,168,169,170,171,172,173,181,188,189,204,
106;0;727;807;0;0,1,2,3,4,5,6,7,8,9,10,11,12,13,14,15,16,17,18,19,20,21,22,23,24,25,26,27,29,30,31,32,33,34,35,36,37,40,41,49,64,65,66,102,107,108,112,113,114,115,116,117,127,128,129,130,131,132,133,152,153,154,155,156,157,158,159,160,161,167,168,169,170,171,172,173,181,188,189,204,
64;0;807;904;1;0,1,2,3,4,5,6,7,8,9,10,11,12,13,14,15,16,17,18,19,20,21,22,23,24,25,26,27,29,30,31,32,33,34,35,36,37,40,41,49,64,65,66,102,107,108,112,113,114,115,116,117,127,128,129,130,131,132,133,152,153,154,155,156,157,158,159,160,161,167,168,169,170,171,172,173,181,188,189,204,
64;1;904;1074;1;0,1,2,3,4,5,6,7,8,9,10,11,12,13,14,15,16,17,18,19,20,21,22,23,24,25,26,27,29,30,31,32,33,34,35,36,37,40,41,49,64,65,66,102,107,108,112,113,114,115,116,117,127,128,129,130,131,132,133,152,153,154,155,156,157,158,159,160,161,167,168,169,170,171,172,173,181,188,189,204,
43;0;1074;1150;1;0,1,2,3,4,5,6,7,8,9,10,11,12,13,14,15,16,17,18,19,20,21,22,23,24,25,26,27,29,30,31,32,33,34,35,36,37,40,41,49,64,65,66,102,107,108,112,113,114,115,116,117,127,128,129,130,131,132,133,152,153,154,155,156,157,158,159,160,161,167,168,169,170,171,172,173,181,188,189,204,
34;0;1150;1325;1;0,1,2,3,4,5,6,7,8,9,10,11,12,13,14,15,16,17,18,19,20,21,22,23,24,25,26,27,29,30,31,32,33,34,35,36,37,40,41,49,64,65,66,102,107,108,112,113,114,115,116,117,127,128,129,130,131,132,133,152,153,154,155,156,157,158,159,160,161,167,168,169,170,171,172,173,181,188,189,204,
34;1;1325;1469;1;0,1,2,3,4,5,6,7,8,9,10,11,12,13,14,15,16,17,18,19,20,21,22,23,24,25,26,27,29,30,31,32,33,34,35,36,37,40,41,49,64,65,66,102,107,108,112,113,114,115,116,117,127,128,129,130,131,132,133,152,153,154,155,156,157,158,159,160,161,167,168,169,170,171,172,173,181,188,189,204,
7;0;1469;1508;1;0,1,2,3,4,5,6,7,8,9,10,11,12,13,14,15,16,17,18,19,20,21,22,23,24,25,26,27,29,30,31,32,33,34,35,36,37,40,41,49,64,65,66,102,107,108,112,113,114,115,116,117,127,128,129,130,131,132,133,152,153,154,155,156,157,158,159,160,161,167,168,169,170,171,172,173,181,188,189,204,
7;1;1508;1682;1;0,1,2,3,4,5,6,7,8,9,10,11,12,13,14,15,16,17,18,19,20,21,22,23,24,25,26,27,29,30,31,32,33,34,35,36,37,40,41,49,64,65,66,102,107,108,112,113,114,115,116,117,127,128,129,130,131,132,133,152,153,154,155,156,157,158,159,160,161,167,168,169,170,171,172,173,181,188,189,204,
0;0;1682;1826;1;0,1,2,3,4,5,6,7,8,9,10,11,12,13,14,15,16,17,18,19,20,21,22,23,24,25,26,27,29,30,31,32,33,34,35,36,37,40,41,49,64,65,66,102,107,108,112,113,114,115,116,117,127,128,129,130,131,132,133,152,153,154,155,156,157,158,159,160,161,167,168,169,170,171,172,173,181,188,189,204,
0;1;1826;1872;1;0,1,2,3,4,5,6,7,8,9,10,11,12,13,14,15,16,17,18,19,20,21,22,23,24,25,26,27,29,30,31,32,33,34,35,36,37,40,41,49,64,65,66,102,107,108,112,113,114,115,116,117,127,128,129,130,131,132,133,152,153,154,155,156,157,158,159,160,161,167,168,169,170,171,172,173,181,188,189,204,
146;0;1872;1923;0;0,1,2,3,4,5,6,7,8,9,10,11,12,13,14,15,16,17,18,19,20,21,22,23,24,25,26,27,29,30,31,32,33,34,35,36,37,40,41,49,64,65,66,102,107,108,112,113,114,115,116,117,127,128,129,130,131,132,133,152,153,154,155,156,157,158,159,160,161,167,168,169,170,171,172,173,181,188,189,204,
70;0;1923;1999;1;0,1,2,3,4,5,6,7,8,9,10,11,12,13,14,15,16,17,18,19,20,21,22,23,24,25,26,27,29,30,31,32,33,34,35,36,37,40,41,49,64,65,66,102,107,108,112,113,114,115,116,117,127,128,129,130,131,132,133,152,153,154,155,156,157,158,159,160,161,167,168,169,170,171,172,173,181,188,189,204,
141;0;1999;2080;1;0,1,2,3,4,5,6,7,8,9,10,11,12,13,14,15,16,17,18,19,20,21,22,23,24,25,26,27,29,30,31,32,33,34,35,36,37,40,41,49,64,65,66,102,107,108,112,113,114,115,116,117,127,128,129,130,131,132,133,152,153,154,155,156,157,158,159,160,161,167,168,169,170,171,172,173,181,188,189,204,
97;0;2080;2085;1;0,1,2,3,4,5,6,7,8,9,10,11,12,13,14,15,16,17,18,19,20,21,22,23,24,25,26,27,29,30,31,32,33,34,35,36,37,40,41,49,64,65,66,102,107,108,112,113,114,115,116,117,127,128,129,130,131,132,133,152,153,154,155,156,157,158,159,160,161,167,168,169,170,171,172,173,181,188,189,204,
97;1;2085;2249;1;0,1,2,3,4,5,6,7,8,9,10,11,12,13,14,15,16,17,18,19,20,21,22,23,24,25,26,27,29,30,31,32,33,34,35,36,37,40,41,49,64,65,66,102,107,108,112,113,114,115,116,117,127,128,129,130,131,132,133,152,153,154,155,156,157,158,159,160,161,167,168,169,170,171,172,173,181,188,189,204,
30;0;2249;2257;1;0,1,2,3,4,5,6,7,8,9,10,11,12,13,14,15,16,17,18,19,20,21,22,23,24,25,26,27,29,30,31,32,33,34,35,36,37,40,41,49,64,65,66,102,107,108,112,113,114,115,116,117,127,128,129,130,131,132,133,152,153,154,155,156,157,158,159,160,161,167,168,169,170,171,172,173,181,188,189,204,
52;0;2257;2338;0;0,1,2,3,4,5,6,7,8,9,10,11,12,13,14,15,16,17,18,19,20,21,22,23,24,25,26,27,29,30,31,32,33,34,35,36,37,40,41,49,64,65,66,102,107,108,112,113,114,115,116,117,127,128,129,130,131,132,133,152,153,154,155,156,157,158,159,160,161,167,168,169,170,171,172,173,181,188,189,204,
52;1;2338;2374;0;0,1,2,3,4,5,6,7,8,9,10,11,12,13,14,15,16,17,18,19,20,21,22,23,24,25,26,27,29,30,31,32,33,34,35,36,37,40,41,49,64,65,66,102,107,108,112,113,114,115,116,117,127,128,129,130,131,132,133,152,153,154,155,156,157,158,159,160,161,167,168,169,170,171,172,173,181,188,189,204,
78;0;2374;2461;0;0,1,2,3,4,5,6,7,8,9,10,11,12,13,14,15,16,17,18,19,20,21,22,23,24,25,26,27,29,30,31,32,33,34,35,36,37,40,41,49,64,65,66,102,107,108,112,113,114,115,116,117,127,128,129,130,131,132,133,152,153,154,155,156,157,158,159,160,161,167,168,169,170,171,172,173,181,188,189,204,
92;0;2461;2502;0;0,1,2,3,4,5,6,7,8,9,10,11,12,13,14,15,16,17,18,19,20,21,22,23,24,25,26,27,29,30,31,32,33,34,35,36,37,40,41,49,64,65,66,102,107,108,112,113,114,115,116,117,127,128,129,130,131,132,133,152,153,154,155,156,157,158,159,160,161,167,168,169,170,171,172,173,181,188,189,204,
92;1;2502;2510;0;0,1,2,3,4,5,6,7,8,9,10,11,12,13,14,15,16,17,18,19,20,21,22,23,24,25,26,27,29,30,31,32,33,34,35,36,37,40,41,49,64,65,66,102,107,108,112,113,114,115,116,117,127,128,129,130,131,132,133,152,153,154,155,156,157,158,159,160,161,167,168,169,170,171,172,173,181,188,189,204,
10;0;2510;2613;1;0,1,2,3,4,5,6,7,8,9,10,11,12,13,14,15,16,17,18,19,20,21,22,23,24,25,26,27,29,30,31,32,33,34,35,36,37,40,41,49,64,65,66,102,107,108,112,113,114,115,116,117,127,128,129,130,131,132,133,152,153,154,155,156,157,158,159,160,161,167,168,169,170,171,172,173,181,188,189,204,
49;0;2613;2674;0;0,1,2,3,4,5,6,7,8,9,10,11,12,13,14,15,16,17,18,19,20,21,22,23,24,25,26,27,29,30,31,32,33,34,35,36,37,40,41,49,64,65,66,102,107,108,112,113,114,115,116,117,127,128,129,130,131,132,133,152,153,154,155,156,157,158,159,160,161,167,168,169,170,171,172,173,181,188,189,204,
49;1;2674;2699;0;0,1,2,3,4,5,6,7,8,9,10,11,12,13,14,15,16,17,18,19,20,21,22,23,24,25,26,27,29,30,31,32,33,34,35,36,37,40,41,49,64,65,66,102,107,108,112,113,114,115,116,117,127,128,129,130,131,132,133,152,153,154,155,156,157,158,159,160,161,167,168,169,170,171,172,173,181,188,189,204,
END
fineshedJobsCount: 209
switchs: 0
switchsInstances: 0
unfineshedPriorityCount: 0
totalUnfineshed: 0
criticalMachineSwitchs: 0
criticalMachineTime: 3988
Final Solution: 6270
Time: 253634
PTL: 0
MCMC: 222
Best Initial: 6239
Mean Initial: 6209.73
