./input/BaseInstances/2M1_n=80,r=0.5,t=138,v0.txt;./input/Processed/ToolSetInt.csv
7;720;1440
Machine: 0
29;0;0;62;1;0,1,2,3,4,5,6,7,8,10,11,12,13,14,15,16,17,19,20,21,22,23,24,25,26,27,28,29,30,31,32,33,34,35,36,37,38,39,42,43,69,70,71,72,73,74,75,76,77,78,79,80,81,82,83,84,85,86,87,88,89,90,91,92,93,94,95,96,97,98,99,100,101,102,104,107,112,113,114,115,
29;1;62;227;1;0,1,2,3,4,5,6,7,8,10,11,12,13,14,15,16,17,19,20,21,22,23,24,25,26,27,28,29,30,31,32,33,34,35,36,37,38,39,42,43,69,70,71,72,73,74,75,76,77,78,79,80,81,82,83,84,85,86,87,88,89,90,91,92,93,94,95,96,97,98,99,100,101,102,104,107,112,113,114,115,
41;0;227;278;1;0,1,2,3,4,5,6,7,8,10,11,12,13,14,15,16,17,19,20,21,22,23,24,25,26,27,28,29,30,31,32,33,34,35,36,37,38,39,42,43,69,70,71,72,73,74,75,76,77,78,79,80,81,82,83,84,85,86,87,88,89,90,91,92,93,94,95,96,97,98,99,100,101,102,104,107,112,113,114,115,
41;1;278;282;1;0,1,2,3,4,5,6,7,8,10,11,12,13,14,15,16,17,19,20,21,22,23,24,25,26,27,28,29,30,31,32,33,34,35,36,37,38,39,42,43,69,70,71,72,73,74,75,76,77,78,79,80,81,82,83,84,85,86,87,88,89,90,91,92,93,94,95,96,97,98,99,100,101,102,104,107,112,113,114,115,
44;0;282;412;1;0,1,2,3,4,5,6,7,8,10,11,12,13,14,15,16,17,19,20,21,22,23,24,25,26,27,28,29,30,31,32,33,34,35,36,37,38,39,42,43,69,70,71,72,73,74,75,76,77,78,79,80,81,82,83,84,85,86,87,88,89,90,91,92,93,94,95,96,97,98,99,100,101,102,104,107,112,113,114,115,
10;0;412;446;0;0,1,2,3,4,5,6,7,8,10,11,12,13,14,15,16,17,19,20,21,22,23,24,25,26,27,28,29,30,31,32,33,34,35,36,37,38,39,42,43,69,70,71,72,73,74,75,76,77,78,79,80,81,82,83,84,85,86,87,88,89,90,91,92,93,94,95,96,97,98,99,100,101,102,104,107,112,113,114,115,
36;0;446;606;1;0,1,2,3,4,5,6,7,8,10,11,12,13,14,15,16,17,19,20,21,22,23,24,25,26,27,28,29,30,31,32,33,34,35,36,37,38,39,42,43,69,70,71,72,73,74,75,76,77,78,79,80,81,82,83,84,85,86,87,88,89,90,91,92,93,94,95,96,97,98,99,100,101,102,104,107,112,113,114,115,
18;0;606;701;0;0,1,2,3,4,5,6,7,8,10,11,12,13,14,15,16,17,19,20,21,22,23,24,25,26,27,28,29,30,31,32,33,34,35,36,37,38,39,42,43,69,70,71,72,73,74,75,76,77,78,79,80,81,82,83,84,85,86,87,88,89,90,91,92,93,94,95,96,97,98,99,100,101,102,104,107,112,113,114,115,
6;0;701;851;0;0,1,2,3,4,5,6,7,8,10,11,12,13,14,15,16,17,19,20,21,22,23,24,25,26,27,28,29,30,31,32,33,34,35,36,37,38,39,42,43,69,70,71,72,73,74,75,76,77,78,79,80,81,82,83,84,85,86,87,88,89,90,91,92,93,94,95,96,97,98,99,100,101,102,104,107,112,113,114,115,
31;0;851;932;0;0,1,2,3,4,5,6,7,8,10,11,12,13,14,15,16,17,19,20,21,22,23,24,25,26,27,28,29,30,31,32,33,34,35,36,37,38,39,42,43,69,70,71,72,73,74,75,76,77,78,79,80,81,82,83,84,85,86,87,88,89,90,91,92,93,94,95,96,97,98,99,100,101,102,104,107,112,113,114,115,
31;1;932;960;0;0,1,2,3,4,5,6,7,8,10,11,12,13,14,15,16,17,19,20,21,22,23,24,25,26,27,28,29,30,31,32,33,34,35,36,37,38,39,42,43,69,70,71,72,73,74,75,76,77,78,79,80,81,82,83,84,85,86,87,88,89,90,91,92,93,94,95,96,97,98,99,100,101,102,104,107,112,113,114,115,
17;0;960;1128;1;0,1,2,3,4,5,6,7,8,10,11,12,13,14,15,16,17,19,20,21,22,23,24,25,26,27,28,29,30,31,32,33,34,35,36,37,38,39,42,43,69,70,71,72,73,74,75,76,77,78,79,80,81,82,83,84,85,86,87,88,89,90,91,92,93,94,95,96,97,98,99,100,101,102,104,107,112,113,114,115,
17;1;1128;1152;1;0,1,2,3,4,5,6,7,8,10,11,12,13,14,15,16,17,19,20,21,22,23,24,25,26,27,28,29,30,31,32,33,34,35,36,37,38,39,42,43,69,70,71,72,73,74,75,76,77,78,79,80,81,82,83,84,85,86,87,88,89,90,91,92,93,94,95,96,97,98,99,100,101,102,104,107,112,113,114,115,
3;0;1152;1181;0;0,1,2,3,4,5,6,7,8,10,11,12,13,14,15,16,17,19,20,21,22,23,24,25,26,27,28,29,30,31,32,33,34,35,36,37,38,39,42,43,69,70,71,72,73,74,75,76,77,78,79,80,81,82,83,84,85,86,87,88,89,90,91,92,93,94,95,96,97,98,99,100,101,102,104,107,112,113,114,115,
3;1;1181;1209;0;0,1,2,3,4,5,6,7,8,10,11,12,13,14,15,16,17,19,20,21,22,23,24,25,26,27,28,29,30,31,32,33,34,35,36,37,38,39,42,43,69,70,71,72,73,74,75,76,77,78,79,80,81,82,83,84,85,86,87,88,89,90,91,92,93,94,95,96,97,98,99,100,101,102,104,107,112,113,114,115,
37;0;1209;1213;1;0,1,2,3,4,5,6,7,8,10,11,12,13,14,15,16,17,19,20,21,22,23,24,25,26,27,28,29,30,31,32,33,34,35,36,37,38,39,42,43,69,70,71,72,73,74,75,76,77,78,79,80,81,82,83,84,85,86,87,88,89,90,91,92,93,94,95,96,97,98,99,100,101,102,104,107,112,113,114,115,
37;1;1213;1229;1;0,1,2,3,4,5,6,7,8,10,11,12,13,14,15,16,17,19,20,21,22,23,24,25,26,27,28,29,30,31,32,33,34,35,36,37,38,39,42,43,69,70,71,72,73,74,75,76,77,78,79,80,81,82,83,84,85,86,87,88,89,90,91,92,93,94,95,96,97,98,99,100,101,102,104,107,112,113,114,115,
25;0;1229;1259;1;0,1,2,3,4,5,6,7,8,10,11,12,13,14,15,16,17,19,20,21,22,23,24,25,26,27,28,29,30,31,32,33,34,35,36,37,38,39,42,43,69,70,71,72,73,74,75,76,77,78,79,80,81,82,83,84,85,86,87,88,89,90,91,92,93,94,95,96,97,98,99,100,101,102,104,107,112,113,114,115,
25;1;1259;1389;1;0,1,2,3,4,5,6,7,8,10,11,12,13,14,15,16,17,19,20,21,22,23,24,25,26,27,28,29,30,31,32,33,34,35,36,37,38,39,42,43,69,70,71,72,73,74,75,76,77,78,79,80,81,82,83,84,85,86,87,88,89,90,91,92,93,94,95,96,97,98,99,100,101,102,104,107,112,113,114,115,
48;0;1389;1536;1;0,1,2,3,4,5,6,7,8,10,11,12,13,14,15,16,17,19,20,21,22,23,24,25,26,27,28,29,30,31,32,33,34,35,36,37,38,39,42,43,69,70,71,72,73,74,75,76,77,78,79,80,81,82,83,84,85,86,87,88,89,90,91,92,93,94,95,96,97,98,99,100,101,102,104,107,112,113,114,115,
14;0;1536;1631;0;0,1,2,3,4,5,6,7,8,10,11,12,13,14,15,16,17,19,20,21,22,23,24,25,26,27,28,29,30,31,32,33,34,35,36,37,38,39,42,43,69,70,71,72,73,74,75,76,77,78,79,80,81,82,83,84,85,86,87,88,89,90,91,92,93,94,95,96,97,98,99,100,101,102,104,107,112,113,114,115,
26;0;1631;1791;0;0,1,2,3,4,5,6,7,8,10,11,12,13,14,15,16,17,19,20,21,22,23,24,25,26,27,28,29,30,31,32,33,34,35,36,37,38,39,42,43,69,70,71,72,73,74,75,76,77,78,79,80,81,82,83,84,85,86,87,88,89,90,91,92,93,94,95,96,97,98,99,100,101,102,104,107,112,113,114,115,
49;0;1791;1860;1;0,1,2,3,4,5,6,7,8,10,11,12,13,14,15,16,17,19,20,21,22,23,24,25,26,27,28,29,30,31,32,33,34,35,36,37,38,39,42,43,69,70,71,72,73,74,75,76,77,78,79,80,81,82,83,84,85,86,87,88,89,90,91,92,93,94,95,96,97,98,99,100,101,102,104,107,112,113,114,115,
49;1;1860;1864;1;0,1,2,3,4,5,6,7,8,10,11,12,13,14,15,16,17,19,20,21,22,23,24,25,26,27,28,29,30,31,32,33,34,35,36,37,38,39,42,43,69,70,71,72,73,74,75,76,77,78,79,80,81,82,83,84,85,86,87,88,89,90,91,92,93,94,95,96,97,98,99,100,101,102,104,107,112,113,114,115,
28;0;1864;1892;1;0,1,2,3,4,5,6,7,8,10,11,12,13,14,15,16,17,19,20,21,22,23,24,25,26,27,28,29,30,31,32,33,34,35,36,37,38,39,42,43,69,70,71,72,73,74,75,76,77,78,79,80,81,82,83,84,85,86,87,88,89,90,91,92,93,94,95,96,97,98,99,100,101,102,104,107,112,113,114,115,
43;0;1892;1896;0;0,1,2,3,4,5,6,7,8,10,11,12,13,14,15,16,17,19,20,21,22,23,24,25,26,27,28,29,30,31,32,33,34,35,36,37,38,39,42,43,69,70,71,72,73,74,75,76,77,78,79,80,81,82,83,84,85,86,87,88,89,90,91,92,93,94,95,96,97,98,99,100,101,102,104,107,112,113,114,115,
43;1;1896;1949;0;0,1,2,3,4,5,6,7,8,10,11,12,13,14,15,16,17,19,20,21,22,23,24,25,26,27,28,29,30,31,32,33,34,35,36,37,38,39,42,43,69,70,71,72,73,74,75,76,77,78,79,80,81,82,83,84,85,86,87,88,89,90,91,92,93,94,95,96,97,98,99,100,101,102,104,107,112,113,114,115,
42;0;1949;1990;0;0,1,2,3,4,5,6,7,8,10,11,12,13,14,15,16,17,19,20,21,22,23,24,25,26,27,28,29,30,31,32,33,34,35,36,37,38,39,42,43,69,70,71,72,73,74,75,76,77,78,79,80,81,82,83,84,85,86,87,88,89,90,91,92,93,94,95,96,97,98,99,100,101,102,104,107,112,113,114,115,
4;0;1990;2120;1;0,1,2,3,4,5,6,7,8,10,11,12,13,14,15,16,17,19,20,21,22,23,24,25,26,27,28,29,30,31,32,33,34,35,36,37,38,39,42,43,69,70,71,72,73,74,75,76,77,78,79,80,81,82,83,84,85,86,87,88,89,90,91,92,93,94,95,96,97,98,99,100,101,102,104,107,112,113,114,115,
32;0;2120;2288;1;0,1,2,3,4,5,6,7,8,10,11,12,13,14,15,16,17,19,20,21,22,23,24,25,26,27,28,29,30,31,32,33,34,35,36,37,38,39,42,43,69,70,71,72,73,74,75,76,77,78,79,80,81,82,83,84,85,86,87,88,89,90,91,92,93,94,95,96,97,98,99,100,101,102,104,107,112,113,114,115,
5;0;2288;2334;1;0,1,2,3,4,5,6,7,8,10,11,12,13,14,15,16,17,19,20,21,22,23,24,25,26,27,28,29,30,31,32,33,34,35,36,37,38,39,42,43,69,70,71,72,73,74,75,76,77,78,79,80,81,82,83,84,85,86,87,88,89,90,91,92,93,94,95,96,97,98,99,100,101,102,104,107,112,113,114,115,
5;1;2334;2481;1;0,1,2,3,4,5,6,7,8,10,11,12,13,14,15,16,17,19,20,21,22,23,24,25,26,27,28,29,30,31,32,33,34,35,36,37,38,39,42,43,69,70,71,72,73,74,75,76,77,78,79,80,81,82,83,84,85,86,87,88,89,90,91,92,93,94,95,96,97,98,99,100,101,102,104,107,112,113,114,115,
20;0;2481;2603;1;0,1,2,3,4,5,6,7,8,10,11,12,13,14,15,16,17,19,20,21,22,23,24,25,26,27,28,29,30,31,32,33,34,35,36,37,38,39,42,43,69,70,71,72,73,74,75,76,77,78,79,80,81,82,83,84,85,86,87,88,89,90,91,92,93,94,95,96,97,98,99,100,101,102,104,107,112,113,114,115,
16;0;2603;2628;1;0,1,2,3,4,5,6,7,8,10,11,12,13,14,15,16,17,19,20,21,22,23,24,25,26,27,28,29,30,31,32,33,34,35,36,37,38,39,42,43,69,70,71,72,73,74,75,76,77,78,79,80,81,82,83,84,85,86,87,88,89,90,91,92,93,94,95,96,97,98,99,100,101,102,104,107,112,113,114,115,
9;0;2628;2662;1;0,1,2,3,4,5,6,7,8,10,11,12,13,14,15,16,17,19,20,21,22,23,24,25,26,27,28,29,30,31,32,33,34,35,36,37,38,39,42,43,69,70,71,72,73,74,75,76,77,78,79,80,81,82,83,84,85,86,87,88,89,90,91,92,93,94,95,96,97,98,99,100,101,102,104,107,112,113,114,115,
9;1;2662;2736;1;0,1,2,3,4,5,6,7,8,10,11,12,13,14,15,16,17,19,20,21,22,23,24,25,26,27,28,29,30,31,32,33,34,35,36,37,38,39,42,43,69,70,71,72,73,74,75,76,77,78,79,80,81,82,83,84,85,86,87,88,89,90,91,92,93,94,95,96,97,98,99,100,101,102,104,107,112,113,114,115,
38;0;2736;2894;0;0,1,2,3,4,5,6,7,8,10,11,12,13,14,15,16,17,19,20,21,22,23,24,25,26,27,28,29,30,31,32,33,34,35,36,37,38,39,42,43,69,70,71,72,73,74,75,76,77,78,79,80,81,82,83,84,85,86,87,88,89,90,91,92,93,94,95,96,97,98,99,100,101,102,104,107,112,113,114,115,
40;0;2894;3007;1;0,1,2,3,4,5,6,7,8,10,11,12,13,14,15,16,17,19,20,21,22,23,24,25,26,27,28,29,30,31,32,33,34,35,36,37,38,39,42,43,69,70,71,72,73,74,75,76,77,78,79,80,81,82,83,84,85,86,87,88,89,90,91,92,93,94,95,96,97,98,99,100,101,102,104,107,112,113,114,115,
Machine: 1
45;0;0;41;1;0,1,2,3,4,5,6,7,8,9,12,13,18,19,20,21,22,23,35,36,38,40,41,44,45,46,47,48,49,50,51,52,53,54,55,56,57,58,59,60,61,62,63,64,65,66,67,68,75,76,77,103,105,106,108,109,110,111,116,117,118,119,120,121,122,123,124,125,126,127,128,129,130,131,132,133,134,135,136,137,
45;1;41;154;1;0,1,2,3,4,5,6,7,8,9,12,13,18,19,20,21,22,23,35,36,38,40,41,44,45,46,47,48,49,50,51,52,53,54,55,56,57,58,59,60,61,62,63,64,65,66,67,68,75,76,77,103,105,106,108,109,110,111,116,117,118,119,120,121,122,123,124,125,126,127,128,129,130,131,132,133,134,135,136,137,
11;0;154;195;0;0,1,2,3,4,5,6,7,8,9,12,13,18,19,20,21,22,23,35,36,38,40,41,44,45,46,47,48,49,50,51,52,53,54,55,56,57,58,59,60,61,62,63,64,65,66,67,68,75,76,77,103,105,106,108,109,110,111,116,117,118,119,120,121,122,123,124,125,126,127,128,129,130,131,132,133,134,135,136,137,
11;1;195;301;0;0,1,2,3,4,5,6,7,8,9,12,13,18,19,20,21,22,23,35,36,38,40,41,44,45,46,47,48,49,50,51,52,53,54,55,56,57,58,59,60,61,62,63,64,65,66,67,68,75,76,77,103,105,106,108,109,110,111,116,117,118,119,120,121,122,123,124,125,126,127,128,129,130,131,132,133,134,135,136,137,
15;0;301;465;0;0,1,2,3,4,5,6,7,8,9,12,13,18,19,20,21,22,23,35,36,38,40,41,44,45,46,47,48,49,50,51,52,53,54,55,56,57,58,59,60,61,62,63,64,65,66,67,68,75,76,77,103,105,106,108,109,110,111,116,117,118,119,120,121,122,123,124,125,126,127,128,129,130,131,132,133,134,135,136,137,
15;1;465;603;0;0,1,2,3,4,5,6,7,8,9,12,13,18,19,20,21,22,23,35,36,38,40,41,44,45,46,47,48,49,50,51,52,53,54,55,56,57,58,59,60,61,62,63,64,65,66,67,68,75,76,77,103,105,106,108,109,110,111,116,117,118,119,120,121,122,123,124,125,126,127,128,129,130,131,132,133,134,135,136,137,
33;0;603;643;1;0,1,2,3,4,5,6,7,8,9,12,13,18,19,20,21,22,23,35,36,38,40,41,44,45,46,47,48,49,50,51,52,53,54,55,56,57,58,59,60,61,62,63,64,65,66,67,68,75,76,77,103,105,106,108,109,110,111,116,117,118,119,120,121,122,123,124,125,126,127,128,129,130,131,132,133,134,135,136,137,
33;1;643;659;1;0,1,2,3,4,5,6,7,8,9,12,13,18,19,20,21,22,23,35,36,38,40,41,44,45,46,47,48,49,50,51,52,53,54,55,56,57,58,59,60,61,62,63,64,65,66,67,68,75,76,77,103,105,106,108,109,110,111,116,117,118,119,120,121,122,123,124,125,126,127,128,129,130,131,132,133,134,135,136,137,
47;0;659;732;0;0,1,2,3,4,5,6,7,8,9,12,13,18,19,20,21,22,23,35,36,38,40,41,44,45,46,47,48,49,50,51,52,53,54,55,56,57,58,59,60,61,62,63,64,65,66,67,68,75,76,77,103,105,106,108,109,110,111,116,117,118,119,120,121,122,123,124,125,126,127,128,129,130,131,132,133,134,135,136,137,
47;1;732;838;0;0,1,2,3,4,5,6,7,8,9,12,13,18,19,20,21,22,23,35,36,38,40,41,44,45,46,47,48,49,50,51,52,53,54,55,56,57,58,59,60,61,62,63,64,65,66,67,68,75,76,77,103,105,106,108,109,110,111,116,117,118,119,120,121,122,123,124,125,126,127,128,129,130,131,132,133,134,135,136,137,
12;0;838;879;1;0,1,2,3,4,5,6,7,8,9,12,13,18,19,20,21,22,23,35,36,38,40,41,44,45,46,47,48,49,50,51,52,53,54,55,56,57,58,59,60,61,62,63,64,65,66,67,68,75,76,77,103,105,106,108,109,110,111,116,117,118,119,120,121,122,123,124,125,126,127,128,129,130,131,132,133,134,135,136,137,
35;0;879;913;0;0,1,2,3,4,5,6,7,8,9,12,13,18,19,20,21,22,23,35,36,38,40,41,44,45,46,47,48,49,50,51,52,53,54,55,56,57,58,59,60,61,62,63,64,65,66,67,68,75,76,77,103,105,106,108,109,110,111,116,117,118,119,120,121,122,123,124,125,126,127,128,129,130,131,132,133,134,135,136,137,
35;1;913;1005;0;0,1,2,3,4,5,6,7,8,9,12,13,18,19,20,21,22,23,35,36,38,40,41,44,45,46,47,48,49,50,51,52,53,54,55,56,57,58,59,60,61,62,63,64,65,66,67,68,75,76,77,103,105,106,108,109,110,111,116,117,118,119,120,121,122,123,124,125,126,127,128,129,130,131,132,133,134,135,136,137,
2;0;1005;1016;1;0,1,2,3,4,5,6,7,8,9,12,13,18,19,20,21,22,23,35,36,38,40,41,44,45,46,47,48,49,50,51,52,53,54,55,56,57,58,59,60,61,62,63,64,65,66,67,68,75,76,77,103,105,106,108,109,110,111,116,117,118,119,120,121,122,123,124,125,126,127,128,129,130,131,132,133,134,135,136,137,
22;0;1016;1146;0;0,1,2,3,4,5,6,7,8,9,12,13,18,19,20,21,22,23,35,36,38,40,41,44,45,46,47,48,49,50,51,52,53,54,55,56,57,58,59,60,61,62,63,64,65,66,67,68,75,76,77,103,105,106,108,109,110,111,116,117,118,119,120,121,122,123,124,125,126,127,128,129,130,131,132,133,134,135,136,137,
23;0;1146;1223;0;0,1,2,3,4,5,6,7,8,9,12,13,18,19,20,21,22,23,35,36,38,40,41,44,45,46,47,48,49,50,51,52,53,54,55,56,57,58,59,60,61,62,63,64,65,66,67,68,75,76,77,103,105,106,108,109,110,111,116,117,118,119,120,121,122,123,124,125,126,127,128,129,130,131,132,133,134,135,136,137,
23;1;1223;1264;0;0,1,2,3,4,5,6,7,8,9,12,13,18,19,20,21,22,23,35,36,38,40,41,44,45,46,47,48,49,50,51,52,53,54,55,56,57,58,59,60,61,62,63,64,65,66,67,68,75,76,77,103,105,106,108,109,110,111,116,117,118,119,120,121,122,123,124,125,126,127,128,129,130,131,132,133,134,135,136,137,
0;0;1264;1403;1;0,1,2,3,4,5,6,7,8,9,12,13,18,19,20,21,22,23,35,36,38,40,41,44,45,46,47,48,49,50,51,52,53,54,55,56,57,58,59,60,61,62,63,64,65,66,67,68,75,76,77,103,105,106,108,109,110,111,116,117,118,119,120,121,122,123,124,125,126,127,128,129,130,131,132,133,134,135,136,137,
0;1;1403;1471;1;0,1,2,3,4,5,6,7,8,9,12,13,18,19,20,21,22,23,35,36,38,40,41,44,45,46,47,48,49,50,51,52,53,54,55,56,57,58,59,60,61,62,63,64,65,66,67,68,75,76,77,103,105,106,108,109,110,111,116,117,118,119,120,121,122,123,124,125,126,127,128,129,130,131,132,133,134,135,136,137,
24;0;1471;1572;1;0,1,2,3,4,5,6,7,8,9,12,13,18,19,20,21,22,23,35,36,38,40,41,44,45,46,47,48,49,50,51,52,53,54,55,56,57,58,59,60,61,62,63,64,65,66,67,68,75,76,77,103,105,106,108,109,110,111,116,117,118,119,120,121,122,123,124,125,126,127,128,129,130,131,132,133,134,135,136,137,
52;0;1572;1730;1;0,1,2,3,4,5,6,7,8,9,12,13,18,19,20,21,22,23,35,36,38,40,41,44,45,46,47,48,49,50,51,52,53,54,55,56,57,58,59,60,61,62,63,64,65,66,67,68,75,76,77,103,105,106,108,109,110,111,116,117,118,119,120,121,122,123,124,125,126,127,128,129,130,131,132,133,134,135,136,137,
34;0;1730;1893;0;0,1,2,3,4,5,6,7,8,9,12,13,18,19,20,21,22,23,35,36,38,40,41,44,45,46,47,48,49,50,51,52,53,54,55,56,57,58,59,60,61,62,63,64,65,66,67,68,75,76,77,103,105,106,108,109,110,111,116,117,118,119,120,121,122,123,124,125,126,127,128,129,130,131,132,133,134,135,136,137,
19;0;1893;1946;0;0,1,2,3,4,5,6,7,8,9,12,13,18,19,20,21,22,23,35,36,38,40,41,44,45,46,47,48,49,50,51,52,53,54,55,56,57,58,59,60,61,62,63,64,65,66,67,68,75,76,77,103,105,106,108,109,110,111,116,117,118,119,120,121,122,123,124,125,126,127,128,129,130,131,132,133,134,135,136,137,
19;1;1946;1957;0;0,1,2,3,4,5,6,7,8,9,12,13,18,19,20,21,22,23,35,36,38,40,41,44,45,46,47,48,49,50,51,52,53,54,55,56,57,58,59,60,61,62,63,64,65,66,67,68,75,76,77,103,105,106,108,109,110,111,116,117,118,119,120,121,122,123,124,125,126,127,128,129,130,131,132,133,134,135,136,137,
50;0;1957;2016;0;0,1,2,3,4,5,6,7,8,9,12,13,18,19,20,21,22,23,35,36,38,40,41,44,45,46,47,48,49,50,51,52,53,54,55,56,57,58,59,60,61,62,63,64,65,66,67,68,75,76,77,103,105,106,108,109,110,111,116,117,118,119,120,121,122,123,124,125,126,127,128,129,130,131,132,133,134,135,136,137,
30;0;2016;2130;0;0,1,2,3,4,5,6,7,8,9,12,13,18,19,20,21,22,23,35,36,38,40,41,44,45,46,47,48,49,50,51,52,53,54,55,56,57,58,59,60,61,62,63,64,65,66,67,68,75,76,77,103,105,106,108,109,110,111,116,117,118,119,120,121,122,123,124,125,126,127,128,129,130,131,132,133,134,135,136,137,
8;0;2130;2236;1;0,1,2,3,4,5,6,7,8,9,12,13,18,19,20,21,22,23,35,36,38,40,41,44,45,46,47,48,49,50,51,52,53,54,55,56,57,58,59,60,61,62,63,64,65,66,67,68,75,76,77,103,105,106,108,109,110,111,116,117,118,119,120,121,122,123,124,125,126,127,128,129,130,131,132,133,134,135,136,137,
46;0;2236;2399;0;0,1,2,3,4,5,6,7,8,9,12,13,18,19,20,21,22,23,35,36,38,40,41,44,45,46,47,48,49,50,51,52,53,54,55,56,57,58,59,60,61,62,63,64,65,66,67,68,75,76,77,103,105,106,108,109,110,111,116,117,118,119,120,121,122,123,124,125,126,127,128,129,130,131,132,133,134,135,136,137,
39;0;2399;2571;0;0,1,2,3,4,5,6,7,8,9,12,13,18,19,20,21,22,23,35,36,38,40,41,44,45,46,47,48,49,50,51,52,53,54,55,56,57,58,59,60,61,62,63,64,65,66,67,68,75,76,77,103,105,106,108,109,110,111,116,117,118,119,120,121,122,123,124,125,126,127,128,129,130,131,132,133,134,135,136,137,
39;1;2571;2729;0;0,1,2,3,4,5,6,7,8,9,12,13,18,19,20,21,22,23,35,36,38,40,41,44,45,46,47,48,49,50,51,52,53,54,55,56,57,58,59,60,61,62,63,64,65,66,67,68,75,76,77,103,105,106,108,109,110,111,116,117,118,119,120,121,122,123,124,125,126,127,128,129,130,131,132,133,134,135,136,137,
7;0;2729;2881;0;0,1,2,3,4,5,6,7,8,9,12,13,18,19,20,21,22,23,35,36,38,40,41,44,45,46,47,48,49,50,51,52,53,54,55,56,57,58,59,60,61,62,63,64,65,66,67,68,75,76,77,103,105,106,108,109,110,111,116,117,118,119,120,121,122,123,124,125,126,127,128,129,130,131,132,133,134,135,136,137,
7;1;2881;2926;0;0,1,2,3,4,5,6,7,8,9,12,13,18,19,20,21,22,23,35,36,38,40,41,44,45,46,47,48,49,50,51,52,53,54,55,56,57,58,59,60,61,62,63,64,65,66,67,68,75,76,77,103,105,106,108,109,110,111,116,117,118,119,120,121,122,123,124,125,126,127,128,129,130,131,132,133,134,135,136,137,
1;0;2926;3091;0;0,1,2,3,4,5,6,7,8,9,12,13,18,19,20,21,22,23,35,36,38,40,41,44,45,46,47,48,49,50,51,52,53,54,55,56,57,58,59,60,61,62,63,64,65,66,67,68,75,76,77,103,105,106,108,109,110,111,116,117,118,119,120,121,122,123,124,125,126,127,128,129,130,131,132,133,134,135,136,137,
1;1;3091;3130;0;0,1,2,3,4,5,6,7,8,9,12,13,18,19,20,21,22,23,35,36,38,40,41,44,45,46,47,48,49,50,51,52,53,54,55,56,57,58,59,60,61,62,63,64,65,66,67,68,75,76,77,103,105,106,108,109,110,111,116,117,118,119,120,121,122,123,124,125,126,127,128,129,130,131,132,133,134,135,136,137,
27;0;3130;3235;0;0,1,2,3,4,5,6,7,8,9,12,13,18,19,20,21,22,23,35,36,38,40,41,44,45,46,47,48,49,50,51,52,53,54,55,56,57,58,59,60,61,62,63,64,65,66,67,68,75,76,77,103,105,106,108,109,110,111,116,117,118,119,120,121,122,123,124,125,126,127,128,129,130,131,132,133,134,135,136,137,
27;1;3235;3409;0;0,1,2,3,4,5,6,7,8,9,12,13,18,19,20,21,22,23,35,36,38,40,41,44,45,46,47,48,49,50,51,52,53,54,55,56,57,58,59,60,61,62,63,64,65,66,67,68,75,76,77,103,105,106,108,109,110,111,116,117,118,119,120,121,122,123,124,125,126,127,128,129,130,131,132,133,134,135,136,137,
21;0;3409;3560;1;0,1,2,3,4,5,6,7,8,9,12,13,18,19,20,21,22,23,35,36,38,40,41,44,45,46,47,48,49,50,51,52,53,54,55,56,57,58,59,60,61,62,63,64,65,66,67,68,75,76,77,103,105,106,108,109,110,111,116,117,118,119,120,121,122,123,124,125,126,127,128,129,130,131,132,133,134,135,136,137,
21;1;3560;3666;1;0,1,2,3,4,5,6,7,8,9,12,13,18,19,20,21,22,23,35,36,38,40,41,44,45,46,47,48,49,50,51,52,53,54,55,56,57,58,59,60,61,62,63,64,65,66,67,68,75,76,77,103,105,106,108,109,110,111,116,117,118,119,120,121,122,123,124,125,126,127,128,129,130,131,132,133,134,135,136,137,
51;0;3666;3755;0;0,1,2,3,4,5,6,7,8,9,12,13,18,19,20,21,22,23,35,36,38,40,41,44,45,46,47,48,49,50,51,52,53,54,55,56,57,58,59,60,61,62,63,64,65,66,67,68,75,76,77,103,105,106,108,109,110,111,116,117,118,119,120,121,122,123,124,125,126,127,128,129,130,131,132,133,134,135,136,137,
51;1;3755;3869;0;0,1,2,3,4,5,6,7,8,9,12,13,18,19,20,21,22,23,35,36,38,40,41,44,45,46,47,48,49,50,51,52,53,54,55,56,57,58,59,60,61,62,63,64,65,66,67,68,75,76,77,103,105,106,108,109,110,111,116,117,118,119,120,121,122,123,124,125,126,127,128,129,130,131,132,133,134,135,136,137,
13;0;3869;3906;1;0,1,2,3,4,5,6,7,8,9,12,13,18,19,20,21,22,23,35,36,38,40,41,44,45,46,47,48,49,50,51,52,53,54,55,56,57,58,59,60,61,62,63,64,65,66,67,68,75,76,77,103,105,106,108,109,110,111,116,117,118,119,120,121,122,123,124,125,126,127,128,129,130,131,132,133,134,135,136,137,
13;1;3906;4012;1;0,1,2,3,4,5,6,7,8,9,12,13,18,19,20,21,22,23,35,36,38,40,41,44,45,46,47,48,49,50,51,52,53,54,55,56,57,58,59,60,61,62,63,64,65,66,67,68,75,76,77,103,105,106,108,109,110,111,116,117,118,119,120,121,122,123,124,125,126,127,128,129,130,131,132,133,134,135,136,137,
END
fineshedJobsCount: 80
switchs: 0
switchsInstances: 0
unfineshedPriorityCount: 0
totalUnfineshed: 0
criticalMachineSwitchs: 0
criticalMachineTime: 4012
Final Solution: 2400
Time: 53650
PTL: 0
MCMC: 46
Best Initial: 2385
Mean Initial: 2377.73
