./input/BaseInstances/2M1_n=130,r=0.5,t=224,v0.txt;./input/Processed/ToolSetInt.csv
7;720;1440
Machine: 0
70;0;0;4;0;0,1,2,3,4,5,6,7,24,25,32,33,34,35,36,37,38,39,40,65,66,67,68,69,70,71,72,73,74,75,76,77,78,79,80,81,82,83,84,85,86,87,88,89,90,91,92,106,107,134,138,143,147,180,181,182,183,184,185,186,187,188,189,190,191,192,193,194,195,196,197,198,199,200,201,202,220,221,222,223,
83;0;4;70;0;0,1,2,3,4,5,6,7,24,25,32,33,34,35,36,37,38,39,40,65,66,67,68,69,70,71,72,73,74,75,76,77,78,79,80,81,82,83,84,85,86,87,88,89,90,91,92,106,107,134,138,143,147,180,181,182,183,184,185,186,187,188,189,190,191,192,193,194,195,196,197,198,199,200,201,202,220,221,222,223,
83;1;70;124;0;0,1,2,3,4,5,6,7,24,25,32,33,34,35,36,37,38,39,40,65,66,67,68,69,70,71,72,73,74,75,76,77,78,79,80,81,82,83,84,85,86,87,88,89,90,91,92,106,107,134,138,143,147,180,181,182,183,184,185,186,187,188,189,190,191,192,193,194,195,196,197,198,199,200,201,202,220,221,222,223,
21;0;124;275;1;0,1,2,3,4,5,6,7,24,25,32,33,34,35,36,37,38,39,40,65,66,67,68,69,70,71,72,73,74,75,76,77,78,79,80,81,82,83,84,85,86,87,88,89,90,91,92,106,107,134,138,143,147,180,181,182,183,184,185,186,187,188,189,190,191,192,193,194,195,196,197,198,199,200,201,202,220,221,222,223,
21;1;275;381;1;0,1,2,3,4,5,6,7,24,25,32,33,34,35,36,37,38,39,40,65,66,67,68,69,70,71,72,73,74,75,76,77,78,79,80,81,82,83,84,85,86,87,88,89,90,91,92,106,107,134,138,143,147,180,181,182,183,184,185,186,187,188,189,190,191,192,193,194,195,196,197,198,199,200,201,202,220,221,222,223,
6;0;381;531;0;0,1,2,3,4,5,6,7,24,25,32,33,34,35,36,37,38,39,40,65,66,67,68,69,70,71,72,73,74,75,76,77,78,79,80,81,82,83,84,85,86,87,88,89,90,91,92,106,107,134,138,143,147,180,181,182,183,184,185,186,187,188,189,190,191,192,193,194,195,196,197,198,199,200,201,202,220,221,222,223,
32;0;531;699;1;0,1,2,3,4,5,6,7,24,25,32,33,34,35,36,37,38,39,40,65,66,67,68,69,70,71,72,73,74,75,76,77,78,79,80,81,82,83,84,85,86,87,88,89,90,91,92,106,107,134,138,143,147,180,181,182,183,184,185,186,187,188,189,190,191,192,193,194,195,196,197,198,199,200,201,202,220,221,222,223,
18;0;699;794;0;0,1,2,3,4,5,6,7,24,25,32,33,34,35,36,37,38,39,40,65,66,67,68,69,70,71,72,73,74,75,76,77,78,79,80,81,82,83,84,85,86,87,88,89,90,91,92,106,107,134,138,143,147,180,181,182,183,184,185,186,187,188,189,190,191,192,193,194,195,196,197,198,199,200,201,202,220,221,222,223,
19;0;794;958;0;0,1,2,3,4,5,6,7,24,25,32,33,34,35,36,37,38,39,40,65,66,67,68,69,70,71,72,73,74,75,76,77,78,79,80,81,82,83,84,85,86,87,88,89,90,91,92,106,107,134,138,143,147,180,181,182,183,184,185,186,187,188,189,190,191,192,193,194,195,196,197,198,199,200,201,202,220,221,222,223,
19;1;958;969;0;0,1,2,3,4,5,6,7,24,25,32,33,34,35,36,37,38,39,40,65,66,67,68,69,70,71,72,73,74,75,76,77,78,79,80,81,82,83,84,85,86,87,88,89,90,91,92,106,107,134,138,143,147,180,181,182,183,184,185,186,187,188,189,190,191,192,193,194,195,196,197,198,199,200,201,202,220,221,222,223,
7;0;969;973;0;0,1,2,3,4,5,6,7,24,25,32,33,34,35,36,37,38,39,40,65,66,67,68,69,70,71,72,73,74,75,76,77,78,79,80,81,82,83,84,85,86,87,88,89,90,91,92,106,107,134,138,143,147,180,181,182,183,184,185,186,187,188,189,190,191,192,193,194,195,196,197,198,199,200,201,202,220,221,222,223,
7;1;973;1018;0;0,1,2,3,4,5,6,7,24,25,32,33,34,35,36,37,38,39,40,65,66,67,68,69,70,71,72,73,74,75,76,77,78,79,80,81,82,83,84,85,86,87,88,89,90,91,92,106,107,134,138,143,147,180,181,182,183,184,185,186,187,188,189,190,191,192,193,194,195,196,197,198,199,200,201,202,220,221,222,223,
2;0;1018;1029;1;0,1,2,3,4,5,6,7,24,25,32,33,34,35,36,37,38,39,40,65,66,67,68,69,70,71,72,73,74,75,76,77,78,79,80,81,82,83,84,85,86,87,88,89,90,91,92,106,107,134,138,143,147,180,181,182,183,184,185,186,187,188,189,190,191,192,193,194,195,196,197,198,199,200,201,202,220,221,222,223,
23;0;1029;1053;0;0,1,2,3,4,5,6,7,24,25,32,33,34,35,36,37,38,39,40,65,66,67,68,69,70,71,72,73,74,75,76,77,78,79,80,81,82,83,84,85,86,87,88,89,90,91,92,106,107,134,138,143,147,180,181,182,183,184,185,186,187,188,189,190,191,192,193,194,195,196,197,198,199,200,201,202,220,221,222,223,
23;1;1053;1094;0;0,1,2,3,4,5,6,7,24,25,32,33,34,35,36,37,38,39,40,65,66,67,68,69,70,71,72,73,74,75,76,77,78,79,80,81,82,83,84,85,86,87,88,89,90,91,92,106,107,134,138,143,147,180,181,182,183,184,185,186,187,188,189,190,191,192,193,194,195,196,197,198,199,200,201,202,220,221,222,223,
49;0;1094;1121;1;0,1,2,3,4,5,6,7,24,25,32,33,34,35,36,37,38,39,40,65,66,67,68,69,70,71,72,73,74,75,76,77,78,79,80,81,82,83,84,85,86,87,88,89,90,91,92,106,107,134,138,143,147,180,181,182,183,184,185,186,187,188,189,190,191,192,193,194,195,196,197,198,199,200,201,202,220,221,222,223,
49;1;1121;1125;1;0,1,2,3,4,5,6,7,24,25,32,33,34,35,36,37,38,39,40,65,66,67,68,69,70,71,72,73,74,75,76,77,78,79,80,81,82,83,84,85,86,87,88,89,90,91,92,106,107,134,138,143,147,180,181,182,183,184,185,186,187,188,189,190,191,192,193,194,195,196,197,198,199,200,201,202,220,221,222,223,
57;0;1125;1200;1;0,1,2,3,4,5,6,7,24,25,32,33,34,35,36,37,38,39,40,65,66,67,68,69,70,71,72,73,74,75,76,77,78,79,80,81,82,83,84,85,86,87,88,89,90,91,92,106,107,134,138,143,147,180,181,182,183,184,185,186,187,188,189,190,191,192,193,194,195,196,197,198,199,200,201,202,220,221,222,223,
57;1;1200;1301;1;0,1,2,3,4,5,6,7,24,25,32,33,34,35,36,37,38,39,40,65,66,67,68,69,70,71,72,73,74,75,76,77,78,79,80,81,82,83,84,85,86,87,88,89,90,91,92,106,107,134,138,143,147,180,181,182,183,184,185,186,187,188,189,190,191,192,193,194,195,196,197,198,199,200,201,202,220,221,222,223,
64;0;1301;1312;1;0,1,2,3,4,5,6,7,24,25,32,33,34,35,36,37,38,39,40,65,66,67,68,69,70,71,72,73,74,75,76,77,78,79,80,81,82,83,84,85,86,87,88,89,90,91,92,106,107,134,138,143,147,180,181,182,183,184,185,186,187,188,189,190,191,192,193,194,195,196,197,198,199,200,201,202,220,221,222,223,
11;0;1312;1342;0;0,1,2,3,4,5,6,7,24,25,32,33,34,35,36,37,38,39,40,65,66,67,68,69,70,71,72,73,74,75,76,77,78,79,80,81,82,83,84,85,86,87,88,89,90,91,92,106,107,134,138,143,147,180,181,182,183,184,185,186,187,188,189,190,191,192,193,194,195,196,197,198,199,200,201,202,220,221,222,223,
11;1;1342;1448;0;0,1,2,3,4,5,6,7,24,25,32,33,34,35,36,37,38,39,40,65,66,67,68,69,70,71,72,73,74,75,76,77,78,79,80,81,82,83,84,85,86,87,88,89,90,91,92,106,107,134,138,143,147,180,181,182,183,184,185,186,187,188,189,190,191,192,193,194,195,196,197,198,199,200,201,202,220,221,222,223,
79;0;1448;1563;0;0,1,2,3,4,5,6,7,24,25,32,33,34,35,36,37,38,39,40,65,66,67,68,69,70,71,72,73,74,75,76,77,78,79,80,81,82,83,84,85,86,87,88,89,90,91,92,106,107,134,138,143,147,180,181,182,183,184,185,186,187,188,189,190,191,192,193,194,195,196,197,198,199,200,201,202,220,221,222,223,
79;1;1563;1731;0;0,1,2,3,4,5,6,7,24,25,32,33,34,35,36,37,38,39,40,65,66,67,68,69,70,71,72,73,74,75,76,77,78,79,80,81,82,83,84,85,86,87,88,89,90,91,92,106,107,134,138,143,147,180,181,182,183,184,185,186,187,188,189,190,191,192,193,194,195,196,197,198,199,200,201,202,220,221,222,223,
71;0;1731;1899;0;0,1,2,3,4,5,6,7,24,25,32,33,34,35,36,37,38,39,40,65,66,67,68,69,70,71,72,73,74,75,76,77,78,79,80,81,82,83,84,85,86,87,88,89,90,91,92,106,107,134,138,143,147,180,181,182,183,184,185,186,187,188,189,190,191,192,193,194,195,196,197,198,199,200,201,202,220,221,222,223,
71;1;1899;1910;0;0,1,2,3,4,5,6,7,24,25,32,33,34,35,36,37,38,39,40,65,66,67,68,69,70,71,72,73,74,75,76,77,78,79,80,81,82,83,84,85,86,87,88,89,90,91,92,106,107,134,138,143,147,180,181,182,183,184,185,186,187,188,189,190,191,192,193,194,195,196,197,198,199,200,201,202,220,221,222,223,
12;0;1910;1951;1;0,1,2,3,4,5,6,7,24,25,32,33,34,35,36,37,38,39,40,65,66,67,68,69,70,71,72,73,74,75,76,77,78,79,80,81,82,83,84,85,86,87,88,89,90,91,92,106,107,134,138,143,147,180,181,182,183,184,185,186,187,188,189,190,191,192,193,194,195,196,197,198,199,200,201,202,220,221,222,223,
67;0;1951;1962;0;0,1,2,3,4,5,6,7,24,25,32,33,34,35,36,37,38,39,40,65,66,67,68,69,70,71,72,73,74,75,76,77,78,79,80,81,82,83,84,85,86,87,88,89,90,91,92,106,107,134,138,143,147,180,181,182,183,184,185,186,187,188,189,190,191,192,193,194,195,196,197,198,199,200,201,202,220,221,222,223,
67;1;1962;2057;0;0,1,2,3,4,5,6,7,24,25,32,33,34,35,36,37,38,39,40,65,66,67,68,69,70,71,72,73,74,75,76,77,78,79,80,81,82,83,84,85,86,87,88,89,90,91,92,106,107,134,138,143,147,180,181,182,183,184,185,186,187,188,189,190,191,192,193,194,195,196,197,198,199,200,201,202,220,221,222,223,
74;0;2057;2223;0;0,1,2,3,4,5,6,7,24,25,32,33,34,35,36,37,38,39,40,65,66,67,68,69,70,71,72,73,74,75,76,77,78,79,80,81,82,83,84,85,86,87,88,89,90,91,92,106,107,134,138,143,147,180,181,182,183,184,185,186,187,188,189,190,191,192,193,194,195,196,197,198,199,200,201,202,220,221,222,223,
72;0;2223;2361;1;0,1,2,3,4,5,6,7,24,25,32,33,34,35,36,37,38,39,40,65,66,67,68,69,70,71,72,73,74,75,76,77,78,79,80,81,82,83,84,85,86,87,88,89,90,91,92,106,107,134,138,143,147,180,181,182,183,184,185,186,187,188,189,190,191,192,193,194,195,196,197,198,199,200,201,202,220,221,222,223,
59;0;2361;2493;0;0,1,2,3,4,5,6,7,24,25,32,33,34,35,36,37,38,39,40,65,66,67,68,69,70,71,72,73,74,75,76,77,78,79,80,81,82,83,84,85,86,87,88,89,90,91,92,106,107,134,138,143,147,180,181,182,183,184,185,186,187,188,189,190,191,192,193,194,195,196,197,198,199,200,201,202,220,221,222,223,
59;1;2493;2538;0;0,1,2,3,4,5,6,7,24,25,32,33,34,35,36,37,38,39,40,65,66,67,68,69,70,71,72,73,74,75,76,77,78,79,80,81,82,83,84,85,86,87,88,89,90,91,92,106,107,134,138,143,147,180,181,182,183,184,185,186,187,188,189,190,191,192,193,194,195,196,197,198,199,200,201,202,220,221,222,223,
61;0;2538;2692;1;0,1,2,3,4,5,6,7,24,25,32,33,34,35,36,37,38,39,40,65,66,67,68,69,70,71,72,73,74,75,76,77,78,79,80,81,82,83,84,85,86,87,88,89,90,91,92,106,107,134,138,143,147,180,181,182,183,184,185,186,187,188,189,190,191,192,193,194,195,196,197,198,199,200,201,202,220,221,222,223,
61;1;2692;2733;1;0,1,2,3,4,5,6,7,24,25,32,33,34,35,36,37,38,39,40,65,66,67,68,69,70,71,72,73,74,75,76,77,78,79,80,81,82,83,84,85,86,87,88,89,90,91,92,106,107,134,138,143,147,180,181,182,183,184,185,186,187,188,189,190,191,192,193,194,195,196,197,198,199,200,201,202,220,221,222,223,
15;0;2733;2811;0;0,1,2,3,4,5,6,7,24,25,32,33,34,35,36,37,38,39,40,65,66,67,68,69,70,71,72,73,74,75,76,77,78,79,80,81,82,83,84,85,86,87,88,89,90,91,92,106,107,134,138,143,147,180,181,182,183,184,185,186,187,188,189,190,191,192,193,194,195,196,197,198,199,200,201,202,220,221,222,223,
15;1;2811;2949;0;0,1,2,3,4,5,6,7,24,25,32,33,34,35,36,37,38,39,40,65,66,67,68,69,70,71,72,73,74,75,76,77,78,79,80,81,82,83,84,85,86,87,88,89,90,91,92,106,107,134,138,143,147,180,181,182,183,184,185,186,187,188,189,190,191,192,193,194,195,196,197,198,199,200,201,202,220,221,222,223,
53;0;2949;2981;1;0,1,2,3,4,5,6,7,24,25,32,33,34,35,36,37,38,39,40,65,66,67,68,69,70,71,72,73,74,75,76,77,78,79,80,81,82,83,84,85,86,87,88,89,90,91,92,106,107,134,138,143,147,180,181,182,183,184,185,186,187,188,189,190,191,192,193,194,195,196,197,198,199,200,201,202,220,221,222,223,
53;1;2981;3141;1;0,1,2,3,4,5,6,7,24,25,32,33,34,35,36,37,38,39,40,65,66,67,68,69,70,71,72,73,74,75,76,77,78,79,80,81,82,83,84,85,86,87,88,89,90,91,92,106,107,134,138,143,147,180,181,182,183,184,185,186,187,188,189,190,191,192,193,194,195,196,197,198,199,200,201,202,220,221,222,223,
85;0;3141;3177;1;0,1,2,3,4,5,6,7,24,25,32,33,34,35,36,37,38,39,40,65,66,67,68,69,70,71,72,73,74,75,76,77,78,79,80,81,82,83,84,85,86,87,88,89,90,91,92,106,107,134,138,143,147,180,181,182,183,184,185,186,187,188,189,190,191,192,193,194,195,196,197,198,199,200,201,202,220,221,222,223,
85;1;3177;3218;1;0,1,2,3,4,5,6,7,24,25,32,33,34,35,36,37,38,39,40,65,66,67,68,69,70,71,72,73,74,75,76,77,78,79,80,81,82,83,84,85,86,87,88,89,90,91,92,106,107,134,138,143,147,180,181,182,183,184,185,186,187,188,189,190,191,192,193,194,195,196,197,198,199,200,201,202,220,221,222,223,
26;0;3218;3378;0;0,1,2,3,4,5,6,7,24,25,32,33,34,35,36,37,38,39,40,65,66,67,68,69,70,71,72,73,74,75,76,77,78,79,80,81,82,83,84,85,86,87,88,89,90,91,92,106,107,134,138,143,147,180,181,182,183,184,185,186,187,188,189,190,191,192,193,194,195,196,197,198,199,200,201,202,220,221,222,223,
76;0;3378;3423;1;0,1,2,3,4,5,6,7,24,25,32,33,34,35,36,37,38,39,40,65,66,67,68,69,70,71,72,73,74,75,76,77,78,79,80,81,82,83,84,85,86,87,88,89,90,91,92,106,107,134,138,143,147,180,181,182,183,184,185,186,187,188,189,190,191,192,193,194,195,196,197,198,199,200,201,202,220,221,222,223,
42;0;3423;3464;0;0,1,2,3,4,5,6,7,24,25,32,33,34,35,36,37,38,39,40,65,66,67,68,69,70,71,72,73,74,75,76,77,78,79,80,81,82,83,84,85,86,87,88,89,90,91,92,106,107,134,138,143,147,180,181,182,183,184,185,186,187,188,189,190,191,192,193,194,195,196,197,198,199,200,201,202,220,221,222,223,
47;0;3464;3547;0;0,1,2,3,4,5,6,7,24,25,32,33,34,35,36,37,38,39,40,65,66,67,68,69,70,71,72,73,74,75,76,77,78,79,80,81,82,83,84,85,86,87,88,89,90,91,92,106,107,134,138,143,147,180,181,182,183,184,185,186,187,188,189,190,191,192,193,194,195,196,197,198,199,200,201,202,220,221,222,223,
47;1;3547;3653;0;0,1,2,3,4,5,6,7,24,25,32,33,34,35,36,37,38,39,40,65,66,67,68,69,70,71,72,73,74,75,76,77,78,79,80,81,82,83,84,85,86,87,88,89,90,91,92,106,107,134,138,143,147,180,181,182,183,184,185,186,187,188,189,190,191,192,193,194,195,196,197,198,199,200,201,202,220,221,222,223,
73;0;3653;3805;1;0,1,2,3,4,5,6,7,24,25,32,33,34,35,36,37,38,39,40,65,66,67,68,69,70,71,72,73,74,75,76,77,78,79,80,81,82,83,84,85,86,87,88,89,90,91,92,106,107,134,138,143,147,180,181,182,183,184,185,186,187,188,189,190,191,192,193,194,195,196,197,198,199,200,201,202,220,221,222,223,
73;1;3805;3973;1;0,1,2,3,4,5,6,7,24,25,32,33,34,35,36,37,38,39,40,65,66,67,68,69,70,71,72,73,74,75,76,77,78,79,80,81,82,83,84,85,86,87,88,89,90,91,92,106,107,134,138,143,147,180,181,182,183,184,185,186,187,188,189,190,191,192,193,194,195,196,197,198,199,200,201,202,220,221,222,223,
13;0;3973;4079;1;0,1,2,3,4,5,6,7,24,25,32,33,34,35,36,37,38,39,40,65,66,67,68,69,70,71,72,73,74,75,76,77,78,79,80,81,82,83,84,85,86,87,88,89,90,91,92,106,107,134,138,143,147,180,181,182,183,184,185,186,187,188,189,190,191,192,193,194,195,196,197,198,199,200,201,202,220,221,222,223,
13;1;4079;4185;1;0,1,2,3,4,5,6,7,24,25,32,33,34,35,36,37,38,39,40,65,66,67,68,69,70,71,72,73,74,75,76,77,78,79,80,81,82,83,84,85,86,87,88,89,90,91,92,106,107,134,138,143,147,180,181,182,183,184,185,186,187,188,189,190,191,192,193,194,195,196,197,198,199,200,201,202,220,221,222,223,
0;0;4185;4219;1;0,1,2,3,4,5,6,7,24,25,32,33,34,35,36,37,38,39,40,65,66,67,68,69,70,71,72,73,74,75,76,77,78,79,80,81,82,83,84,85,86,87,88,89,90,91,92,106,107,134,138,143,147,180,181,182,183,184,185,186,187,188,189,190,191,192,193,194,195,196,197,198,199,200,201,202,220,221,222,223,
0;1;4219;4287;1;0,1,2,3,4,5,6,7,24,25,32,33,34,35,36,37,38,39,40,65,66,67,68,69,70,71,72,73,74,75,76,77,78,79,80,81,82,83,84,85,86,87,88,89,90,91,92,106,107,134,138,143,147,180,181,182,183,184,185,186,187,188,189,190,191,192,193,194,195,196,197,198,199,200,201,202,220,221,222,223,
14;0;4287;4382;0;0,1,2,3,4,5,6,7,24,25,32,33,34,35,36,37,38,39,40,65,66,67,68,69,70,71,72,73,74,75,76,77,78,79,80,81,82,83,84,85,86,87,88,89,90,91,92,106,107,134,138,143,147,180,181,182,183,184,185,186,187,188,189,190,191,192,193,194,195,196,197,198,199,200,201,202,220,221,222,223,
41;0;4382;4427;1;0,1,2,3,4,5,6,7,24,25,32,33,34,35,36,37,38,39,40,65,66,67,68,69,70,71,72,73,74,75,76,77,78,79,80,81,82,83,84,85,86,87,88,89,90,91,92,106,107,134,138,143,147,180,181,182,183,184,185,186,187,188,189,190,191,192,193,194,195,196,197,198,199,200,201,202,220,221,222,223,
41;1;4427;4431;1;0,1,2,3,4,5,6,7,24,25,32,33,34,35,36,37,38,39,40,65,66,67,68,69,70,71,72,73,74,75,76,77,78,79,80,81,82,83,84,85,86,87,88,89,90,91,92,106,107,134,138,143,147,180,181,182,183,184,185,186,187,188,189,190,191,192,193,194,195,196,197,198,199,200,201,202,220,221,222,223,
78;0;4431;4532;0;0,1,2,3,4,5,6,7,24,25,32,33,34,35,36,37,38,39,40,65,66,67,68,69,70,71,72,73,74,75,76,77,78,79,80,81,82,83,84,85,86,87,88,89,90,91,92,106,107,134,138,143,147,180,181,182,183,184,185,186,187,188,189,190,191,192,193,194,195,196,197,198,199,200,201,202,220,221,222,223,
24;0;4532;4633;1;0,1,2,3,4,5,6,7,24,25,32,33,34,35,36,37,38,39,40,65,66,67,68,69,70,71,72,73,74,75,76,77,78,79,80,81,82,83,84,85,86,87,88,89,90,91,92,106,107,134,138,143,147,180,181,182,183,184,185,186,187,188,189,190,191,192,193,194,195,196,197,198,199,200,201,202,220,221,222,223,
36;0;4633;4793;1;0,1,2,3,4,5,6,7,24,25,32,33,34,35,36,37,38,39,40,65,66,67,68,69,70,71,72,73,74,75,76,77,78,79,80,81,82,83,84,85,86,87,88,89,90,91,92,106,107,134,138,143,147,180,181,182,183,184,185,186,187,188,189,190,191,192,193,194,195,196,197,198,199,200,201,202,220,221,222,223,
17;0;4793;4942;1;0,1,2,3,4,5,6,7,24,25,32,33,34,35,36,37,38,39,40,65,66,67,68,69,70,71,72,73,74,75,76,77,78,79,80,81,82,83,84,85,86,87,88,89,90,91,92,106,107,134,138,143,147,180,181,182,183,184,185,186,187,188,189,190,191,192,193,194,195,196,197,198,199,200,201,202,220,221,222,223,
17;1;4942;4966;1;0,1,2,3,4,5,6,7,24,25,32,33,34,35,36,37,38,39,40,65,66,67,68,69,70,71,72,73,74,75,76,77,78,79,80,81,82,83,84,85,86,87,88,89,90,91,92,106,107,134,138,143,147,180,181,182,183,184,185,186,187,188,189,190,191,192,193,194,195,196,197,198,199,200,201,202,220,221,222,223,
77;0;4966;5126;1;0,1,2,3,4,15,38,39,40,41,42,43,44,45,46,47,48,49,50,51,52,53,54,55,56,57,58,59,60,61,62,63,64,69,70,72,134,141,142,143,144,145,146,150,151,152,153,154,155,156,157,158,159,160,161,162,163,164,165,166,167,168,169,170,171,172,173,174,175,176,177,205,206,207,208,209,210,211,212,213,
77;1;5126;5145;1;0,1,2,3,4,15,38,39,40,41,42,43,44,45,46,47,48,49,50,51,52,53,54,55,56,57,58,59,60,61,62,63,64,69,70,72,134,141,142,143,144,145,146,150,151,152,153,154,155,156,157,158,159,160,161,162,163,164,165,166,167,168,169,170,171,172,173,174,175,176,177,205,206,207,208,209,210,211,212,213,
35;0;5145;5149;0;0,1,2,3,4,15,38,39,40,41,42,43,44,45,46,47,48,49,50,51,52,53,54,55,56,57,58,59,60,61,62,63,64,69,70,72,134,141,142,143,144,145,146,150,151,152,153,154,155,156,157,158,159,160,161,162,163,164,165,166,167,168,169,170,171,172,173,174,175,176,177,205,206,207,208,209,210,211,212,213,
35;1;5149;5241;0;0,1,2,3,4,15,38,39,40,41,42,43,44,45,46,47,48,49,50,51,52,53,54,55,56,57,58,59,60,61,62,63,64,69,70,72,134,141,142,143,144,145,146,150,151,152,153,154,155,156,157,158,159,160,161,162,163,164,165,166,167,168,169,170,171,172,173,174,175,176,177,205,206,207,208,209,210,211,212,213,
50;0;5241;5300;0;0,1,2,3,4,15,38,39,40,41,42,43,44,45,46,47,48,49,50,51,52,53,54,55,56,57,58,59,60,61,62,63,64,69,70,72,134,141,142,143,144,145,146,150,151,152,153,154,155,156,157,158,159,160,161,162,163,164,165,166,167,168,169,170,171,172,173,174,175,176,177,205,206,207,208,209,210,211,212,213,
10;0;5300;5334;0;0,1,2,3,4,15,38,39,40,41,42,43,44,45,46,47,48,49,50,51,52,53,54,55,56,57,58,59,60,61,62,63,64,69,70,72,134,141,142,143,144,145,146,150,151,152,153,154,155,156,157,158,159,160,161,162,163,164,165,166,167,168,169,170,171,172,173,174,175,176,177,205,206,207,208,209,210,211,212,213,
9;0;5334;5403;1;0,1,2,3,4,15,38,39,40,41,42,43,44,45,46,47,48,49,50,51,52,53,54,55,56,57,58,59,60,61,62,63,64,69,70,72,134,141,142,143,144,145,146,150,151,152,153,154,155,156,157,158,159,160,161,162,163,164,165,166,167,168,169,170,171,172,173,174,175,176,177,205,206,207,208,209,210,211,212,213,
9;1;5403;5477;1;0,1,2,3,4,15,38,39,40,41,42,43,44,45,46,47,48,49,50,51,52,53,54,55,56,57,58,59,60,61,62,63,64,69,70,72,134,141,142,143,144,145,146,150,151,152,153,154,155,156,157,158,159,160,161,162,163,164,165,166,167,168,169,170,171,172,173,174,175,176,177,205,206,207,208,209,210,211,212,213,
Machine: 1
80;0;0;16;1;8,9,10,11,12,13,14,15,16,17,18,19,20,21,22,23,26,27,28,29,30,31,36,37,93,94,95,96,97,98,99,100,101,102,103,104,105,108,109,110,111,112,113,114,115,116,117,118,119,120,121,122,123,124,125,126,127,128,129,130,131,132,133,135,136,137,139,140,148,149,178,179,203,204,214,215,216,217,218,219,
43;0;16;82;0;8,9,10,11,12,13,14,15,16,17,18,19,20,21,22,23,26,27,28,29,30,31,36,37,93,94,95,96,97,98,99,100,101,102,103,104,105,108,109,110,111,112,113,114,115,116,117,118,119,120,121,122,123,124,125,126,127,128,129,130,131,132,133,135,136,137,139,140,148,149,178,179,203,204,214,215,216,217,218,219,
43;1;82;135;0;8,9,10,11,12,13,14,15,16,17,18,19,20,21,22,23,26,27,28,29,30,31,36,37,93,94,95,96,97,98,99,100,101,102,103,104,105,108,109,110,111,112,113,114,115,116,117,118,119,120,121,122,123,124,125,126,127,128,129,130,131,132,133,135,136,137,139,140,148,149,178,179,203,204,214,215,216,217,218,219,
20;0;135;257;1;8,9,10,11,12,13,14,15,16,17,18,19,20,21,22,23,26,27,28,29,30,31,36,37,93,94,95,96,97,98,99,100,101,102,103,104,105,108,109,110,111,112,113,114,115,116,117,118,119,120,121,122,123,124,125,126,127,128,129,130,131,132,133,135,136,137,139,140,148,149,178,179,203,204,214,215,216,217,218,219,
84;0;257;268;1;8,9,10,11,12,13,14,15,16,17,18,19,20,21,22,23,26,27,28,29,30,31,36,37,93,94,95,96,97,98,99,100,101,102,103,104,105,108,109,110,111,112,113,114,115,116,117,118,119,120,121,122,123,124,125,126,127,128,129,130,131,132,133,135,136,137,139,140,148,149,178,179,203,204,214,215,216,217,218,219,
1;0;268;354;0;8,9,10,11,12,13,14,15,16,17,18,19,20,21,22,23,26,27,28,29,30,31,36,37,93,94,95,96,97,98,99,100,101,102,103,104,105,108,109,110,111,112,113,114,115,116,117,118,119,120,121,122,123,124,125,126,127,128,129,130,131,132,133,135,136,137,139,140,148,149,178,179,203,204,214,215,216,217,218,219,
1;1;354;393;0;8,9,10,11,12,13,14,15,16,17,18,19,20,21,22,23,26,27,28,29,30,31,36,37,93,94,95,96,97,98,99,100,101,102,103,104,105,108,109,110,111,112,113,114,115,116,117,118,119,120,121,122,123,124,125,126,127,128,129,130,131,132,133,135,136,137,139,140,148,149,178,179,203,204,214,215,216,217,218,219,
22;0;393;523;0;8,9,10,11,12,13,14,15,16,17,18,19,20,21,22,23,26,27,28,29,30,31,36,37,93,94,95,96,97,98,99,100,101,102,103,104,105,108,109,110,111,112,113,114,115,116,117,118,119,120,121,122,123,124,125,126,127,128,129,130,131,132,133,135,136,137,139,140,148,149,178,179,203,204,214,215,216,217,218,219,
28;0;523;551;1;8,9,10,11,12,13,14,15,16,17,18,19,20,21,22,23,26,27,28,29,30,31,36,37,93,94,95,96,97,98,99,100,101,102,103,104,105,108,109,110,111,112,113,114,115,116,117,118,119,120,121,122,123,124,125,126,127,128,129,130,131,132,133,135,136,137,139,140,148,149,178,179,203,204,214,215,216,217,218,219,
29;0;551;665;1;8,9,10,11,12,13,14,15,16,17,18,19,20,21,22,23,26,27,28,29,30,31,36,37,93,94,95,96,97,98,99,100,101,102,103,104,105,108,109,110,111,112,113,114,115,116,117,118,119,120,121,122,123,124,125,126,127,128,129,130,131,132,133,135,136,137,139,140,148,149,178,179,203,204,214,215,216,217,218,219,
29;1;665;830;1;8,9,10,11,12,13,14,15,16,17,18,19,20,21,22,23,26,27,28,29,30,31,36,37,93,94,95,96,97,98,99,100,101,102,103,104,105,108,109,110,111,112,113,114,115,116,117,118,119,120,121,122,123,124,125,126,127,128,129,130,131,132,133,135,136,137,139,140,148,149,178,179,203,204,214,215,216,217,218,219,
82;0;830;982;0;8,9,10,11,12,13,14,15,16,17,18,19,20,21,22,23,26,27,28,29,30,31,36,37,93,94,95,96,97,98,99,100,101,102,103,104,105,108,109,110,111,112,113,114,115,116,117,118,119,120,121,122,123,124,125,126,127,128,129,130,131,132,133,135,136,137,139,140,148,149,178,179,203,204,214,215,216,217,218,219,
44;0;982;1112;1;8,9,10,11,12,13,14,15,16,17,18,19,20,21,22,23,26,27,28,29,30,31,36,37,93,94,95,96,97,98,99,100,101,102,103,104,105,108,109,110,111,112,113,114,115,116,117,118,119,120,121,122,123,124,125,126,127,128,129,130,131,132,133,135,136,137,139,140,148,149,178,179,203,204,214,215,216,217,218,219,
81;0;1112;1151;1;8,9,10,11,12,13,14,15,16,17,18,19,20,21,22,23,26,27,28,29,30,31,36,37,93,94,95,96,97,98,99,100,101,102,103,104,105,108,109,110,111,112,113,114,115,116,117,118,119,120,121,122,123,124,125,126,127,128,129,130,131,132,133,135,136,137,139,140,148,149,178,179,203,204,214,215,216,217,218,219,
81;1;1151;1303;1;8,9,10,11,12,13,14,15,16,17,18,19,20,21,22,23,26,27,28,29,30,31,36,37,93,94,95,96,97,98,99,100,101,102,103,104,105,108,109,110,111,112,113,114,115,116,117,118,119,120,121,122,123,124,125,126,127,128,129,130,131,132,133,135,136,137,139,140,148,149,178,179,203,204,214,215,216,217,218,219,
54;0;1303;1468;0;8,9,10,11,12,13,14,15,16,17,18,19,20,21,22,23,26,27,28,29,30,31,36,37,93,94,95,96,97,98,99,100,101,102,103,104,105,108,109,110,111,112,113,114,115,116,117,118,119,120,121,122,123,124,125,126,127,128,129,130,131,132,133,135,136,137,139,140,148,149,178,179,203,204,214,215,216,217,218,219,
48;0;1468;1615;1;8,9,10,11,12,13,14,15,16,17,18,19,20,21,22,23,26,27,28,29,30,31,36,37,93,94,95,96,97,98,99,100,101,102,103,104,105,108,109,110,111,112,113,114,115,116,117,118,119,120,121,122,123,124,125,126,127,128,129,130,131,132,133,135,136,137,139,140,148,149,178,179,203,204,214,215,216,217,218,219,
38;0;1615;1773;0;8,9,10,11,12,13,14,15,16,17,18,19,20,21,22,23,26,27,28,29,30,31,36,37,93,94,95,96,97,98,99,100,101,102,103,104,105,108,109,110,111,112,113,114,115,116,117,118,119,120,121,122,123,124,125,126,127,128,129,130,131,132,133,135,136,137,139,140,148,149,178,179,203,204,214,215,216,217,218,219,
30;0;1773;1887;0;8,9,10,11,12,13,14,15,16,17,18,19,20,21,22,23,26,27,28,29,30,31,36,37,93,94,95,96,97,98,99,100,101,102,103,104,105,108,109,110,111,112,113,114,115,116,117,118,119,120,121,122,123,124,125,126,127,128,129,130,131,132,133,135,136,137,139,140,148,149,178,179,203,204,214,215,216,217,218,219,
45;0;1887;1909;1;8,9,10,11,12,13,14,15,16,17,18,19,20,21,22,23,26,27,28,29,30,31,36,37,93,94,95,96,97,98,99,100,101,102,103,104,105,108,109,110,111,112,113,114,115,116,117,118,119,120,121,122,123,124,125,126,127,128,129,130,131,132,133,135,136,137,139,140,148,149,178,179,203,204,214,215,216,217,218,219,
45;1;1909;2022;1;8,9,10,11,12,13,14,15,16,17,18,19,20,21,22,23,26,27,28,29,30,31,36,37,93,94,95,96,97,98,99,100,101,102,103,104,105,108,109,110,111,112,113,114,115,116,117,118,119,120,121,122,123,124,125,126,127,128,129,130,131,132,133,135,136,137,139,140,148,149,178,179,203,204,214,215,216,217,218,219,
4;0;2022;2152;1;8,9,10,11,12,13,14,15,16,17,18,19,20,21,22,23,26,27,28,29,30,31,36,37,93,94,95,96,97,98,99,100,101,102,103,104,105,108,109,110,111,112,113,114,115,116,117,118,119,120,121,122,123,124,125,126,127,128,129,130,131,132,133,135,136,137,139,140,148,149,178,179,203,204,214,215,216,217,218,219,
31;0;2152;2328;0;8,9,10,11,12,13,14,15,16,17,18,19,20,21,22,23,26,27,28,29,30,31,36,37,93,94,95,96,97,98,99,100,101,102,103,104,105,108,109,110,111,112,113,114,115,116,117,118,119,120,121,122,123,124,125,126,127,128,129,130,131,132,133,135,136,137,139,140,148,149,178,179,203,204,214,215,216,217,218,219,
31;1;2328;2356;0;8,9,10,11,12,13,14,15,16,17,18,19,20,21,22,23,26,27,28,29,30,31,36,37,93,94,95,96,97,98,99,100,101,102,103,104,105,108,109,110,111,112,113,114,115,116,117,118,119,120,121,122,123,124,125,126,127,128,129,130,131,132,133,135,136,137,139,140,148,149,178,179,203,204,214,215,216,217,218,219,
33;0;2356;2416;1;8,9,10,11,12,13,14,15,16,17,18,19,20,21,22,23,26,27,28,29,30,31,36,37,93,94,95,96,97,98,99,100,101,102,103,104,105,108,109,110,111,112,113,114,115,116,117,118,119,120,121,122,123,124,125,126,127,128,129,130,131,132,133,135,136,137,139,140,148,149,178,179,203,204,214,215,216,217,218,219,
33;1;2416;2432;1;8,9,10,11,12,13,14,15,16,17,18,19,20,21,22,23,26,27,28,29,30,31,36,37,93,94,95,96,97,98,99,100,101,102,103,104,105,108,109,110,111,112,113,114,115,116,117,118,119,120,121,122,123,124,125,126,127,128,129,130,131,132,133,135,136,137,139,140,148,149,178,179,203,204,214,215,216,217,218,219,
75;0;2432;2487;0;8,9,10,11,12,13,14,15,16,17,18,19,20,21,22,23,26,27,28,29,30,31,36,37,93,94,95,96,97,98,99,100,101,102,103,104,105,108,109,110,111,112,113,114,115,116,117,118,119,120,121,122,123,124,125,126,127,128,129,130,131,132,133,135,136,137,139,140,148,149,178,179,203,204,214,215,216,217,218,219,
75;1;2487;2498;0;8,9,10,11,12,13,14,15,16,17,18,19,20,21,22,23,26,27,28,29,30,31,36,37,93,94,95,96,97,98,99,100,101,102,103,104,105,108,109,110,111,112,113,114,115,116,117,118,119,120,121,122,123,124,125,126,127,128,129,130,131,132,133,135,136,137,139,140,148,149,178,179,203,204,214,215,216,217,218,219,
46;0;2498;2661;0;8,9,10,11,12,13,14,15,16,17,18,19,20,21,22,23,26,27,28,29,30,31,36,37,93,94,95,96,97,98,99,100,101,102,103,104,105,108,109,110,111,112,113,114,115,116,117,118,119,120,121,122,123,124,125,126,127,128,129,130,131,132,133,135,136,137,139,140,148,149,178,179,203,204,214,215,216,217,218,219,
34;0;2661;2824;0;8,9,10,11,12,13,14,15,16,17,18,19,20,21,22,23,26,27,28,29,30,31,36,37,93,94,95,96,97,98,99,100,101,102,103,104,105,108,109,110,111,112,113,114,115,116,117,118,119,120,121,122,123,124,125,126,127,128,129,130,131,132,133,135,136,137,139,140,148,149,178,179,203,204,214,215,216,217,218,219,
39;0;2824;2903;0;8,9,10,11,12,13,14,15,16,17,18,19,20,21,22,23,26,27,28,29,30,31,36,37,93,94,95,96,97,98,99,100,101,102,103,104,105,108,109,110,111,112,113,114,115,116,117,118,119,120,121,122,123,124,125,126,127,128,129,130,131,132,133,135,136,137,139,140,148,149,178,179,203,204,214,215,216,217,218,219,
39;1;2903;3061;0;8,9,10,11,12,13,14,15,16,17,18,19,20,21,22,23,26,27,28,29,30,31,36,37,93,94,95,96,97,98,99,100,101,102,103,104,105,108,109,110,111,112,113,114,115,116,117,118,119,120,121,122,123,124,125,126,127,128,129,130,131,132,133,135,136,137,139,140,148,149,178,179,203,204,214,215,216,217,218,219,
52;0;3061;3219;1;8,9,10,11,12,13,14,15,16,17,18,19,20,21,22,23,26,27,28,29,30,31,36,37,93,94,95,96,97,98,99,100,101,102,103,104,105,108,109,110,111,112,113,114,115,116,117,118,119,120,121,122,123,124,125,126,127,128,129,130,131,132,133,135,136,137,139,140,148,149,178,179,203,204,214,215,216,217,218,219,
8;0;3219;3325;1;8,9,10,11,12,13,14,15,16,17,18,19,20,21,22,23,26,27,28,29,30,31,36,37,93,94,95,96,97,98,99,100,101,102,103,104,105,108,109,110,111,112,113,114,115,116,117,118,119,120,121,122,123,124,125,126,127,128,129,130,131,132,133,135,136,137,139,140,148,149,178,179,203,204,214,215,216,217,218,219,
5;0;3325;3409;1;8,9,10,11,12,13,14,15,16,17,18,19,20,21,22,23,26,27,28,29,30,31,36,37,93,94,95,96,97,98,99,100,101,102,103,104,105,108,109,110,111,112,113,114,115,116,117,118,119,120,121,122,123,124,125,126,127,128,129,130,131,132,133,135,136,137,139,140,148,149,178,179,203,204,214,215,216,217,218,219,
5;1;3409;3556;1;8,9,10,11,12,13,14,15,16,17,18,19,20,21,22,23,26,27,28,29,30,31,36,37,93,94,95,96,97,98,99,100,101,102,103,104,105,108,109,110,111,112,113,114,115,116,117,118,119,120,121,122,123,124,125,126,127,128,129,130,131,132,133,135,136,137,139,140,148,149,178,179,203,204,214,215,216,217,218,219,
58;0;3556;3670;0;8,9,10,11,12,13,14,15,16,17,18,19,20,21,22,23,26,27,28,29,30,31,36,37,93,94,95,96,97,98,99,100,101,102,103,104,105,108,109,110,111,112,113,114,115,116,117,118,119,120,121,122,123,124,125,126,127,128,129,130,131,132,133,135,136,137,139,140,148,149,178,179,203,204,214,215,216,217,218,219,
60;0;3670;3776;1;8,9,10,11,12,13,14,15,16,17,18,19,20,21,22,23,26,27,28,29,30,31,36,37,93,94,95,96,97,98,99,100,101,102,103,104,105,108,109,110,111,112,113,114,115,116,117,118,119,120,121,122,123,124,125,126,127,128,129,130,131,132,133,135,136,137,139,140,148,149,178,179,203,204,214,215,216,217,218,219,
27;0;3776;3840;0;8,9,10,11,12,13,14,15,16,17,18,19,20,21,22,23,26,27,28,29,30,31,36,37,93,94,95,96,97,98,99,100,101,102,103,104,105,108,109,110,111,112,113,114,115,116,117,118,119,120,121,122,123,124,125,126,127,128,129,130,131,132,133,135,136,137,139,140,148,149,178,179,203,204,214,215,216,217,218,219,
27;1;3840;4014;0;8,9,10,11,12,13,14,15,16,17,18,19,20,21,22,23,26,27,28,29,30,31,36,37,93,94,95,96,97,98,99,100,101,102,103,104,105,108,109,110,111,112,113,114,115,116,117,118,119,120,121,122,123,124,125,126,127,128,129,130,131,132,133,135,136,137,139,140,148,149,178,179,203,204,214,215,216,217,218,219,
40;0;4014;4127;1;8,9,10,11,12,13,14,15,16,17,18,19,20,21,22,23,26,27,28,29,30,31,36,37,93,94,95,96,97,98,99,100,101,102,103,104,105,108,109,110,111,112,113,114,115,116,117,118,119,120,121,122,123,124,125,126,127,128,129,130,131,132,133,135,136,137,139,140,148,149,178,179,203,204,214,215,216,217,218,219,
68;0;4127;4287;1;8,9,10,11,12,13,14,15,16,17,18,19,20,21,22,23,26,27,28,29,30,31,36,37,93,94,95,96,97,98,99,100,101,102,103,104,105,108,109,110,111,112,113,114,115,116,117,118,119,120,121,122,123,124,125,126,127,128,129,130,131,132,133,135,136,137,139,140,148,149,178,179,203,204,214,215,216,217,218,219,
66;0;4287;4404;0;8,9,10,11,12,13,14,15,16,17,18,19,20,21,22,23,26,27,28,29,30,31,36,37,93,94,95,96,97,98,99,100,101,102,103,104,105,108,109,110,111,112,113,114,115,116,117,118,119,120,121,122,123,124,125,126,127,128,129,130,131,132,133,135,136,137,139,140,148,149,178,179,203,204,214,215,216,217,218,219,
51;0;4404;4476;0;8,9,10,11,12,13,14,15,16,17,18,19,20,21,22,23,26,27,28,29,30,31,36,37,93,94,95,96,97,98,99,100,101,102,103,104,105,108,109,110,111,112,113,114,115,116,117,118,119,120,121,122,123,124,125,126,127,128,129,130,131,132,133,135,136,137,139,140,148,149,178,179,203,204,214,215,216,217,218,219,
51;1;4476;4590;0;8,9,10,11,12,13,14,15,16,17,18,19,20,21,22,23,26,27,28,29,30,31,36,37,93,94,95,96,97,98,99,100,101,102,103,104,105,108,109,110,111,112,113,114,115,116,117,118,119,120,121,122,123,124,125,126,127,128,129,130,131,132,133,135,136,137,139,140,148,149,178,179,203,204,214,215,216,217,218,219,
56;0;4590;4724;1;8,9,10,11,12,13,14,15,16,17,18,19,20,21,22,23,26,27,28,29,30,31,36,37,93,94,95,96,97,98,99,100,101,102,103,104,105,108,109,110,111,112,113,114,115,116,117,118,119,120,121,122,123,124,125,126,127,128,129,130,131,132,133,135,136,137,139,140,148,149,178,179,203,204,214,215,216,217,218,219,
25;0;4724;4849;1;8,9,10,11,12,13,14,15,16,17,18,19,20,21,22,23,26,27,28,29,30,31,36,37,93,94,95,96,97,98,99,100,101,102,103,104,105,108,109,110,111,112,113,114,115,116,117,118,119,120,121,122,123,124,125,126,127,128,129,130,131,132,133,135,136,137,139,140,148,149,178,179,203,204,214,215,216,217,218,219,
25;1;4849;4979;1;8,9,10,11,12,13,14,15,16,17,18,19,20,21,22,23,26,27,28,29,30,31,36,37,93,94,95,96,97,98,99,100,101,102,103,104,105,108,109,110,111,112,113,114,115,116,117,118,119,120,121,122,123,124,125,126,127,128,129,130,131,132,133,135,136,137,139,140,148,149,178,179,203,204,214,215,216,217,218,219,
37;0;4979;5007;1;8,9,10,11,12,13,14,15,16,17,18,19,20,21,22,23,26,27,28,29,30,31,36,37,93,94,95,96,97,98,99,100,101,102,103,104,105,108,109,110,111,112,113,114,115,116,117,118,119,120,121,122,123,124,125,126,127,128,129,130,131,132,133,135,136,137,139,140,148,149,178,179,203,204,214,215,216,217,218,219,
37;1;5007;5023;1;8,9,10,11,12,13,14,15,16,17,18,19,20,21,22,23,26,27,28,29,30,31,36,37,93,94,95,96,97,98,99,100,101,102,103,104,105,108,109,110,111,112,113,114,115,116,117,118,119,120,121,122,123,124,125,126,127,128,129,130,131,132,133,135,136,137,139,140,148,149,178,179,203,204,214,215,216,217,218,219,
65;0;5023;5113;1;8,9,10,11,12,13,14,15,16,17,18,19,20,21,22,23,26,27,28,29,30,31,36,37,93,94,95,96,97,98,99,100,101,102,103,104,105,108,109,110,111,112,113,114,115,116,117,118,119,120,121,122,123,124,125,126,127,128,129,130,131,132,133,135,136,137,139,140,148,149,178,179,203,204,214,215,216,217,218,219,
65;1;5113;5230;1;8,9,10,11,12,13,14,15,16,17,18,19,20,21,22,23,26,27,28,29,30,31,36,37,93,94,95,96,97,98,99,100,101,102,103,104,105,108,109,110,111,112,113,114,115,116,117,118,119,120,121,122,123,124,125,126,127,128,129,130,131,132,133,135,136,137,139,140,148,149,178,179,203,204,214,215,216,217,218,219,
63;0;5230;5310;0;8,9,10,11,12,13,14,15,16,17,18,19,20,21,22,23,26,27,28,29,30,31,36,37,93,94,95,96,97,98,99,100,101,102,103,104,105,108,109,110,111,112,113,114,115,116,117,118,119,120,121,122,123,124,125,126,127,128,129,130,131,132,133,135,136,137,139,140,148,149,178,179,203,204,214,215,216,217,218,219,
63;1;5310;5473;0;8,9,10,11,12,13,14,15,16,17,18,19,20,21,22,23,26,27,28,29,30,31,36,37,93,94,95,96,97,98,99,100,101,102,103,104,105,108,109,110,111,112,113,114,115,116,117,118,119,120,121,122,123,124,125,126,127,128,129,130,131,132,133,135,136,137,139,140,148,149,178,179,203,204,214,215,216,217,218,219,
62;0;5473;5607;0;8,9,10,11,12,13,14,15,16,17,18,19,20,21,22,23,26,27,28,29,30,31,36,37,93,94,95,96,97,98,99,100,101,102,103,104,105,108,109,110,111,112,113,114,115,116,117,118,119,120,121,122,123,124,125,126,127,128,129,130,131,132,133,135,136,137,139,140,148,149,178,179,203,204,214,215,216,217,218,219,
55;0;5607;5712;0;8,9,10,11,12,13,14,15,16,17,18,19,20,21,22,23,26,27,28,29,30,31,36,37,93,94,95,96,97,98,99,100,101,102,103,104,105,108,109,110,111,112,113,114,115,116,117,118,119,120,121,122,123,124,125,126,127,128,129,130,131,132,133,135,136,137,139,140,148,149,178,179,203,204,214,215,216,217,218,219,
55;1;5712;5834;0;8,9,10,11,12,13,14,15,16,17,18,19,20,21,22,23,26,27,28,29,30,31,36,37,93,94,95,96,97,98,99,100,101,102,103,104,105,108,109,110,111,112,113,114,115,116,117,118,119,120,121,122,123,124,125,126,127,128,129,130,131,132,133,135,136,137,139,140,148,149,178,179,203,204,214,215,216,217,218,219,
16;0;5834;5859;1;8,9,10,11,12,13,14,15,16,17,18,19,20,21,22,23,26,27,28,29,30,31,36,37,93,94,95,96,97,98,99,100,101,102,103,104,105,108,109,110,111,112,113,114,115,116,117,118,119,120,121,122,123,124,125,126,127,128,129,130,131,132,133,135,136,137,139,140,148,149,178,179,203,204,214,215,216,217,218,219,
3;0;5859;5939;0;8,9,10,11,12,13,14,15,16,17,18,19,20,21,22,23,26,27,28,29,30,31,36,37,93,94,95,96,97,98,99,100,101,102,103,104,105,108,109,110,111,112,113,114,115,116,117,118,119,120,121,122,123,124,125,126,127,128,129,130,131,132,133,135,136,137,139,140,148,149,178,179,203,204,214,215,216,217,218,219,
3;1;5939;5967;0;8,9,10,11,12,13,14,15,16,17,18,19,20,21,22,23,26,27,28,29,30,31,36,37,93,94,95,96,97,98,99,100,101,102,103,104,105,108,109,110,111,112,113,114,115,116,117,118,119,120,121,122,123,124,125,126,127,128,129,130,131,132,133,135,136,137,139,140,148,149,178,179,203,204,214,215,216,217,218,219,
69;0;5967;6046;1;8,9,10,11,12,13,14,15,16,17,18,19,20,21,22,23,26,27,28,29,30,31,36,37,93,94,95,96,97,98,99,100,101,102,103,104,105,108,109,110,111,112,113,114,115,116,117,118,119,120,121,122,123,124,125,126,127,128,129,130,131,132,133,135,136,137,139,140,148,149,178,179,203,204,214,215,216,217,218,219,
69;1;6046;6204;1;8,9,10,11,12,13,14,15,16,17,18,19,20,21,22,23,26,27,28,29,30,31,36,37,93,94,95,96,97,98,99,100,101,102,103,104,105,108,109,110,111,112,113,114,115,116,117,118,119,120,121,122,123,124,125,126,127,128,129,130,131,132,133,135,136,137,139,140,148,149,178,179,203,204,214,215,216,217,218,219,
END
fineshedJobsCount: 130
switchs: 67
switchsInstances: 1
unfineshedPriorityCount: 0
totalUnfineshed: 0
criticalMachineSwitchs: 0
criticalMachineTime: 6204
Final Solution: 3823
Time: 113065
PTL: 326
MCMC: 499
Best Initial: 3675
Mean Initial: 3625.55
