./input/BaseInstances/6M2_n=209,r=0.4,t=209,v0.txt;./input/Processed/ToolSetInt.csv
7;720;1440
Machine: 0
16;0;0;94;0;0,1,2,3,4,5,6,7,8,9,10,11,12,13,14,15,16,17,18,19,20,21,22,23,24,25,26,27,28,29,30,31,32,33,34,35,36,37,38,39,40,41,42,43,44,45,47,48,58,59,60,61,62,64,65,66,67,68,69,102,111,117,118,119,120,121,122,130,134,135,136,137,142,143,144,183,184,185,186,187,
61;0;94;146;1;0,1,2,3,4,5,6,7,8,9,10,11,12,13,14,15,16,17,18,19,20,21,22,23,24,25,26,27,28,29,30,31,32,33,34,35,36,37,38,39,40,41,42,43,44,45,47,48,58,59,60,61,62,64,65,66,67,68,69,102,111,117,118,119,120,121,122,130,134,135,136,137,142,143,144,183,184,185,186,187,
59;0;146;293;0;0,1,2,3,4,5,6,7,8,9,10,11,12,13,14,15,16,17,18,19,20,21,22,23,24,25,26,27,28,29,30,31,32,33,34,35,36,37,38,39,40,41,42,43,44,45,47,48,58,59,60,61,62,64,65,66,67,68,69,102,111,117,118,119,120,121,122,130,134,135,136,137,142,143,144,183,184,185,186,187,
59;1;293;418;0;0,1,2,3,4,5,6,7,8,9,10,11,12,13,14,15,16,17,18,19,20,21,22,23,24,25,26,27,28,29,30,31,32,33,34,35,36,37,38,39,40,41,42,43,44,45,47,48,58,59,60,61,62,64,65,66,67,68,69,102,111,117,118,119,120,121,122,130,134,135,136,137,142,143,144,183,184,185,186,187,
33;0;418;581;1;0,1,2,3,4,5,6,7,8,9,10,11,12,13,14,15,16,17,18,19,20,21,22,23,24,25,26,27,28,29,30,31,32,33,34,35,36,37,38,39,40,41,42,43,44,45,47,48,58,59,60,61,62,64,65,66,67,68,69,102,111,117,118,119,120,121,122,130,134,135,136,137,142,143,144,183,184,185,186,187,
4;0;581;756;1;0,1,2,3,4,5,6,7,8,9,10,11,12,13,14,15,16,17,18,19,20,21,22,23,24,25,26,27,28,29,30,31,32,33,34,35,36,37,38,39,40,41,42,43,44,45,47,48,58,59,60,61,62,64,65,66,67,68,69,102,111,117,118,119,120,121,122,130,134,135,136,137,142,143,144,183,184,185,186,187,
4;1;756;853;1;0,1,2,3,4,5,6,7,8,9,10,11,12,13,14,15,16,17,18,19,20,21,22,23,24,25,26,27,28,29,30,31,32,33,34,35,36,37,38,39,40,41,42,43,44,45,47,48,58,59,60,61,62,64,65,66,67,68,69,102,111,117,118,119,120,121,122,130,134,135,136,137,142,143,144,183,184,185,186,187,
26;0;853;897;0;0,1,2,3,4,5,6,7,8,9,10,11,12,13,14,15,16,17,18,19,20,21,22,23,24,25,26,27,28,29,30,31,32,33,34,35,36,37,38,39,40,41,42,43,44,45,47,48,58,59,60,61,62,64,65,66,67,68,69,102,111,117,118,119,120,121,122,130,134,135,136,137,142,143,144,183,184,185,186,187,
47;0;897;1038;1;0,1,2,3,4,5,6,7,8,9,10,11,12,13,14,15,16,17,18,19,20,21,22,23,24,25,26,27,28,29,30,31,32,33,34,35,36,37,38,39,40,41,42,43,44,45,47,48,58,59,60,61,62,64,65,66,67,68,69,102,111,117,118,119,120,121,122,130,134,135,136,137,142,143,144,183,184,185,186,187,
47;1;1038;1134;1;0,1,2,3,4,5,6,7,8,9,10,11,12,13,14,15,16,17,18,19,20,21,22,23,24,25,26,27,28,29,30,31,32,33,34,35,36,37,38,39,40,41,42,43,44,45,47,48,58,59,60,61,62,64,65,66,67,68,69,102,111,117,118,119,120,121,122,130,134,135,136,137,142,143,144,183,184,185,186,187,
142;0;1134;1156;0;0,1,2,3,4,5,6,7,8,9,10,11,12,13,14,15,16,17,18,19,20,21,22,23,24,25,26,27,28,29,30,31,32,33,34,35,36,37,38,39,40,41,42,43,44,45,47,48,58,59,60,61,62,64,65,66,67,68,69,102,111,117,118,119,120,121,122,130,134,135,136,137,142,143,144,183,184,185,186,187,
142;1;1156;1165;0;0,1,2,3,4,5,6,7,8,9,10,11,12,13,14,15,16,17,18,19,20,21,22,23,24,25,26,27,28,29,30,31,32,33,34,35,36,37,38,39,40,41,42,43,44,45,47,48,58,59,60,61,62,64,65,66,67,68,69,102,111,117,118,119,120,121,122,130,134,135,136,137,142,143,144,183,184,185,186,187,
111;0;1165;1237;1;0,1,2,3,4,5,6,7,8,9,10,11,12,13,14,15,16,17,18,19,20,21,22,23,24,25,26,27,28,29,30,31,32,33,34,35,36,37,38,39,40,41,42,43,44,45,47,48,58,59,60,61,62,64,65,66,67,68,69,102,111,117,118,119,120,121,122,130,134,135,136,137,142,143,144,183,184,185,186,187,
99;0;1237;1310;0;0,1,2,3,4,5,6,7,8,9,10,11,12,13,14,15,16,17,18,19,20,21,22,23,24,25,26,27,28,29,30,31,32,33,34,35,36,37,38,39,40,41,42,43,44,45,47,48,58,59,60,61,62,64,65,66,67,68,69,102,111,117,118,119,120,121,122,130,134,135,136,137,142,143,144,183,184,185,186,187,
99;1;1310;1355;0;0,1,2,3,4,5,6,7,8,9,10,11,12,13,14,15,16,17,18,19,20,21,22,23,24,25,26,27,28,29,30,31,32,33,34,35,36,37,38,39,40,41,42,43,44,45,47,48,58,59,60,61,62,64,65,66,67,68,69,102,111,117,118,119,120,121,122,130,134,135,136,137,142,143,144,183,184,185,186,187,
112;0;1355;1451;0;0,1,2,3,4,5,6,7,8,9,10,11,12,13,14,15,16,17,18,19,20,21,22,23,24,25,26,27,28,29,30,31,32,33,34,35,36,37,38,39,40,41,42,43,44,45,47,48,58,59,60,61,62,64,65,66,67,68,69,102,111,117,118,119,120,121,122,130,134,135,136,137,142,143,144,183,184,185,186,187,
112;1;1451;1607;0;0,1,2,3,4,5,6,7,8,9,10,11,12,13,14,15,16,17,18,19,20,21,22,23,24,25,26,27,28,29,30,31,32,33,34,35,36,37,38,39,40,41,42,43,44,45,47,48,58,59,60,61,62,64,65,66,67,68,69,102,111,117,118,119,120,121,122,130,134,135,136,137,142,143,144,183,184,185,186,187,
25;0;1607;1633;0;0,1,2,3,4,5,6,7,8,9,10,11,12,13,14,15,16,17,18,19,20,21,22,23,24,25,26,27,28,29,30,31,32,33,34,35,36,37,38,39,40,41,42,43,44,45,47,48,58,59,60,61,62,64,65,66,67,68,69,102,111,117,118,119,120,121,122,130,134,135,136,137,142,143,144,183,184,185,186,187,
87;0;1633;1661;1;0,1,2,3,4,5,6,7,8,9,10,11,12,13,14,15,16,17,18,19,20,21,22,23,24,25,26,27,28,29,30,31,32,33,34,35,36,37,38,39,40,41,42,43,44,45,47,48,58,59,60,61,62,64,65,66,67,68,69,102,111,117,118,119,120,121,122,130,134,135,136,137,142,143,144,183,184,185,186,187,
87;1;1661;1766;1;0,1,2,3,4,5,6,7,8,9,10,11,12,13,14,15,16,17,18,19,20,21,22,23,24,25,26,27,28,29,30,31,32,33,34,35,36,37,38,39,40,41,42,43,44,45,47,48,58,59,60,61,62,64,65,66,67,68,69,102,111,117,118,119,120,121,122,130,134,135,136,137,142,143,144,183,184,185,186,187,
46;0;1766;1917;0;0,1,2,3,4,5,6,7,8,9,10,11,12,13,14,15,16,17,18,19,20,21,22,23,24,25,26,27,28,29,30,31,32,33,34,35,36,37,38,39,40,41,42,43,44,45,47,48,58,59,60,61,62,64,65,66,67,68,69,102,111,117,118,119,120,121,122,130,134,135,136,137,142,143,144,183,184,185,186,187,
118;0;1917;2013;0;0,1,2,3,4,5,6,7,8,9,10,11,12,13,14,15,16,17,18,19,20,21,22,23,24,25,26,27,28,29,30,31,32,33,34,35,36,37,38,39,40,41,42,43,44,45,47,48,58,59,60,61,62,64,65,66,67,68,69,102,111,117,118,119,120,121,122,130,134,135,136,137,142,143,144,183,184,185,186,187,
90;0;2013;2054;1;0,1,2,3,4,5,6,7,8,9,10,11,12,13,14,15,16,17,18,19,20,21,22,23,24,25,26,27,28,29,30,31,32,33,34,35,36,37,38,39,40,41,42,43,44,45,47,48,58,59,60,61,62,64,65,66,67,68,69,102,111,117,118,119,120,121,122,130,134,135,136,137,142,143,144,183,184,185,186,187,
105;0;2054;2201;0;0,1,2,3,4,5,6,7,8,9,10,11,12,13,14,15,16,17,18,19,20,21,22,23,24,25,26,27,28,29,30,31,32,33,34,35,36,37,38,39,40,41,42,43,44,45,47,48,58,59,60,61,62,64,65,66,67,68,69,102,111,117,118,119,120,121,122,130,134,135,136,137,142,143,144,183,184,185,186,187,
35;0;2201;2379;0;0,1,2,3,4,5,6,7,8,9,10,11,12,13,14,15,16,17,18,19,20,21,22,23,24,25,26,27,28,29,30,31,32,33,34,35,36,37,38,39,40,41,42,43,44,45,47,48,58,59,60,61,62,64,65,66,67,68,69,102,111,117,118,119,120,121,122,130,134,135,136,137,142,143,144,183,184,185,186,187,
110;0;2379;2558;1;0,1,2,3,4,5,6,7,8,9,10,11,12,13,14,15,16,17,18,19,20,21,22,23,24,25,26,27,28,29,30,31,32,33,34,35,36,37,38,39,40,41,42,43,44,45,47,48,58,59,60,61,62,64,65,66,67,68,69,102,111,117,118,119,120,121,122,130,134,135,136,137,142,143,144,183,184,185,186,187,
19;0;2558;2715;0;0,1,2,3,4,5,6,7,8,9,10,11,12,13,14,15,16,17,18,19,20,21,22,23,24,25,26,27,28,29,30,31,32,33,34,35,36,37,38,39,40,41,42,43,44,45,47,48,58,59,60,61,62,64,65,66,67,68,69,102,111,117,118,119,120,121,122,130,134,135,136,137,142,143,144,183,184,185,186,187,
19;1;2715;2789;0;0,1,2,3,4,5,6,7,8,9,10,11,12,13,14,15,16,17,18,19,20,21,22,23,24,25,26,27,28,29,30,31,32,33,34,35,36,37,38,39,40,41,42,43,44,45,47,48,58,59,60,61,62,64,65,66,67,68,69,102,111,117,118,119,120,121,122,130,134,135,136,137,142,143,144,183,184,185,186,187,
44;0;2789;2858;1;0,1,2,3,4,5,6,7,8,9,10,11,12,13,14,15,16,17,18,19,20,21,22,23,24,25,26,27,28,29,30,31,32,33,34,35,36,37,38,39,40,41,42,43,44,45,47,48,58,59,60,61,62,64,65,66,67,68,69,102,111,117,118,119,120,121,122,130,134,135,136,137,142,143,144,183,184,185,186,187,
44;1;2858;3014;1;0,1,2,3,4,5,6,7,8,9,10,11,12,13,14,15,16,17,18,19,20,21,22,23,24,25,26,27,28,29,30,31,32,33,34,35,36,37,38,39,40,41,42,43,44,45,47,48,58,59,60,61,62,64,65,66,67,68,69,102,111,117,118,119,120,121,122,130,134,135,136,137,142,143,144,183,184,185,186,187,
57;0;3014;3034;1;0,1,2,3,4,5,6,7,8,9,10,11,12,13,14,15,16,17,18,19,20,21,22,23,24,25,26,27,28,29,30,31,32,33,34,35,36,37,38,39,40,41,42,43,44,45,47,48,58,59,60,61,62,64,65,66,67,68,69,102,111,117,118,119,120,121,122,130,134,135,136,137,142,143,144,183,184,185,186,187,
57;1;3034;3082;1;0,1,2,3,4,5,6,7,8,9,10,11,12,13,14,15,16,17,18,19,20,21,22,23,24,25,26,27,28,29,30,31,32,33,34,35,36,37,38,39,40,41,42,43,44,45,47,48,58,59,60,61,62,64,65,66,67,68,69,102,111,117,118,119,120,121,122,130,134,135,136,137,142,143,144,183,184,185,186,187,
40;0;3082;3111;1;0,1,2,3,4,5,6,7,8,9,10,11,12,13,14,15,16,17,18,19,20,21,22,23,24,25,26,27,28,29,30,31,32,33,34,35,36,37,38,39,40,41,42,43,44,45,47,48,58,59,60,61,62,64,65,66,67,68,69,102,111,117,118,119,120,121,122,130,134,135,136,137,142,143,144,183,184,185,186,187,
109;0;3111;3123;0;0,1,2,3,4,5,6,7,8,9,10,11,12,13,14,15,16,17,18,19,20,21,22,23,24,25,26,27,28,29,30,31,32,33,34,35,36,37,38,39,40,41,42,43,44,45,47,48,58,59,60,61,62,64,65,66,67,68,69,102,111,117,118,119,120,121,122,130,134,135,136,137,142,143,144,183,184,185,186,187,
109;1;3123;3288;0;0,1,2,3,4,5,6,7,8,9,10,11,12,13,14,15,16,17,18,19,20,21,22,23,24,25,26,27,28,29,30,31,32,33,34,35,36,37,38,39,40,41,42,43,44,45,47,48,58,59,60,61,62,64,65,66,67,68,69,102,111,117,118,119,120,121,122,130,134,135,136,137,142,143,144,183,184,185,186,187,
86;0;3288;3325;0;0,1,2,3,4,5,6,7,8,9,10,11,12,13,14,15,16,17,18,19,20,21,22,23,24,25,26,27,28,29,30,31,32,33,34,35,36,37,38,39,40,41,42,43,44,45,47,48,58,59,60,61,62,64,65,66,67,68,69,102,111,117,118,119,120,121,122,130,134,135,136,137,142,143,144,183,184,185,186,187,
Machine: 1
84;0;0;11;1;0,1,2,3,4,5,6,7,8,9,10,11,12,13,14,15,16,17,18,19,20,21,22,23,25,26,29,30,31,33,34,35,36,37,40,41,42,43,44,45,46,49,50,51,52,53,54,55,56,57,68,107,108,109,110,111,123,129,130,131,132,133,152,153,154,155,156,157,158,159,160,161,171,172,173,188,205,206,207,208,
84;1;11;87;1;0,1,2,3,4,5,6,7,8,9,10,11,12,13,14,15,16,17,18,19,20,21,22,23,25,26,29,30,31,33,34,35,36,37,40,41,42,43,44,45,46,49,50,51,52,53,54,55,56,57,68,107,108,109,110,111,123,129,130,131,132,133,152,153,154,155,156,157,158,159,160,161,171,172,173,188,205,206,207,208,
88;0;87;259;0;0,1,2,3,4,5,6,7,8,9,10,11,12,13,14,15,16,17,18,19,20,21,22,23,25,26,29,30,31,33,34,35,36,37,40,41,42,43,44,45,46,49,50,51,52,53,54,55,56,57,68,107,108,109,110,111,123,129,130,131,132,133,152,153,154,155,156,157,158,159,160,161,171,172,173,188,205,206,207,208,
63;0;259;339;1;0,1,2,3,4,5,6,7,8,9,10,11,12,13,14,15,16,17,18,19,20,21,22,23,25,26,29,30,31,33,34,35,36,37,40,41,42,43,44,45,46,49,50,51,52,53,54,55,56,57,68,107,108,109,110,111,123,129,130,131,132,133,152,153,154,155,156,157,158,159,160,161,171,172,173,188,205,206,207,208,
114;0;339;427;1;0,1,2,3,4,5,6,7,8,9,10,11,12,13,14,15,16,17,18,19,20,21,22,23,25,26,29,30,31,33,34,35,36,37,40,41,42,43,44,45,46,49,50,51,52,53,54,55,56,57,68,107,108,109,110,111,123,129,130,131,132,133,152,153,154,155,156,157,158,159,160,161,171,172,173,188,205,206,207,208,
114;1;427;513;1;0,1,2,3,4,5,6,7,8,9,10,11,12,13,14,15,16,17,18,19,20,21,22,23,25,26,29,30,31,33,34,35,36,37,40,41,42,43,44,45,46,49,50,51,52,53,54,55,56,57,68,107,108,109,110,111,123,129,130,131,132,133,152,153,154,155,156,157,158,159,160,161,171,172,173,188,205,206,207,208,
132;0;513;611;0;0,1,2,3,4,5,6,7,8,9,10,11,12,13,14,15,16,17,18,19,20,21,22,23,25,26,29,30,31,33,34,35,36,37,40,41,42,43,44,45,46,49,50,51,52,53,54,55,56,57,68,107,108,109,110,111,123,129,130,131,132,133,152,153,154,155,156,157,158,159,160,161,171,172,173,188,205,206,207,208,
132;1;611;729;0;0,1,2,3,4,5,6,7,8,9,10,11,12,13,14,15,16,17,18,19,20,21,22,23,25,26,29,30,31,33,34,35,36,37,40,41,42,43,44,45,46,49,50,51,52,53,54,55,56,57,68,107,108,109,110,111,123,129,130,131,132,133,152,153,154,155,156,157,158,159,160,161,171,172,173,188,205,206,207,208,
31;0;729;885;1;0,1,2,3,4,5,6,7,8,9,10,11,12,13,14,15,16,17,18,19,20,21,22,23,25,26,29,30,31,33,34,35,36,37,40,41,42,43,44,45,46,49,50,51,52,53,54,55,56,57,68,107,108,109,110,111,123,129,130,131,132,133,152,153,154,155,156,157,158,159,160,161,171,172,173,188,205,206,207,208,
28;0;885;1060;0;0,1,2,3,4,5,6,7,8,9,10,11,12,13,14,15,16,17,18,19,20,21,22,23,25,26,29,30,31,33,34,35,36,37,40,41,42,43,44,45,46,49,50,51,52,53,54,55,56,57,68,107,108,109,110,111,123,129,130,131,132,133,152,153,154,155,156,157,158,159,160,161,171,172,173,188,205,206,207,208,
144;0;1060;1092;1;0,1,2,3,4,5,6,7,8,9,10,11,12,13,14,15,16,17,18,19,20,21,22,23,25,26,29,30,31,33,34,35,36,37,40,41,42,43,44,45,46,49,50,51,52,53,54,55,56,57,68,107,108,109,110,111,123,129,130,131,132,133,152,153,154,155,156,157,158,159,160,161,171,172,173,188,205,206,207,208,
144;1;1092;1201;1;0,1,2,3,4,5,6,7,8,9,10,11,12,13,14,15,16,17,18,19,20,21,22,23,25,26,29,30,31,33,34,35,36,37,40,41,42,43,44,45,46,49,50,51,52,53,54,55,56,57,68,107,108,109,110,111,123,129,130,131,132,133,152,153,154,155,156,157,158,159,160,161,171,172,173,188,205,206,207,208,
52;0;1201;1282;0;0,1,2,3,4,5,6,7,8,9,10,11,12,13,14,15,16,17,18,19,20,21,22,23,25,26,29,30,31,33,34,35,36,37,40,41,42,43,44,45,46,49,50,51,52,53,54,55,56,57,68,107,108,109,110,111,123,129,130,131,132,133,152,153,154,155,156,157,158,159,160,161,171,172,173,188,205,206,207,208,
52;1;1282;1318;0;0,1,2,3,4,5,6,7,8,9,10,11,12,13,14,15,16,17,18,19,20,21,22,23,25,26,29,30,31,33,34,35,36,37,40,41,42,43,44,45,46,49,50,51,52,53,54,55,56,57,68,107,108,109,110,111,123,129,130,131,132,133,152,153,154,155,156,157,158,159,160,161,171,172,173,188,205,206,207,208,
75;0;1318;1378;0;0,1,2,3,4,5,6,7,8,9,10,11,12,13,14,15,16,17,18,19,20,21,22,23,25,26,29,30,31,33,34,35,36,37,40,41,42,43,44,45,46,49,50,51,52,53,54,55,56,57,68,107,108,109,110,111,123,129,130,131,132,133,152,153,154,155,156,157,158,159,160,161,171,172,173,188,205,206,207,208,
82;0;1378;1521;0;0,1,2,3,4,5,6,7,8,9,10,11,12,13,14,15,16,17,18,19,20,21,22,23,25,26,29,30,31,33,34,35,36,37,40,41,42,43,44,45,46,49,50,51,52,53,54,55,56,57,68,107,108,109,110,111,123,129,130,131,132,133,152,153,154,155,156,157,158,159,160,161,171,172,173,188,205,206,207,208,
82;1;1521;1536;0;0,1,2,3,4,5,6,7,8,9,10,11,12,13,14,15,16,17,18,19,20,21,22,23,25,26,29,30,31,33,34,35,36,37,40,41,42,43,44,45,46,49,50,51,52,53,54,55,56,57,68,107,108,109,110,111,123,129,130,131,132,133,152,153,154,155,156,157,158,159,160,161,171,172,173,188,205,206,207,208,
141;0;1536;1617;1;0,1,2,3,4,5,6,7,8,9,10,11,12,13,14,15,16,17,18,19,20,21,22,23,25,26,29,30,31,33,34,35,36,37,40,41,42,43,44,45,46,49,50,51,52,53,54,55,56,57,68,107,108,109,110,111,123,129,130,131,132,133,152,153,154,155,156,157,158,159,160,161,171,172,173,188,205,206,207,208,
21;0;1617;1651;1;0,1,2,3,4,5,6,7,8,9,10,11,12,13,14,15,16,17,18,19,20,21,22,23,25,26,29,30,31,33,34,35,36,37,40,41,42,43,44,45,46,49,50,51,52,53,54,55,56,57,68,107,108,109,110,111,123,129,130,131,132,133,152,153,154,155,156,157,158,159,160,161,171,172,173,188,205,206,207,208,
15;0;1651;1675;0;0,1,2,3,4,5,6,7,8,9,10,11,12,13,14,15,16,17,18,19,20,21,22,23,25,26,29,30,31,33,34,35,36,37,40,41,42,43,44,45,46,49,50,51,52,53,54,55,56,57,68,107,108,109,110,111,123,129,130,131,132,133,152,153,154,155,156,157,158,159,160,161,171,172,173,188,205,206,207,208,
131;0;1675;1683;1;0,1,2,3,4,5,6,7,8,9,10,11,12,13,14,15,16,17,18,19,20,21,22,23,25,26,29,30,31,33,34,35,36,37,40,41,42,43,44,45,46,49,50,51,52,53,54,55,56,57,68,107,108,109,110,111,123,129,130,131,132,133,152,153,154,155,156,157,158,159,160,161,171,172,173,188,205,206,207,208,
97;0;1683;1688;1;0,1,2,3,4,5,6,7,8,9,10,11,12,13,14,15,16,17,18,19,20,21,22,23,25,26,29,30,31,33,34,35,36,37,40,41,42,43,44,45,46,49,50,51,52,53,54,55,56,57,68,107,108,109,110,111,123,129,130,131,132,133,152,153,154,155,156,157,158,159,160,161,171,172,173,188,205,206,207,208,
97;1;1688;1852;1;0,1,2,3,4,5,6,7,8,9,10,11,12,13,14,15,16,17,18,19,20,21,22,23,25,26,29,30,31,33,34,35,36,37,40,41,42,43,44,45,46,49,50,51,52,53,54,55,56,57,68,107,108,109,110,111,123,129,130,131,132,133,152,153,154,155,156,157,158,159,160,161,171,172,173,188,205,206,207,208,
135;0;1852;1977;0;0,1,2,3,4,5,6,7,8,9,10,11,12,13,14,15,16,17,18,19,20,21,22,23,25,26,29,30,31,33,34,35,36,37,40,41,42,43,44,45,46,49,50,51,52,53,54,55,56,57,68,107,108,109,110,111,123,129,130,131,132,133,152,153,154,155,156,157,158,159,160,161,171,172,173,188,205,206,207,208,
79;0;1977;2046;0;0,1,2,3,4,5,6,7,8,9,10,11,12,13,14,15,16,17,18,19,20,21,22,23,25,26,29,30,31,33,34,35,36,37,40,41,42,43,44,45,46,49,50,51,52,53,54,55,56,57,68,107,108,109,110,111,123,129,130,131,132,133,152,153,154,155,156,157,158,159,160,161,171,172,173,188,205,206,207,208,
79;1;2046;2183;0;0,1,2,3,4,5,6,7,8,9,10,11,12,13,14,15,16,17,18,19,20,21,22,23,25,26,29,30,31,33,34,35,36,37,40,41,42,43,44,45,46,49,50,51,52,53,54,55,56,57,68,107,108,109,110,111,123,129,130,131,132,133,152,153,154,155,156,157,158,159,160,161,171,172,173,188,205,206,207,208,
0;0;2183;2327;1;0,1,2,3,4,5,6,7,8,9,10,11,12,13,14,15,16,17,18,19,20,21,22,23,25,26,29,30,31,33,34,35,36,37,40,41,42,43,44,45,46,49,50,51,52,53,54,55,56,57,68,107,108,109,110,111,123,129,130,131,132,133,152,153,154,155,156,157,158,159,160,161,171,172,173,188,205,206,207,208,
0;1;2327;2373;1;0,1,2,3,4,5,6,7,8,9,10,11,12,13,14,15,16,17,18,19,20,21,22,23,25,26,29,30,31,33,34,35,36,37,40,41,42,43,44,45,46,49,50,51,52,53,54,55,56,57,68,107,108,109,110,111,123,129,130,131,132,133,152,153,154,155,156,157,158,159,160,161,171,172,173,188,205,206,207,208,
78;0;2373;2460;0;0,1,2,3,4,5,6,7,8,9,10,11,12,13,14,15,16,17,18,19,20,21,22,23,25,26,29,30,31,33,34,35,36,37,40,41,42,43,44,45,46,49,50,51,52,53,54,55,56,57,68,107,108,109,110,111,123,129,130,131,132,133,152,153,154,155,156,157,158,159,160,161,171,172,173,188,205,206,207,208,
18;0;2460;2465;0;0,1,2,3,4,5,6,7,8,9,10,11,12,13,14,15,16,17,18,19,20,21,22,23,25,26,29,30,31,33,34,35,36,37,40,41,42,43,44,45,46,49,50,51,52,53,54,55,56,57,68,107,108,109,110,111,123,129,130,131,132,133,152,153,154,155,156,157,158,159,160,161,171,172,173,188,205,206,207,208,
1;0;2465;2612;0;0,1,2,3,4,5,6,7,8,9,10,11,12,13,14,15,16,17,18,19,20,21,22,23,25,26,29,30,31,33,34,35,36,37,40,41,42,43,44,45,46,49,50,51,52,53,54,55,56,57,68,107,108,109,110,111,123,129,130,131,132,133,152,153,154,155,156,157,158,159,160,161,171,172,173,188,205,206,207,208,
65;0;2612;2786;0;0,1,2,3,4,5,6,7,8,9,10,11,12,13,14,15,16,17,18,19,20,21,22,23,25,26,29,30,31,33,34,35,36,37,40,41,42,43,44,45,46,49,50,51,52,53,54,55,56,57,68,107,108,109,110,111,123,129,130,131,132,133,152,153,154,155,156,157,158,159,160,161,171,172,173,188,205,206,207,208,
145;0;2786;2884;0;0,1,2,3,4,5,6,7,8,9,10,11,12,13,14,15,16,17,18,19,20,21,22,23,25,26,29,30,31,33,34,35,36,37,40,41,42,43,44,45,46,49,50,51,52,53,54,55,56,57,68,107,108,109,110,111,123,129,130,131,132,133,152,153,154,155,156,157,158,159,160,161,171,172,173,188,205,206,207,208,
13;0;2884;2935;1;0,1,2,3,4,5,6,7,8,9,10,11,12,13,14,15,16,17,18,19,20,21,22,23,25,26,29,30,31,33,34,35,36,37,40,41,42,43,44,45,46,49,50,51,52,53,54,55,56,57,68,107,108,109,110,111,123,129,130,131,132,133,152,153,154,155,156,157,158,159,160,161,171,172,173,188,205,206,207,208,
Machine: 2
123;0;0;48;1;0,1,2,3,4,5,6,7,8,9,10,11,12,13,14,15,16,17,18,19,20,21,22,23,24,25,26,27,28,29,30,31,32,33,34,35,36,37,38,39,40,41,42,43,44,47,49,50,64,65,107,108,109,118,119,120,121,122,123,124,125,126,138,139,140,141,146,171,172,174,175,190,191,192,193,194,195,196,197,198,
76;0;48;58;0;0,1,2,3,4,5,6,7,8,9,10,11,12,13,14,15,16,17,18,19,20,21,22,23,24,25,26,27,28,29,30,31,32,33,34,35,36,37,38,39,40,41,42,43,44,47,49,50,64,65,107,108,109,118,119,120,121,122,123,124,125,126,138,139,140,141,146,171,172,174,175,190,191,192,193,194,195,196,197,198,
53;0;58;76;1;0,1,2,3,4,5,6,7,8,9,10,11,12,13,14,15,16,17,18,19,20,21,22,23,24,25,26,27,28,29,30,31,32,33,34,35,36,37,38,39,40,41,42,43,44,47,49,50,64,65,107,108,109,118,119,120,121,122,123,124,125,126,138,139,140,141,146,171,172,174,175,190,191,192,193,194,195,196,197,198,
91;0;76;249;1;0,1,2,3,4,5,6,7,8,9,10,11,12,13,14,15,16,17,18,19,20,21,22,23,24,25,26,27,28,29,30,31,32,33,34,35,36,37,38,39,40,41,42,43,44,47,49,50,64,65,107,108,109,118,119,120,121,122,123,124,125,126,138,139,140,141,146,171,172,174,175,190,191,192,193,194,195,196,197,198,
146;0;249;300;0;0,1,2,3,4,5,6,7,8,9,10,11,12,13,14,15,16,17,18,19,20,21,22,23,24,25,26,27,28,29,30,31,32,33,34,35,36,37,38,39,40,41,42,43,44,47,49,50,64,65,107,108,109,118,119,120,121,122,123,124,125,126,138,139,140,141,146,171,172,174,175,190,191,192,193,194,195,196,197,198,
58;0;300;426;0;0,1,2,3,4,5,6,7,8,9,10,11,12,13,14,15,16,17,18,19,20,21,22,23,24,25,26,27,28,29,30,31,32,33,34,35,36,37,38,39,40,41,42,43,44,47,49,50,64,65,107,108,109,118,119,120,121,122,123,124,125,126,138,139,140,141,146,171,172,174,175,190,191,192,193,194,195,196,197,198,
14;0;426;576;1;0,1,2,3,4,5,6,7,8,9,10,11,12,13,14,15,16,17,18,19,20,21,22,23,24,25,26,27,28,29,30,31,32,33,34,35,36,37,38,39,40,41,42,43,44,47,49,50,64,65,107,108,109,118,119,120,121,122,123,124,125,126,138,139,140,141,146,171,172,174,175,190,191,192,193,194,195,196,197,198,
14;1;576;666;1;0,1,2,3,4,5,6,7,8,9,10,11,12,13,14,15,16,17,18,19,20,21,22,23,24,25,26,27,28,29,30,31,32,33,34,35,36,37,38,39,40,41,42,43,44,47,49,50,64,65,107,108,109,118,119,120,121,122,123,124,125,126,138,139,140,141,146,171,172,174,175,190,191,192,193,194,195,196,197,198,
7;0;666;705;1;0,1,2,3,4,5,6,7,8,9,10,11,12,13,14,15,16,17,18,19,20,21,22,23,24,25,26,27,28,29,30,31,32,33,34,35,36,37,38,39,40,41,42,43,44,47,49,50,64,65,107,108,109,118,119,120,121,122,123,124,125,126,138,139,140,141,146,171,172,174,175,190,191,192,193,194,195,196,197,198,
7;1;705;879;1;0,1,2,3,4,5,6,7,8,9,10,11,12,13,14,15,16,17,18,19,20,21,22,23,24,25,26,27,28,29,30,31,32,33,34,35,36,37,38,39,40,41,42,43,44,47,49,50,64,65,107,108,109,118,119,120,121,122,123,124,125,126,138,139,140,141,146,171,172,174,175,190,191,192,193,194,195,196,197,198,
69;0;879;1049;0;0,1,2,3,4,5,6,7,8,9,10,11,12,13,14,15,16,17,18,19,20,21,22,23,24,25,26,27,28,29,30,31,32,33,34,35,36,37,38,39,40,41,42,43,44,47,49,50,64,65,107,108,109,118,119,120,121,122,123,124,125,126,138,139,140,141,146,171,172,174,175,190,191,192,193,194,195,196,197,198,
69;1;1049;1218;0;0,1,2,3,4,5,6,7,8,9,10,11,12,13,14,15,16,17,18,19,20,21,22,23,24,25,26,27,28,29,30,31,32,33,34,35,36,37,38,39,40,41,42,43,44,47,49,50,64,65,107,108,109,118,119,120,121,122,123,124,125,126,138,139,140,141,146,171,172,174,175,190,191,192,193,194,195,196,197,198,
134;0;1218;1280;1;0,1,2,3,4,5,6,7,8,9,10,11,12,13,14,15,16,17,18,19,20,21,22,23,24,25,26,27,28,29,30,31,32,33,34,35,36,37,38,39,40,41,42,43,44,47,49,50,64,65,107,108,109,118,119,120,121,122,123,124,125,126,138,139,140,141,146,171,172,174,175,190,191,192,193,194,195,196,197,198,
134;1;1280;1391;1;0,1,2,3,4,5,6,7,8,9,10,11,12,13,14,15,16,17,18,19,20,21,22,23,24,25,26,27,28,29,30,31,32,33,34,35,36,37,38,39,40,41,42,43,44,47,49,50,64,65,107,108,109,118,119,120,121,122,123,124,125,126,138,139,140,141,146,171,172,174,175,190,191,192,193,194,195,196,197,198,
117;0;1391;1446;1;0,1,2,3,4,5,6,7,8,9,10,11,12,13,14,15,16,17,18,19,20,21,22,23,24,25,26,27,28,29,30,31,32,33,34,35,36,37,38,39,40,41,42,43,44,47,49,50,64,65,107,108,109,118,119,120,121,122,123,124,125,126,138,139,140,141,146,171,172,174,175,190,191,192,193,194,195,196,197,198,
117;1;1446;1581;1;0,1,2,3,4,5,6,7,8,9,10,11,12,13,14,15,16,17,18,19,20,21,22,23,24,25,26,27,28,29,30,31,32,33,34,35,36,37,38,39,40,41,42,43,44,47,49,50,64,65,107,108,109,118,119,120,121,122,123,124,125,126,138,139,140,141,146,171,172,174,175,190,191,192,193,194,195,196,197,198,
101;0;1581;1684;1;0,1,2,3,4,5,6,7,8,9,10,11,12,13,14,15,16,17,18,19,20,21,22,23,24,25,26,27,28,29,30,31,32,33,34,35,36,37,38,39,40,41,42,43,44,47,49,50,64,65,107,108,109,118,119,120,121,122,123,124,125,126,138,139,140,141,146,171,172,174,175,190,191,192,193,194,195,196,197,198,
121;0;1684;1849;1;0,1,2,3,4,5,6,7,8,9,10,11,12,13,14,15,16,17,18,19,20,21,22,23,24,25,26,27,28,29,30,31,32,33,34,35,36,37,38,39,40,41,42,43,44,47,49,50,64,65,107,108,109,118,119,120,121,122,123,124,125,126,138,139,140,141,146,171,172,174,175,190,191,192,193,194,195,196,197,198,
100;0;1849;1968;1;0,1,2,3,4,5,6,7,8,9,10,11,12,13,14,15,16,17,18,19,20,21,22,23,24,25,26,27,28,29,30,31,32,33,34,35,36,37,38,39,40,41,42,43,44,47,49,50,64,65,107,108,109,118,119,120,121,122,123,124,125,126,138,139,140,141,146,171,172,174,175,190,191,192,193,194,195,196,197,198,
39;0;1968;2015;0;0,1,2,3,4,5,6,7,8,9,10,11,12,13,14,15,16,17,18,19,20,21,22,23,24,25,26,27,28,29,30,31,32,33,34,35,36,37,38,39,40,41,42,43,44,47,49,50,64,65,107,108,109,118,119,120,121,122,123,124,125,126,138,139,140,141,146,171,172,174,175,190,191,192,193,194,195,196,197,198,
39;1;2015;2135;0;0,1,2,3,4,5,6,7,8,9,10,11,12,13,14,15,16,17,18,19,20,21,22,23,24,25,26,27,28,29,30,31,32,33,34,35,36,37,38,39,40,41,42,43,44,47,49,50,64,65,107,108,109,118,119,120,121,122,123,124,125,126,138,139,140,141,146,171,172,174,175,190,191,192,193,194,195,196,197,198,
5;0;2135;2164;0;0,1,2,3,4,5,6,7,8,9,10,11,12,13,14,15,16,17,18,19,20,21,22,23,24,25,26,27,28,29,30,31,32,33,34,35,36,37,38,39,40,41,42,43,44,47,49,50,64,65,107,108,109,118,119,120,121,122,123,124,125,126,138,139,140,141,146,171,172,174,175,190,191,192,193,194,195,196,197,198,
66;0;2164;2290;0;0,1,2,3,4,5,6,7,8,9,10,11,12,13,14,15,16,17,18,19,20,21,22,23,24,25,26,27,28,29,30,31,32,33,34,35,36,37,38,39,40,41,42,43,44,47,49,50,64,65,107,108,109,118,119,120,121,122,123,124,125,126,138,139,140,141,146,171,172,174,175,190,191,192,193,194,195,196,197,198,
81;0;2290;2391;1;0,1,2,3,4,5,6,7,8,9,10,11,12,13,14,15,16,17,18,19,20,21,22,23,24,25,26,27,28,29,30,31,32,33,34,35,36,37,38,39,40,41,42,43,44,47,49,50,64,65,107,108,109,118,119,120,121,122,123,124,125,126,138,139,140,141,146,171,172,174,175,190,191,192,193,194,195,196,197,198,
27;0;2391;2530;1;0,1,2,3,4,5,6,7,8,9,10,11,12,13,14,15,16,17,18,19,20,21,22,23,24,25,26,27,28,29,30,31,32,33,34,35,36,37,38,39,40,41,42,43,44,47,49,50,64,65,107,108,109,118,119,120,121,122,123,124,125,126,138,139,140,141,146,171,172,174,175,190,191,192,193,194,195,196,197,198,
27;1;2530;2560;1;0,1,2,3,4,5,6,7,8,9,10,11,12,13,14,15,16,17,18,19,20,21,22,23,24,25,26,27,28,29,30,31,32,33,34,35,36,37,38,39,40,41,42,43,44,47,49,50,64,65,107,108,109,118,119,120,121,122,123,124,125,126,138,139,140,141,146,171,172,174,175,190,191,192,193,194,195,196,197,198,
10;0;2560;2663;1;0,1,2,3,4,5,6,7,8,9,10,11,12,13,14,15,16,17,18,19,20,21,22,23,24,25,26,27,28,29,30,31,32,33,34,35,36,37,38,39,40,41,42,43,44,47,49,50,64,65,107,108,109,118,119,120,121,122,123,124,125,126,138,139,140,141,146,171,172,174,175,190,191,192,193,194,195,196,197,198,
116;0;2663;2705;0;0,1,2,3,4,5,6,7,8,9,10,11,12,13,14,15,16,17,18,19,20,21,22,23,24,25,26,27,28,29,30,31,32,33,34,35,36,37,38,39,40,41,42,43,44,47,49,50,64,65,107,108,109,118,119,120,121,122,123,124,125,126,138,139,140,141,146,171,172,174,175,190,191,192,193,194,195,196,197,198,
89;0;2705;2754;0;0,1,2,3,4,5,6,7,8,9,10,11,12,13,14,15,16,17,18,19,20,21,22,23,24,25,26,27,28,29,30,31,32,33,34,35,36,37,38,39,40,41,42,43,44,47,49,50,64,65,107,108,109,118,119,120,121,122,123,124,125,126,138,139,140,141,146,171,172,174,175,190,191,192,193,194,195,196,197,198,
89;1;2754;2932;0;0,1,2,3,4,5,6,7,8,9,10,11,12,13,14,15,16,17,18,19,20,21,22,23,24,25,26,27,28,29,30,31,32,33,34,35,36,37,38,39,40,41,42,43,44,47,49,50,64,65,107,108,109,118,119,120,121,122,123,124,125,126,138,139,140,141,146,171,172,174,175,190,191,192,193,194,195,196,197,198,
3;0;2932;2981;1;0,1,2,3,4,5,6,7,8,9,10,11,12,13,14,15,16,17,18,19,20,21,22,23,24,25,26,27,28,29,30,31,32,33,34,35,36,37,38,39,40,41,42,43,44,47,49,50,64,65,107,108,109,118,119,120,121,122,123,124,125,126,138,139,140,141,146,171,172,174,175,190,191,192,193,194,195,196,197,198,
2;0;2981;3036;0;0,1,2,3,4,5,6,7,8,9,10,11,12,13,14,15,16,17,18,19,20,21,22,23,24,25,26,27,28,29,30,31,32,33,34,35,36,37,38,39,40,41,42,43,44,47,49,50,64,65,107,108,109,118,119,120,121,122,123,124,125,126,138,139,140,141,146,171,172,174,175,190,191,192,193,194,195,196,197,198,
2;1;3036;3083;0;0,1,2,3,4,5,6,7,8,9,10,11,12,13,14,15,16,17,18,19,20,21,22,23,24,25,26,27,28,29,30,31,32,33,34,35,36,37,38,39,40,41,42,43,44,47,49,50,64,65,107,108,109,118,119,120,121,122,123,124,125,126,138,139,140,141,146,171,172,174,175,190,191,192,193,194,195,196,197,198,
64;0;3083;3180;1;0,1,2,3,4,5,6,7,8,9,10,11,12,13,14,15,16,17,18,19,20,21,22,23,24,25,26,27,28,29,30,31,32,33,34,35,36,37,38,39,40,41,42,43,44,47,49,50,64,65,107,108,109,118,119,120,121,122,123,124,125,126,138,139,140,141,146,171,172,174,175,190,191,192,193,194,195,196,197,198,
64;1;3180;3350;1;0,1,2,3,4,5,6,7,8,9,10,11,12,13,14,15,16,17,18,19,20,21,22,23,24,25,26,27,28,29,30,31,32,33,34,35,36,37,38,39,40,41,42,43,44,47,49,50,64,65,107,108,109,118,119,120,121,122,123,124,125,126,138,139,140,141,146,171,172,174,175,190,191,192,193,194,195,196,197,198,
Machine: 3
104;0;0;163;1;0,1,2,3,4,5,6,7,8,9,10,11,12,13,14,15,16,17,18,20,21,22,25,26,27,28,29,30,31,33,34,35,36,37,38,39,40,41,49,50,51,52,53,63,64,65,66,74,77,102,103,104,105,106,117,118,119,120,121,127,128,129,130,131,132,133,142,162,163,164,165,166,167,168,169,170,180,181,182,204,
104;1;163;304;1;0,1,2,3,4,5,6,7,8,9,10,11,12,13,14,15,16,17,18,20,21,22,25,26,27,28,29,30,31,33,34,35,36,37,38,39,40,41,49,50,51,52,53,63,64,65,66,74,77,102,103,104,105,106,117,118,119,120,121,127,128,129,130,131,132,133,142,162,163,164,165,166,167,168,169,170,180,181,182,204,
126;0;304;433;0;0,1,2,3,4,5,6,7,8,9,10,11,12,13,14,15,16,17,18,20,21,22,25,26,27,28,29,30,31,33,34,35,36,37,38,39,40,41,49,50,51,52,53,63,64,65,66,74,77,102,103,104,105,106,117,118,119,120,121,127,128,129,130,131,132,133,142,162,163,164,165,166,167,168,169,170,180,181,182,204,
17;0;433;612;1;0,1,2,3,4,5,6,7,8,9,10,11,12,13,14,15,16,17,18,20,21,22,25,26,27,28,29,30,31,33,34,35,36,37,38,39,40,41,49,50,51,52,53,63,64,65,66,74,77,102,103,104,105,106,117,118,119,120,121,127,128,129,130,131,132,133,142,162,163,164,165,166,167,168,169,170,180,181,182,204,
17;1;612;646;1;0,1,2,3,4,5,6,7,8,9,10,11,12,13,14,15,16,17,18,20,21,22,25,26,27,28,29,30,31,33,34,35,36,37,38,39,40,41,49,50,51,52,53,63,64,65,66,74,77,102,103,104,105,106,117,118,119,120,121,127,128,129,130,131,132,133,142,162,163,164,165,166,167,168,169,170,180,181,182,204,
124;0;646;690;1;0,1,2,3,4,5,6,7,8,9,10,11,12,13,14,15,16,17,18,20,21,22,25,26,27,28,29,30,31,33,34,35,36,37,38,39,40,41,49,50,51,52,53,63,64,65,66,74,77,102,103,104,105,106,117,118,119,120,121,127,128,129,130,131,132,133,142,162,163,164,165,166,167,168,169,170,180,181,182,204,
124;1;690;734;1;0,1,2,3,4,5,6,7,8,9,10,11,12,13,14,15,16,17,18,20,21,22,25,26,27,28,29,30,31,33,34,35,36,37,38,39,40,41,49,50,51,52,53,63,64,65,66,74,77,102,103,104,105,106,117,118,119,120,121,127,128,129,130,131,132,133,142,162,163,164,165,166,167,168,169,170,180,181,182,204,
85;0;734;865;0;0,1,2,3,4,5,6,7,8,9,10,11,12,13,14,15,16,17,18,20,21,22,25,26,27,28,29,30,31,33,34,35,36,37,38,39,40,41,49,50,51,52,53,63,64,65,66,74,77,102,103,104,105,106,117,118,119,120,121,127,128,129,130,131,132,133,142,162,163,164,165,166,167,168,169,170,180,181,182,204,
136;0;865;938;0;0,1,2,3,4,5,6,7,8,9,10,11,12,13,14,15,16,17,18,20,21,22,25,26,27,28,29,30,31,33,34,35,36,37,38,39,40,41,49,50,51,52,53,63,64,65,66,74,77,102,103,104,105,106,117,118,119,120,121,127,128,129,130,131,132,133,142,162,163,164,165,166,167,168,169,170,180,181,182,204,
12;0;938;983;0;0,1,2,3,4,5,6,7,8,9,10,11,12,13,14,15,16,17,18,20,21,22,25,26,27,28,29,30,31,33,34,35,36,37,38,39,40,41,49,50,51,52,53,63,64,65,66,74,77,102,103,104,105,106,117,118,119,120,121,127,128,129,130,131,132,133,142,162,163,164,165,166,167,168,169,170,180,181,182,204,
12;1;983;1036;0;0,1,2,3,4,5,6,7,8,9,10,11,12,13,14,15,16,17,18,20,21,22,25,26,27,28,29,30,31,33,34,35,36,37,38,39,40,41,49,50,51,52,53,63,64,65,66,74,77,102,103,104,105,106,117,118,119,120,121,127,128,129,130,131,132,133,142,162,163,164,165,166,167,168,169,170,180,181,182,204,
128;0;1036;1122;0;0,1,2,3,4,5,6,7,8,9,10,11,12,13,14,15,16,17,18,20,21,22,25,26,27,28,29,30,31,33,34,35,36,37,38,39,40,41,49,50,51,52,53,63,64,65,66,74,77,102,103,104,105,106,117,118,119,120,121,127,128,129,130,131,132,133,142,162,163,164,165,166,167,168,169,170,180,181,182,204,
70;0;1122;1198;1;0,1,2,3,4,5,6,7,8,9,10,11,12,13,14,15,16,17,18,20,21,22,25,26,27,28,29,30,31,33,34,35,36,37,38,39,40,41,49,50,51,52,53,63,64,65,66,74,77,102,103,104,105,106,117,118,119,120,121,127,128,129,130,131,132,133,142,162,163,164,165,166,167,168,169,170,180,181,182,204,
38;0;1198;1276;0;0,1,2,3,4,5,6,7,8,9,10,11,12,13,14,15,16,17,18,20,21,22,25,26,27,28,29,30,31,33,34,35,36,37,38,39,40,41,49,50,51,52,53,63,64,65,66,74,77,102,103,104,105,106,117,118,119,120,121,127,128,129,130,131,132,133,142,162,163,164,165,166,167,168,169,170,180,181,182,204,
24;0;1276;1420;1;0,1,2,3,4,5,6,7,8,9,10,11,12,13,14,15,16,17,18,20,21,22,25,26,27,28,29,30,31,33,34,35,36,37,38,39,40,41,49,50,51,52,53,63,64,65,66,74,77,102,103,104,105,106,117,118,119,120,121,127,128,129,130,131,132,133,142,162,163,164,165,166,167,168,169,170,180,181,182,204,
24;1;1420;1488;1;0,1,2,3,4,5,6,7,8,9,10,11,12,13,14,15,16,17,18,20,21,22,25,26,27,28,29,30,31,33,34,35,36,37,38,39,40,41,49,50,51,52,53,63,64,65,66,74,77,102,103,104,105,106,117,118,119,120,121,127,128,129,130,131,132,133,142,162,163,164,165,166,167,168,169,170,180,181,182,204,
9;0;1488;1625;0;0,1,2,3,4,5,6,7,8,9,10,11,12,13,14,15,16,17,18,20,21,22,25,26,27,28,29,30,31,33,34,35,36,37,38,39,40,41,49,50,51,52,53,63,64,65,66,74,77,102,103,104,105,106,117,118,119,120,121,127,128,129,130,131,132,133,142,162,163,164,165,166,167,168,169,170,180,181,182,204,
9;1;1625;1685;0;0,1,2,3,4,5,6,7,8,9,10,11,12,13,14,15,16,17,18,20,21,22,25,26,27,28,29,30,31,33,34,35,36,37,38,39,40,41,49,50,51,52,53,63,64,65,66,74,77,102,103,104,105,106,117,118,119,120,121,127,128,129,130,131,132,133,142,162,163,164,165,166,167,168,169,170,180,181,182,204,
83;0;1685;1760;1;0,1,2,3,4,5,6,7,8,9,10,11,12,13,14,15,16,17,18,20,21,22,25,26,27,28,29,30,31,33,34,35,36,37,38,39,40,41,49,50,51,52,53,63,64,65,66,74,77,102,103,104,105,106,117,118,119,120,121,127,128,129,130,131,132,133,142,162,163,164,165,166,167,168,169,170,180,181,182,204,
51;0;1760;1906;1;0,1,2,3,4,5,6,7,8,9,10,11,12,13,14,15,16,17,18,20,21,22,25,26,27,28,29,30,31,33,34,35,36,37,38,39,40,41,49,50,51,52,53,63,64,65,66,74,77,102,103,104,105,106,117,118,119,120,121,127,128,129,130,131,132,133,142,162,163,164,165,166,167,168,169,170,180,181,182,204,
50;0;1906;2076;1;0,1,2,3,4,5,6,7,8,9,10,11,12,13,14,15,16,17,18,20,21,22,25,26,27,28,29,30,31,33,34,35,36,37,38,39,40,41,49,50,51,52,53,63,64,65,66,74,77,102,103,104,105,106,117,118,119,120,121,127,128,129,130,131,132,133,142,162,163,164,165,166,167,168,169,170,180,181,182,204,
55;0;2076;2220;0;0,1,2,3,4,5,6,7,8,9,10,11,12,13,14,15,16,17,18,20,21,22,25,26,27,28,29,30,31,33,34,35,36,37,38,39,40,41,49,50,51,52,53,63,64,65,66,74,77,102,103,104,105,106,117,118,119,120,121,127,128,129,130,131,132,133,142,162,163,164,165,166,167,168,169,170,180,181,182,204,
29;0;2220;2241;0;0,1,2,3,4,5,6,7,8,9,10,11,12,13,14,15,16,17,18,20,21,22,25,26,27,28,29,30,31,33,34,35,36,37,38,39,40,41,49,50,51,52,53,63,64,65,66,74,77,102,103,104,105,106,117,118,119,120,121,127,128,129,130,131,132,133,142,162,163,164,165,166,167,168,169,170,180,181,182,204,
29;1;2241;2401;0;0,1,2,3,4,5,6,7,8,9,10,11,12,13,14,15,16,17,18,20,21,22,25,26,27,28,29,30,31,33,34,35,36,37,38,39,40,41,49,50,51,52,53,63,64,65,66,74,77,102,103,104,105,106,117,118,119,120,121,127,128,129,130,131,132,133,142,162,163,164,165,166,167,168,169,170,180,181,182,204,
68;0;2401;2560;0;0,1,2,3,4,5,6,7,8,9,10,11,12,13,14,15,16,17,18,20,21,22,25,26,27,28,29,30,31,33,34,35,36,37,38,39,40,41,49,50,51,52,53,63,64,65,66,74,77,102,103,104,105,106,117,118,119,120,121,127,128,129,130,131,132,133,142,162,163,164,165,166,167,168,169,170,180,181,182,204,
107;0;2560;2729;1;0,1,2,3,4,5,6,7,8,9,10,11,12,13,14,15,16,17,18,20,21,22,25,26,27,28,29,30,31,33,34,35,36,37,38,39,40,41,49,50,51,52,53,63,64,65,66,74,77,102,103,104,105,106,117,118,119,120,121,127,128,129,130,131,132,133,142,162,163,164,165,166,167,168,169,170,180,181,182,204,
107;1;2729;2839;1;0,1,2,3,4,5,6,7,8,9,10,11,12,13,14,15,16,17,18,20,21,22,25,26,27,28,29,30,31,33,34,35,36,37,38,39,40,41,49,50,51,52,53,63,64,65,66,74,77,102,103,104,105,106,117,118,119,120,121,127,128,129,130,131,132,133,142,162,163,164,165,166,167,168,169,170,180,181,182,204,
95;0;2839;2929;0;0,1,2,3,4,5,6,7,8,9,10,11,12,13,14,15,16,17,18,20,21,22,25,26,27,28,29,30,31,33,34,35,36,37,38,39,40,41,49,50,51,52,53,63,64,65,66,74,77,102,103,104,105,106,117,118,119,120,121,127,128,129,130,131,132,133,142,162,163,164,165,166,167,168,169,170,180,181,182,204,
56;0;2929;2946;0;0,1,2,3,4,5,6,7,8,9,10,11,12,13,14,15,16,17,18,20,21,22,25,26,27,28,29,30,31,33,34,35,36,37,38,39,40,41,49,50,51,52,53,63,64,65,66,74,77,102,103,104,105,106,117,118,119,120,121,127,128,129,130,131,132,133,142,162,163,164,165,166,167,168,169,170,180,181,182,204,
32;0;2946;2995;0;0,1,2,3,4,5,6,7,8,9,10,11,12,13,14,15,16,17,18,20,21,22,25,26,27,28,29,30,31,33,34,35,36,37,38,39,40,41,49,50,51,52,53,63,64,65,66,74,77,102,103,104,105,106,117,118,119,120,121,127,128,129,130,131,132,133,142,162,163,164,165,166,167,168,169,170,180,181,182,204,
32;1;2995;3063;0;0,1,2,3,4,5,6,7,8,9,10,11,12,13,14,15,16,17,18,20,21,22,25,26,27,28,29,30,31,33,34,35,36,37,38,39,40,41,49,50,51,52,53,63,64,65,66,74,77,102,103,104,105,106,117,118,119,120,121,127,128,129,130,131,132,133,142,162,163,164,165,166,167,168,169,170,180,181,182,204,
129;0;3063;3157;0;0,1,2,3,4,5,6,7,8,9,10,11,12,13,14,15,16,17,18,20,21,22,25,26,27,28,29,30,31,33,34,35,36,37,38,39,40,41,49,50,51,52,53,63,64,65,66,74,77,102,103,104,105,106,117,118,119,120,121,127,128,129,130,131,132,133,142,162,163,164,165,166,167,168,169,170,180,181,182,204,
129;1;3157;3213;0;0,1,2,3,4,5,6,7,8,9,10,11,12,13,14,15,16,17,18,20,21,22,25,26,27,28,29,30,31,33,34,35,36,37,38,39,40,41,49,50,51,52,53,63,64,65,66,74,77,102,103,104,105,106,117,118,119,120,121,127,128,129,130,131,132,133,142,162,163,164,165,166,167,168,169,170,180,181,182,204,
108;0;3213;3327;0;0,1,2,3,4,5,6,7,8,9,10,11,12,13,14,15,16,17,18,20,21,22,25,26,27,28,29,30,31,33,34,35,36,37,38,39,40,41,49,50,51,52,53,63,64,65,66,74,77,102,103,104,105,106,117,118,119,120,121,127,128,129,130,131,132,133,142,162,163,164,165,166,167,168,169,170,180,181,182,204,
147;0;3327;3404;1;0,1,2,3,4,5,6,7,8,9,10,11,12,13,14,15,16,17,18,20,21,22,25,26,27,28,29,30,31,33,34,35,36,37,38,39,40,41,49,50,51,52,53,63,64,65,66,74,77,102,103,104,105,106,117,118,119,120,121,127,128,129,130,131,132,133,142,162,163,164,165,166,167,168,169,170,180,181,182,204,
147;1;3404;3429;1;0,1,2,3,4,5,6,7,8,9,10,11,12,13,14,15,16,17,18,20,21,22,25,26,27,28,29,30,31,33,34,35,36,37,38,39,40,41,49,50,51,52,53,63,64,65,66,74,77,102,103,104,105,106,117,118,119,120,121,127,128,129,130,131,132,133,142,162,163,164,165,166,167,168,169,170,180,181,182,204,
Machine: 4
22;0;0;83;0;0,1,2,3,4,5,6,7,8,10,11,12,13,14,15,20,21,22,23,24,25,26,29,30,31,33,34,35,36,37,40,41,47,49,63,64,65,102,103,104,105,106,112,113,114,115,116,118,119,120,121,122,129,130,131,132,133,142,145,147,148,149,150,151,176,177,178,179,181,189,199,200,201,202,203,204,205,206,207,208,
22;1;83;210;0;0,1,2,3,4,5,6,7,8,10,11,12,13,14,15,20,21,22,23,24,25,26,29,30,31,33,34,35,36,37,40,41,47,49,63,64,65,102,103,104,105,106,112,113,114,115,116,118,119,120,121,122,129,130,131,132,133,142,145,147,148,149,150,151,176,177,178,179,181,189,199,200,201,202,203,204,205,206,207,208,
115;0;210;230;0;0,1,2,3,4,5,6,7,8,10,11,12,13,14,15,20,21,22,23,24,25,26,29,30,31,33,34,35,36,37,40,41,47,49,63,64,65,102,103,104,105,106,112,113,114,115,116,118,119,120,121,122,129,130,131,132,133,142,145,147,148,149,150,151,176,177,178,179,181,189,199,200,201,202,203,204,205,206,207,208,
125;0;230;372;0;0,1,2,3,4,5,6,7,8,10,11,12,13,14,15,20,21,22,23,24,25,26,29,30,31,33,34,35,36,37,40,41,47,49,63,64,65,102,103,104,105,106,112,113,114,115,116,118,119,120,121,122,129,130,131,132,133,142,145,147,148,149,150,151,176,177,178,179,181,189,199,200,201,202,203,204,205,206,207,208,
102;0;372;540;0;0,1,2,3,4,5,6,7,8,10,11,12,13,14,15,20,21,22,23,24,25,26,29,30,31,33,34,35,36,37,40,41,47,49,63,64,65,102,103,104,105,106,112,113,114,115,116,118,119,120,121,122,129,130,131,132,133,142,145,147,148,149,150,151,176,177,178,179,181,189,199,200,201,202,203,204,205,206,207,208,
102;1;540;691;0;0,1,2,3,4,5,6,7,8,10,11,12,13,14,15,20,21,22,23,24,25,26,29,30,31,33,34,35,36,37,40,41,47,49,63,64,65,102,103,104,105,106,112,113,114,115,116,118,119,120,121,122,129,130,131,132,133,142,145,147,148,149,150,151,176,177,178,179,181,189,199,200,201,202,203,204,205,206,207,208,
143;0;691;705;1;0,1,2,3,4,5,6,7,8,10,11,12,13,14,15,20,21,22,23,24,25,26,29,30,31,33,34,35,36,37,40,41,47,49,63,64,65,102,103,104,105,106,112,113,114,115,116,118,119,120,121,122,129,130,131,132,133,142,145,147,148,149,150,151,176,177,178,179,181,189,199,200,201,202,203,204,205,206,207,208,
6;0;705;836;0;0,1,2,3,4,5,6,7,8,10,11,12,13,14,15,20,21,22,23,24,25,26,29,30,31,33,34,35,36,37,40,41,47,49,63,64,65,102,103,104,105,106,112,113,114,115,116,118,119,120,121,122,129,130,131,132,133,142,145,147,148,149,150,151,176,177,178,179,181,189,199,200,201,202,203,204,205,206,207,208,
106;0;836;916;0;0,1,2,3,4,5,6,7,8,10,11,12,13,14,15,20,21,22,23,24,25,26,29,30,31,33,34,35,36,37,40,41,47,49,63,64,65,102,103,104,105,106,112,113,114,115,116,118,119,120,121,122,129,130,131,132,133,142,145,147,148,149,150,151,176,177,178,179,181,189,199,200,201,202,203,204,205,206,207,208,
74;0;916;1031;1;0,1,2,3,4,5,6,7,8,10,11,12,13,14,15,20,21,22,23,24,25,26,29,30,31,33,34,35,36,37,40,41,47,49,63,64,65,102,103,104,105,106,112,113,114,115,116,118,119,120,121,122,129,130,131,132,133,142,145,147,148,149,150,151,176,177,178,179,181,189,199,200,201,202,203,204,205,206,207,208,
74;1;1031;1209;1;0,1,2,3,4,5,6,7,8,10,11,12,13,14,15,20,21,22,23,24,25,26,29,30,31,33,34,35,36,37,40,41,47,49,63,64,65,102,103,104,105,106,112,113,114,115,116,118,119,120,121,122,129,130,131,132,133,142,145,147,148,149,150,151,176,177,178,179,181,189,199,200,201,202,203,204,205,206,207,208,
43;0;1209;1285;1;0,1,2,3,4,5,6,7,8,10,11,12,13,14,15,20,21,22,23,24,25,26,29,30,31,33,34,35,36,37,40,41,47,49,63,64,65,102,103,104,105,106,112,113,114,115,116,118,119,120,121,122,129,130,131,132,133,142,145,147,148,149,150,151,176,177,178,179,181,189,199,200,201,202,203,204,205,206,207,208,
72;0;1285;1319;0;0,1,2,3,4,5,6,7,8,10,11,12,13,14,15,20,21,22,23,24,25,26,29,30,31,33,34,35,36,37,40,41,47,49,63,64,65,102,103,104,105,106,112,113,114,115,116,118,119,120,121,122,129,130,131,132,133,142,145,147,148,149,150,151,176,177,178,179,181,189,199,200,201,202,203,204,205,206,207,208,
72;1;1319;1424;0;0,1,2,3,4,5,6,7,8,10,11,12,13,14,15,20,21,22,23,24,25,26,29,30,31,33,34,35,36,37,40,41,47,49,63,64,65,102,103,104,105,106,112,113,114,115,116,118,119,120,121,122,129,130,131,132,133,142,145,147,148,149,150,151,176,177,178,179,181,189,199,200,201,202,203,204,205,206,207,208,
120;0;1424;1492;1;0,1,2,3,4,5,6,7,8,10,11,12,13,14,15,20,21,22,23,24,25,26,29,30,31,33,34,35,36,37,40,41,47,49,63,64,65,102,103,104,105,106,112,113,114,115,116,118,119,120,121,122,129,130,131,132,133,142,145,147,148,149,150,151,176,177,178,179,181,189,199,200,201,202,203,204,205,206,207,208,
67;0;1492;1579;1;0,1,2,3,4,5,6,7,8,10,11,12,13,14,15,20,21,22,23,24,25,26,29,30,31,33,34,35,36,37,40,41,47,49,63,64,65,102,103,104,105,106,112,113,114,115,116,118,119,120,121,122,129,130,131,132,133,142,145,147,148,149,150,151,176,177,178,179,181,189,199,200,201,202,203,204,205,206,207,208,
67;1;1579;1604;1;0,1,2,3,4,5,6,7,8,10,11,12,13,14,15,20,21,22,23,24,25,26,29,30,31,33,34,35,36,37,40,41,47,49,63,64,65,102,103,104,105,106,112,113,114,115,116,118,119,120,121,122,129,130,131,132,133,142,145,147,148,149,150,151,176,177,178,179,181,189,199,200,201,202,203,204,205,206,207,208,
77;0;1604;1629;1;0,1,2,3,4,5,6,7,8,10,11,12,13,14,15,20,21,22,23,24,25,26,29,30,31,33,34,35,36,37,40,41,47,49,63,64,65,102,103,104,105,106,112,113,114,115,116,118,119,120,121,122,129,130,131,132,133,142,145,147,148,149,150,151,176,177,178,179,181,189,199,200,201,202,203,204,205,206,207,208,
77;1;1629;1716;1;0,1,2,3,4,5,6,7,8,10,11,12,13,14,15,20,21,22,23,24,25,26,29,30,31,33,34,35,36,37,40,41,47,49,63,64,65,102,103,104,105,106,112,113,114,115,116,118,119,120,121,122,129,130,131,132,133,142,145,147,148,149,150,151,176,177,178,179,181,189,199,200,201,202,203,204,205,206,207,208,
98;0;1716;1796;0;0,1,2,3,4,5,6,7,8,10,11,12,13,14,15,20,21,22,23,24,25,26,29,30,31,33,34,35,36,37,40,41,47,49,63,64,65,102,103,104,105,106,112,113,114,115,116,118,119,120,121,122,129,130,131,132,133,142,145,147,148,149,150,151,176,177,178,179,181,189,199,200,201,202,203,204,205,206,207,208,
137;0;1796;1972;1;0,1,2,3,4,5,6,7,8,10,11,12,13,14,15,20,21,22,23,24,25,26,29,30,31,33,34,35,36,37,40,41,47,49,63,64,65,102,103,104,105,106,112,113,114,115,116,118,119,120,121,122,129,130,131,132,133,142,145,147,148,149,150,151,176,177,178,179,181,189,199,200,201,202,203,204,205,206,207,208,
137;1;1972;2101;1;0,1,2,3,4,5,6,7,8,10,11,12,13,14,15,20,21,22,23,24,25,26,29,30,31,33,34,35,36,37,40,41,47,49,63,64,65,102,103,104,105,106,112,113,114,115,116,118,119,120,121,122,129,130,131,132,133,142,145,147,148,149,150,151,176,177,178,179,181,189,199,200,201,202,203,204,205,206,207,208,
45;0;2101;2170;0;0,1,2,3,4,5,6,7,8,10,11,12,13,14,15,20,21,22,23,24,25,26,29,30,31,33,34,35,36,37,40,41,47,49,63,64,65,102,103,104,105,106,112,113,114,115,116,118,119,120,121,122,129,130,131,132,133,142,145,147,148,149,150,151,176,177,178,179,181,189,199,200,201,202,203,204,205,206,207,208,
130;0;2170;2307;1;0,1,2,3,4,5,6,7,8,10,11,12,13,14,15,20,21,22,23,24,25,26,29,30,31,33,34,35,36,37,40,41,47,49,63,64,65,102,103,104,105,106,112,113,114,115,116,118,119,120,121,122,129,130,131,132,133,142,145,147,148,149,150,151,176,177,178,179,181,189,199,200,201,202,203,204,205,206,207,208,
8;0;2307;2384;0;0,1,2,3,4,5,6,7,8,10,11,12,13,14,15,20,21,22,23,24,25,26,29,30,31,33,34,35,36,37,40,41,47,49,63,64,65,102,103,104,105,106,112,113,114,115,116,118,119,120,121,122,129,130,131,132,133,142,145,147,148,149,150,151,176,177,178,179,181,189,199,200,201,202,203,204,205,206,207,208,
30;0;2384;2392;1;0,1,2,3,4,5,6,7,8,10,11,12,13,14,15,20,21,22,23,24,25,26,29,30,31,33,34,35,36,37,40,41,47,49,63,64,65,102,103,104,105,106,112,113,114,115,116,118,119,120,121,122,129,130,131,132,133,142,145,147,148,149,150,151,176,177,178,179,181,189,199,200,201,202,203,204,205,206,207,208,
92;0;2392;2433;0;0,1,2,3,4,5,6,7,8,10,11,12,13,14,15,20,21,22,23,24,25,26,29,30,31,33,34,35,36,37,40,41,47,49,63,64,65,102,103,104,105,106,112,113,114,115,116,118,119,120,121,122,129,130,131,132,133,142,145,147,148,149,150,151,176,177,178,179,181,189,199,200,201,202,203,204,205,206,207,208,
92;1;2433;2441;0;0,1,2,3,4,5,6,7,8,10,11,12,13,14,15,20,21,22,23,24,25,26,29,30,31,33,34,35,36,37,40,41,47,49,63,64,65,102,103,104,105,106,112,113,114,115,116,118,119,120,121,122,129,130,131,132,133,142,145,147,148,149,150,151,176,177,178,179,181,189,199,200,201,202,203,204,205,206,207,208,
93;0;2441;2535;1;0,1,2,3,4,5,6,7,8,10,11,12,13,14,15,20,21,22,23,24,25,26,29,30,31,33,34,35,36,37,40,41,47,49,63,64,65,102,103,104,105,106,112,113,114,115,116,118,119,120,121,122,129,130,131,132,133,142,145,147,148,149,150,151,176,177,178,179,181,189,199,200,201,202,203,204,205,206,207,208,
119;0;2535;2706;0;0,1,2,3,4,5,6,7,8,10,11,12,13,14,15,20,21,22,23,24,25,26,29,30,31,33,34,35,36,37,40,41,47,49,63,64,65,102,103,104,105,106,112,113,114,115,116,118,119,120,121,122,129,130,131,132,133,142,145,147,148,149,150,151,176,177,178,179,181,189,199,200,201,202,203,204,205,206,207,208,
119;1;2706;2851;0;0,1,2,3,4,5,6,7,8,10,11,12,13,14,15,20,21,22,23,24,25,26,29,30,31,33,34,35,36,37,40,41,47,49,63,64,65,102,103,104,105,106,112,113,114,115,116,118,119,120,121,122,129,130,131,132,133,142,145,147,148,149,150,151,176,177,178,179,181,189,199,200,201,202,203,204,205,206,207,208,
133;0;2851;2937;1;0,1,2,3,4,5,6,7,8,10,11,12,13,14,15,20,21,22,23,24,25,26,29,30,31,33,34,35,36,37,40,41,47,49,63,64,65,102,103,104,105,106,112,113,114,115,116,118,119,120,121,122,129,130,131,132,133,142,145,147,148,149,150,151,176,177,178,179,181,189,199,200,201,202,203,204,205,206,207,208,
140;0;2937;3052;1;0,1,2,3,4,5,6,7,8,10,11,12,13,14,15,20,21,22,23,24,25,26,29,30,31,33,34,35,36,37,40,41,47,49,63,64,65,102,103,104,105,106,112,113,114,115,116,118,119,120,121,122,129,130,131,132,133,142,145,147,148,149,150,151,176,177,178,179,181,189,199,200,201,202,203,204,205,206,207,208,
11;0;3052;3118;1;0,1,2,3,4,5,6,7,8,10,11,12,13,14,15,20,21,22,23,24,25,26,29,30,31,33,34,35,36,37,40,41,47,49,63,64,65,102,103,104,105,106,112,113,114,115,116,118,119,120,121,122,129,130,131,132,133,142,145,147,148,149,150,151,176,177,178,179,181,189,199,200,201,202,203,204,205,206,207,208,
Machine: 5
148;0;0;101;0;0,1,2,3,4,5,6,7,10,12,13,14,15,20,21,23,25,26,29,30,31,33,34,35,36,37,40,41,47,49,63,64,65,66,67,68,69,70,71,72,73,74,75,76,77,78,79,80,81,82,83,84,85,86,87,88,89,90,91,92,93,94,95,96,97,98,99,100,101,102,119,123,127,128,129,130,131,132,144,145,
54;0;101;133;1;0,1,2,3,4,5,6,7,10,12,13,14,15,20,21,23,25,26,29,30,31,33,34,35,36,37,40,41,47,49,63,64,65,66,67,68,69,70,71,72,73,74,75,76,77,78,79,80,81,82,83,84,85,86,87,88,89,90,91,92,93,94,95,96,97,98,99,100,101,102,119,123,127,128,129,130,131,132,144,145,
54;1;133;174;1;0,1,2,3,4,5,6,7,10,12,13,14,15,20,21,23,25,26,29,30,31,33,34,35,36,37,40,41,47,49,63,64,65,66,67,68,69,70,71,72,73,74,75,76,77,78,79,80,81,82,83,84,85,86,87,88,89,90,91,92,93,94,95,96,97,98,99,100,101,102,119,123,127,128,129,130,131,132,144,145,
122;0;174;342;0;0,1,2,3,4,5,6,7,10,12,13,14,15,20,21,23,25,26,29,30,31,33,34,35,36,37,40,41,47,49,63,64,65,66,67,68,69,70,71,72,73,74,75,76,77,78,79,80,81,82,83,84,85,86,87,88,89,90,91,92,93,94,95,96,97,98,99,100,101,102,119,123,127,128,129,130,131,132,144,145,
122;1;342;420;0;0,1,2,3,4,5,6,7,10,12,13,14,15,20,21,23,25,26,29,30,31,33,34,35,36,37,40,41,47,49,63,64,65,66,67,68,69,70,71,72,73,74,75,76,77,78,79,80,81,82,83,84,85,86,87,88,89,90,91,92,93,94,95,96,97,98,99,100,101,102,119,123,127,128,129,130,131,132,144,145,
94;0;420;461;1;0,1,2,3,4,5,6,7,10,12,13,14,15,20,21,23,25,26,29,30,31,33,34,35,36,37,40,41,47,49,63,64,65,66,67,68,69,70,71,72,73,74,75,76,77,78,79,80,81,82,83,84,85,86,87,88,89,90,91,92,93,94,95,96,97,98,99,100,101,102,119,123,127,128,129,130,131,132,144,145,
94;1;461;534;1;0,1,2,3,4,5,6,7,10,12,13,14,15,20,21,23,25,26,29,30,31,33,34,35,36,37,40,41,47,49,63,64,65,66,67,68,69,70,71,72,73,74,75,76,77,78,79,80,81,82,83,84,85,86,87,88,89,90,91,92,93,94,95,96,97,98,99,100,101,102,119,123,127,128,129,130,131,132,144,145,
60;0;534;571;1;0,1,2,3,4,5,6,7,10,12,13,14,15,20,21,23,25,26,29,30,31,33,34,35,36,37,40,41,47,49,63,64,65,66,67,68,69,70,71,72,73,74,75,76,77,78,79,80,81,82,83,84,85,86,87,88,89,90,91,92,93,94,95,96,97,98,99,100,101,102,119,123,127,128,129,130,131,132,144,145,
138;0;571;728;0;0,1,2,3,4,5,6,7,10,12,13,14,15,20,21,23,25,26,29,30,31,33,34,35,36,37,40,41,47,49,63,64,65,66,67,68,69,70,71,72,73,74,75,76,77,78,79,80,81,82,83,84,85,86,87,88,89,90,91,92,93,94,95,96,97,98,99,100,101,102,119,123,127,128,129,130,131,132,144,145,
127;0;728;816;1;0,1,2,3,4,5,6,7,10,12,13,14,15,20,21,23,25,26,29,30,31,33,34,35,36,37,40,41,47,49,63,64,65,66,67,68,69,70,71,72,73,74,75,76,77,78,79,80,81,82,83,84,85,86,87,88,89,90,91,92,93,94,95,96,97,98,99,100,101,102,119,123,127,128,129,130,131,132,144,145,
127;1;816;896;1;0,1,2,3,4,5,6,7,10,12,13,14,15,20,21,23,25,26,29,30,31,33,34,35,36,37,40,41,47,49,63,64,65,66,67,68,69,70,71,72,73,74,75,76,77,78,79,80,81,82,83,84,85,86,87,88,89,90,91,92,93,94,95,96,97,98,99,100,101,102,119,123,127,128,129,130,131,132,144,145,
103;0;896;1001;1;0,1,2,3,4,5,6,7,10,12,13,14,15,20,21,23,25,26,29,30,31,33,34,35,36,37,40,41,47,49,63,64,65,66,67,68,69,70,71,72,73,74,75,76,77,78,79,80,81,82,83,84,85,86,87,88,89,90,91,92,93,94,95,96,97,98,99,100,101,102,119,123,127,128,129,130,131,132,144,145,
80;0;1001;1036;1;0,1,2,3,4,5,6,7,10,12,13,14,15,20,21,23,25,26,29,30,31,33,34,35,36,37,40,41,47,49,63,64,65,66,67,68,69,70,71,72,73,74,75,76,77,78,79,80,81,82,83,84,85,86,87,88,89,90,91,92,93,94,95,96,97,98,99,100,101,102,119,123,127,128,129,130,131,132,144,145,
41;0;1036;1080;1;0,1,2,3,4,5,6,7,10,12,13,14,15,20,21,23,25,26,29,30,31,33,34,35,36,37,40,41,47,49,63,64,65,66,67,68,69,70,71,72,73,74,75,76,77,78,79,80,81,82,83,84,85,86,87,88,89,90,91,92,93,94,95,96,97,98,99,100,101,102,119,123,127,128,129,130,131,132,144,145,
23;0;1080;1253;1;0,1,2,3,4,5,6,7,10,12,13,14,15,20,21,23,25,26,29,30,31,33,34,35,36,37,40,41,47,49,63,64,65,66,67,68,69,70,71,72,73,74,75,76,77,78,79,80,81,82,83,84,85,86,87,88,89,90,91,92,93,94,95,96,97,98,99,100,101,102,119,123,127,128,129,130,131,132,144,145,
20;0;1253;1317;1;0,1,2,3,4,5,6,7,10,12,13,14,15,20,21,23,25,26,29,30,31,33,34,35,36,37,40,41,47,49,63,64,65,66,67,68,69,70,71,72,73,74,75,76,77,78,79,80,81,82,83,84,85,86,87,88,89,90,91,92,93,94,95,96,97,98,99,100,101,102,119,123,127,128,129,130,131,132,144,145,
37;0;1317;1467;1;0,1,2,3,4,5,6,7,10,12,13,14,15,20,21,23,25,26,29,30,31,33,34,35,36,37,40,41,47,49,63,64,65,66,67,68,69,70,71,72,73,74,75,76,77,78,79,80,81,82,83,84,85,86,87,88,89,90,91,92,93,94,95,96,97,98,99,100,101,102,119,123,127,128,129,130,131,132,144,145,
37;1;1467;1518;1;0,1,2,3,4,5,6,7,10,12,13,14,15,20,21,23,25,26,29,30,31,33,34,35,36,37,40,41,47,49,63,64,65,66,67,68,69,70,71,72,73,74,75,76,77,78,79,80,81,82,83,84,85,86,87,88,89,90,91,92,93,94,95,96,97,98,99,100,101,102,119,123,127,128,129,130,131,132,144,145,
42;0;1518;1622;0;0,1,2,3,4,5,6,7,10,12,13,14,15,20,21,23,25,26,29,30,31,33,34,35,36,37,40,41,47,49,63,64,65,66,67,68,69,70,71,72,73,74,75,76,77,78,79,80,81,82,83,84,85,86,87,88,89,90,91,92,93,94,95,96,97,98,99,100,101,102,119,123,127,128,129,130,131,132,144,145,
42;1;1622;1747;0;0,1,2,3,4,5,6,7,10,12,13,14,15,20,21,23,25,26,29,30,31,33,34,35,36,37,40,41,47,49,63,64,65,66,67,68,69,70,71,72,73,74,75,76,77,78,79,80,81,82,83,84,85,86,87,88,89,90,91,92,93,94,95,96,97,98,99,100,101,102,119,123,127,128,129,130,131,132,144,145,
71;0;1747;1862;1;0,1,2,3,4,5,6,7,10,12,13,14,15,20,21,23,25,26,29,30,31,33,34,35,36,37,40,41,47,49,63,64,65,66,67,68,69,70,71,72,73,74,75,76,77,78,79,80,81,82,83,84,85,86,87,88,89,90,91,92,93,94,95,96,97,98,99,100,101,102,119,123,127,128,129,130,131,132,144,145,
139;0;1862;1934;0;0,1,2,3,4,5,6,7,10,12,13,14,15,20,21,23,25,26,29,30,31,33,34,35,36,37,40,41,47,49,63,64,65,66,67,68,69,70,71,72,73,74,75,76,77,78,79,80,81,82,83,84,85,86,87,88,89,90,91,92,93,94,95,96,97,98,99,100,101,102,119,123,127,128,129,130,131,132,144,145,
139;1;1934;1940;0;0,1,2,3,4,5,6,7,10,12,13,14,15,20,21,23,25,26,29,30,31,33,34,35,36,37,40,41,47,49,63,64,65,66,67,68,69,70,71,72,73,74,75,76,77,78,79,80,81,82,83,84,85,86,87,88,89,90,91,92,93,94,95,96,97,98,99,100,101,102,119,123,127,128,129,130,131,132,144,145,
62;0;1940;1946;0;0,1,2,3,4,5,6,7,10,12,13,14,15,20,21,23,25,26,29,30,31,33,34,35,36,37,40,41,47,49,63,64,65,66,67,68,69,70,71,72,73,74,75,76,77,78,79,80,81,82,83,84,85,86,87,88,89,90,91,92,93,94,95,96,97,98,99,100,101,102,119,123,127,128,129,130,131,132,144,145,
62;1;1946;2036;0;0,1,2,3,4,5,6,7,10,12,13,14,15,20,21,23,25,26,29,30,31,33,34,35,36,37,40,41,47,49,63,64,65,66,67,68,69,70,71,72,73,74,75,76,77,78,79,80,81,82,83,84,85,86,87,88,89,90,91,92,93,94,95,96,97,98,99,100,101,102,119,123,127,128,129,130,131,132,144,145,
48;0;2036;2062;0;0,1,2,3,4,5,6,7,10,12,13,14,15,20,21,23,25,26,29,30,31,33,34,35,36,37,40,41,47,49,63,64,65,66,67,68,69,70,71,72,73,74,75,76,77,78,79,80,81,82,83,84,85,86,87,88,89,90,91,92,93,94,95,96,97,98,99,100,101,102,119,123,127,128,129,130,131,132,144,145,
36;0;2062;2111;0;0,1,2,3,4,5,6,7,10,12,13,14,15,20,21,23,25,26,29,30,31,33,34,35,36,37,40,41,47,49,63,64,65,66,67,68,69,70,71,72,73,74,75,76,77,78,79,80,81,82,83,84,85,86,87,88,89,90,91,92,93,94,95,96,97,98,99,100,101,102,119,123,127,128,129,130,131,132,144,145,
113;0;2111;2188;1;0,1,2,3,4,5,6,7,10,12,13,14,15,20,21,23,25,26,29,30,31,33,34,35,36,37,40,41,47,49,63,64,65,66,67,68,69,70,71,72,73,74,75,76,77,78,79,80,81,82,83,84,85,86,87,88,89,90,91,92,93,94,95,96,97,98,99,100,101,102,119,123,127,128,129,130,131,132,144,145,
49;0;2188;2249;0;0,1,2,3,4,5,6,7,10,12,13,14,15,20,21,23,25,26,29,30,31,33,34,35,36,37,40,41,47,49,63,64,65,66,67,68,69,70,71,72,73,74,75,76,77,78,79,80,81,82,83,84,85,86,87,88,89,90,91,92,93,94,95,96,97,98,99,100,101,102,119,123,127,128,129,130,131,132,144,145,
49;1;2249;2274;0;0,1,2,3,4,5,6,7,10,12,13,14,15,20,21,23,25,26,29,30,31,33,34,35,36,37,40,41,47,49,63,64,65,66,67,68,69,70,71,72,73,74,75,76,77,78,79,80,81,82,83,84,85,86,87,88,89,90,91,92,93,94,95,96,97,98,99,100,101,102,119,123,127,128,129,130,131,132,144,145,
96;0;2274;2350;0;0,1,2,3,4,5,6,7,10,12,13,14,15,20,21,23,25,26,29,30,31,33,34,35,36,37,40,41,47,49,63,64,65,66,67,68,69,70,71,72,73,74,75,76,77,78,79,80,81,82,83,84,85,86,87,88,89,90,91,92,93,94,95,96,97,98,99,100,101,102,119,123,127,128,129,130,131,132,144,145,
73;0;2350;2419;1;0,1,2,3,4,5,6,7,10,12,13,14,15,20,21,23,25,26,29,30,31,33,34,35,36,37,40,41,47,49,63,64,65,66,67,68,69,70,71,72,73,74,75,76,77,78,79,80,81,82,83,84,85,86,87,88,89,90,91,92,93,94,95,96,97,98,99,100,101,102,119,123,127,128,129,130,131,132,144,145,
34;0;2419;2594;1;0,1,2,3,4,5,6,7,10,12,13,14,15,20,21,23,25,26,29,30,31,33,34,35,36,37,40,41,47,49,63,64,65,66,67,68,69,70,71,72,73,74,75,76,77,78,79,80,81,82,83,84,85,86,87,88,89,90,91,92,93,94,95,96,97,98,99,100,101,102,119,123,127,128,129,130,131,132,144,145,
34;1;2594;2738;1;0,1,2,3,4,5,6,7,10,12,13,14,15,20,21,23,25,26,29,30,31,33,34,35,36,37,40,41,47,49,63,64,65,66,67,68,69,70,71,72,73,74,75,76,77,78,79,80,81,82,83,84,85,86,87,88,89,90,91,92,93,94,95,96,97,98,99,100,101,102,119,123,127,128,129,130,131,132,144,145,
END
fineshedJobsCount: 209
switchs: 0
switchsInstances: 0
unfineshedPriorityCount: 0
totalUnfineshed: 0
criticalMachineSwitchs: 0
criticalMachineTime: 3429
Final Solution: 6270
Time: 5462
