./input/BaseInstances/2M1_n=209,r=0.5,t=361,v0.txt;./input/Processed/ToolSetInt.csv
7;720;1440
Machine: 0
39;0;0;83;0;30,31,32,33,34,35,48,49,50,51,52,53,54,55,56,57,58,59,60,61,62,63,64,65,66,67,95,147,148,152,154,155,157,158,163,165,171,175,177,183,187,200,201,202,203,204,239,240,272,290,291,292,293,294,295,296,297,298,299,300,301,302,312,313,314,315,316,317,318,319,320,321,322,323,324,325,326,327,359,360,
39;1;83;241;0;30,31,32,33,34,35,48,49,50,51,52,53,54,55,56,57,58,59,60,61,62,63,64,65,66,67,95,147,148,152,154,155,157,158,163,165,171,175,177,183,187,200,201,202,203,204,239,240,272,290,291,292,293,294,295,296,297,298,299,300,301,302,312,313,314,315,316,317,318,319,320,321,322,323,324,325,326,327,359,360,
41;0;241;286;1;30,31,32,33,34,35,48,49,50,51,52,53,54,55,56,57,58,59,60,61,62,63,64,65,66,67,95,147,148,152,154,155,157,158,163,165,171,175,177,183,187,200,201,202,203,204,239,240,272,290,291,292,293,294,295,296,297,298,299,300,301,302,312,313,314,315,316,317,318,319,320,321,322,323,324,325,326,327,359,360,
41;1;286;290;1;30,31,32,33,34,35,48,49,50,51,52,53,54,55,56,57,58,59,60,61,62,63,64,65,66,67,95,147,148,152,154,155,157,158,163,165,171,175,177,183,187,200,201,202,203,204,239,240,272,290,291,292,293,294,295,296,297,298,299,300,301,302,312,313,314,315,316,317,318,319,320,321,322,323,324,325,326,327,359,360,
25;0;290;451;1;30,31,32,33,34,35,48,49,50,51,52,53,54,55,56,57,58,59,60,61,62,63,64,65,66,67,95,147,148,152,154,155,157,158,163,165,171,175,177,183,187,200,201,202,203,204,239,240,272,290,291,292,293,294,295,296,297,298,299,300,301,302,312,313,314,315,316,317,318,319,320,321,322,323,324,325,326,327,359,360,
25;1;451;581;1;30,31,32,33,34,35,48,49,50,51,52,53,54,55,56,57,58,59,60,61,62,63,64,65,66,67,95,147,148,152,154,155,157,158,163,165,171,175,177,183,187,200,201,202,203,204,239,240,272,290,291,292,293,294,295,296,297,298,299,300,301,302,312,313,314,315,316,317,318,319,320,321,322,323,324,325,326,327,359,360,
111;0;581;739;0;30,31,32,33,34,35,48,49,50,51,52,53,54,55,56,57,58,59,60,61,62,63,64,65,66,67,95,147,148,152,154,155,157,158,163,165,171,175,177,183,187,200,201,202,203,204,239,240,272,290,291,292,293,294,295,296,297,298,299,300,301,302,312,313,314,315,316,317,318,319,320,321,322,323,324,325,326,327,359,360,
111;1;739;873;0;30,31,32,33,34,35,48,49,50,51,52,53,54,55,56,57,58,59,60,61,62,63,64,65,66,67,95,147,148,152,154,155,157,158,163,165,171,175,177,183,187,200,201,202,203,204,239,240,272,290,291,292,293,294,295,296,297,298,299,300,301,302,312,313,314,315,316,317,318,319,320,321,322,323,324,325,326,327,359,360,
40;0;873;986;1;30,31,32,33,34,35,48,49,50,51,52,53,54,55,56,57,58,59,60,61,62,63,64,65,66,67,95,147,148,152,154,155,157,158,163,165,171,175,177,183,187,200,201,202,203,204,239,240,272,290,291,292,293,294,295,296,297,298,299,300,301,302,312,313,314,315,316,317,318,319,320,321,322,323,324,325,326,327,359,360,
54;0;986;1151;0;30,31,32,33,34,35,48,49,50,51,52,53,54,55,56,57,58,59,60,61,62,63,64,65,66,67,95,147,148,152,154,155,157,158,163,165,171,175,177,183,187,200,201,202,203,204,239,240,272,290,291,292,293,294,295,296,297,298,299,300,301,302,312,313,314,315,316,317,318,319,320,321,322,323,324,325,326,327,359,360,
93;0;1151;1302;1;30,31,32,33,34,35,48,49,50,51,52,53,54,55,56,57,58,59,60,61,62,63,64,65,66,67,95,147,148,152,154,155,157,158,163,165,171,175,177,183,187,200,201,202,203,204,239,240,272,290,291,292,293,294,295,296,297,298,299,300,301,302,312,313,314,315,316,317,318,319,320,321,322,323,324,325,326,327,359,360,
93;1;1302;1355;1;30,31,32,33,34,35,48,49,50,51,52,53,54,55,56,57,58,59,60,61,62,63,64,65,66,67,95,147,148,152,154,155,157,158,163,165,171,175,177,183,187,200,201,202,203,204,239,240,272,290,291,292,293,294,295,296,297,298,299,300,301,302,312,313,314,315,316,317,318,319,320,321,322,323,324,325,326,327,359,360,
127;0;1355;1396;0;30,31,32,33,34,35,48,49,50,51,52,53,54,55,56,57,58,59,60,61,62,63,64,65,66,67,95,147,148,152,154,155,157,158,163,165,171,175,177,183,187,200,201,202,203,204,239,240,272,290,291,292,293,294,295,296,297,298,299,300,301,302,312,313,314,315,316,317,318,319,320,321,322,323,324,325,326,327,359,360,
127;1;1396;1430;0;30,31,32,33,34,35,48,49,50,51,52,53,54,55,56,57,58,59,60,61,62,63,64,65,66,67,95,147,148,152,154,155,157,158,163,165,171,175,177,183,187,200,201,202,203,204,239,240,272,290,291,292,293,294,295,296,297,298,299,300,301,302,312,313,314,315,316,317,318,319,320,321,322,323,324,325,326,327,359,360,
131;0;1430;1562;0;30,31,32,33,34,35,48,49,50,51,52,53,54,55,56,57,58,59,60,61,62,63,64,65,66,67,95,147,148,152,154,155,157,158,163,165,171,175,177,183,187,200,201,202,203,204,239,240,272,290,291,292,293,294,295,296,297,298,299,300,301,302,312,313,314,315,316,317,318,319,320,321,322,323,324,325,326,327,359,360,
131;1;1562;1692;0;30,31,32,33,34,35,48,49,50,51,52,53,54,55,56,57,58,59,60,61,62,63,64,65,66,67,95,147,148,152,154,155,157,158,163,165,171,175,177,183,187,200,201,202,203,204,239,240,272,290,291,292,293,294,295,296,297,298,299,300,301,302,312,313,314,315,316,317,318,319,320,321,322,323,324,325,326,327,359,360,
56;0;1692;1826;1;30,31,32,33,34,35,48,49,50,51,52,53,54,55,56,57,58,59,60,61,62,63,64,65,66,67,95,147,148,152,154,155,157,158,163,165,171,175,177,183,187,200,201,202,203,204,239,240,272,290,291,292,293,294,295,296,297,298,299,300,301,302,312,313,314,315,316,317,318,319,320,321,322,323,324,325,326,327,359,360,
10;0;1826;1860;0;30,31,32,33,34,35,48,49,50,51,52,53,54,55,56,57,58,59,60,61,62,63,64,65,66,67,95,147,148,152,154,155,157,158,163,165,171,175,177,183,187,200,201,202,203,204,239,240,272,290,291,292,293,294,295,296,297,298,299,300,301,302,312,313,314,315,316,317,318,319,320,321,322,323,324,325,326,327,359,360,
82;0;1860;2012;0;30,31,32,33,34,35,48,49,50,51,52,53,54,55,56,57,58,59,60,61,62,63,64,65,66,67,95,147,148,152,154,155,157,158,163,165,171,175,177,183,187,200,201,202,203,204,239,240,272,290,291,292,293,294,295,296,297,298,299,300,301,302,312,313,314,315,316,317,318,319,320,321,322,323,324,325,326,327,359,360,
90;0;2012;2040;0;30,31,32,33,34,35,48,49,50,51,52,53,54,55,56,57,58,59,60,61,62,63,64,65,66,67,95,147,148,152,154,155,157,158,163,165,171,175,177,183,187,200,201,202,203,204,239,240,272,290,291,292,293,294,295,296,297,298,299,300,301,302,312,313,314,315,316,317,318,319,320,321,322,323,324,325,326,327,359,360,
120;0;2040;2044;1;30,31,32,33,34,35,48,49,50,51,52,53,54,55,56,57,58,59,60,61,62,63,64,65,66,67,95,147,148,152,154,155,157,158,163,165,171,175,177,183,187,200,201,202,203,204,239,240,272,290,291,292,293,294,295,296,297,298,299,300,301,302,312,313,314,315,316,317,318,319,320,321,322,323,324,325,326,327,359,360,
61;0;2044;2132;1;30,31,32,33,34,35,48,49,50,51,52,53,54,55,56,57,58,59,60,61,62,63,64,65,66,67,95,147,148,152,154,155,157,158,163,165,171,175,177,183,187,200,201,202,203,204,239,240,272,290,291,292,293,294,295,296,297,298,299,300,301,302,312,313,314,315,316,317,318,319,320,321,322,323,324,325,326,327,359,360,
61;1;2132;2173;1;30,31,32,33,34,35,48,49,50,51,52,53,54,55,56,57,58,59,60,61,62,63,64,65,66,67,95,147,148,152,154,155,157,158,163,165,171,175,177,183,187,200,201,202,203,204,239,240,272,290,291,292,293,294,295,296,297,298,299,300,301,302,312,313,314,315,316,317,318,319,320,321,322,323,324,325,326,327,359,360,
49;0;2173;2329;1;30,31,32,33,34,35,48,49,50,51,52,53,54,55,56,57,58,59,60,61,62,63,64,65,66,67,95,147,148,152,154,155,157,158,163,165,171,175,177,183,187,200,201,202,203,204,239,240,272,290,291,292,293,294,295,296,297,298,299,300,301,302,312,313,314,315,316,317,318,319,320,321,322,323,324,325,326,327,359,360,
49;1;2329;2333;1;30,31,32,33,34,35,48,49,50,51,52,53,54,55,56,57,58,59,60,61,62,63,64,65,66,67,95,147,148,152,154,155,157,158,163,165,171,175,177,183,187,200,201,202,203,204,239,240,272,290,291,292,293,294,295,296,297,298,299,300,301,302,312,313,314,315,316,317,318,319,320,321,322,323,324,325,326,327,359,360,
102;0;2333;2467;0;30,31,32,33,34,35,48,49,50,51,52,53,54,55,56,57,58,59,60,61,62,63,64,65,66,67,95,147,148,152,154,155,157,158,163,165,171,175,177,183,187,200,201,202,203,204,239,240,272,290,291,292,293,294,295,296,297,298,299,300,301,302,312,313,314,315,316,317,318,319,320,321,322,323,324,325,326,327,359,360,
8;0;2467;2573;1;30,31,32,33,34,35,48,49,50,51,52,53,54,55,56,57,58,59,60,61,62,63,64,65,66,67,95,147,148,152,154,155,157,158,163,165,171,175,177,183,187,200,201,202,203,204,239,240,272,290,291,292,293,294,295,296,297,298,299,300,301,302,312,313,314,315,316,317,318,319,320,321,322,323,324,325,326,327,359,360,
45;0;2573;2698;1;30,31,32,33,34,35,48,49,50,51,52,53,54,55,56,57,58,59,60,61,62,63,64,65,66,67,95,147,148,152,154,155,157,158,163,165,171,175,177,183,187,200,201,202,203,204,239,240,272,290,291,292,293,294,295,296,297,298,299,300,301,302,312,313,314,315,316,317,318,319,320,321,322,323,324,325,326,327,359,360,
45;1;2698;2811;1;30,31,32,33,34,35,48,49,50,51,52,53,54,55,56,57,58,59,60,61,62,63,64,65,66,67,95,147,148,152,154,155,157,158,163,165,171,175,177,183,187,200,201,202,203,204,239,240,272,290,291,292,293,294,295,296,297,298,299,300,301,302,312,313,314,315,316,317,318,319,320,321,322,323,324,325,326,327,359,360,
19;0;2811;2931;0;30,31,32,33,34,35,48,49,50,51,52,53,54,55,56,57,58,59,60,61,62,63,64,65,66,67,95,147,148,152,154,155,157,158,163,165,171,175,177,183,187,200,201,202,203,204,239,240,272,290,291,292,293,294,295,296,297,298,299,300,301,302,312,313,314,315,316,317,318,319,320,321,322,323,324,325,326,327,359,360,
19;1;2931;2942;0;30,31,32,33,34,35,48,49,50,51,52,53,54,55,56,57,58,59,60,61,62,63,64,65,66,67,95,147,148,152,154,155,157,158,163,165,171,175,177,183,187,200,201,202,203,204,239,240,272,290,291,292,293,294,295,296,297,298,299,300,301,302,312,313,314,315,316,317,318,319,320,321,322,323,324,325,326,327,359,360,
26;0;2942;3102;0;30,31,32,33,34,35,48,49,50,51,52,53,54,55,56,57,58,59,60,61,62,63,64,65,66,67,95,147,148,152,154,155,157,158,163,165,171,175,177,183,187,200,201,202,203,204,239,240,272,290,291,292,293,294,295,296,297,298,299,300,301,302,312,313,314,315,316,317,318,319,320,321,322,323,324,325,326,327,359,360,
36;0;3102;3262;1;30,31,32,33,34,35,48,49,50,51,52,53,54,55,56,57,58,59,60,61,62,63,64,65,66,67,95,147,148,152,154,155,157,158,163,165,171,175,177,183,187,200,201,202,203,204,239,240,272,290,291,292,293,294,295,296,297,298,299,300,301,302,312,313,314,315,316,317,318,319,320,321,322,323,324,325,326,327,359,360,
117;0;3262;3423;1;30,31,32,33,34,35,48,49,50,51,52,53,54,55,56,57,58,59,60,61,62,63,64,65,66,67,95,147,148,152,154,155,157,158,163,165,171,175,177,183,187,200,201,202,203,204,239,240,272,290,291,292,293,294,295,296,297,298,299,300,301,302,312,313,314,315,316,317,318,319,320,321,322,323,324,325,326,327,359,360,
117;1;3423;3434;1;30,31,32,33,34,35,48,49,50,51,52,53,54,55,56,57,58,59,60,61,62,63,64,65,66,67,95,147,148,152,154,155,157,158,163,165,171,175,177,183,187,200,201,202,203,204,239,240,272,290,291,292,293,294,295,296,297,298,299,300,301,302,312,313,314,315,316,317,318,319,320,321,322,323,324,325,326,327,359,360,
71;0;3434;3438;0;30,31,32,33,34,35,48,49,50,51,52,53,54,55,56,57,58,59,60,61,62,63,64,65,66,67,95,147,148,152,154,155,157,158,163,165,171,175,177,183,187,200,201,202,203,204,239,240,272,290,291,292,293,294,295,296,297,298,299,300,301,302,312,313,314,315,316,317,318,319,320,321,322,323,324,325,326,327,359,360,
71;1;3438;3449;0;30,31,32,33,34,35,48,49,50,51,52,53,54,55,56,57,58,59,60,61,62,63,64,65,66,67,95,147,148,152,154,155,157,158,163,165,171,175,177,183,187,200,201,202,203,204,239,240,272,290,291,292,293,294,295,296,297,298,299,300,301,302,312,313,314,315,316,317,318,319,320,321,322,323,324,325,326,327,359,360,
44;0;3449;3579;1;30,31,32,33,34,35,48,49,50,51,52,53,54,55,56,57,58,59,60,61,62,63,64,65,66,67,95,147,148,152,154,155,157,158,163,165,171,175,177,183,187,200,201,202,203,204,239,240,272,290,291,292,293,294,295,296,297,298,299,300,301,302,312,313,314,315,316,317,318,319,320,321,322,323,324,325,326,327,359,360,
98;0;3579;3668;0;30,31,32,33,34,35,48,49,50,51,52,53,54,55,56,57,58,59,60,61,62,63,64,65,66,67,95,147,148,152,154,155,157,158,163,165,171,175,177,183,187,200,201,202,203,204,239,240,272,290,291,292,293,294,295,296,297,298,299,300,301,302,312,313,314,315,316,317,318,319,320,321,322,323,324,325,326,327,359,360,
89;0;3668;3707;1;30,31,32,33,34,35,48,49,50,51,52,53,54,55,56,57,58,59,60,61,62,63,64,65,66,67,95,147,148,152,154,155,157,158,163,165,171,175,177,183,187,200,201,202,203,204,239,240,272,290,291,292,293,294,295,296,297,298,299,300,301,302,312,313,314,315,316,317,318,319,320,321,322,323,324,325,326,327,359,360,
89;1;3707;3841;1;30,31,32,33,34,35,48,49,50,51,52,53,54,55,56,57,58,59,60,61,62,63,64,65,66,67,95,147,148,152,154,155,157,158,163,165,171,175,177,183,187,200,201,202,203,204,239,240,272,290,291,292,293,294,295,296,297,298,299,300,301,302,312,313,314,315,316,317,318,319,320,321,322,323,324,325,326,327,359,360,
28;0;3841;3869;1;30,31,32,33,34,35,48,49,50,51,52,53,54,55,56,57,58,59,60,61,62,63,64,65,66,67,95,147,148,152,154,155,157,158,163,165,171,175,177,183,187,200,201,202,203,204,239,240,272,290,291,292,293,294,295,296,297,298,299,300,301,302,312,313,314,315,316,317,318,319,320,321,322,323,324,325,326,327,359,360,
133;0;3869;3989;1;30,31,32,33,34,35,48,49,50,51,52,53,54,55,56,57,58,59,60,61,62,63,64,65,66,67,95,147,148,152,154,155,157,158,163,165,171,175,177,183,187,200,201,202,203,204,239,240,272,290,291,292,293,294,295,296,297,298,299,300,301,302,312,313,314,315,316,317,318,319,320,321,322,323,324,325,326,327,359,360,
133;1;3989;4157;1;30,31,32,33,34,35,48,49,50,51,52,53,54,55,56,57,58,59,60,61,62,63,64,65,66,67,95,147,148,152,154,155,157,158,163,165,171,175,177,183,187,200,201,202,203,204,239,240,272,290,291,292,293,294,295,296,297,298,299,300,301,302,312,313,314,315,316,317,318,319,320,321,322,323,324,325,326,327,359,360,
22;0;4157;4287;0;30,31,32,33,34,35,48,49,50,51,52,53,54,55,56,57,58,59,60,61,62,63,64,65,66,67,95,147,148,152,154,155,157,158,163,165,171,175,177,183,187,200,201,202,203,204,239,240,272,290,291,292,293,294,295,296,297,298,299,300,301,302,312,313,314,315,316,317,318,319,320,321,322,323,324,325,326,327,359,360,
68;0;4287;4447;1;30,31,32,33,34,35,48,49,50,51,52,53,54,55,56,57,58,59,60,61,62,63,64,65,66,67,95,147,148,152,154,155,157,158,163,165,171,175,177,183,187,200,201,202,203,204,239,240,272,290,291,292,293,294,295,296,297,298,299,300,301,302,312,313,314,315,316,317,318,319,320,321,322,323,324,325,326,327,359,360,
42;0;4447;4488;0;30,31,32,33,34,35,48,49,50,51,52,53,54,55,56,57,58,59,60,61,62,63,64,65,66,67,95,147,148,152,154,155,157,158,163,165,171,175,177,183,187,200,201,202,203,204,239,240,272,290,291,292,293,294,295,296,297,298,299,300,301,302,312,313,314,315,316,317,318,319,320,321,322,323,324,325,326,327,359,360,
108;0;4488;4640;1;30,31,32,33,34,35,48,49,50,51,52,53,54,55,56,57,58,59,60,61,62,63,64,65,66,67,95,147,148,152,154,155,157,158,163,165,171,175,177,183,187,200,201,202,203,204,239,240,272,290,291,292,293,294,295,296,297,298,299,300,301,302,312,313,314,315,316,317,318,319,320,321,322,323,324,325,326,327,359,360,
64;0;4640;4651;1;30,31,32,33,34,35,48,49,50,51,52,53,54,55,56,57,58,59,60,61,62,63,64,65,66,67,95,147,148,152,154,155,157,158,163,165,171,175,177,183,187,200,201,202,203,204,239,240,272,290,291,292,293,294,295,296,297,298,299,300,301,302,312,313,314,315,316,317,318,319,320,321,322,323,324,325,326,327,359,360,
115;0;4651;4655;0;30,31,32,33,34,35,48,49,50,51,52,53,54,55,56,57,58,59,60,61,62,63,64,65,66,67,95,147,148,152,154,155,157,158,163,165,171,175,177,183,187,200,201,202,203,204,239,240,272,290,291,292,293,294,295,296,297,298,299,300,301,302,312,313,314,315,316,317,318,319,320,321,322,323,324,325,326,327,359,360,
115;1;4655;4785;0;30,31,32,33,34,35,48,49,50,51,52,53,54,55,56,57,58,59,60,61,62,63,64,65,66,67,95,147,148,152,154,155,157,158,163,165,171,175,177,183,187,200,201,202,203,204,239,240,272,290,291,292,293,294,295,296,297,298,299,300,301,302,312,313,314,315,316,317,318,319,320,321,322,323,324,325,326,327,359,360,
27;0;4785;4881;0;30,31,32,33,34,35,48,49,50,51,52,53,54,55,56,57,58,59,60,61,62,63,64,65,66,67,95,147,148,152,154,155,157,158,163,165,171,175,177,183,187,200,201,202,203,204,239,240,272,290,291,292,293,294,295,296,297,298,299,300,301,302,312,313,314,315,316,317,318,319,320,321,322,323,324,325,326,327,359,360,
27;1;4881;5055;0;30,31,32,33,34,35,48,49,50,51,52,53,54,55,56,57,58,59,60,61,62,63,64,65,66,67,95,147,148,152,154,155,157,158,163,165,171,175,177,183,187,200,201,202,203,204,239,240,272,290,291,292,293,294,295,296,297,298,299,300,301,302,312,313,314,315,316,317,318,319,320,321,322,323,324,325,326,327,359,360,
91;0;5055;5119;0;30,31,32,33,34,35,48,49,50,51,52,53,54,55,56,57,58,59,60,61,62,63,64,65,66,67,95,147,148,152,154,155,157,158,163,165,171,175,177,183,187,200,201,202,203,204,239,240,272,290,291,292,293,294,295,296,297,298,299,300,301,302,312,313,314,315,316,317,318,319,320,321,322,323,324,325,326,327,359,360,
91;1;5119;5184;0;30,31,32,33,34,35,48,49,50,51,52,53,54,55,56,57,58,59,60,61,62,63,64,65,66,67,95,147,148,152,154,155,157,158,163,165,171,175,177,183,187,200,201,202,203,204,239,240,272,290,291,292,293,294,295,296,297,298,299,300,301,302,312,313,314,315,316,317,318,319,320,321,322,323,324,325,326,327,359,360,
69;0;5184;5239;1;30,31,32,33,34,35,48,49,50,51,52,53,54,55,56,57,58,59,60,61,62,63,64,65,66,67,95,147,148,152,154,155,157,158,163,165,171,175,177,183,187,200,201,202,203,204,239,240,272,290,291,292,293,294,295,296,297,298,299,300,301,302,312,313,314,315,316,317,318,319,320,321,322,323,324,325,326,327,359,360,
69;1;5239;5397;1;30,31,32,33,34,35,48,49,50,51,52,53,54,55,56,57,58,59,60,61,62,63,64,65,66,67,95,147,148,152,154,155,157,158,163,165,171,175,177,183,187,200,201,202,203,204,239,240,272,290,291,292,293,294,295,296,297,298,299,300,301,302,312,313,314,315,316,317,318,319,320,321,322,323,324,325,326,327,359,360,
62;0;5397;5531;0;30,31,32,33,34,35,48,49,50,51,52,53,54,55,56,57,58,59,60,61,62,63,64,65,66,67,95,147,148,152,154,155,157,158,163,165,171,175,177,183,187,200,201,202,203,204,239,240,272,290,291,292,293,294,295,296,297,298,299,300,301,302,312,313,314,315,316,317,318,319,320,321,322,323,324,325,326,327,359,360,
38;0;5531;5689;0;30,31,32,33,34,35,48,49,50,51,52,53,54,55,56,57,58,59,60,61,62,63,64,65,66,67,95,147,148,152,154,155,157,158,163,165,171,175,177,183,187,200,201,202,203,204,239,240,272,290,291,292,293,294,295,296,297,298,299,300,301,302,312,313,314,315,316,317,318,319,320,321,322,323,324,325,326,327,359,360,
29;0;5689;5837;1;30,31,32,33,34,35,48,49,50,51,52,53,54,55,56,57,58,59,60,61,62,63,64,65,66,67,95,147,148,152,154,155,157,158,163,165,171,175,177,183,187,200,201,202,203,204,239,240,272,290,291,292,293,294,295,296,297,298,299,300,301,302,312,313,314,315,316,317,318,319,320,321,322,323,324,325,326,327,359,360,
29;1;5837;6002;1;30,31,32,33,34,35,48,49,50,51,52,53,54,55,56,57,58,59,60,61,62,63,64,65,66,67,95,147,148,152,154,155,157,158,163,165,171,175,177,183,187,200,201,202,203,204,239,240,272,290,291,292,293,294,295,296,297,298,299,300,301,302,312,313,314,315,316,317,318,319,320,321,322,323,324,325,326,327,359,360,
52;0;6002;6160;1;30,31,32,33,34,35,48,49,50,51,52,53,54,55,56,57,58,59,60,61,62,63,64,65,66,67,95,147,148,152,154,155,157,158,163,165,171,175,177,183,187,200,201,202,203,204,239,240,272,290,291,292,293,294,295,296,297,298,299,300,301,302,312,313,314,315,316,317,318,319,320,321,322,323,324,325,326,327,359,360,
70;0;6160;6164;0;30,31,32,33,34,35,48,49,50,51,52,53,54,55,56,57,58,59,60,61,62,63,64,65,66,67,95,147,148,152,154,155,157,158,163,165,171,175,177,183,187,200,201,202,203,204,239,240,272,290,291,292,293,294,295,296,297,298,299,300,301,302,312,313,314,315,316,317,318,319,320,321,322,323,324,325,326,327,359,360,
81;0;6164;6321;1;30,31,32,33,34,35,48,49,50,51,52,53,54,55,56,57,58,59,60,61,62,63,64,65,66,67,95,147,148,152,154,155,157,158,163,165,171,175,177,183,187,200,201,202,203,204,239,240,272,290,291,292,293,294,295,296,297,298,299,300,301,302,312,313,314,315,316,317,318,319,320,321,322,323,324,325,326,327,359,360,
81;1;6321;6473;1;30,31,32,33,34,35,48,49,50,51,52,53,54,55,56,57,58,59,60,61,62,63,64,65,66,67,95,147,148,152,154,155,157,158,163,165,171,175,177,183,187,200,201,202,203,204,239,240,272,290,291,292,293,294,295,296,297,298,299,300,301,302,312,313,314,315,316,317,318,319,320,321,322,323,324,325,326,327,359,360,
31;0;6473;6627;0;30,31,32,33,34,35,48,49,50,51,52,53,54,55,56,57,58,59,60,61,62,63,64,65,136,137,138,139,140,141,142,146,147,148,152,154,155,157,158,163,165,170,171,175,177,183,187,188,189,190,191,192,193,194,195,200,201,202,203,204,241,242,243,312,313,314,315,316,317,318,319,320,321,322,323,324,325,326,327,328,
31;1;6627;6655;0;30,31,32,33,34,35,48,49,50,51,52,53,54,55,56,57,58,59,60,61,62,63,64,65,136,137,138,139,140,141,142,146,147,148,152,154,155,157,158,163,165,170,171,175,177,183,187,188,189,190,191,192,193,194,195,200,201,202,203,204,241,242,243,312,313,314,315,316,317,318,319,320,321,322,323,324,325,326,327,328,
101;0;6655;6755;1;30,31,32,33,34,35,48,49,50,51,52,53,54,55,56,57,58,59,60,61,62,63,64,65,136,137,138,139,140,141,142,146,147,148,152,154,155,157,158,163,165,170,171,175,177,183,187,188,189,190,191,192,193,194,195,200,201,202,203,204,241,242,243,312,313,314,315,316,317,318,319,320,321,322,323,324,325,326,327,328,
101;1;6755;6772;1;30,31,32,33,34,35,48,49,50,51,52,53,54,55,56,57,58,59,60,61,62,63,64,65,136,137,138,139,140,141,142,146,147,148,152,154,155,157,158,163,165,170,171,175,177,183,187,188,189,190,191,192,193,194,195,200,201,202,203,204,241,242,243,312,313,314,315,316,317,318,319,320,321,322,323,324,325,326,327,328,
16;0;6772;6797;1;30,31,32,33,34,35,48,49,50,51,52,53,54,55,56,57,58,59,60,61,62,63,64,65,136,137,138,139,140,141,142,146,147,148,152,154,155,157,158,163,165,170,171,175,177,183,187,188,189,190,191,192,193,194,195,200,201,202,203,204,241,242,243,312,313,314,315,316,317,318,319,320,321,322,323,324,325,326,327,328,
11;0;6797;6805;0;30,31,32,33,34,35,48,49,50,51,52,53,54,55,56,57,58,59,60,61,62,63,64,65,136,137,138,139,140,141,142,146,147,148,152,154,155,157,158,163,165,170,171,175,177,183,187,188,189,190,191,192,193,194,195,200,201,202,203,204,241,242,243,312,313,314,315,316,317,318,319,320,321,322,323,324,325,326,327,328,
11;1;6805;6911;0;30,31,32,33,34,35,48,49,50,51,52,53,54,55,56,57,58,59,60,61,62,63,64,65,136,137,138,139,140,141,142,146,147,148,152,154,155,157,158,163,165,170,171,175,177,183,187,188,189,190,191,192,193,194,195,200,201,202,203,204,241,242,243,312,313,314,315,316,317,318,319,320,321,322,323,324,325,326,327,328,
94;0;6911;7017;0;30,31,32,33,34,35,48,49,50,51,52,53,54,55,56,57,58,59,60,61,62,63,64,65,136,137,138,139,140,141,142,146,147,148,152,154,155,157,158,163,165,170,171,175,177,183,187,188,189,190,191,192,193,194,195,200,201,202,203,204,241,242,243,312,313,314,315,316,317,318,319,320,321,322,323,324,325,326,327,328,
129;0;7017;7148;1;30,31,32,33,34,35,48,49,50,51,52,53,54,55,56,57,58,59,60,61,62,63,64,65,136,137,138,139,140,141,142,146,147,148,152,154,155,157,158,163,165,170,171,175,177,183,187,188,189,190,191,192,193,194,195,200,201,202,203,204,241,242,243,312,313,314,315,316,317,318,319,320,321,322,323,324,325,326,327,328,
129;1;7148;7201;1;30,31,32,33,34,35,48,49,50,51,52,53,54,55,56,57,58,59,60,61,62,63,64,65,136,137,138,139,140,141,142,146,147,148,152,154,155,157,158,163,165,170,171,175,177,183,187,188,189,190,191,192,193,194,195,200,201,202,203,204,241,242,243,312,313,314,315,316,317,318,319,320,321,322,323,324,325,326,327,328,
66;0;7201;7318;0;30,31,32,33,34,35,48,49,50,51,52,53,54,55,56,57,58,59,60,61,62,63,64,65,136,137,138,139,140,141,142,146,147,148,152,154,155,157,158,163,165,170,171,175,177,183,187,188,189,190,191,192,193,194,195,200,201,202,203,204,241,242,243,312,313,314,315,316,317,318,319,320,321,322,323,324,325,326,327,328,
138;0;7318;7322;0;30,31,32,33,34,35,48,49,50,51,52,53,54,55,56,57,58,59,60,61,62,63,64,65,136,137,138,139,140,141,142,146,147,148,152,154,155,157,158,163,165,170,171,175,177,183,187,188,189,190,191,192,193,194,195,200,201,202,203,204,241,242,243,312,313,314,315,316,317,318,319,320,321,322,323,324,325,326,327,328,
33;0;7322;7410;1;30,31,32,33,34,35,48,49,50,51,52,53,54,55,56,57,58,59,60,61,62,63,64,65,136,137,138,139,140,141,142,146,147,148,152,154,155,157,158,163,165,170,171,175,177,183,187,188,189,190,191,192,193,194,195,200,201,202,203,204,241,242,243,312,313,314,315,316,317,318,319,320,321,322,323,324,325,326,327,328,
33;1;7410;7426;1;30,31,32,33,34,35,48,49,50,51,52,53,54,55,56,57,58,59,60,61,62,63,64,65,136,137,138,139,140,141,142,146,147,148,152,154,155,157,158,163,165,170,171,175,177,183,187,188,189,190,191,192,193,194,195,200,201,202,203,204,241,242,243,312,313,314,315,316,317,318,319,320,321,322,323,324,325,326,327,328,
80;0;7426;7442;1;30,31,32,33,34,35,48,49,50,51,52,53,54,55,56,57,58,59,60,61,62,63,64,65,136,137,138,139,140,141,142,146,147,148,152,154,155,157,158,163,165,170,171,175,177,183,187,188,189,190,191,192,193,194,195,200,201,202,203,204,241,242,243,312,313,314,315,316,317,318,319,320,321,322,323,324,325,326,327,328,
125;0;7442;7484;1;30,31,32,33,34,35,48,49,50,51,52,53,54,55,56,57,58,59,60,61,62,63,64,65,136,137,138,139,140,141,142,146,147,148,152,154,155,157,158,163,165,170,171,175,177,183,187,188,189,190,191,192,193,194,195,200,201,202,203,204,241,242,243,312,313,314,315,316,317,318,319,320,321,322,323,324,325,326,327,328,
125;1;7484;7658;1;30,31,32,33,34,35,48,49,50,51,52,53,54,55,56,57,58,59,60,61,62,63,64,65,136,137,138,139,140,141,142,146,147,148,152,154,155,157,158,163,165,170,171,175,177,183,187,188,189,190,191,192,193,194,195,200,201,202,203,204,241,242,243,312,313,314,315,316,317,318,319,320,321,322,323,324,325,326,327,328,
105;0;7658;7669;1;30,31,32,33,34,35,48,49,50,51,52,53,54,55,56,57,58,59,60,61,62,63,64,65,136,137,138,139,140,141,142,146,147,148,152,154,155,157,158,163,165,170,171,175,177,183,187,188,189,190,191,192,193,194,195,200,201,202,203,204,241,242,243,312,313,314,315,316,317,318,319,320,321,322,323,324,325,326,327,328,
105;1;7669;7758;1;30,31,32,33,34,35,48,49,50,51,52,53,54,55,56,57,58,59,60,61,62,63,64,65,136,137,138,139,140,141,142,146,147,148,152,154,155,157,158,163,165,170,171,175,177,183,187,188,189,190,191,192,193,194,195,200,201,202,203,204,241,242,243,312,313,314,315,316,317,318,319,320,321,322,323,324,325,326,327,328,
60;0;7758;7864;1;30,31,32,33,34,35,48,49,50,51,52,53,54,55,56,57,58,59,60,61,62,63,64,65,136,137,138,139,140,141,142,146,147,148,152,154,155,157,158,163,165,170,171,175,177,183,187,188,189,190,191,192,193,194,195,200,201,202,203,204,241,242,243,312,313,314,315,316,317,318,319,320,321,322,323,324,325,326,327,328,
137;0;7864;7953;1;30,31,32,33,34,35,48,49,50,51,52,53,54,55,56,57,58,59,60,61,62,63,64,65,136,137,138,139,140,141,142,146,147,148,152,154,155,157,158,163,165,170,171,175,177,183,187,188,189,190,191,192,193,194,195,200,201,202,203,204,241,242,243,312,313,314,315,316,317,318,319,320,321,322,323,324,325,326,327,328,
137;1;7953;8118;1;30,31,32,33,34,35,48,49,50,51,52,53,54,55,56,57,58,59,60,61,62,63,64,65,136,137,138,139,140,141,142,146,147,148,152,154,155,157,158,163,165,170,171,175,177,183,187,188,189,190,191,192,193,194,195,200,201,202,203,204,241,242,243,312,313,314,315,316,317,318,319,320,321,322,323,324,325,326,327,328,
65;0;8118;8233;1;30,31,32,33,34,35,48,49,50,51,52,53,54,55,56,57,58,59,60,61,62,63,64,65,136,137,138,139,140,141,142,146,147,148,152,154,155,157,158,163,165,170,171,175,177,183,187,188,189,190,191,192,193,194,195,200,201,202,203,204,241,242,243,312,313,314,315,316,317,318,319,320,321,322,323,324,325,326,327,328,
65;1;8233;8350;1;30,31,32,33,34,35,48,49,50,51,52,53,54,55,56,57,58,59,60,61,62,63,64,65,136,137,138,139,140,141,142,146,147,148,152,154,155,157,158,163,165,170,171,175,177,183,187,188,189,190,191,192,193,194,195,200,201,202,203,204,241,242,243,312,313,314,315,316,317,318,319,320,321,322,323,324,325,326,327,328,
37;0;8350;8446;1;30,31,32,33,34,35,48,49,50,51,52,53,54,55,56,57,58,59,60,61,62,63,64,65,136,137,138,139,140,141,142,146,147,148,152,154,155,157,158,163,165,170,171,175,177,183,187,188,189,190,191,192,193,194,195,200,201,202,203,204,241,242,243,312,313,314,315,316,317,318,319,320,321,322,323,324,325,326,327,328,
37;1;8446;8462;1;30,31,32,33,34,35,48,49,50,51,52,53,54,55,56,57,58,59,60,61,62,63,64,65,136,137,138,139,140,141,142,146,147,148,152,154,155,157,158,163,165,170,171,175,177,183,187,188,189,190,191,192,193,194,195,200,201,202,203,204,241,242,243,312,313,314,315,316,317,318,319,320,321,322,323,324,325,326,327,328,
53;0;8462;8591;1;30,31,32,33,34,35,48,49,50,51,52,53,54,55,56,57,58,59,60,61,62,63,64,65,136,137,138,139,140,141,142,146,147,148,152,154,155,157,158,163,165,170,171,175,177,183,187,188,189,190,191,192,193,194,195,200,201,202,203,204,241,242,243,312,313,314,315,316,317,318,319,320,321,322,323,324,325,326,327,328,
53;1;8591;8751;1;30,31,32,33,34,35,48,49,50,51,52,53,54,55,56,57,58,59,60,61,62,63,64,65,136,137,138,139,140,141,142,146,147,148,152,154,155,157,158,163,165,170,171,175,177,183,187,188,189,190,191,192,193,194,195,200,201,202,203,204,241,242,243,312,313,314,315,316,317,318,319,320,321,322,323,324,325,326,327,328,
88;0;8751;8864;1;30,31,32,33,34,35,48,49,50,51,52,53,54,55,56,57,58,59,60,61,62,63,64,65,136,137,138,139,140,141,142,146,147,148,152,154,155,157,158,163,165,170,171,175,177,183,187,188,189,190,191,192,193,194,195,200,201,202,203,204,241,242,243,312,313,314,315,316,317,318,319,320,321,322,323,324,325,326,327,328,
4;0;8864;8994;1;30,31,32,33,34,35,48,49,50,51,52,53,54,55,56,57,58,59,60,61,62,63,64,65,136,137,138,139,140,141,142,146,147,148,152,154,155,157,158,163,165,170,171,175,177,183,187,188,189,190,191,192,193,194,195,200,201,202,203,204,241,242,243,312,313,314,315,316,317,318,319,320,321,322,323,324,325,326,327,328,
3;0;8994;9106;0;30,31,32,33,34,35,48,49,50,51,52,53,54,55,56,57,58,59,60,61,62,63,64,65,136,137,138,139,140,141,142,146,147,148,152,154,155,157,158,163,165,170,171,175,177,183,187,188,189,190,191,192,193,194,195,200,201,202,203,204,241,242,243,312,313,314,315,316,317,318,319,320,321,322,323,324,325,326,327,328,
3;1;9106;9134;0;30,31,32,33,34,35,48,49,50,51,52,53,54,55,56,57,58,59,60,61,62,63,64,65,136,137,138,139,140,141,142,146,147,148,152,154,155,157,158,163,165,170,171,175,177,183,187,188,189,190,191,192,193,194,195,200,201,202,203,204,241,242,243,312,313,314,315,316,317,318,319,320,321,322,323,324,325,326,327,328,
96;0;9134;9223;1;30,31,32,33,34,35,48,49,50,51,52,53,54,55,56,57,58,59,60,61,62,63,64,65,136,137,138,139,140,141,142,146,147,148,152,154,155,157,158,163,165,170,171,175,177,183,187,188,189,190,191,192,193,194,195,200,201,202,203,204,241,242,243,312,313,314,315,316,317,318,319,320,321,322,323,324,325,326,327,328,
43;0;9223;9234;0;30,31,32,33,34,35,48,49,50,51,52,53,54,55,56,57,58,59,60,61,62,63,64,65,136,137,138,139,140,141,142,146,147,148,152,154,155,157,158,163,165,170,171,175,177,183,187,188,189,190,191,192,193,194,195,200,201,202,203,204,241,242,243,312,313,314,315,316,317,318,319,320,321,322,323,324,325,326,327,328,
43;1;9234;9287;0;30,31,32,33,34,35,48,49,50,51,52,53,54,55,56,57,58,59,60,61,62,63,64,65,136,137,138,139,140,141,142,146,147,148,152,154,155,157,158,163,165,170,171,175,177,183,187,188,189,190,191,192,193,194,195,200,201,202,203,204,241,242,243,312,313,314,315,316,317,318,319,320,321,322,323,324,325,326,327,328,
2;0;9287;9298;1;30,31,32,33,34,35,48,49,50,51,52,53,54,55,56,57,58,59,60,61,62,63,64,65,136,137,138,139,140,141,142,146,147,148,152,154,155,157,158,163,165,170,171,175,177,183,187,188,189,190,191,192,193,194,195,200,201,202,203,204,241,242,243,312,313,314,315,316,317,318,319,320,321,322,323,324,325,326,327,328,
20;0;9298;9420;1;30,31,32,33,34,35,48,49,50,51,52,53,54,61,62,63,141,145,146,147,148,149,150,151,152,153,154,155,156,157,158,159,160,161,162,163,164,165,166,167,168,169,170,171,172,173,174,175,176,177,178,179,180,181,200,243,316,317,334,335,336,337,338,339,340,341,342,343,344,345,346,347,348,349,350,351,352,353,354,355,
55;0;9420;9535;0;30,31,32,33,34,35,48,49,50,51,52,53,54,61,62,63,141,145,146,147,148,149,150,151,152,153,154,155,156,157,158,159,160,161,162,163,164,165,166,167,168,169,170,171,172,173,174,175,176,177,178,179,180,181,200,243,316,317,334,335,336,337,338,339,340,341,342,343,344,345,346,347,348,349,350,351,352,353,354,355,
55;1;9535;9657;0;30,31,32,33,34,35,48,49,50,51,52,53,54,61,62,63,141,145,146,147,148,149,150,151,152,153,154,155,156,157,158,159,160,161,162,163,164,165,166,167,168,169,170,171,172,173,174,175,176,177,178,179,180,181,200,243,316,317,334,335,336,337,338,339,340,341,342,343,344,345,346,347,348,349,350,351,352,353,354,355,
121;0;9657;9794;1;30,31,32,33,34,35,48,49,50,51,52,53,54,61,62,63,141,145,146,147,148,149,150,151,152,153,154,155,156,157,158,159,160,161,162,163,164,165,166,167,168,169,170,171,172,173,174,175,176,177,178,179,180,181,200,243,316,317,334,335,336,337,338,339,340,341,342,343,344,345,346,347,348,349,350,351,352,353,354,355,
121;1;9794;9972;1;30,31,32,33,34,35,48,49,50,51,52,53,54,61,62,63,141,145,146,147,148,149,150,151,152,153,154,155,156,157,158,159,160,161,162,163,164,165,166,167,168,169,170,171,172,173,174,175,176,177,178,179,180,181,200,243,316,317,334,335,336,337,338,339,340,341,342,343,344,345,346,347,348,349,350,351,352,353,354,355,
Machine: 1
85;0;0;162;1;0,1,2,3,4,5,6,7,8,9,10,11,12,13,14,15,16,17,18,19,20,21,22,23,24,25,26,27,28,29,38,39,41,46,66,67,68,69,70,71,72,73,74,75,76,77,78,79,80,81,82,83,84,85,86,87,88,89,90,91,92,93,94,103,182,184,185,196,197,198,199,224,229,250,263,329,330,331,332,333,
85;1;162;203;1;0,1,2,3,4,5,6,7,8,9,10,11,12,13,14,15,16,17,18,19,20,21,22,23,24,25,26,27,28,29,38,39,41,46,66,67,68,69,70,71,72,73,74,75,76,77,78,79,80,81,82,83,84,85,86,87,88,89,90,91,92,93,94,103,182,184,185,196,197,198,199,224,229,250,263,329,330,331,332,333,
114;0;203;242;0;0,1,2,3,4,5,6,7,8,9,10,11,12,13,14,15,16,17,18,19,20,21,22,23,24,25,26,27,28,29,38,39,41,46,66,67,68,69,70,71,72,73,74,75,76,77,78,79,80,81,82,83,84,85,86,87,88,89,90,91,92,93,94,103,182,184,185,196,197,198,199,224,229,250,263,329,330,331,332,333,
109;0;242;343;1;0,1,2,3,4,5,6,7,8,9,10,11,12,13,14,15,16,17,18,19,20,21,22,23,24,25,26,27,28,29,38,39,41,46,66,67,68,69,70,71,72,73,74,75,76,77,78,79,80,81,82,83,84,85,86,87,88,89,90,91,92,93,94,103,182,184,185,196,197,198,199,224,229,250,263,329,330,331,332,333,
109;1;343;506;1;0,1,2,3,4,5,6,7,8,9,10,11,12,13,14,15,16,17,18,19,20,21,22,23,24,25,26,27,28,29,38,39,41,46,66,67,68,69,70,71,72,73,74,75,76,77,78,79,80,81,82,83,84,85,86,87,88,89,90,91,92,93,94,103,182,184,185,196,197,198,199,224,229,250,263,329,330,331,332,333,
1;0;506;538;0;0,1,2,3,4,5,6,7,8,9,10,11,12,13,14,15,16,17,18,19,20,21,22,23,24,25,26,27,28,29,38,39,41,46,66,67,68,69,70,71,72,73,74,75,76,77,78,79,80,81,82,83,84,85,86,87,88,89,90,91,92,93,94,103,182,184,185,196,197,198,199,224,229,250,263,329,330,331,332,333,
1;1;538;577;0;0,1,2,3,4,5,6,7,8,9,10,11,12,13,14,15,16,17,18,19,20,21,22,23,24,25,26,27,28,29,38,39,41,46,66,67,68,69,70,71,72,73,74,75,76,77,78,79,80,81,82,83,84,85,86,87,88,89,90,91,92,93,94,103,182,184,185,196,197,198,199,224,229,250,263,329,330,331,332,333,
107;0;577;749;0;0,1,2,3,4,5,6,7,8,9,10,11,12,13,14,15,16,17,18,19,20,21,22,23,24,25,26,27,28,29,38,39,41,46,66,67,68,69,70,71,72,73,74,75,76,77,78,79,80,81,82,83,84,85,86,87,88,89,90,91,92,93,94,103,182,184,185,196,197,198,199,224,229,250,263,329,330,331,332,333,
107;1;749;863;0;0,1,2,3,4,5,6,7,8,9,10,11,12,13,14,15,16,17,18,19,20,21,22,23,24,25,26,27,28,29,38,39,41,46,66,67,68,69,70,71,72,73,74,75,76,77,78,79,80,81,82,83,84,85,86,87,88,89,90,91,92,93,94,103,182,184,185,196,197,198,199,224,229,250,263,329,330,331,332,333,
104;0;863;955;1;0,1,2,3,4,5,6,7,8,9,10,11,12,13,14,15,16,17,18,19,20,21,22,23,24,25,26,27,28,29,38,39,41,46,66,67,68,69,70,71,72,73,74,75,76,77,78,79,80,81,82,83,84,85,86,87,88,89,90,91,92,93,94,103,182,184,185,196,197,198,199,224,229,250,263,329,330,331,332,333,
0;0;955;1081;1;0,1,2,3,4,5,6,7,8,9,10,11,12,13,14,15,16,17,18,19,20,21,22,23,24,25,26,27,28,29,38,39,41,46,66,67,68,69,70,71,72,73,74,75,76,77,78,79,80,81,82,83,84,85,86,87,88,89,90,91,92,93,94,103,182,184,185,196,197,198,199,224,229,250,263,329,330,331,332,333,
0;1;1081;1149;1;0,1,2,3,4,5,6,7,8,9,10,11,12,13,14,15,16,17,18,19,20,21,22,23,24,25,26,27,28,29,38,39,41,46,66,67,68,69,70,71,72,73,74,75,76,77,78,79,80,81,82,83,84,85,86,87,88,89,90,91,92,93,94,103,182,184,185,196,197,198,199,224,229,250,263,329,330,331,332,333,
51;0;1149;1185;0;0,1,2,3,4,5,6,7,8,9,10,11,12,13,14,15,16,17,18,19,20,21,22,23,24,25,26,27,28,29,38,39,41,46,66,67,68,69,70,71,72,73,74,75,76,77,78,79,80,81,82,83,84,85,86,87,88,89,90,91,92,93,94,103,182,184,185,196,197,198,199,224,229,250,263,329,330,331,332,333,
51;1;1185;1299;0;0,1,2,3,4,5,6,7,8,9,10,11,12,13,14,15,16,17,18,19,20,21,22,23,24,25,26,27,28,29,38,39,41,46,66,67,68,69,70,71,72,73,74,75,76,77,78,79,80,81,82,83,84,85,86,87,88,89,90,91,92,93,94,103,182,184,185,196,197,198,199,224,229,250,263,329,330,331,332,333,
122;0;1299;1449;0;0,1,2,3,4,5,6,7,8,9,10,11,12,13,14,15,16,17,18,19,20,21,22,23,24,25,26,27,28,29,38,39,41,46,66,67,68,69,70,71,72,73,74,75,76,77,78,79,80,81,82,83,84,85,86,87,88,89,90,91,92,93,94,103,182,184,185,196,197,198,199,224,229,250,263,329,330,331,332,333,
118;0;1449;1510;0;0,1,2,3,4,5,6,7,8,9,10,11,12,13,14,15,16,17,18,19,20,21,22,23,24,25,26,27,28,29,38,39,41,46,66,67,68,69,70,71,72,73,74,75,76,77,78,79,80,81,82,83,84,85,86,87,88,89,90,91,92,93,94,103,182,184,185,196,197,198,199,224,229,250,263,329,330,331,332,333,
9;0;1510;1631;1;0,1,2,3,4,5,6,7,8,9,10,11,12,13,14,15,16,17,18,19,20,21,22,23,24,25,26,27,28,29,38,39,41,46,66,67,68,69,70,71,72,73,74,75,76,77,78,79,80,81,82,83,84,85,86,87,88,89,90,91,92,93,94,103,182,184,185,196,197,198,199,224,229,250,263,329,330,331,332,333,
9;1;1631;1705;1;0,1,2,3,4,5,6,7,8,9,10,11,12,13,14,15,16,17,18,19,20,21,22,23,24,25,26,27,28,29,38,39,41,46,66,67,68,69,70,71,72,73,74,75,76,77,78,79,80,81,82,83,84,85,86,87,88,89,90,91,92,93,94,103,182,184,185,196,197,198,199,224,229,250,263,329,330,331,332,333,
110;0;1705;1806;0;0,1,2,3,4,5,6,7,8,9,10,11,12,13,14,15,16,17,18,19,20,21,22,23,24,25,26,27,28,29,38,39,41,46,66,67,68,69,70,71,72,73,74,75,76,77,78,79,80,81,82,83,84,85,86,87,88,89,90,91,92,93,94,103,182,184,185,196,197,198,199,224,229,250,263,329,330,331,332,333,
134;0;1806;1880;0;0,1,2,3,4,5,6,7,8,9,10,11,12,13,14,15,16,17,18,19,20,21,22,23,24,25,26,27,28,29,38,39,41,46,66,67,68,69,70,71,72,73,74,75,76,77,78,79,80,81,82,83,84,85,86,87,88,89,90,91,92,93,94,103,182,184,185,196,197,198,199,224,229,250,263,329,330,331,332,333,
116;0;1880;1948;1;0,1,2,3,4,5,6,7,8,9,10,11,12,13,14,15,16,17,18,19,20,21,22,23,24,25,26,27,28,29,38,39,41,46,66,67,68,69,70,71,72,73,74,75,76,77,78,79,80,81,82,83,84,85,86,87,88,89,90,91,92,93,94,103,182,184,185,196,197,198,199,224,229,250,263,329,330,331,332,333,
78;0;1948;2049;0;0,1,2,3,4,5,6,7,8,9,10,11,12,13,14,15,16,17,18,19,20,21,22,23,24,25,26,27,28,29,38,39,41,46,66,67,68,69,70,71,72,73,74,75,76,77,78,79,80,81,82,83,84,85,86,87,88,89,90,91,92,93,94,103,182,184,185,196,197,198,199,224,229,250,263,329,330,331,332,333,
63;0;2049;2183;0;0,17,18,38,39,41,46,66,67,68,69,75,78,79,81,100,101,102,103,104,105,106,107,108,109,110,111,112,113,114,115,116,117,118,119,120,121,122,123,124,125,126,127,128,129,130,131,132,133,134,135,182,184,185,196,197,198,199,229,250,263,275,276,277,278,279,280,281,282,283,284,285,286,287,288,289,307,356,357,358,
63;1;2183;2346;0;0,17,18,38,39,41,46,66,67,68,69,75,78,79,81,100,101,102,103,104,105,106,107,108,109,110,111,112,113,114,115,116,117,118,119,120,121,122,123,124,125,126,127,128,129,130,131,132,133,134,135,182,184,185,196,197,198,199,229,250,263,275,276,277,278,279,280,281,282,283,284,285,286,287,288,289,307,356,357,358,
77;0;2346;2390;1;0,17,18,38,39,41,46,66,67,68,69,75,78,79,81,100,101,102,103,104,105,106,107,108,109,110,111,112,113,114,115,116,117,118,119,120,121,122,123,124,125,126,127,128,129,130,131,132,133,134,135,182,184,185,196,197,198,199,229,250,263,275,276,277,278,279,280,281,282,283,284,285,286,287,288,289,307,356,357,358,
77;1;2390;2409;1;0,17,18,38,39,41,46,66,67,68,69,75,78,79,81,100,101,102,103,104,105,106,107,108,109,110,111,112,113,114,115,116,117,118,119,120,121,122,123,124,125,126,127,128,129,130,131,132,133,134,135,182,184,185,196,197,198,199,229,250,263,275,276,277,278,279,280,281,282,283,284,285,286,287,288,289,307,356,357,358,
24;0;2409;2510;1;0,17,18,38,39,41,46,66,67,68,69,75,78,79,81,100,101,102,103,104,105,106,107,108,109,110,111,112,113,114,115,116,117,118,119,120,121,122,123,124,125,126,127,128,129,130,131,132,133,134,135,182,184,185,196,197,198,199,229,250,263,275,276,277,278,279,280,281,282,283,284,285,286,287,288,289,307,356,357,358,
130;0;2510;2563;0;0,17,18,38,39,41,46,66,67,68,69,75,78,79,81,100,101,102,103,104,105,106,107,108,109,110,111,112,113,114,115,116,117,118,119,120,121,122,123,124,125,126,127,128,129,130,131,132,133,134,135,182,184,185,196,197,198,199,229,250,263,275,276,277,278,279,280,281,282,283,284,285,286,287,288,289,307,356,357,358,
30;0;2563;2677;0;0,17,18,38,39,41,46,66,67,68,69,75,78,79,81,100,101,102,103,104,105,106,107,108,109,110,111,112,113,114,115,116,117,118,119,120,121,122,123,124,125,126,127,128,129,130,131,132,133,134,135,182,184,185,196,197,198,199,229,250,263,275,276,277,278,279,280,281,282,283,284,285,286,287,288,289,307,356,357,358,
57;0;2677;2706;1;0,17,18,38,39,41,46,66,67,68,69,75,78,79,81,100,101,102,103,104,105,106,107,108,109,110,111,112,113,114,115,116,117,118,119,120,121,122,123,124,125,126,127,128,129,130,131,132,133,134,135,182,184,185,196,197,198,199,229,250,263,275,276,277,278,279,280,281,282,283,284,285,286,287,288,289,307,356,357,358,
57;1;2706;2807;1;0,17,18,38,39,41,46,66,67,68,69,75,78,79,81,100,101,102,103,104,105,106,107,108,109,110,111,112,113,114,115,116,117,118,119,120,121,122,123,124,125,126,127,128,129,130,131,132,133,134,135,182,184,185,196,197,198,199,229,250,263,275,276,277,278,279,280,281,282,283,284,285,286,287,288,289,307,356,357,358,
72;0;2807;2945;1;0,17,18,38,39,41,46,66,67,68,69,75,78,79,81,100,101,102,103,104,105,106,107,108,109,110,111,112,113,114,115,116,117,118,119,120,121,122,123,124,125,126,127,128,129,130,131,132,133,134,135,182,184,185,196,197,198,199,229,250,263,275,276,277,278,279,280,281,282,283,284,285,286,287,288,289,307,356,357,358,
124;0;2945;3095;1;0,17,18,38,39,41,46,66,67,68,69,75,78,79,81,100,101,102,103,104,105,106,107,108,109,110,111,112,113,114,115,116,117,118,119,120,121,122,123,124,125,126,127,128,129,130,131,132,133,134,135,182,184,185,196,197,198,199,229,250,263,275,276,277,278,279,280,281,282,283,284,285,286,287,288,289,307,356,357,358,
15;0;3095;3214;0;0,17,18,38,39,41,46,66,67,68,69,75,78,79,81,100,101,102,103,104,105,106,107,108,109,110,111,112,113,114,115,116,117,118,119,120,121,122,123,124,125,126,127,128,129,130,131,132,133,134,135,182,184,185,196,197,198,199,229,250,263,275,276,277,278,279,280,281,282,283,284,285,286,287,288,289,307,356,357,358,
15;1;3214;3352;0;0,17,18,38,39,41,46,66,67,68,69,75,78,79,81,100,101,102,103,104,105,106,107,108,109,110,111,112,113,114,115,116,117,118,119,120,121,122,123,124,125,126,127,128,129,130,131,132,133,134,135,182,184,185,196,197,198,199,229,250,263,275,276,277,278,279,280,281,282,283,284,285,286,287,288,289,307,356,357,358,
135;0;3352;3451;0;0,36,37,38,39,40,41,42,43,44,45,46,47,48,66,67,68,69,75,78,79,81,96,97,98,99,100,106,107,110,143,144,171,184,185,186,196,197,198,199,244,245,246,247,248,249,250,251,252,253,254,255,256,257,258,259,260,261,262,263,264,265,266,267,268,269,270,271,272,273,274,303,304,305,306,307,308,309,310,311,
135;1;3451;3617;0;0,36,37,38,39,40,41,42,43,44,45,46,47,48,66,67,68,69,75,78,79,81,96,97,98,99,100,106,107,110,143,144,171,184,185,186,196,197,198,199,244,245,246,247,248,249,250,251,252,253,254,255,256,257,258,259,260,261,262,263,264,265,266,267,268,269,270,271,272,273,274,303,304,305,306,307,308,309,310,311,
18;0;3617;3712;0;0,36,37,38,39,40,41,42,43,44,45,46,47,48,66,67,68,69,75,78,79,81,96,97,98,99,100,106,107,110,143,144,171,184,185,186,196,197,198,199,244,245,246,247,248,249,250,251,252,253,254,255,256,257,258,259,260,261,262,263,264,265,266,267,268,269,270,271,272,273,274,303,304,305,306,307,308,309,310,311,
113;0;3712;3778;1;0,36,37,38,39,40,41,42,43,44,45,46,47,48,66,67,68,69,75,78,79,81,96,97,98,99,100,106,107,110,143,144,171,184,185,186,196,197,198,199,244,245,246,247,248,249,250,251,252,253,254,255,256,257,258,259,260,261,262,263,264,265,266,267,268,269,270,271,272,273,274,303,304,305,306,307,308,309,310,311,
113;1;3778;3870;1;0,36,37,38,39,40,41,42,43,44,45,46,47,48,66,67,68,69,75,78,79,81,96,97,98,99,100,106,107,110,143,144,171,184,185,186,196,197,198,199,244,245,246,247,248,249,250,251,252,253,254,255,256,257,258,259,260,261,262,263,264,265,266,267,268,269,270,271,272,273,274,303,304,305,306,307,308,309,310,311,
76;0;3870;3915;1;0,36,37,38,39,40,41,42,43,44,45,46,47,48,66,67,68,69,75,78,79,81,96,97,98,99,100,106,107,110,143,144,171,184,185,186,196,197,198,199,244,245,246,247,248,249,250,251,252,253,254,255,256,257,258,259,260,261,262,263,264,265,266,267,268,269,270,271,272,273,274,303,304,305,306,307,308,309,310,311,
112;0;3915;4065;1;0,36,37,38,39,40,41,42,43,44,45,46,47,48,66,67,68,69,75,78,79,81,96,97,98,99,100,106,107,110,143,144,171,184,185,186,196,197,198,199,244,245,246,247,248,249,250,251,252,253,254,255,256,257,258,259,260,261,262,263,264,265,266,267,268,269,270,271,272,273,274,303,304,305,306,307,308,309,310,311,
100;0;4065;4160;1;0,36,37,38,39,40,41,42,43,44,45,46,47,48,66,67,68,69,75,78,79,81,96,97,98,99,100,106,107,110,143,144,171,184,185,186,196,197,198,199,244,245,246,247,248,249,250,251,252,253,254,255,256,257,258,259,260,261,262,263,264,265,266,267,268,269,270,271,272,273,274,303,304,305,306,307,308,309,310,311,
128;0;4160;4201;1;0,36,37,38,39,40,41,42,43,44,45,46,47,48,66,67,68,69,75,78,79,81,96,97,98,99,100,106,107,110,143,144,171,184,185,186,196,197,198,199,244,245,246,247,248,249,250,251,252,253,254,255,256,257,258,259,260,261,262,263,264,265,266,267,268,269,270,271,272,273,274,303,304,305,306,307,308,309,310,311,
73;0;4201;4373;1;0,36,37,38,39,40,41,42,43,44,45,46,47,48,66,67,68,69,75,78,79,81,96,97,98,99,100,106,107,110,143,144,171,184,185,186,196,197,198,199,244,245,246,247,248,249,250,251,252,253,254,255,256,257,258,259,260,261,262,263,264,265,266,267,268,269,270,271,272,273,274,303,304,305,306,307,308,309,310,311,
73;1;4373;4541;1;0,36,37,38,39,40,41,42,43,44,45,46,47,48,66,67,68,69,75,78,79,81,96,97,98,99,100,106,107,110,143,144,171,184,185,186,196,197,198,199,244,245,246,247,248,249,250,251,252,253,254,255,256,257,258,259,260,261,262,263,264,265,266,267,268,269,270,271,272,273,274,303,304,305,306,307,308,309,310,311,
14;0;4541;4636;0;0,36,37,38,39,40,41,42,43,44,45,46,47,48,66,67,68,69,75,78,79,81,96,97,98,99,100,106,107,110,143,144,171,184,185,186,196,197,198,199,244,245,246,247,248,249,250,251,252,253,254,255,256,257,258,259,260,261,262,263,264,265,266,267,268,269,270,271,272,273,274,303,304,305,306,307,308,309,310,311,
79;0;4636;4702;0;0,36,37,38,39,40,41,42,43,44,45,46,47,48,66,67,68,69,75,78,79,81,96,97,98,99,100,106,107,110,143,144,171,184,185,186,196,197,198,199,244,245,246,247,248,249,250,251,252,253,254,255,256,257,258,259,260,261,262,263,264,265,266,267,268,269,270,271,272,273,274,303,304,305,306,307,308,309,310,311,
79;1;4702;4870;0;0,36,37,38,39,40,41,42,43,44,45,46,47,48,66,67,68,69,75,78,79,81,96,97,98,99,100,106,107,110,143,144,171,184,185,186,196,197,198,199,244,245,246,247,248,249,250,251,252,253,254,255,256,257,258,259,260,261,262,263,264,265,266,267,268,269,270,271,272,273,274,303,304,305,306,307,308,309,310,311,
34;0;4870;5033;0;0,36,37,38,39,40,41,42,43,44,45,46,47,48,66,67,68,69,75,78,79,81,96,97,98,99,100,106,107,110,143,144,171,184,185,186,196,197,198,199,244,245,246,247,248,249,250,251,252,253,254,255,256,257,258,259,260,261,262,263,264,265,266,267,268,269,270,271,272,273,274,303,304,305,306,307,308,309,310,311,
126;0;5033;5057;0;0,36,37,38,39,40,41,42,43,44,45,46,47,48,66,67,68,69,75,78,79,81,96,97,98,99,100,106,107,110,143,144,171,184,185,186,196,197,198,199,244,245,246,247,248,249,250,251,252,253,254,255,256,257,258,259,260,261,262,263,264,265,266,267,268,269,270,271,272,273,274,303,304,305,306,307,308,309,310,311,
12;0;5057;5098;1;0,36,37,38,39,40,41,42,43,44,45,46,47,48,66,67,68,69,75,78,79,81,96,97,98,99,100,106,107,110,143,144,171,184,185,186,196,197,198,199,244,245,246,247,248,249,250,251,252,253,254,255,256,257,258,259,260,261,262,263,264,265,266,267,268,269,270,271,272,273,274,303,304,305,306,307,308,309,310,311,
5;0;5098;5274;1;0,36,37,38,39,40,41,42,43,44,45,46,47,48,66,67,68,69,75,78,79,81,96,97,98,99,100,106,107,110,143,144,171,184,185,186,196,197,198,199,244,245,246,247,248,249,250,251,252,253,254,255,256,257,258,259,260,261,262,263,264,265,266,267,268,269,270,271,272,273,274,303,304,305,306,307,308,309,310,311,
5;1;5274;5421;1;0,36,37,38,39,40,41,42,43,44,45,46,47,48,66,67,68,69,75,78,79,81,96,97,98,99,100,106,107,110,143,144,171,184,185,186,196,197,198,199,244,245,246,247,248,249,250,251,252,253,254,255,256,257,258,259,260,261,262,263,264,265,266,267,268,269,270,271,272,273,274,303,304,305,306,307,308,309,310,311,
86;0;5421;5471;0;0,36,37,38,39,40,41,42,43,44,45,46,47,48,66,67,68,69,75,78,79,81,96,97,98,99,100,106,107,110,143,144,171,184,185,186,196,197,198,199,244,245,246,247,248,249,250,251,252,253,254,255,256,257,258,259,260,261,262,263,264,265,266,267,268,269,270,271,272,273,274,303,304,305,306,307,308,309,310,311,
83;0;5471;5522;0;0,36,37,38,39,40,41,42,43,44,45,46,47,48,66,67,68,69,75,78,79,81,96,97,98,99,100,106,107,110,143,144,171,184,185,186,196,197,198,199,244,245,246,247,248,249,250,251,252,253,254,255,256,257,258,259,260,261,262,263,264,265,266,267,268,269,270,271,272,273,274,303,304,305,306,307,308,309,310,311,
83;1;5522;5576;0;0,36,37,38,39,40,41,42,43,44,45,46,47,48,66,67,68,69,75,78,79,81,96,97,98,99,100,106,107,110,143,144,171,184,185,186,196,197,198,199,244,245,246,247,248,249,250,251,252,253,254,255,256,257,258,259,260,261,262,263,264,265,266,267,268,269,270,271,272,273,274,303,304,305,306,307,308,309,310,311,
84;0;5576;5587;1;0,36,37,38,39,40,41,42,43,44,45,46,47,48,66,67,68,69,75,78,79,81,96,97,98,99,100,106,107,110,143,144,171,184,185,186,196,197,198,199,244,245,246,247,248,249,250,251,252,253,254,255,256,257,258,259,260,261,262,263,264,265,266,267,268,269,270,271,272,273,274,303,304,305,306,307,308,309,310,311,
97;0;5587;5751;1;0,36,37,38,39,40,41,42,43,44,45,46,47,48,66,67,68,69,75,78,79,81,96,97,98,99,100,106,107,110,143,144,171,184,185,186,196,197,198,199,244,245,246,247,248,249,250,251,252,253,254,255,256,257,258,259,260,261,262,263,264,265,266,267,268,269,270,271,272,273,274,303,304,305,306,307,308,309,310,311,
97;1;5751;5901;1;0,36,37,38,39,40,41,42,43,44,45,46,47,48,66,67,68,69,75,78,79,81,96,97,98,99,100,106,107,110,143,144,171,184,185,186,196,197,198,199,244,245,246,247,248,249,250,251,252,253,254,255,256,257,258,259,260,261,262,263,264,265,266,267,268,269,270,271,272,273,274,303,304,305,306,307,308,309,310,311,
75;0;5901;5962;0;0,36,37,38,39,40,41,42,43,44,45,46,47,48,66,67,68,69,75,78,79,81,96,97,98,99,100,106,107,110,143,144,171,184,185,186,196,197,198,199,244,245,246,247,248,249,250,251,252,253,254,255,256,257,258,259,260,261,262,263,264,265,266,267,268,269,270,271,272,273,274,303,304,305,306,307,308,309,310,311,
75;1;5962;5973;0;0,36,37,38,39,40,41,42,43,44,45,46,47,48,66,67,68,69,75,78,79,81,96,97,98,99,100,106,107,110,143,144,171,184,185,186,196,197,198,199,244,245,246,247,248,249,250,251,252,253,254,255,256,257,258,259,260,261,262,263,264,265,266,267,268,269,270,271,272,273,274,303,304,305,306,307,308,309,310,311,
32;0;5973;6141;1;0,36,37,38,39,40,41,42,43,44,45,46,47,48,66,67,68,69,75,78,79,81,96,97,98,99,100,106,107,110,143,144,171,184,185,186,196,197,198,199,244,245,246,247,248,249,250,251,252,253,254,255,256,257,258,259,260,261,262,263,264,265,266,267,268,269,270,271,272,273,274,303,304,305,306,307,308,309,310,311,
92;0;6141;6236;1;0,36,37,38,39,40,41,42,43,44,45,46,47,48,66,67,68,69,75,78,79,81,96,97,98,99,100,106,107,110,143,144,171,184,185,186,196,197,198,199,244,245,246,247,248,249,250,251,252,253,254,255,256,257,258,259,260,261,262,263,264,265,266,267,268,269,270,271,272,273,274,303,304,305,306,307,308,309,310,311,
46;0;6236;6399;0;0,36,37,38,39,40,41,42,43,44,45,46,47,48,66,67,68,69,75,78,79,81,96,97,98,99,100,106,107,110,143,144,171,184,185,186,196,197,198,199,244,245,246,247,248,249,250,251,252,253,254,255,256,257,258,259,260,261,262,263,264,265,266,267,268,269,270,271,272,273,274,303,304,305,306,307,308,309,310,311,
17;0;6399;6403;1;0,36,37,38,39,40,41,42,43,44,45,46,47,48,66,67,68,69,75,78,79,81,96,97,98,99,100,106,107,110,143,144,171,184,185,186,196,197,198,199,244,245,246,247,248,249,250,251,252,253,254,255,256,257,258,259,260,261,262,263,264,265,266,267,268,269,270,271,272,273,274,303,304,305,306,307,308,309,310,311,
17;1;6403;6427;1;0,36,37,38,39,40,41,42,43,44,45,46,47,48,66,67,68,69,75,78,79,81,96,97,98,99,100,106,107,110,143,144,171,184,185,186,196,197,198,199,244,245,246,247,248,249,250,251,252,253,254,255,256,257,258,259,260,261,262,263,264,265,266,267,268,269,270,271,272,273,274,303,304,305,306,307,308,309,310,311,
87;0;6427;6449;0;0,36,37,38,39,40,41,42,43,44,45,46,47,48,66,67,68,69,75,78,79,81,96,97,98,99,100,106,107,110,143,144,171,184,185,186,196,197,198,199,244,245,246,247,248,249,250,251,252,253,254,255,256,257,258,259,260,261,262,263,264,265,266,267,268,269,270,271,272,273,274,303,304,305,306,307,308,309,310,311,
87;1;6449;6503;0;0,36,37,38,39,40,41,42,43,44,45,46,47,48,66,67,68,69,75,78,79,81,96,97,98,99,100,106,107,110,143,144,171,184,185,186,196,197,198,199,244,245,246,247,248,249,250,251,252,253,254,255,256,257,258,259,260,261,262,263,264,265,266,267,268,269,270,271,272,273,274,303,304,305,306,307,308,309,310,311,
67;0;6503;6640;0;0,36,37,38,39,40,41,42,43,44,45,46,47,48,66,67,68,69,75,78,79,81,96,97,98,99,100,106,107,110,143,144,171,184,185,186,196,197,198,199,244,245,246,247,248,249,250,251,252,253,254,255,256,257,258,259,260,261,262,263,264,265,266,267,268,269,270,271,272,273,274,303,304,305,306,307,308,309,310,311,
67;1;6640;6735;0;0,36,37,38,39,40,41,42,43,44,45,46,47,48,66,67,68,69,75,78,79,81,96,97,98,99,100,106,107,110,143,144,171,184,185,186,196,197,198,199,244,245,246,247,248,249,250,251,252,253,254,255,256,257,258,259,260,261,262,263,264,265,266,267,268,269,270,271,272,273,274,303,304,305,306,307,308,309,310,311,
136;0;6735;6759;1;0,36,37,38,39,40,41,42,43,44,45,46,47,48,66,67,68,69,75,78,79,81,96,97,98,99,100,106,107,110,143,144,171,184,185,186,196,197,198,199,244,245,246,247,248,249,250,251,252,253,254,255,256,257,258,259,260,261,262,263,264,265,266,267,268,269,270,271,272,273,274,303,304,305,306,307,308,309,310,311,
35;0;6759;6860;0;0,36,37,38,39,40,41,42,43,44,45,46,47,48,66,67,68,69,75,78,79,81,96,97,98,99,100,106,107,110,143,144,171,184,185,186,196,197,198,199,244,245,246,247,248,249,250,251,252,253,254,255,256,257,258,259,260,261,262,263,264,265,266,267,268,269,270,271,272,273,274,303,304,305,306,307,308,309,310,311,
35;1;6860;6952;0;0,36,37,38,39,40,41,42,43,44,45,46,47,48,66,67,68,69,75,78,79,81,96,97,98,99,100,106,107,110,143,144,171,184,185,186,196,197,198,199,244,245,246,247,248,249,250,251,252,253,254,255,256,257,258,259,260,261,262,263,264,265,266,267,268,269,270,271,272,273,274,303,304,305,306,307,308,309,310,311,
21;0;6952;6993;1;0,36,37,38,39,40,41,42,43,44,45,46,47,48,66,67,68,69,75,78,79,81,96,97,98,99,100,106,107,110,143,144,171,184,185,186,196,197,198,199,244,245,246,247,248,249,250,251,252,253,254,255,256,257,258,259,260,261,262,263,264,265,266,267,268,269,270,271,272,273,274,303,304,305,306,307,308,309,310,311,
21;1;6993;7099;1;0,36,37,38,39,40,41,42,43,44,45,46,47,48,66,67,68,69,75,78,79,81,96,97,98,99,100,106,107,110,143,144,171,184,185,186,196,197,198,199,244,245,246,247,248,249,250,251,252,253,254,255,256,257,258,259,260,261,262,263,264,265,266,267,268,269,270,271,272,273,274,303,304,305,306,307,308,309,310,311,
7;0;7099;7156;0;0,36,37,38,39,40,41,42,43,44,45,46,47,48,66,67,68,69,75,78,79,81,96,97,98,99,100,106,107,110,143,144,171,184,185,186,196,197,198,199,244,245,246,247,248,249,250,251,252,253,254,255,256,257,258,259,260,261,262,263,264,265,266,267,268,269,270,271,272,273,274,303,304,305,306,307,308,309,310,311,
7;1;7156;7201;0;0,36,37,38,39,40,41,42,43,44,45,46,47,48,66,67,68,69,75,78,79,81,96,97,98,99,100,106,107,110,143,144,171,184,185,186,196,197,198,199,244,245,246,247,248,249,250,251,252,253,254,255,256,257,258,259,260,261,262,263,264,265,266,267,268,269,270,271,272,273,274,303,304,305,306,307,308,309,310,311,
132;0;7201;7296;1;0,36,37,38,39,40,41,42,43,44,45,46,47,48,66,67,68,69,75,78,79,81,96,97,98,99,100,106,107,110,143,144,171,184,185,186,196,197,198,199,244,245,246,247,248,249,250,251,252,253,254,255,256,257,258,259,260,261,262,263,264,265,266,267,268,269,270,271,272,273,274,303,304,305,306,307,308,309,310,311,
123;0;7296;7410;0;0,36,37,38,39,40,41,42,43,44,45,46,47,48,66,67,68,69,75,78,79,81,96,97,98,99,100,106,107,110,143,144,171,184,185,186,196,197,198,199,244,245,246,247,248,249,250,251,252,253,254,255,256,257,258,259,260,261,262,263,264,265,266,267,268,269,270,271,272,273,274,303,304,305,306,307,308,309,310,311,
123;1;7410;7573;0;0,36,37,38,39,40,41,42,43,44,45,46,47,48,66,67,68,69,75,78,79,81,96,97,98,99,100,106,107,110,143,144,171,184,185,186,196,197,198,199,244,245,246,247,248,249,250,251,252,253,254,255,256,257,258,259,260,261,262,263,264,265,266,267,268,269,270,271,272,273,274,303,304,305,306,307,308,309,310,311,
95;0;7573;7603;0;0,36,37,38,39,40,41,42,43,44,45,46,47,48,66,67,68,69,75,78,79,81,96,97,98,99,100,106,107,110,143,144,171,184,185,186,196,197,198,199,244,245,246,247,248,249,250,251,252,253,254,255,256,257,258,259,260,261,262,263,264,265,266,267,268,269,270,271,272,273,274,303,304,305,306,307,308,309,310,311,
95;1;7603;7750;0;0,36,37,38,39,40,41,42,43,44,45,46,47,48,66,67,68,69,75,78,79,81,96,97,98,99,100,106,107,110,143,144,171,184,185,186,196,197,198,199,244,245,246,247,248,249,250,251,252,253,254,255,256,257,258,259,260,261,262,263,264,265,266,267,268,269,270,271,272,273,274,303,304,305,306,307,308,309,310,311,
103;0;7750;7924;0;0,36,37,38,39,40,41,42,43,44,45,46,47,48,66,67,68,69,75,78,79,81,96,97,98,99,100,106,107,110,143,144,171,184,185,186,196,197,198,199,244,245,246,247,248,249,250,251,252,253,254,255,256,257,258,259,260,261,262,263,264,265,266,267,268,269,270,271,272,273,274,303,304,305,306,307,308,309,310,311,
103;1;7924;7965;0;0,36,37,38,39,40,41,42,43,44,45,46,47,48,66,67,68,69,75,78,79,81,96,97,98,99,100,106,107,110,143,144,171,184,185,186,196,197,198,199,244,245,246,247,248,249,250,251,252,253,254,255,256,257,258,259,260,261,262,263,264,265,266,267,268,269,270,271,272,273,274,303,304,305,306,307,308,309,310,311,
23;0;7965;8053;0;0,36,37,38,39,40,41,42,43,44,45,46,47,48,66,67,68,69,75,78,79,81,96,97,98,99,100,106,107,110,143,144,171,184,185,186,196,197,198,199,244,245,246,247,248,249,250,251,252,253,254,255,256,257,258,259,260,261,262,263,264,265,266,267,268,269,270,271,272,273,274,303,304,305,306,307,308,309,310,311,
23;1;8053;8094;0;0,36,37,38,39,40,41,42,43,44,45,46,47,48,66,67,68,69,75,78,79,81,96,97,98,99,100,106,107,110,143,144,171,184,185,186,196,197,198,199,244,245,246,247,248,249,250,251,252,253,254,255,256,257,258,259,260,261,262,263,264,265,266,267,268,269,270,271,272,273,274,303,304,305,306,307,308,309,310,311,
59;0;8094;8133;0;0,36,37,38,39,40,41,42,43,44,45,46,47,48,66,67,68,69,75,78,79,81,96,97,98,99,100,106,107,110,143,144,171,184,185,186,196,197,198,199,244,245,246,247,248,249,250,251,252,253,254,255,256,257,258,259,260,261,262,263,264,265,266,267,268,269,270,271,272,273,274,303,304,305,306,307,308,309,310,311,
59;1;8133;8178;0;0,36,37,38,39,40,41,42,43,44,45,46,47,48,66,67,68,69,75,78,79,81,96,97,98,99,100,106,107,110,143,144,171,184,185,186,196,197,198,199,244,245,246,247,248,249,250,251,252,253,254,255,256,257,258,259,260,261,262,263,264,265,266,267,268,269,270,271,272,273,274,303,304,305,306,307,308,309,310,311,
74;0;8178;8344;0;0,36,37,38,39,40,41,42,43,44,45,46,47,48,66,67,68,69,75,78,79,81,96,97,98,99,100,106,107,110,143,144,171,184,185,186,196,197,198,199,244,245,246,247,248,249,250,251,252,253,254,255,256,257,258,259,260,261,262,263,264,265,266,267,268,269,270,271,272,273,274,303,304,305,306,307,308,309,310,311,
58;0;8344;8458;0;0,36,37,38,39,40,41,42,43,44,45,46,47,48,66,67,68,69,75,78,79,81,96,97,98,99,100,106,107,110,143,144,171,184,185,186,196,197,198,199,244,245,246,247,248,249,250,251,252,253,254,255,256,257,258,259,260,261,262,263,264,265,266,267,268,269,270,271,272,273,274,303,304,305,306,307,308,309,310,311,
13;0;8458;8622;1;0,36,37,38,39,40,41,42,43,44,45,46,47,48,66,67,68,69,75,78,79,81,96,97,98,99,100,106,107,110,143,144,171,184,185,186,196,197,198,199,244,245,246,247,248,249,250,251,252,253,254,255,256,257,258,259,260,261,262,263,264,265,266,267,268,269,270,271,272,273,274,303,304,305,306,307,308,309,310,311,
13;1;8622;8728;1;0,36,37,38,39,40,41,42,43,44,45,46,47,48,66,67,68,69,75,78,79,81,96,97,98,99,100,106,107,110,143,144,171,184,185,186,196,197,198,199,244,245,246,247,248,249,250,251,252,253,254,255,256,257,258,259,260,261,262,263,264,265,266,267,268,269,270,271,272,273,274,303,304,305,306,307,308,309,310,311,
6;0;8728;8878;0;0,36,37,38,39,40,41,42,43,44,45,46,47,48,66,67,68,69,75,78,79,81,96,97,98,99,100,106,107,110,143,144,171,184,185,186,196,197,198,199,244,245,246,247,248,249,250,251,252,253,254,255,256,257,258,259,260,261,262,263,264,265,266,267,268,269,270,271,272,273,274,303,304,305,306,307,308,309,310,311,
119;0;8878;8950;0;0,36,37,38,39,40,41,42,43,44,45,46,47,48,66,67,68,69,75,78,79,81,96,97,98,99,100,106,107,110,143,144,171,184,185,186,196,197,198,199,244,245,246,247,248,249,250,251,252,253,254,255,256,257,258,259,260,261,262,263,264,265,266,267,268,269,270,271,272,273,274,303,304,305,306,307,308,309,310,311,
119;1;8950;9097;0;0,36,37,38,39,40,41,42,43,44,45,46,47,48,66,67,68,69,75,78,79,81,96,97,98,99,100,106,107,110,143,144,171,184,185,186,196,197,198,199,244,245,246,247,248,249,250,251,252,253,254,255,256,257,258,259,260,261,262,263,264,265,266,267,268,269,270,271,272,273,274,303,304,305,306,307,308,309,310,311,
47;0;9097;9161;0;0,36,37,38,39,40,41,42,43,44,45,46,47,48,66,67,68,69,75,78,79,81,96,97,98,99,100,106,107,110,143,144,171,184,185,186,196,197,198,199,244,245,246,247,248,249,250,251,252,253,254,255,256,257,258,259,260,261,262,263,264,265,266,267,268,269,270,271,272,273,274,303,304,305,306,307,308,309,310,311,
47;1;9161;9267;0;0,36,37,38,39,40,41,42,43,44,45,46,47,48,66,67,68,69,75,78,79,81,96,97,98,99,100,106,107,110,143,144,171,184,185,186,196,197,198,199,244,245,246,247,248,249,250,251,252,253,254,255,256,257,258,259,260,261,262,263,264,265,266,267,268,269,270,271,272,273,274,303,304,305,306,307,308,309,310,311,
106;0;9267;9362;0;0,36,37,38,39,40,41,42,43,44,45,46,47,48,66,67,68,69,75,78,79,81,96,97,98,99,100,106,107,110,143,144,171,184,185,186,196,197,198,199,244,245,246,247,248,249,250,251,252,253,254,255,256,257,258,259,260,261,262,263,264,265,266,267,268,269,270,271,272,273,274,303,304,305,306,307,308,309,310,311,
99;0;9362;9428;0;0,36,37,38,39,40,41,42,43,44,45,46,47,48,66,67,68,69,75,78,79,81,96,97,98,99,100,106,107,110,143,144,171,184,185,186,196,197,198,199,244,245,246,247,248,249,250,251,252,253,254,255,256,257,258,259,260,261,262,263,264,265,266,267,268,269,270,271,272,273,274,303,304,305,306,307,308,309,310,311,
99;1;9428;9520;0;0,36,37,38,39,40,41,42,43,44,45,46,47,48,66,67,68,69,75,78,79,81,96,97,98,99,100,106,107,110,143,144,171,184,185,186,196,197,198,199,244,245,246,247,248,249,250,251,252,253,254,255,256,257,258,259,260,261,262,263,264,265,266,267,268,269,270,271,272,273,274,303,304,305,306,307,308,309,310,311,
48;0;9520;9667;1;0,36,37,38,39,40,41,42,43,44,45,46,47,48,66,67,68,69,75,78,79,81,96,97,98,99,100,106,107,110,143,144,171,184,185,186,196,197,198,199,244,245,246,247,248,249,250,251,252,253,254,255,256,257,258,259,260,261,262,263,264,265,266,267,268,269,270,271,272,273,274,303,304,305,306,307,308,309,310,311,
END
fineshedJobsCount: 208
switchs: 174
switchsInstances: 4
unfineshedPriorityCount: 0
totalUnfineshed: 1
criticalMachineSwitchs: 66
criticalMachineTime: 9972
Final Solution: 6026
Time: 241307
PTL: 184
MCMC: 77
Best Initial: 5353
Mean Initial: 5201.64
