./input/BaseInstances/2M1_n=130,r=0.5,t=224,v0.txt;./input/Processed/ToolSetInt.csv
7;720;1440
Machine: 0
80;0;0;16;1;8,9,10,11,12,13,14,15,16,17,18,19,20,21,22,23,26,27,28,29,36,37,65,66,93,94,95,96,97,98,99,100,101,102,103,104,105,108,109,110,111,112,113,114,115,116,117,118,119,120,121,122,123,124,125,126,127,128,129,130,131,132,133,135,139,140,143,147,178,179,214,215,216,217,218,219,220,221,222,223,
39;0;16;95;0;8,9,10,11,12,13,14,15,16,17,18,19,20,21,22,23,26,27,28,29,36,37,65,66,93,94,95,96,97,98,99,100,101,102,103,104,105,108,109,110,111,112,113,114,115,116,117,118,119,120,121,122,123,124,125,126,127,128,129,130,131,132,133,135,139,140,143,147,178,179,214,215,216,217,218,219,220,221,222,223,
39;1;95;253;0;8,9,10,11,12,13,14,15,16,17,18,19,20,21,22,23,26,27,28,29,36,37,65,66,93,94,95,96,97,98,99,100,101,102,103,104,105,108,109,110,111,112,113,114,115,116,117,118,119,120,121,122,123,124,125,126,127,128,129,130,131,132,133,135,139,140,143,147,178,179,214,215,216,217,218,219,220,221,222,223,
4;0;253;383;1;8,9,10,11,12,13,14,15,16,17,18,19,20,21,22,23,26,27,28,29,36,37,65,66,93,94,95,96,97,98,99,100,101,102,103,104,105,108,109,110,111,112,113,114,115,116,117,118,119,120,121,122,123,124,125,126,127,128,129,130,131,132,133,135,139,140,143,147,178,179,214,215,216,217,218,219,220,221,222,223,
56;0;383;517;1;8,9,10,11,12,13,14,15,16,17,18,19,20,21,22,23,26,27,28,29,36,37,65,66,93,94,95,96,97,98,99,100,101,102,103,104,105,108,109,110,111,112,113,114,115,116,117,118,119,120,121,122,123,124,125,126,127,128,129,130,131,132,133,135,139,140,143,147,178,179,214,215,216,217,218,219,220,221,222,223,
13;0;517;623;1;8,9,10,11,12,13,14,15,16,17,18,19,20,21,22,23,26,27,28,29,36,37,65,66,93,94,95,96,97,98,99,100,101,102,103,104,105,108,109,110,111,112,113,114,115,116,117,118,119,120,121,122,123,124,125,126,127,128,129,130,131,132,133,135,139,140,143,147,178,179,214,215,216,217,218,219,220,221,222,223,
13;1;623;729;1;8,9,10,11,12,13,14,15,16,17,18,19,20,21,22,23,26,27,28,29,36,37,65,66,93,94,95,96,97,98,99,100,101,102,103,104,105,108,109,110,111,112,113,114,115,116,117,118,119,120,121,122,123,124,125,126,127,128,129,130,131,132,133,135,139,140,143,147,178,179,214,215,216,217,218,219,220,221,222,223,
83;0;729;795;0;8,9,10,11,12,13,14,15,16,17,18,19,20,21,22,23,26,27,28,29,36,37,65,66,93,94,95,96,97,98,99,100,101,102,103,104,105,108,109,110,111,112,113,114,115,116,117,118,119,120,121,122,123,124,125,126,127,128,129,130,131,132,133,135,139,140,143,147,178,179,214,215,216,217,218,219,220,221,222,223,
83;1;795;849;0;8,9,10,11,12,13,14,15,16,17,18,19,20,21,22,23,26,27,28,29,36,37,65,66,93,94,95,96,97,98,99,100,101,102,103,104,105,108,109,110,111,112,113,114,115,116,117,118,119,120,121,122,123,124,125,126,127,128,129,130,131,132,133,135,139,140,143,147,178,179,214,215,216,217,218,219,220,221,222,223,
11;0;849;879;0;8,9,10,11,12,13,14,15,16,17,18,19,20,21,22,23,26,27,28,29,36,37,65,66,93,94,95,96,97,98,99,100,101,102,103,104,105,108,109,110,111,112,113,114,115,116,117,118,119,120,121,122,123,124,125,126,127,128,129,130,131,132,133,135,139,140,143,147,178,179,214,215,216,217,218,219,220,221,222,223,
11;1;879;985;0;8,9,10,11,12,13,14,15,16,17,18,19,20,21,22,23,26,27,28,29,36,37,65,66,93,94,95,96,97,98,99,100,101,102,103,104,105,108,109,110,111,112,113,114,115,116,117,118,119,120,121,122,123,124,125,126,127,128,129,130,131,132,133,135,139,140,143,147,178,179,214,215,216,217,218,219,220,221,222,223,
45;0;985;1007;1;8,9,10,11,12,13,14,15,16,17,18,19,20,21,22,23,26,27,28,29,36,37,65,66,93,94,95,96,97,98,99,100,101,102,103,104,105,108,109,110,111,112,113,114,115,116,117,118,119,120,121,122,123,124,125,126,127,128,129,130,131,132,133,135,139,140,143,147,178,179,214,215,216,217,218,219,220,221,222,223,
45;1;1007;1120;1;8,9,10,11,12,13,14,15,16,17,18,19,20,21,22,23,26,27,28,29,36,37,65,66,93,94,95,96,97,98,99,100,101,102,103,104,105,108,109,110,111,112,113,114,115,116,117,118,119,120,121,122,123,124,125,126,127,128,129,130,131,132,133,135,139,140,143,147,178,179,214,215,216,217,218,219,220,221,222,223,
69;0;1120;1199;1;8,9,10,11,12,13,14,15,16,17,18,19,20,21,22,23,26,27,28,29,36,37,65,66,93,94,95,96,97,98,99,100,101,102,103,104,105,108,109,110,111,112,113,114,115,116,117,118,119,120,121,122,123,124,125,126,127,128,129,130,131,132,133,135,139,140,143,147,178,179,214,215,216,217,218,219,220,221,222,223,
69;1;1199;1357;1;8,9,10,11,12,13,14,15,16,17,18,19,20,21,22,23,26,27,28,29,36,37,65,66,93,94,95,96,97,98,99,100,101,102,103,104,105,108,109,110,111,112,113,114,115,116,117,118,119,120,121,122,123,124,125,126,127,128,129,130,131,132,133,135,139,140,143,147,178,179,214,215,216,217,218,219,220,221,222,223,
37;0;1357;1385;1;8,9,10,11,12,13,14,15,16,17,18,19,20,21,22,23,26,27,28,29,36,37,65,66,93,94,95,96,97,98,99,100,101,102,103,104,105,108,109,110,111,112,113,114,115,116,117,118,119,120,121,122,123,124,125,126,127,128,129,130,131,132,133,135,139,140,143,147,178,179,214,215,216,217,218,219,220,221,222,223,
37;1;1385;1401;1;8,9,10,11,12,13,14,15,16,17,18,19,20,21,22,23,26,27,28,29,36,37,65,66,93,94,95,96,97,98,99,100,101,102,103,104,105,108,109,110,111,112,113,114,115,116,117,118,119,120,121,122,123,124,125,126,127,128,129,130,131,132,133,135,139,140,143,147,178,179,214,215,216,217,218,219,220,221,222,223,
31;0;1401;1577;0;8,9,10,11,12,13,14,15,16,17,18,19,20,21,22,23,26,27,28,29,36,37,65,66,93,94,95,96,97,98,99,100,101,102,103,104,105,108,109,110,111,112,113,114,115,116,117,118,119,120,121,122,123,124,125,126,127,128,129,130,131,132,133,135,139,140,143,147,178,179,214,215,216,217,218,219,220,221,222,223,
31;1;1577;1605;0;8,9,10,11,12,13,14,15,16,17,18,19,20,21,22,23,26,27,28,29,36,37,65,66,93,94,95,96,97,98,99,100,101,102,103,104,105,108,109,110,111,112,113,114,115,116,117,118,119,120,121,122,123,124,125,126,127,128,129,130,131,132,133,135,139,140,143,147,178,179,214,215,216,217,218,219,220,221,222,223,
26;0;1605;1765;0;8,9,10,11,12,13,14,15,16,17,18,19,20,21,22,23,26,27,28,29,36,37,65,66,93,94,95,96,97,98,99,100,101,102,103,104,105,108,109,110,111,112,113,114,115,116,117,118,119,120,121,122,123,124,125,126,127,128,129,130,131,132,133,135,139,140,143,147,178,179,214,215,216,217,218,219,220,221,222,223,
8;0;1765;1871;1;8,9,10,11,12,13,14,15,16,17,18,19,20,21,22,23,26,27,28,29,36,37,65,66,93,94,95,96,97,98,99,100,101,102,103,104,105,108,109,110,111,112,113,114,115,116,117,118,119,120,121,122,123,124,125,126,127,128,129,130,131,132,133,135,139,140,143,147,178,179,214,215,216,217,218,219,220,221,222,223,
53;0;1871;1903;1;8,9,10,11,12,13,14,15,16,17,18,19,20,21,22,23,26,27,28,29,36,37,65,66,93,94,95,96,97,98,99,100,101,102,103,104,105,108,109,110,111,112,113,114,115,116,117,118,119,120,121,122,123,124,125,126,127,128,129,130,131,132,133,135,139,140,143,147,178,179,214,215,216,217,218,219,220,221,222,223,
53;1;1903;2063;1;8,9,10,11,12,13,14,15,16,17,18,19,20,21,22,23,26,27,28,29,36,37,65,66,93,94,95,96,97,98,99,100,101,102,103,104,105,108,109,110,111,112,113,114,115,116,117,118,119,120,121,122,123,124,125,126,127,128,129,130,131,132,133,135,139,140,143,147,178,179,214,215,216,217,218,219,220,221,222,223,
40;0;2063;2176;1;8,9,10,11,12,13,14,15,16,17,18,19,20,21,22,23,26,27,28,29,36,37,65,66,93,94,95,96,97,98,99,100,101,102,103,104,105,108,109,110,111,112,113,114,115,116,117,118,119,120,121,122,123,124,125,126,127,128,129,130,131,132,133,135,139,140,143,147,178,179,214,215,216,217,218,219,220,221,222,223,
28;0;2176;2204;1;8,9,10,11,12,13,14,15,16,17,18,19,20,21,22,23,26,27,28,29,36,37,65,66,93,94,95,96,97,98,99,100,101,102,103,104,105,108,109,110,111,112,113,114,115,116,117,118,119,120,121,122,123,124,125,126,127,128,129,130,131,132,133,135,139,140,143,147,178,179,214,215,216,217,218,219,220,221,222,223,
54;0;2204;2369;0;8,9,10,11,12,13,14,15,16,17,18,19,20,21,22,23,26,27,28,29,36,37,65,66,93,94,95,96,97,98,99,100,101,102,103,104,105,108,109,110,111,112,113,114,115,116,117,118,119,120,121,122,123,124,125,126,127,128,129,130,131,132,133,135,139,140,143,147,178,179,214,215,216,217,218,219,220,221,222,223,
22;0;2369;2499;0;8,9,10,11,12,13,14,15,16,17,18,19,20,21,22,23,26,27,28,29,36,37,65,66,93,94,95,96,97,98,99,100,101,102,103,104,105,108,109,110,111,112,113,114,115,116,117,118,119,120,121,122,123,124,125,126,127,128,129,130,131,132,133,135,139,140,143,147,178,179,214,215,216,217,218,219,220,221,222,223,
41;0;2499;2544;1;8,9,10,11,12,13,14,15,16,17,18,19,20,21,22,23,26,27,28,29,36,37,65,66,93,94,95,96,97,98,99,100,101,102,103,104,105,108,109,110,111,112,113,114,115,116,117,118,119,120,121,122,123,124,125,126,127,128,129,130,131,132,133,135,139,140,143,147,178,179,214,215,216,217,218,219,220,221,222,223,
41;1;2544;2548;1;8,9,10,11,12,13,14,15,16,17,18,19,20,21,22,23,26,27,28,29,36,37,65,66,93,94,95,96,97,98,99,100,101,102,103,104,105,108,109,110,111,112,113,114,115,116,117,118,119,120,121,122,123,124,125,126,127,128,129,130,131,132,133,135,139,140,143,147,178,179,214,215,216,217,218,219,220,221,222,223,
60;0;2548;2654;1;8,9,10,11,12,13,14,15,16,17,18,19,20,21,22,23,26,27,28,29,36,37,65,66,93,94,95,96,97,98,99,100,101,102,103,104,105,108,109,110,111,112,113,114,115,116,117,118,119,120,121,122,123,124,125,126,127,128,129,130,131,132,133,135,139,140,143,147,178,179,214,215,216,217,218,219,220,221,222,223,
46;0;2654;2817;0;8,9,10,11,12,13,14,15,16,17,18,19,20,21,22,23,26,27,28,29,36,37,65,66,93,94,95,96,97,98,99,100,101,102,103,104,105,108,109,110,111,112,113,114,115,116,117,118,119,120,121,122,123,124,125,126,127,128,129,130,131,132,133,135,139,140,143,147,178,179,214,215,216,217,218,219,220,221,222,223,
20;0;2817;2939;1;8,9,10,11,12,13,14,15,16,17,18,19,20,21,22,23,26,27,28,29,36,37,65,66,93,94,95,96,97,98,99,100,101,102,103,104,105,108,109,110,111,112,113,114,115,116,117,118,119,120,121,122,123,124,125,126,127,128,129,130,131,132,133,135,139,140,143,147,178,179,214,215,216,217,218,219,220,221,222,223,
21;0;2939;3090;1;8,9,10,11,12,13,14,15,16,17,18,19,20,21,22,23,26,27,28,29,36,37,65,66,93,94,95,96,97,98,99,100,101,102,103,104,105,108,109,110,111,112,113,114,115,116,117,118,119,120,121,122,123,124,125,126,127,128,129,130,131,132,133,135,139,140,143,147,178,179,214,215,216,217,218,219,220,221,222,223,
21;1;3090;3196;1;8,9,10,11,12,13,14,15,16,17,18,19,20,21,22,23,26,27,28,29,36,37,65,66,93,94,95,96,97,98,99,100,101,102,103,104,105,108,109,110,111,112,113,114,115,116,117,118,119,120,121,122,123,124,125,126,127,128,129,130,131,132,133,135,139,140,143,147,178,179,214,215,216,217,218,219,220,221,222,223,
25;0;3196;3321;1;8,9,10,11,12,13,14,15,16,17,18,19,20,21,22,23,26,27,28,29,36,37,65,66,93,94,95,96,97,98,99,100,101,102,103,104,105,108,109,110,111,112,113,114,115,116,117,118,119,120,121,122,123,124,125,126,127,128,129,130,131,132,133,135,139,140,143,147,178,179,214,215,216,217,218,219,220,221,222,223,
25;1;3321;3451;1;8,9,10,11,12,13,14,15,16,17,18,19,20,21,22,23,26,27,28,29,36,37,65,66,93,94,95,96,97,98,99,100,101,102,103,104,105,108,109,110,111,112,113,114,115,116,117,118,119,120,121,122,123,124,125,126,127,128,129,130,131,132,133,135,139,140,143,147,178,179,214,215,216,217,218,219,220,221,222,223,
29;0;3451;3565;1;8,9,10,11,12,13,14,15,16,17,18,19,20,21,22,23,26,27,28,29,36,37,65,66,93,94,95,96,97,98,99,100,101,102,103,104,105,108,109,110,111,112,113,114,115,116,117,118,119,120,121,122,123,124,125,126,127,128,129,130,131,132,133,135,139,140,143,147,178,179,214,215,216,217,218,219,220,221,222,223,
29;1;3565;3730;1;8,9,10,11,12,13,14,15,16,17,18,19,20,21,22,23,26,27,28,29,36,37,65,66,93,94,95,96,97,98,99,100,101,102,103,104,105,108,109,110,111,112,113,114,115,116,117,118,119,120,121,122,123,124,125,126,127,128,129,130,131,132,133,135,139,140,143,147,178,179,214,215,216,217,218,219,220,221,222,223,
66;0;3730;3847;0;8,9,10,11,12,13,14,15,16,17,18,19,20,21,22,23,26,27,28,29,36,37,65,66,93,94,95,96,97,98,99,100,101,102,103,104,105,108,109,110,111,112,113,114,115,116,117,118,119,120,121,122,123,124,125,126,127,128,129,130,131,132,133,135,139,140,143,147,178,179,214,215,216,217,218,219,220,221,222,223,
62;0;3847;3981;0;8,9,10,11,12,13,14,15,16,17,18,19,20,21,22,23,26,27,28,29,36,37,65,66,93,94,95,96,97,98,99,100,101,102,103,104,105,108,109,110,111,112,113,114,115,116,117,118,119,120,121,122,123,124,125,126,127,128,129,130,131,132,133,135,139,140,143,147,178,179,214,215,216,217,218,219,220,221,222,223,
36;0;3981;4141;1;8,9,10,11,12,13,14,15,16,17,18,19,20,21,22,23,26,27,28,29,36,37,65,66,93,94,95,96,97,98,99,100,101,102,103,104,105,108,109,110,111,112,113,114,115,116,117,118,119,120,121,122,123,124,125,126,127,128,129,130,131,132,133,135,139,140,143,147,178,179,214,215,216,217,218,219,220,221,222,223,
65;0;4141;4231;1;8,9,10,11,12,13,14,15,16,17,18,19,20,21,22,23,26,27,28,29,36,37,65,66,93,94,95,96,97,98,99,100,101,102,103,104,105,108,109,110,111,112,113,114,115,116,117,118,119,120,121,122,123,124,125,126,127,128,129,130,131,132,133,135,139,140,143,147,178,179,214,215,216,217,218,219,220,221,222,223,
65;1;4231;4348;1;8,9,10,11,12,13,14,15,16,17,18,19,20,21,22,23,26,27,28,29,36,37,65,66,93,94,95,96,97,98,99,100,101,102,103,104,105,108,109,110,111,112,113,114,115,116,117,118,119,120,121,122,123,124,125,126,127,128,129,130,131,132,133,135,139,140,143,147,178,179,214,215,216,217,218,219,220,221,222,223,
33;0;4348;4408;1;8,9,10,11,12,13,14,15,16,17,18,19,20,21,22,23,26,27,28,29,36,37,65,66,93,94,95,96,97,98,99,100,101,102,103,104,105,108,109,110,111,112,113,114,115,116,117,118,119,120,121,122,123,124,125,126,127,128,129,130,131,132,133,135,139,140,143,147,178,179,214,215,216,217,218,219,220,221,222,223,
33;1;4408;4424;1;8,9,10,11,12,13,14,15,16,17,18,19,20,21,22,23,26,27,28,29,36,37,65,66,93,94,95,96,97,98,99,100,101,102,103,104,105,108,109,110,111,112,113,114,115,116,117,118,119,120,121,122,123,124,125,126,127,128,129,130,131,132,133,135,139,140,143,147,178,179,214,215,216,217,218,219,220,221,222,223,
34;0;4424;4587;0;8,9,10,11,12,13,14,15,16,17,18,19,20,21,22,23,26,27,28,29,36,37,65,66,93,94,95,96,97,98,99,100,101,102,103,104,105,108,109,110,111,112,113,114,115,116,117,118,119,120,121,122,123,124,125,126,127,128,129,130,131,132,133,135,139,140,143,147,178,179,214,215,216,217,218,219,220,221,222,223,
16;0;4587;4612;1;8,9,10,11,12,13,14,15,16,17,18,19,20,21,22,23,26,27,28,29,36,37,65,66,93,94,95,96,97,98,99,100,101,102,103,104,105,108,109,110,111,112,113,114,115,116,117,118,119,120,121,122,123,124,125,126,127,128,129,130,131,132,133,135,139,140,143,147,178,179,214,215,216,217,218,219,220,221,222,223,
3;0;4612;4692;0;8,9,10,11,12,13,14,15,16,17,18,19,20,21,22,23,26,27,28,29,36,37,65,66,93,94,95,96,97,98,99,100,101,102,103,104,105,108,109,110,111,112,113,114,115,116,117,118,119,120,121,122,123,124,125,126,127,128,129,130,131,132,133,135,139,140,143,147,178,179,214,215,216,217,218,219,220,221,222,223,
3;1;4692;4720;0;8,9,10,11,12,13,14,15,16,17,18,19,20,21,22,23,26,27,28,29,36,37,65,66,93,94,95,96,97,98,99,100,101,102,103,104,105,108,109,110,111,112,113,114,115,116,117,118,119,120,121,122,123,124,125,126,127,128,129,130,131,132,133,135,139,140,143,147,178,179,214,215,216,217,218,219,220,221,222,223,
82;0;4720;4872;0;8,9,10,11,12,13,14,15,16,17,18,19,20,21,22,23,26,27,28,29,36,37,65,66,93,94,95,96,97,98,99,100,101,102,103,104,105,108,109,110,111,112,113,114,115,116,117,118,119,120,121,122,123,124,125,126,127,128,129,130,131,132,133,135,139,140,143,147,178,179,214,215,216,217,218,219,220,221,222,223,
81;0;4872;4911;1;8,9,10,11,12,13,14,15,16,17,18,19,20,21,22,23,26,27,28,29,36,37,65,66,93,94,95,96,97,98,99,100,101,102,103,104,105,108,109,110,111,112,113,114,115,116,117,118,119,120,121,122,123,124,125,126,127,128,129,130,131,132,133,135,139,140,143,147,178,179,214,215,216,217,218,219,220,221,222,223,
81;1;4911;5063;1;8,9,10,11,12,13,14,15,16,17,18,19,20,21,22,23,26,27,28,29,36,37,65,66,93,94,95,96,97,98,99,100,101,102,103,104,105,108,109,110,111,112,113,114,115,116,117,118,119,120,121,122,123,124,125,126,127,128,129,130,131,132,133,135,139,140,143,147,178,179,214,215,216,217,218,219,220,221,222,223,
63;0;5063;5143;0;8,9,10,11,12,13,14,15,16,17,18,19,20,21,22,23,26,27,28,29,36,37,65,66,93,94,95,96,97,98,99,100,101,102,103,104,105,108,109,110,111,112,113,114,115,116,117,118,119,120,121,122,123,124,125,126,127,128,129,130,131,132,133,135,139,140,143,147,178,179,214,215,216,217,218,219,220,221,222,223,
63;1;5143;5306;0;8,9,10,11,12,13,14,15,16,17,18,19,20,21,22,23,26,27,28,29,36,37,65,66,93,94,95,96,97,98,99,100,101,102,103,104,105,108,109,110,111,112,113,114,115,116,117,118,119,120,121,122,123,124,125,126,127,128,129,130,131,132,133,135,139,140,143,147,178,179,214,215,216,217,218,219,220,221,222,223,
68;0;5306;5466;1;8,9,10,11,12,13,14,15,16,17,18,19,20,21,22,23,26,27,28,29,36,37,65,66,93,94,95,96,97,98,99,100,101,102,103,104,105,108,109,110,111,112,113,114,115,116,117,118,119,120,121,122,123,124,125,126,127,128,129,130,131,132,133,135,139,140,143,147,178,179,214,215,216,217,218,219,220,221,222,223,
44;0;5466;5596;1;8,9,10,11,12,13,14,15,16,17,18,19,20,21,22,23,26,27,28,29,36,37,65,66,93,94,95,96,97,98,99,100,101,102,103,104,105,108,109,110,111,112,113,114,115,116,117,118,119,120,121,122,123,124,125,126,127,128,129,130,131,132,133,135,139,140,143,147,178,179,214,215,216,217,218,219,220,221,222,223,
1;0;5596;5682;0;8,9,10,11,12,13,14,15,16,17,18,19,20,21,22,23,26,27,28,29,36,37,65,66,93,94,95,96,97,98,99,100,101,102,103,104,105,108,109,110,111,112,113,114,115,116,117,118,119,120,121,122,123,124,125,126,127,128,129,130,131,132,133,135,139,140,143,147,178,179,214,215,216,217,218,219,220,221,222,223,
1;1;5682;5721;0;8,9,10,11,12,13,14,15,16,17,18,19,20,21,22,23,26,27,28,29,36,37,65,66,93,94,95,96,97,98,99,100,101,102,103,104,105,108,109,110,111,112,113,114,115,116,117,118,119,120,121,122,123,124,125,126,127,128,129,130,131,132,133,135,139,140,143,147,178,179,214,215,216,217,218,219,220,221,222,223,
70;0;5721;5725;0;8,9,10,11,12,13,14,15,16,17,18,19,20,21,22,23,26,27,28,29,36,37,65,66,93,94,95,96,97,98,99,100,101,102,103,104,105,108,109,110,111,112,113,114,115,116,117,118,119,120,121,122,123,124,125,126,127,128,129,130,131,132,133,135,139,140,143,147,178,179,214,215,216,217,218,219,220,221,222,223,
47;0;5725;5808;0;8,9,10,11,12,13,14,15,16,17,18,19,20,21,22,23,26,27,28,29,36,37,65,66,93,94,95,96,97,98,99,100,101,102,103,104,105,108,109,110,111,112,113,114,115,116,117,118,119,120,121,122,123,124,125,126,127,128,129,130,131,132,133,135,139,140,143,147,178,179,214,215,216,217,218,219,220,221,222,223,
47;1;5808;5914;0;8,9,10,11,12,13,14,15,16,17,18,19,20,21,22,23,26,27,28,29,36,37,65,66,93,94,95,96,97,98,99,100,101,102,103,104,105,108,109,110,111,112,113,114,115,116,117,118,119,120,121,122,123,124,125,126,127,128,129,130,131,132,133,135,139,140,143,147,178,179,214,215,216,217,218,219,220,221,222,223,
49;0;5914;5941;1;8,9,10,11,12,13,14,15,16,17,18,19,20,21,22,23,26,27,28,29,36,37,65,66,93,94,95,96,97,98,99,100,101,102,103,104,105,108,109,110,111,112,113,114,115,116,117,118,119,120,121,122,123,124,125,126,127,128,129,130,131,132,133,135,139,140,143,147,178,179,214,215,216,217,218,219,220,221,222,223,
49;1;5941;5945;1;8,9,10,11,12,13,14,15,16,17,18,19,20,21,22,23,26,27,28,29,36,37,65,66,93,94,95,96,97,98,99,100,101,102,103,104,105,108,109,110,111,112,113,114,115,116,117,118,119,120,121,122,123,124,125,126,127,128,129,130,131,132,133,135,139,140,143,147,178,179,214,215,216,217,218,219,220,221,222,223,
55;0;5945;6050;0;8,9,10,11,12,13,14,15,16,17,18,19,20,21,22,23,26,27,28,29,36,37,65,66,93,94,95,96,97,98,99,100,101,102,103,104,105,108,109,110,111,112,113,114,115,116,117,118,119,120,121,122,123,124,125,126,127,128,129,130,131,132,133,135,139,140,143,147,178,179,214,215,216,217,218,219,220,221,222,223,
55;1;6050;6172;0;8,9,10,11,12,13,14,15,16,17,18,19,20,21,22,23,26,27,28,29,36,37,65,66,93,94,95,96,97,98,99,100,101,102,103,104,105,108,109,110,111,112,113,114,115,116,117,118,119,120,121,122,123,124,125,126,127,128,129,130,131,132,133,135,139,140,143,147,178,179,214,215,216,217,218,219,220,221,222,223,
Machine: 1
59;0;0;132;0;0,1,2,3,4,5,6,7,24,25,30,31,34,35,36,38,39,40,63,64,67,68,69,70,71,72,73,74,75,76,77,78,79,80,81,82,83,84,85,86,87,88,89,90,91,92,106,107,111,134,136,137,138,148,149,180,181,182,183,184,185,186,187,188,189,190,191,192,193,194,195,196,197,198,199,200,201,202,203,204,
59;1;132;177;0;0,1,2,3,4,5,6,7,24,25,30,31,34,35,36,38,39,40,63,64,67,68,69,70,71,72,73,74,75,76,77,78,79,80,81,82,83,84,85,86,87,88,89,90,91,92,106,107,111,134,136,137,138,148,149,180,181,182,183,184,185,186,187,188,189,190,191,192,193,194,195,196,197,198,199,200,201,202,203,204,
17;0;177;326;1;0,1,2,3,4,5,6,7,24,25,30,31,34,35,36,38,39,40,63,64,67,68,69,70,71,72,73,74,75,76,77,78,79,80,81,82,83,84,85,86,87,88,89,90,91,92,106,107,111,134,136,137,138,148,149,180,181,182,183,184,185,186,187,188,189,190,191,192,193,194,195,196,197,198,199,200,201,202,203,204,
17;1;326;350;1;0,1,2,3,4,5,6,7,24,25,30,31,34,35,36,38,39,40,63,64,67,68,69,70,71,72,73,74,75,76,77,78,79,80,81,82,83,84,85,86,87,88,89,90,91,92,106,107,111,134,136,137,138,148,149,180,181,182,183,184,185,186,187,188,189,190,191,192,193,194,195,196,197,198,199,200,201,202,203,204,
73;0;350;502;1;0,1,2,3,4,5,6,7,24,25,30,31,34,35,36,38,39,40,63,64,67,68,69,70,71,72,73,74,75,76,77,78,79,80,81,82,83,84,85,86,87,88,89,90,91,92,106,107,111,134,136,137,138,148,149,180,181,182,183,184,185,186,187,188,189,190,191,192,193,194,195,196,197,198,199,200,201,202,203,204,
73;1;502;670;1;0,1,2,3,4,5,6,7,24,25,30,31,34,35,36,38,39,40,63,64,67,68,69,70,71,72,73,74,75,76,77,78,79,80,81,82,83,84,85,86,87,88,89,90,91,92,106,107,111,134,136,137,138,148,149,180,181,182,183,184,185,186,187,188,189,190,191,192,193,194,195,196,197,198,199,200,201,202,203,204,
32;0;670;838;1;0,1,2,3,4,5,6,7,24,25,30,31,34,35,36,38,39,40,63,64,67,68,69,70,71,72,73,74,75,76,77,78,79,80,81,82,83,84,85,86,87,88,89,90,91,92,106,107,111,134,136,137,138,148,149,180,181,182,183,184,185,186,187,188,189,190,191,192,193,194,195,196,197,198,199,200,201,202,203,204,
10;0;838;872;0;0,1,2,3,4,5,6,7,24,25,30,31,34,35,36,38,39,40,63,64,67,68,69,70,71,72,73,74,75,76,77,78,79,80,81,82,83,84,85,86,87,88,89,90,91,92,106,107,111,134,136,137,138,148,149,180,181,182,183,184,185,186,187,188,189,190,191,192,193,194,195,196,197,198,199,200,201,202,203,204,
52;0;872;1030;1;0,1,2,3,4,5,6,7,24,25,30,31,34,35,36,38,39,40,63,64,67,68,69,70,71,72,73,74,75,76,77,78,79,80,81,82,83,84,85,86,87,88,89,90,91,92,106,107,111,134,136,137,138,148,149,180,181,182,183,184,185,186,187,188,189,190,191,192,193,194,195,196,197,198,199,200,201,202,203,204,
42;0;1030;1071;0;0,1,2,3,4,5,6,7,24,25,30,31,34,35,36,38,39,40,63,64,67,68,69,70,71,72,73,74,75,76,77,78,79,80,81,82,83,84,85,86,87,88,89,90,91,92,106,107,111,134,136,137,138,148,149,180,181,182,183,184,185,186,187,188,189,190,191,192,193,194,195,196,197,198,199,200,201,202,203,204,
57;0;1071;1146;1;0,1,2,3,4,5,6,7,24,25,30,31,34,35,36,38,39,40,63,64,67,68,69,70,71,72,73,74,75,76,77,78,79,80,81,82,83,84,85,86,87,88,89,90,91,92,106,107,111,134,136,137,138,148,149,180,181,182,183,184,185,186,187,188,189,190,191,192,193,194,195,196,197,198,199,200,201,202,203,204,
57;1;1146;1247;1;0,1,2,3,4,5,6,7,24,25,30,31,34,35,36,38,39,40,63,64,67,68,69,70,71,72,73,74,75,76,77,78,79,80,81,82,83,84,85,86,87,88,89,90,91,92,106,107,111,134,136,137,138,148,149,180,181,182,183,184,185,186,187,188,189,190,191,192,193,194,195,196,197,198,199,200,201,202,203,204,
79;0;1247;1362;0;0,1,2,3,4,5,6,7,24,25,30,31,34,35,36,38,39,40,63,64,67,68,69,70,71,72,73,74,75,76,77,78,79,80,81,82,83,84,85,86,87,88,89,90,91,92,106,107,111,134,136,137,138,148,149,180,181,182,183,184,185,186,187,188,189,190,191,192,193,194,195,196,197,198,199,200,201,202,203,204,
79;1;1362;1530;0;0,1,2,3,4,5,6,7,24,25,30,31,34,35,36,38,39,40,63,64,67,68,69,70,71,72,73,74,75,76,77,78,79,80,81,82,83,84,85,86,87,88,89,90,91,92,106,107,111,134,136,137,138,148,149,180,181,182,183,184,185,186,187,188,189,190,191,192,193,194,195,196,197,198,199,200,201,202,203,204,
2;0;1530;1541;1;0,1,2,3,4,5,6,7,24,25,30,31,34,35,36,38,39,40,63,64,67,68,69,70,71,72,73,74,75,76,77,78,79,80,81,82,83,84,85,86,87,88,89,90,91,92,106,107,111,134,136,137,138,148,149,180,181,182,183,184,185,186,187,188,189,190,191,192,193,194,195,196,197,198,199,200,201,202,203,204,
43;0;1541;1607;0;0,1,2,3,4,5,6,7,24,25,30,31,34,35,36,38,39,40,63,64,67,68,69,70,71,72,73,74,75,76,77,78,79,80,81,82,83,84,85,86,87,88,89,90,91,92,106,107,111,134,136,137,138,148,149,180,181,182,183,184,185,186,187,188,189,190,191,192,193,194,195,196,197,198,199,200,201,202,203,204,
43;1;1607;1660;0;0,1,2,3,4,5,6,7,24,25,30,31,34,35,36,38,39,40,63,64,67,68,69,70,71,72,73,74,75,76,77,78,79,80,81,82,83,84,85,86,87,88,89,90,91,92,106,107,111,134,136,137,138,148,149,180,181,182,183,184,185,186,187,188,189,190,191,192,193,194,195,196,197,198,199,200,201,202,203,204,
5;0;1660;1744;1;0,1,2,3,4,5,6,7,24,25,30,31,34,35,36,38,39,40,63,64,67,68,69,70,71,72,73,74,75,76,77,78,79,80,81,82,83,84,85,86,87,88,89,90,91,92,106,107,111,134,136,137,138,148,149,180,181,182,183,184,185,186,187,188,189,190,191,192,193,194,195,196,197,198,199,200,201,202,203,204,
5;1;1744;1891;1;0,1,2,3,4,5,6,7,24,25,30,31,34,35,36,38,39,40,63,64,67,68,69,70,71,72,73,74,75,76,77,78,79,80,81,82,83,84,85,86,87,88,89,90,91,92,106,107,111,134,136,137,138,148,149,180,181,182,183,184,185,186,187,188,189,190,191,192,193,194,195,196,197,198,199,200,201,202,203,204,
67;0;1891;1902;0;0,1,2,3,4,5,6,7,24,25,30,31,34,35,36,38,39,40,63,64,67,68,69,70,71,72,73,74,75,76,77,78,79,80,81,82,83,84,85,86,87,88,89,90,91,92,106,107,111,134,136,137,138,148,149,180,181,182,183,184,185,186,187,188,189,190,191,192,193,194,195,196,197,198,199,200,201,202,203,204,
67;1;1902;1997;0;0,1,2,3,4,5,6,7,24,25,30,31,34,35,36,38,39,40,63,64,67,68,69,70,71,72,73,74,75,76,77,78,79,80,81,82,83,84,85,86,87,88,89,90,91,92,106,107,111,134,136,137,138,148,149,180,181,182,183,184,185,186,187,188,189,190,191,192,193,194,195,196,197,198,199,200,201,202,203,204,
38;0;1997;2155;0;0,1,2,3,4,5,6,7,24,25,30,31,34,35,36,38,39,40,63,64,67,68,69,70,71,72,73,74,75,76,77,78,79,80,81,82,83,84,85,86,87,88,89,90,91,92,106,107,111,134,136,137,138,148,149,180,181,182,183,184,185,186,187,188,189,190,191,192,193,194,195,196,197,198,199,200,201,202,203,204,
30;0;2155;2269;0;0,1,2,3,4,5,6,7,24,25,30,31,34,35,36,38,39,40,63,64,67,68,69,70,71,72,73,74,75,76,77,78,79,80,81,82,83,84,85,86,87,88,89,90,91,92,106,107,111,134,136,137,138,148,149,180,181,182,183,184,185,186,187,188,189,190,191,192,193,194,195,196,197,198,199,200,201,202,203,204,
0;0;2269;2303;1;0,1,2,3,4,5,6,7,24,25,30,31,34,35,36,38,39,40,63,64,67,68,69,70,71,72,73,74,75,76,77,78,79,80,81,82,83,84,85,86,87,88,89,90,91,92,106,107,111,134,136,137,138,148,149,180,181,182,183,184,185,186,187,188,189,190,191,192,193,194,195,196,197,198,199,200,201,202,203,204,
0;1;2303;2371;1;0,1,2,3,4,5,6,7,24,25,30,31,34,35,36,38,39,40,63,64,67,68,69,70,71,72,73,74,75,76,77,78,79,80,81,82,83,84,85,86,87,88,89,90,91,92,106,107,111,134,136,137,138,148,149,180,181,182,183,184,185,186,187,188,189,190,191,192,193,194,195,196,197,198,199,200,201,202,203,204,
71;0;2371;2539;0;0,1,2,3,4,5,6,7,24,25,30,31,34,35,36,38,39,40,63,64,67,68,69,70,71,72,73,74,75,76,77,78,79,80,81,82,83,84,85,86,87,88,89,90,91,92,106,107,111,134,136,137,138,148,149,180,181,182,183,184,185,186,187,188,189,190,191,192,193,194,195,196,197,198,199,200,201,202,203,204,
71;1;2539;2550;0;0,1,2,3,4,5,6,7,24,25,30,31,34,35,36,38,39,40,63,64,67,68,69,70,71,72,73,74,75,76,77,78,79,80,81,82,83,84,85,86,87,88,89,90,91,92,106,107,111,134,136,137,138,148,149,180,181,182,183,184,185,186,187,188,189,190,191,192,193,194,195,196,197,198,199,200,201,202,203,204,
48;0;2550;2697;1;0,1,2,3,4,5,6,7,24,25,30,31,34,35,36,38,39,40,63,64,67,68,69,70,71,72,73,74,75,76,77,78,79,80,81,82,83,84,85,86,87,88,89,90,91,92,106,107,111,134,136,137,138,148,149,180,181,182,183,184,185,186,187,188,189,190,191,192,193,194,195,196,197,198,199,200,201,202,203,204,
24;0;2697;2798;1;0,1,2,3,4,5,6,7,24,25,30,31,34,35,36,38,39,40,63,64,67,68,69,70,71,72,73,74,75,76,77,78,79,80,81,82,83,84,85,86,87,88,89,90,91,92,106,107,111,134,136,137,138,148,149,180,181,182,183,184,185,186,187,188,189,190,191,192,193,194,195,196,197,198,199,200,201,202,203,204,
27;0;2798;2862;0;0,1,2,3,4,5,6,7,24,25,30,31,34,35,36,38,39,40,63,64,67,68,69,70,71,72,73,74,75,76,77,78,79,80,81,82,83,84,85,86,87,88,89,90,91,92,106,107,111,134,136,137,138,148,149,180,181,182,183,184,185,186,187,188,189,190,191,192,193,194,195,196,197,198,199,200,201,202,203,204,
27;1;2862;3036;0;0,1,2,3,4,5,6,7,24,25,30,31,34,35,36,38,39,40,63,64,67,68,69,70,71,72,73,74,75,76,77,78,79,80,81,82,83,84,85,86,87,88,89,90,91,92,106,107,111,134,136,137,138,148,149,180,181,182,183,184,185,186,187,188,189,190,191,192,193,194,195,196,197,198,199,200,201,202,203,204,
61;0;3036;3190;1;0,1,2,3,4,5,6,7,24,25,30,31,34,35,36,38,39,40,63,64,67,68,69,70,71,72,73,74,75,76,77,78,79,80,81,82,83,84,85,86,87,88,89,90,91,92,106,107,111,134,136,137,138,148,149,180,181,182,183,184,185,186,187,188,189,190,191,192,193,194,195,196,197,198,199,200,201,202,203,204,
61;1;3190;3231;1;0,1,2,3,4,5,6,7,24,25,30,31,34,35,36,38,39,40,63,64,67,68,69,70,71,72,73,74,75,76,77,78,79,80,81,82,83,84,85,86,87,88,89,90,91,92,106,107,111,134,136,137,138,148,149,180,181,182,183,184,185,186,187,188,189,190,191,192,193,194,195,196,197,198,199,200,201,202,203,204,
51;0;3231;3303;0;0,1,2,3,4,5,6,7,24,25,30,31,34,35,36,38,39,40,63,64,67,68,69,70,71,72,73,74,75,76,77,78,79,80,81,82,83,84,85,86,87,88,89,90,91,92,106,107,111,134,136,137,138,148,149,180,181,182,183,184,185,186,187,188,189,190,191,192,193,194,195,196,197,198,199,200,201,202,203,204,
51;1;3303;3417;0;0,1,2,3,4,5,6,7,24,25,30,31,34,35,36,38,39,40,63,64,67,68,69,70,71,72,73,74,75,76,77,78,79,80,81,82,83,84,85,86,87,88,89,90,91,92,106,107,111,134,136,137,138,148,149,180,181,182,183,184,185,186,187,188,189,190,191,192,193,194,195,196,197,198,199,200,201,202,203,204,
72;0;3417;3555;1;0,1,2,3,4,5,6,7,24,25,30,31,34,35,36,38,39,40,63,64,67,68,69,70,71,72,73,74,75,76,77,78,79,80,81,82,83,84,85,86,87,88,89,90,91,92,106,107,111,134,136,137,138,148,149,180,181,182,183,184,185,186,187,188,189,190,191,192,193,194,195,196,197,198,199,200,201,202,203,204,
75;0;3555;3610;0;0,1,2,3,4,5,6,7,24,25,30,31,34,35,36,38,39,40,63,64,67,68,69,70,71,72,73,74,75,76,77,78,79,80,81,82,83,84,85,86,87,88,89,90,91,92,106,107,111,134,136,137,138,148,149,180,181,182,183,184,185,186,187,188,189,190,191,192,193,194,195,196,197,198,199,200,201,202,203,204,
75;1;3610;3621;0;0,1,2,3,4,5,6,7,24,25,30,31,34,35,36,38,39,40,63,64,67,68,69,70,71,72,73,74,75,76,77,78,79,80,81,82,83,84,85,86,87,88,89,90,91,92,106,107,111,134,136,137,138,148,149,180,181,182,183,184,185,186,187,188,189,190,191,192,193,194,195,196,197,198,199,200,201,202,203,204,
85;0;3621;3657;1;0,1,2,3,4,5,6,7,24,25,30,31,34,35,36,38,39,40,63,64,67,68,69,70,71,72,73,74,75,76,77,78,79,80,81,82,83,84,85,86,87,88,89,90,91,92,106,107,111,134,136,137,138,148,149,180,181,182,183,184,185,186,187,188,189,190,191,192,193,194,195,196,197,198,199,200,201,202,203,204,
85;1;3657;3698;1;0,1,2,3,4,5,6,7,24,25,30,31,34,35,36,38,39,40,63,64,67,68,69,70,71,72,73,74,75,76,77,78,79,80,81,82,83,84,85,86,87,88,89,90,91,92,106,107,111,134,136,137,138,148,149,180,181,182,183,184,185,186,187,188,189,190,191,192,193,194,195,196,197,198,199,200,201,202,203,204,
74;0;3698;3864;0;0,1,2,3,4,5,6,7,24,25,30,31,34,35,36,38,39,40,63,64,67,68,69,70,71,72,73,74,75,76,77,78,79,80,81,82,83,84,85,86,87,88,89,90,91,92,106,107,111,134,136,137,138,148,149,180,181,182,183,184,185,186,187,188,189,190,191,192,193,194,195,196,197,198,199,200,201,202,203,204,
64;0;3864;3875;1;0,1,2,3,4,5,6,7,24,25,30,31,34,35,36,38,39,40,63,64,67,68,69,70,71,72,73,74,75,76,77,78,79,80,81,82,83,84,85,86,87,88,89,90,91,92,106,107,111,134,136,137,138,148,149,180,181,182,183,184,185,186,187,188,189,190,191,192,193,194,195,196,197,198,199,200,201,202,203,204,
84;0;3875;3886;1;0,1,2,3,4,5,6,7,24,25,30,31,34,35,36,38,39,40,63,64,67,68,69,70,71,72,73,74,75,76,77,78,79,80,81,82,83,84,85,86,87,88,89,90,91,92,106,107,111,134,136,137,138,148,149,180,181,182,183,184,185,186,187,188,189,190,191,192,193,194,195,196,197,198,199,200,201,202,203,204,
23;0;3886;3910;0;0,1,2,3,4,5,6,7,24,25,30,31,34,35,36,38,39,40,63,64,67,68,69,70,71,72,73,74,75,76,77,78,79,80,81,82,83,84,85,86,87,88,89,90,91,92,106,107,111,134,136,137,138,148,149,180,181,182,183,184,185,186,187,188,189,190,191,192,193,194,195,196,197,198,199,200,201,202,203,204,
23;1;3910;3951;0;0,1,2,3,4,5,6,7,24,25,30,31,34,35,36,38,39,40,63,64,67,68,69,70,71,72,73,74,75,76,77,78,79,80,81,82,83,84,85,86,87,88,89,90,91,92,106,107,111,134,136,137,138,148,149,180,181,182,183,184,185,186,187,188,189,190,191,192,193,194,195,196,197,198,199,200,201,202,203,204,
18;0;3951;4046;0;0,1,2,3,4,5,6,7,24,25,30,31,34,35,36,38,39,40,63,64,67,68,69,70,71,72,73,74,75,76,77,78,79,80,81,82,83,84,85,86,87,88,89,90,91,92,106,107,111,134,136,137,138,148,149,180,181,182,183,184,185,186,187,188,189,190,191,192,193,194,195,196,197,198,199,200,201,202,203,204,
76;0;4046;4091;1;0,1,2,3,4,5,6,7,24,25,30,31,34,35,36,38,39,40,63,64,67,68,69,70,71,72,73,74,75,76,77,78,79,80,81,82,83,84,85,86,87,88,89,90,91,92,106,107,111,134,136,137,138,148,149,180,181,182,183,184,185,186,187,188,189,190,191,192,193,194,195,196,197,198,199,200,201,202,203,204,
19;0;4091;4255;0;0,1,2,3,4,5,6,7,24,25,30,31,34,35,36,38,39,40,63,64,67,68,69,70,71,72,73,74,75,76,77,78,79,80,81,82,83,84,85,86,87,88,89,90,91,92,106,107,111,134,136,137,138,148,149,180,181,182,183,184,185,186,187,188,189,190,191,192,193,194,195,196,197,198,199,200,201,202,203,204,
19;1;4255;4266;0;0,1,2,3,4,5,6,7,24,25,30,31,34,35,36,38,39,40,63,64,67,68,69,70,71,72,73,74,75,76,77,78,79,80,81,82,83,84,85,86,87,88,89,90,91,92,106,107,111,134,136,137,138,148,149,180,181,182,183,184,185,186,187,188,189,190,191,192,193,194,195,196,197,198,199,200,201,202,203,204,
78;0;4266;4367;0;0,1,2,3,4,5,6,7,24,25,30,31,34,35,36,38,39,40,63,64,67,68,69,70,71,72,73,74,75,76,77,78,79,80,81,82,83,84,85,86,87,88,89,90,91,92,106,107,111,134,136,137,138,148,149,180,181,182,183,184,185,186,187,188,189,190,191,192,193,194,195,196,197,198,199,200,201,202,203,204,
15;0;4367;4445;0;0,1,2,3,4,5,6,7,24,25,30,31,34,35,36,38,39,40,63,64,67,68,69,70,71,72,73,74,75,76,77,78,79,80,81,82,83,84,85,86,87,88,89,90,91,92,106,107,111,134,136,137,138,148,149,180,181,182,183,184,185,186,187,188,189,190,191,192,193,194,195,196,197,198,199,200,201,202,203,204,
15;1;4445;4583;0;0,1,2,3,4,5,6,7,24,25,30,31,34,35,36,38,39,40,63,64,67,68,69,70,71,72,73,74,75,76,77,78,79,80,81,82,83,84,85,86,87,88,89,90,91,92,106,107,111,134,136,137,138,148,149,180,181,182,183,184,185,186,187,188,189,190,191,192,193,194,195,196,197,198,199,200,201,202,203,204,
7;0;4583;4587;0;0,1,2,3,4,5,6,7,24,25,30,31,34,35,36,38,39,40,63,64,67,68,69,70,71,72,73,74,75,76,77,78,79,80,81,82,83,84,85,86,87,88,89,90,91,92,106,107,111,134,136,137,138,148,149,180,181,182,183,184,185,186,187,188,189,190,191,192,193,194,195,196,197,198,199,200,201,202,203,204,
7;1;4587;4632;0;0,1,2,3,4,5,6,7,24,25,30,31,34,35,36,38,39,40,63,64,67,68,69,70,71,72,73,74,75,76,77,78,79,80,81,82,83,84,85,86,87,88,89,90,91,92,106,107,111,134,136,137,138,148,149,180,181,182,183,184,185,186,187,188,189,190,191,192,193,194,195,196,197,198,199,200,201,202,203,204,
14;0;4632;4727;0;0,1,2,3,4,5,6,7,24,25,30,31,34,35,36,38,39,40,63,64,67,68,69,70,71,72,73,74,75,76,77,78,79,80,81,82,83,84,85,86,87,88,89,90,91,92,106,107,111,134,136,137,138,148,149,180,181,182,183,184,185,186,187,188,189,190,191,192,193,194,195,196,197,198,199,200,201,202,203,204,
12;0;4727;4768;1;0,1,2,3,4,5,6,7,24,25,30,31,34,35,36,38,39,40,63,64,67,68,69,70,71,72,73,74,75,76,77,78,79,80,81,82,83,84,85,86,87,88,89,90,91,92,106,107,111,134,136,137,138,148,149,180,181,182,183,184,185,186,187,188,189,190,191,192,193,194,195,196,197,198,199,200,201,202,203,204,
58;0;4768;4882;0;0,1,2,3,4,5,6,7,24,25,30,31,34,35,36,38,39,40,63,64,67,68,69,70,71,72,73,74,75,76,77,78,79,80,81,82,83,84,85,86,87,88,89,90,91,92,106,107,111,134,136,137,138,148,149,180,181,182,183,184,185,186,187,188,189,190,191,192,193,194,195,196,197,198,199,200,201,202,203,204,
77;0;4882;5042;1;0,1,2,3,15,32,33,38,39,40,41,42,43,44,45,46,47,48,49,50,51,52,53,54,55,56,57,58,59,60,61,62,63,69,70,72,134,141,142,143,144,145,146,150,151,152,153,154,155,156,157,158,159,160,161,162,163,164,165,166,167,168,169,170,171,172,173,174,175,176,177,205,206,207,208,209,210,211,212,213,
77;1;5042;5061;1;0,1,2,3,15,32,33,38,39,40,41,42,43,44,45,46,47,48,49,50,51,52,53,54,55,56,57,58,59,60,61,62,63,69,70,72,134,141,142,143,144,145,146,150,151,152,153,154,155,156,157,158,159,160,161,162,163,164,165,166,167,168,169,170,171,172,173,174,175,176,177,205,206,207,208,209,210,211,212,213,
9;0;5061;5130;1;0,1,2,3,15,32,33,38,39,40,41,42,43,44,45,46,47,48,49,50,51,52,53,54,55,56,57,58,59,60,61,62,63,69,70,72,134,141,142,143,144,145,146,150,151,152,153,154,155,156,157,158,159,160,161,162,163,164,165,166,167,168,169,170,171,172,173,174,175,176,177,205,206,207,208,209,210,211,212,213,
9;1;5130;5204;1;0,1,2,3,15,32,33,38,39,40,41,42,43,44,45,46,47,48,49,50,51,52,53,54,55,56,57,58,59,60,61,62,63,69,70,72,134,141,142,143,144,145,146,150,151,152,153,154,155,156,157,158,159,160,161,162,163,164,165,166,167,168,169,170,171,172,173,174,175,176,177,205,206,207,208,209,210,211,212,213,
50;0;5204;5263;0;0,1,2,3,15,32,33,38,39,40,41,42,43,44,45,46,47,48,49,50,51,52,53,54,55,56,57,58,59,60,61,62,63,69,70,72,134,141,142,143,144,145,146,150,151,152,153,154,155,156,157,158,159,160,161,162,163,164,165,166,167,168,169,170,171,172,173,174,175,176,177,205,206,207,208,209,210,211,212,213,
35;0;5263;5267;0;0,1,2,3,15,32,33,38,39,40,41,42,43,44,45,46,47,48,49,50,51,52,53,54,55,56,57,58,59,60,61,62,63,69,70,72,134,141,142,143,144,145,146,150,151,152,153,154,155,156,157,158,159,160,161,162,163,164,165,166,167,168,169,170,171,172,173,174,175,176,177,205,206,207,208,209,210,211,212,213,
35;1;5267;5359;0;0,1,2,3,15,32,33,38,39,40,41,42,43,44,45,46,47,48,49,50,51,52,53,54,55,56,57,58,59,60,61,62,63,69,70,72,134,141,142,143,144,145,146,150,151,152,153,154,155,156,157,158,159,160,161,162,163,164,165,166,167,168,169,170,171,172,173,174,175,176,177,205,206,207,208,209,210,211,212,213,
6;0;5359;5509;0;0,1,2,3,15,32,33,38,39,40,41,42,43,44,45,46,47,48,49,50,51,52,53,54,55,56,57,58,59,60,61,62,63,69,70,72,134,141,142,143,144,145,146,150,151,152,153,154,155,156,157,158,159,160,161,162,163,164,165,166,167,168,169,170,171,172,173,174,175,176,177,205,206,207,208,209,210,211,212,213,
END
fineshedJobsCount: 130
switchs: 68
switchsInstances: 1
unfineshedPriorityCount: 0
totalUnfineshed: 0
criticalMachineSwitchs: 0
criticalMachineTime: 6172
Final Solution: 3822
Time: 113659
PTL: 357
MCMC: 495
Best Initial: 3681
Mean Initial: 3615.82
