./input/BaseInstances/6M1_n=210,r=0.6,t=266,v0.txt;./input/Processed/ToolSetInt.csv
7;720;1440
Machine: 0
114;0;0;78;1;0,1,2,3,4,5,6,7,8,9,10,11,20,21,22,23,24,25,26,27,28,29,36,38,53,54,55,56,57,58,59,60,61,62,63,64,67,69,71,73,77,89,90,91,92,93,94,95,96,97,115,132,133,134,135,136,137,138,139,140,141,153,155,167,168,193,196,197,208,216,222,223,224,225,226,227,228,249,250,251,
114;1;78;159;1;0,1,2,3,4,5,6,7,8,9,10,11,20,21,22,23,24,25,26,27,28,29,36,38,53,54,55,56,57,58,59,60,61,62,63,64,67,69,71,73,77,89,90,91,92,93,94,95,96,97,115,132,133,134,135,136,137,138,139,140,141,153,155,167,168,193,196,197,208,216,222,223,224,225,226,227,228,249,250,251,
67;0;159;214;0;0,1,2,3,4,5,6,7,8,9,10,11,20,21,22,23,24,25,26,27,28,29,36,38,53,54,55,56,57,58,59,60,61,62,63,64,67,69,71,73,77,89,90,91,92,93,94,95,96,97,115,132,133,134,135,136,137,138,139,140,141,153,155,167,168,193,196,197,208,216,222,223,224,225,226,227,228,249,250,251,
83;0;214;244;0;0,1,2,3,4,5,6,7,8,9,10,11,20,21,22,23,24,25,26,27,28,29,36,38,53,54,55,56,57,58,59,60,61,62,63,64,67,69,71,73,77,89,90,91,92,93,94,95,96,97,115,132,133,134,135,136,137,138,139,140,141,153,155,167,168,193,196,197,208,216,222,223,224,225,226,227,228,249,250,251,
83;1;244;345;0;0,1,2,3,4,5,6,7,8,9,10,11,20,21,22,23,24,25,26,27,28,29,36,38,53,54,55,56,57,58,59,60,61,62,63,64,67,69,71,73,77,89,90,91,92,93,94,95,96,97,115,132,133,134,135,136,137,138,139,140,141,153,155,167,168,193,196,197,208,216,222,223,224,225,226,227,228,249,250,251,
81;0;345;410;1;0,1,2,3,4,5,6,7,8,9,10,11,20,21,22,23,24,25,26,27,28,29,36,38,53,54,55,56,57,58,59,60,61,62,63,64,67,69,71,73,77,89,90,91,92,93,94,95,96,97,115,132,133,134,135,136,137,138,139,140,141,153,155,167,168,193,196,197,208,216,222,223,224,225,226,227,228,249,250,251,
81;1;410;519;1;0,1,2,3,4,5,6,7,8,9,10,11,20,21,22,23,24,25,26,27,28,29,36,38,53,54,55,56,57,58,59,60,61,62,63,64,67,69,71,73,77,89,90,91,92,93,94,95,96,97,115,132,133,134,135,136,137,138,139,140,141,153,155,167,168,193,196,197,208,216,222,223,224,225,226,227,228,249,250,251,
38;0;519;681;0;0,1,2,3,4,5,6,7,8,9,10,11,20,21,22,23,24,25,26,27,28,29,36,38,53,54,55,56,57,58,59,60,61,62,63,64,67,69,71,73,77,89,90,91,92,93,94,95,96,97,115,132,133,134,135,136,137,138,139,140,141,153,155,167,168,193,196,197,208,216,222,223,224,225,226,227,228,249,250,251,
38;1;681;757;0;0,1,2,3,4,5,6,7,8,9,10,11,20,21,22,23,24,25,26,27,28,29,36,38,53,54,55,56,57,58,59,60,61,62,63,64,67,69,71,73,77,89,90,91,92,93,94,95,96,97,115,132,133,134,135,136,137,138,139,140,141,153,155,167,168,193,196,197,208,216,222,223,224,225,226,227,228,249,250,251,
47;0;757;901;0;0,1,2,3,4,5,6,7,8,9,10,11,20,21,22,23,24,25,26,27,28,29,36,38,53,54,55,56,57,58,59,60,61,62,63,64,67,69,71,73,77,89,90,91,92,93,94,95,96,97,115,132,133,134,135,136,137,138,139,140,141,153,155,167,168,193,196,197,208,216,222,223,224,225,226,227,228,249,250,251,
22;0;901;1010;0;0,1,2,3,4,5,6,7,8,9,10,11,20,21,22,23,24,25,26,27,28,29,36,38,53,54,55,56,57,58,59,60,61,62,63,64,67,69,71,73,77,89,90,91,92,93,94,95,96,97,115,132,133,134,135,136,137,138,139,140,141,153,155,167,168,193,196,197,208,216,222,223,224,225,226,227,228,249,250,251,
77;0;1010;1055;0;0,1,2,3,4,5,6,7,8,9,10,11,20,21,22,23,24,25,26,27,28,29,36,38,53,54,55,56,57,58,59,60,61,62,63,64,67,69,71,73,77,89,90,91,92,93,94,95,96,97,115,132,133,134,135,136,137,138,139,140,141,153,155,167,168,193,196,197,208,216,222,223,224,225,226,227,228,249,250,251,
69;0;1055;1149;1;0,1,2,3,4,5,6,7,8,9,10,11,20,21,22,23,24,25,26,27,28,29,36,38,53,54,55,56,57,58,59,60,61,62,63,64,67,69,71,73,77,89,90,91,92,93,94,95,96,97,115,132,133,134,135,136,137,138,139,140,141,153,155,167,168,193,196,197,208,216,222,223,224,225,226,227,228,249,250,251,
69;1;1149;1182;1;0,1,2,3,4,5,6,7,8,9,10,11,20,21,22,23,24,25,26,27,28,29,36,38,53,54,55,56,57,58,59,60,61,62,63,64,67,69,71,73,77,89,90,91,92,93,94,95,96,97,115,132,133,134,135,136,137,138,139,140,141,153,155,167,168,193,196,197,208,216,222,223,224,225,226,227,228,249,250,251,
58;0;1182;1228;0;0,1,2,3,4,5,6,7,8,9,10,11,20,21,22,23,24,25,26,27,28,29,36,38,53,54,55,56,57,58,59,60,61,62,63,64,67,69,71,73,77,89,90,91,92,93,94,95,96,97,115,132,133,134,135,136,137,138,139,140,141,153,155,167,168,193,196,197,208,216,222,223,224,225,226,227,228,249,250,251,
58;1;1228;1305;0;0,1,2,3,4,5,6,7,8,9,10,11,20,21,22,23,24,25,26,27,28,29,36,38,53,54,55,56,57,58,59,60,61,62,63,64,67,69,71,73,77,89,90,91,92,93,94,95,96,97,115,132,133,134,135,136,137,138,139,140,141,153,155,167,168,193,196,197,208,216,222,223,224,225,226,227,228,249,250,251,
97;0;1305;1312;0;0,1,2,3,4,5,6,7,8,9,10,11,20,21,22,23,24,25,26,27,28,29,36,38,53,54,55,56,57,58,59,60,61,62,63,64,67,69,71,73,77,89,90,91,92,93,94,95,96,97,115,132,133,134,135,136,137,138,139,140,141,153,155,167,168,193,196,197,208,216,222,223,224,225,226,227,228,249,250,251,
62;0;1312;1459;0;0,1,2,3,4,5,6,7,8,9,10,11,20,21,22,23,24,25,26,27,28,29,36,38,53,54,55,56,57,58,59,60,61,62,63,64,67,69,71,73,77,89,90,91,92,93,94,95,96,97,115,132,133,134,135,136,137,138,139,140,141,153,155,167,168,193,196,197,208,216,222,223,224,225,226,227,228,249,250,251,
88;0;1459;1518;0;0,1,2,3,4,5,6,7,8,9,10,11,20,21,22,23,24,25,26,27,28,29,36,38,53,54,55,56,57,58,59,60,61,62,63,64,67,69,71,73,77,89,90,91,92,93,94,95,96,97,115,132,133,134,135,136,137,138,139,140,141,153,155,167,168,193,196,197,208,216,222,223,224,225,226,227,228,249,250,251,
88;1;1518;1652;0;0,1,2,3,4,5,6,7,8,9,10,11,20,21,22,23,24,25,26,27,28,29,36,38,53,54,55,56,57,58,59,60,61,62,63,64,67,69,71,73,77,89,90,91,92,93,94,95,96,97,115,132,133,134,135,136,137,138,139,140,141,153,155,167,168,193,196,197,208,216,222,223,224,225,226,227,228,249,250,251,
117;0;1652;1832;0;0,1,2,3,4,5,6,7,8,9,10,11,20,21,22,23,24,25,26,27,28,29,36,38,53,54,55,56,57,58,59,60,61,62,63,64,67,69,71,73,77,89,90,91,92,93,94,95,96,97,115,132,133,134,135,136,137,138,139,140,141,153,155,167,168,193,196,197,208,216,222,223,224,225,226,227,228,249,250,251,
123;0;1832;1952;0;0,1,2,3,4,5,6,7,8,9,10,11,20,21,22,23,24,25,26,27,28,29,36,38,53,54,55,56,57,58,59,60,61,62,63,64,67,69,71,73,77,89,90,91,92,93,94,95,96,97,115,132,133,134,135,136,137,138,139,140,141,153,155,167,168,193,196,197,208,216,222,223,224,225,226,227,228,249,250,251,
123;1;1952;2007;0;0,1,2,3,4,5,6,7,8,9,10,11,20,21,22,23,24,25,26,27,28,29,36,38,53,54,55,56,57,58,59,60,61,62,63,64,67,69,71,73,77,89,90,91,92,93,94,95,96,97,115,132,133,134,135,136,137,138,139,140,141,153,155,167,168,193,196,197,208,216,222,223,224,225,226,227,228,249,250,251,
2;0;2007;2179;1;0,1,2,3,4,5,6,7,8,9,10,11,20,21,22,23,24,25,26,27,28,29,36,38,53,54,55,56,57,58,59,60,61,62,63,64,67,69,71,73,77,89,90,91,92,93,94,95,96,97,115,132,133,134,135,136,137,138,139,140,141,153,155,167,168,193,196,197,208,216,222,223,224,225,226,227,228,249,250,251,
0;0;2179;2208;1;0,1,2,3,4,5,6,7,8,9,10,11,20,21,22,23,24,25,26,27,28,29,36,38,53,54,55,56,57,58,59,60,61,62,63,64,67,69,71,73,77,89,90,91,92,93,94,95,96,97,115,132,133,134,135,136,137,138,139,140,141,153,155,167,168,193,196,197,208,216,222,223,224,225,226,227,228,249,250,251,
0;1;2208;2263;1;0,1,2,3,4,5,6,7,8,9,10,11,20,21,22,23,24,25,26,27,28,29,36,38,53,54,55,56,57,58,59,60,61,62,63,64,67,69,71,73,77,89,90,91,92,93,94,95,96,97,115,132,133,134,135,136,137,138,139,140,141,153,155,167,168,193,196,197,208,216,222,223,224,225,226,227,228,249,250,251,
18;0;2263;2349;0;0,1,2,3,4,5,6,7,8,9,10,11,20,21,22,23,24,25,26,27,28,29,36,38,53,54,55,56,57,58,59,60,61,62,63,64,67,69,71,73,77,89,90,91,92,93,94,95,96,97,115,132,133,134,135,136,137,138,139,140,141,153,155,167,168,193,196,197,208,216,222,223,224,225,226,227,228,249,250,251,
18;1;2349;2483;0;0,1,2,3,4,5,6,7,8,9,10,11,20,21,22,23,24,25,26,27,28,29,36,38,53,54,55,56,57,58,59,60,61,62,63,64,67,69,71,73,77,89,90,91,92,93,94,95,96,97,115,132,133,134,135,136,137,138,139,140,141,153,155,167,168,193,196,197,208,216,222,223,224,225,226,227,228,249,250,251,
12;0;2483;2630;0;0,1,2,3,4,5,6,7,8,9,10,11,20,21,22,23,24,25,26,27,28,29,36,38,53,54,55,56,57,58,59,60,61,62,63,64,67,69,71,73,77,89,90,91,92,93,94,95,96,97,115,132,133,134,135,136,137,138,139,140,141,153,155,167,168,193,196,197,208,216,222,223,224,225,226,227,228,249,250,251,
113;0;2630;2777;0;0,1,2,3,4,5,6,7,8,9,10,11,20,21,22,23,24,25,26,27,28,29,36,38,53,54,55,56,57,58,59,60,61,62,63,64,67,69,71,73,77,89,90,91,92,93,94,95,96,97,115,132,133,134,135,136,137,138,139,140,141,153,155,167,168,193,196,197,208,216,222,223,224,225,226,227,228,249,250,251,
113;1;2777;2866;0;0,1,2,3,4,5,6,7,8,9,10,11,20,21,22,23,24,25,26,27,28,29,36,38,53,54,55,56,57,58,59,60,61,62,63,64,67,69,71,73,77,89,90,91,92,93,94,95,96,97,115,132,133,134,135,136,137,138,139,140,141,153,155,167,168,193,196,197,208,216,222,223,224,225,226,227,228,249,250,251,
10;0;2866;2962;0;0,1,2,3,4,5,6,7,8,9,10,11,20,21,22,23,24,25,26,27,28,29,36,38,53,54,55,56,57,58,59,60,61,62,63,64,67,69,71,73,77,89,90,91,92,93,94,95,96,97,115,132,133,134,135,136,137,138,139,140,141,153,155,167,168,193,196,197,208,216,222,223,224,225,226,227,228,249,250,251,
118;0;2962;3136;0;0,1,2,3,4,5,6,7,8,9,10,11,20,21,22,23,24,25,26,27,28,29,36,38,53,54,55,56,57,58,59,60,61,62,63,64,67,69,71,73,77,89,90,91,92,93,94,95,96,97,115,132,133,134,135,136,137,138,139,140,141,153,155,167,168,193,196,197,208,216,222,223,224,225,226,227,228,249,250,251,
118;1;3136;3311;0;0,1,2,3,4,5,6,7,8,9,10,11,20,21,22,23,24,25,26,27,28,29,36,38,53,54,55,56,57,58,59,60,61,62,63,64,67,69,71,73,77,89,90,91,92,93,94,95,96,97,115,132,133,134,135,136,137,138,139,140,141,153,155,167,168,193,196,197,208,216,222,223,224,225,226,227,228,249,250,251,
Machine: 1
74;0;0;165;1;0,1,2,3,4,5,6,20,21,30,31,32,33,34,35,36,38,40,53,57,62,63,64,67,69,70,77,81,85,86,87,100,103,104,105,106,107,108,115,116,117,118,119,120,121,122,123,124,134,135,142,143,144,145,146,147,148,149,150,151,155,156,167,168,171,183,186,188,190,196,207,208,216,220,238,244,248,249,250,262,
74;1;165;207;1;0,1,2,3,4,5,6,20,21,30,31,32,33,34,35,36,38,40,53,57,62,63,64,67,69,70,77,81,85,86,87,100,103,104,105,106,107,108,115,116,117,118,119,120,121,122,123,124,134,135,142,143,144,145,146,147,148,149,150,151,155,156,167,168,171,183,186,188,190,196,207,208,216,220,238,244,248,249,250,262,
16;0;207;372;1;0,1,2,3,4,5,6,20,21,30,31,32,33,34,35,36,38,40,53,57,62,63,64,67,69,70,77,81,85,86,87,100,103,104,105,106,107,108,115,116,117,118,119,120,121,122,123,124,134,135,142,143,144,145,146,147,148,149,150,151,155,156,167,168,171,183,186,188,190,196,207,208,216,220,238,244,248,249,250,262,
16;1;372;469;1;0,1,2,3,4,5,6,20,21,30,31,32,33,34,35,36,38,40,53,57,62,63,64,67,69,70,77,81,85,86,87,100,103,104,105,106,107,108,115,116,117,118,119,120,121,122,123,124,134,135,142,143,144,145,146,147,148,149,150,151,155,156,167,168,171,183,186,188,190,196,207,208,216,220,238,244,248,249,250,262,
3;0;469;535;0;0,1,2,3,4,5,6,20,21,30,31,32,33,34,35,36,38,40,53,57,62,63,64,67,69,70,77,81,85,86,87,100,103,104,105,106,107,108,115,116,117,118,119,120,121,122,123,124,134,135,142,143,144,145,146,147,148,149,150,151,155,156,167,168,171,183,186,188,190,196,207,208,216,220,238,244,248,249,250,262,
3;1;535;577;0;0,1,2,3,4,5,6,20,21,30,31,32,33,34,35,36,38,40,53,57,62,63,64,67,69,70,77,81,85,86,87,100,103,104,105,106,107,108,115,116,117,118,119,120,121,122,123,124,134,135,142,143,144,145,146,147,148,149,150,151,155,156,167,168,171,183,186,188,190,196,207,208,216,220,238,244,248,249,250,262,
59;0;577;582;1;0,1,2,3,4,5,6,20,21,30,31,32,33,34,35,36,38,40,53,57,62,63,64,67,69,70,77,81,85,86,87,100,103,104,105,106,107,108,115,116,117,118,119,120,121,122,123,124,134,135,142,143,144,145,146,147,148,149,150,151,155,156,167,168,171,183,186,188,190,196,207,208,216,220,238,244,248,249,250,262,
59;1;582;706;1;0,1,2,3,4,5,6,20,21,30,31,32,33,34,35,36,38,40,53,57,62,63,64,67,69,70,77,81,85,86,87,100,103,104,105,106,107,108,115,116,117,118,119,120,121,122,123,124,134,135,142,143,144,145,146,147,148,149,150,151,155,156,167,168,171,183,186,188,190,196,207,208,216,220,238,244,248,249,250,262,
50;0;706;845;0;0,1,2,3,4,5,6,20,21,30,31,32,33,34,35,36,38,40,53,57,62,63,64,67,69,70,77,81,85,86,87,100,103,104,105,106,107,108,115,116,117,118,119,120,121,122,123,124,134,135,142,143,144,145,146,147,148,149,150,151,155,156,167,168,171,183,186,188,190,196,207,208,216,220,238,244,248,249,250,262,
66;0;845;905;1;0,1,2,3,4,5,6,20,21,30,31,32,33,34,35,36,38,40,53,57,62,63,64,67,69,70,77,81,85,86,87,100,103,104,105,106,107,108,115,116,117,118,119,120,121,122,123,124,134,135,142,143,144,145,146,147,148,149,150,151,155,156,167,168,171,183,186,188,190,196,207,208,216,220,238,244,248,249,250,262,
66;1;905;1066;1;0,1,2,3,4,5,6,20,21,30,31,32,33,34,35,36,38,40,53,57,62,63,64,67,69,70,77,81,85,86,87,100,103,104,105,106,107,108,115,116,117,118,119,120,121,122,123,124,134,135,142,143,144,145,146,147,148,149,150,151,155,156,167,168,171,183,186,188,190,196,207,208,216,220,238,244,248,249,250,262,
19;0;1066;1169;1;0,1,2,3,4,5,6,20,21,30,31,32,33,34,35,36,38,40,53,57,62,63,64,67,69,70,77,81,85,86,87,100,103,104,105,106,107,108,115,116,117,118,119,120,121,122,123,124,134,135,142,143,144,145,146,147,148,149,150,151,155,156,167,168,171,183,186,188,190,196,207,208,216,220,238,244,248,249,250,262,
19;1;1169;1333;1;0,1,2,3,4,5,6,20,21,30,31,32,33,34,35,36,38,40,53,57,62,63,64,67,69,70,77,81,85,86,87,100,103,104,105,106,107,108,115,116,117,118,119,120,121,122,123,124,134,135,142,143,144,145,146,147,148,149,150,151,155,156,167,168,171,183,186,188,190,196,207,208,216,220,238,244,248,249,250,262,
121;0;1333;1429;1;0,1,2,3,4,5,6,20,21,30,31,32,33,34,35,36,38,40,53,57,62,63,64,67,69,70,77,81,85,86,87,100,103,104,105,106,107,108,115,116,117,118,119,120,121,122,123,124,134,135,142,143,144,145,146,147,148,149,150,151,155,156,167,168,171,183,186,188,190,196,207,208,216,220,238,244,248,249,250,262,
121;1;1429;1482;1;0,1,2,3,4,5,6,20,21,30,31,32,33,34,35,36,38,40,53,57,62,63,64,67,69,70,77,81,85,86,87,100,103,104,105,106,107,108,115,116,117,118,119,120,121,122,123,124,134,135,142,143,144,145,146,147,148,149,150,151,155,156,167,168,171,183,186,188,190,196,207,208,216,220,238,244,248,249,250,262,
53;0;1482;1493;0;0,1,2,3,4,5,6,20,21,30,31,32,33,34,35,36,38,40,53,57,62,63,64,67,69,70,77,81,85,86,87,100,103,104,105,106,107,108,115,116,117,118,119,120,121,122,123,124,134,135,142,143,144,145,146,147,148,149,150,151,155,156,167,168,171,183,186,188,190,196,207,208,216,220,238,244,248,249,250,262,
53;1;1493;1553;0;0,1,2,3,4,5,6,20,21,30,31,32,33,34,35,36,38,40,53,57,62,63,64,67,69,70,77,81,85,86,87,100,103,104,105,106,107,108,115,116,117,118,119,120,121,122,123,124,134,135,142,143,144,145,146,147,148,149,150,151,155,156,167,168,171,183,186,188,190,196,207,208,216,220,238,244,248,249,250,262,
78;0;1553;1582;0;0,1,2,3,4,5,6,20,21,30,31,32,33,34,35,36,38,40,53,57,62,63,64,67,69,70,77,81,85,86,87,100,103,104,105,106,107,108,115,116,117,118,119,120,121,122,123,124,134,135,142,143,144,145,146,147,148,149,150,151,155,156,167,168,171,183,186,188,190,196,207,208,216,220,238,244,248,249,250,262,
78;1;1582;1743;0;0,1,2,3,4,5,6,20,21,30,31,32,33,34,35,36,38,40,53,57,62,63,64,67,69,70,77,81,85,86,87,100,103,104,105,106,107,108,115,116,117,118,119,120,121,122,123,124,134,135,142,143,144,145,146,147,148,149,150,151,155,156,167,168,171,183,186,188,190,196,207,208,216,220,238,244,248,249,250,262,
29;0;1743;1751;1;0,1,2,3,4,5,6,20,21,30,31,32,33,34,35,36,38,40,53,57,62,63,64,67,69,70,77,81,85,86,87,100,103,104,105,106,107,108,115,116,117,118,119,120,121,122,123,124,134,135,142,143,144,145,146,147,148,149,150,151,155,156,167,168,171,183,186,188,190,196,207,208,216,220,238,244,248,249,250,262,
29;1;1751;1795;1;0,1,2,3,4,5,6,20,21,30,31,32,33,34,35,36,38,40,53,57,62,63,64,67,69,70,77,81,85,86,87,100,103,104,105,106,107,108,115,116,117,118,119,120,121,122,123,124,134,135,142,143,144,145,146,147,148,149,150,151,155,156,167,168,171,183,186,188,190,196,207,208,216,220,238,244,248,249,250,262,
94;0;1795;1896;1;0,1,2,3,4,5,6,20,21,30,31,32,33,34,35,36,38,40,53,57,62,63,64,67,69,70,77,81,85,86,87,100,103,104,105,106,107,108,115,116,117,118,119,120,121,122,123,124,134,135,142,143,144,145,146,147,148,149,150,151,155,156,167,168,171,183,186,188,190,196,207,208,216,220,238,244,248,249,250,262,
94;1;1896;1941;1;0,1,2,3,4,5,6,20,21,30,31,32,33,34,35,36,38,40,53,57,62,63,64,67,69,70,77,81,85,86,87,100,103,104,105,106,107,108,115,116,117,118,119,120,121,122,123,124,134,135,142,143,144,145,146,147,148,149,150,151,155,156,167,168,171,183,186,188,190,196,207,208,216,220,238,244,248,249,250,262,
79;0;1941;1982;1;0,1,2,3,4,5,6,20,21,30,31,32,33,34,35,36,38,40,53,57,62,63,64,67,69,70,77,81,85,86,87,100,103,104,105,106,107,108,115,116,117,118,119,120,121,122,123,124,134,135,142,143,144,145,146,147,148,149,150,151,155,156,167,168,171,183,186,188,190,196,207,208,216,220,238,244,248,249,250,262,
79;1;1982;2003;1;0,1,2,3,4,5,6,20,21,30,31,32,33,34,35,36,38,40,53,57,62,63,64,67,69,70,77,81,85,86,87,100,103,104,105,106,107,108,115,116,117,118,119,120,121,122,123,124,134,135,142,143,144,145,146,147,148,149,150,151,155,156,167,168,171,183,186,188,190,196,207,208,216,220,238,244,248,249,250,262,
122;0;2003;2164;0;0,1,2,3,4,5,6,20,21,30,31,32,33,34,35,36,38,40,53,57,62,63,64,67,69,70,77,81,85,86,87,100,103,104,105,106,107,108,115,116,117,118,119,120,121,122,123,124,134,135,142,143,144,145,146,147,148,149,150,151,155,156,167,168,171,183,186,188,190,196,207,208,216,220,238,244,248,249,250,262,
96;0;2164;2308;1;0,1,2,3,4,5,6,20,21,30,31,32,33,34,35,36,38,40,53,57,62,63,64,67,69,70,77,81,85,86,87,100,103,104,105,106,107,108,115,116,117,118,119,120,121,122,123,124,134,135,142,143,144,145,146,147,148,149,150,151,155,156,167,168,171,183,186,188,190,196,207,208,216,220,238,244,248,249,250,262,
96;1;2308;2484;1;0,1,2,3,4,5,6,20,21,30,31,32,33,34,35,36,38,40,53,57,62,63,64,67,69,70,77,81,85,86,87,100,103,104,105,106,107,108,115,116,117,118,119,120,121,122,123,124,134,135,142,143,144,145,146,147,148,149,150,151,155,156,167,168,171,183,186,188,190,196,207,208,216,220,238,244,248,249,250,262,
49;0;2484;2582;1;0,1,2,3,4,5,6,20,21,30,31,32,33,34,35,36,38,40,53,57,62,63,64,67,69,70,77,81,85,86,87,100,103,104,105,106,107,108,115,116,117,118,119,120,121,122,123,124,134,135,142,143,144,145,146,147,148,149,150,151,155,156,167,168,171,183,186,188,190,196,207,208,216,220,238,244,248,249,250,262,
49;1;2582;2655;1;0,1,2,3,4,5,6,20,21,30,31,32,33,34,35,36,38,40,53,57,62,63,64,67,69,70,77,81,85,86,87,100,103,104,105,106,107,108,115,116,117,118,119,120,121,122,123,124,134,135,142,143,144,145,146,147,148,149,150,151,155,156,167,168,171,183,186,188,190,196,207,208,216,220,238,244,248,249,250,262,
104;0;2655;2708;1;0,1,2,3,4,5,6,20,21,30,31,32,33,34,35,36,38,40,53,57,62,63,64,67,69,70,77,81,85,86,87,100,103,104,105,106,107,108,115,116,117,118,119,120,121,122,123,124,134,135,142,143,144,145,146,147,148,149,150,151,155,156,167,168,171,183,186,188,190,196,207,208,216,220,238,244,248,249,250,262,
104;1;2708;2878;1;0,1,2,3,4,5,6,20,21,30,31,32,33,34,35,36,38,40,53,57,62,63,64,67,69,70,77,81,85,86,87,100,103,104,105,106,107,108,115,116,117,118,119,120,121,122,123,124,134,135,142,143,144,145,146,147,148,149,150,151,155,156,167,168,171,183,186,188,190,196,207,208,216,220,238,244,248,249,250,262,
102;0;2878;2929;0;0,1,2,3,4,5,6,20,21,30,31,32,33,34,35,36,38,40,53,57,62,63,64,67,69,70,77,81,85,86,87,100,103,104,105,106,107,108,115,116,117,118,119,120,121,122,123,124,134,135,142,143,144,145,146,147,148,149,150,151,155,156,167,168,171,183,186,188,190,196,207,208,216,220,238,244,248,249,250,262,
85;0;2929;2956;0;0,1,2,3,4,5,6,20,21,30,31,32,33,34,35,36,38,40,53,57,62,63,64,67,69,70,77,81,85,86,87,100,103,104,105,106,107,108,115,116,117,118,119,120,121,122,123,124,134,135,142,143,144,145,146,147,148,149,150,151,155,156,167,168,171,183,186,188,190,196,207,208,216,220,238,244,248,249,250,262,
109;0;2956;3016;1;0,1,2,3,4,5,6,20,21,30,31,32,33,34,35,36,38,40,53,57,62,63,64,67,69,70,77,81,85,86,87,100,103,104,105,106,107,108,115,116,117,118,119,120,121,122,123,124,134,135,142,143,144,145,146,147,148,149,150,151,155,156,167,168,171,183,186,188,190,196,207,208,216,220,238,244,248,249,250,262,
109;1;3016;3125;1;0,1,2,3,4,5,6,20,21,30,31,32,33,34,35,36,38,40,53,57,62,63,64,67,69,70,77,81,85,86,87,100,103,104,105,106,107,108,115,116,117,118,119,120,121,122,123,124,134,135,142,143,144,145,146,147,148,149,150,151,155,156,167,168,171,183,186,188,190,196,207,208,216,220,238,244,248,249,250,262,
65;0;3125;3289;0;0,1,2,3,4,5,6,20,21,30,31,32,33,34,35,36,38,40,53,57,62,63,64,67,69,70,77,81,85,86,87,100,103,104,105,106,107,108,115,116,117,118,119,120,121,122,123,124,134,135,142,143,144,145,146,147,148,149,150,151,155,156,167,168,171,183,186,188,190,196,207,208,216,220,238,244,248,249,250,262,
14;0;3289;3375;1;0,1,2,3,4,5,6,20,21,30,31,32,33,34,35,36,38,40,53,57,62,63,64,67,69,70,77,81,85,86,87,100,103,104,105,106,107,108,115,116,117,118,119,120,121,122,123,124,134,135,142,143,144,145,146,147,148,149,150,151,155,156,167,168,171,183,186,188,190,196,207,208,216,220,238,244,248,249,250,262,
14;1;3375;3526;1;0,1,2,3,4,5,6,20,21,30,31,32,33,34,35,36,38,40,53,57,62,63,64,67,69,70,77,81,85,86,87,100,103,104,105,106,107,108,115,116,117,118,119,120,121,122,123,124,134,135,142,143,144,145,146,147,148,149,150,151,155,156,167,168,171,183,186,188,190,196,207,208,216,220,238,244,248,249,250,262,
Machine: 2
72;0;0;144;0;0,1,2,3,4,5,6,7,20,36,37,38,39,40,41,42,43,44,45,48,53,54,55,56,57,58,59,60,61,62,63,64,65,66,67,68,69,89,90,120,134,135,137,151,152,153,154,155,156,157,158,159,160,161,162,163,164,165,166,173,174,175,176,193,194,197,216,221,235,237,238,239,240,241,242,243,244,250,251,259,
28;0;144;178;0;0,1,2,3,4,5,6,7,20,36,37,38,39,40,41,42,43,44,45,48,53,54,55,56,57,58,59,60,61,62,63,64,65,66,67,68,69,89,90,120,134,135,137,151,152,153,154,155,156,157,158,159,160,161,162,163,164,165,166,173,174,175,176,193,194,197,216,221,235,237,238,239,240,241,242,243,244,250,251,259,
28;1;178;322;0;0,1,2,3,4,5,6,7,20,36,37,38,39,40,41,42,43,44,45,48,53,54,55,56,57,58,59,60,61,62,63,64,65,66,67,68,69,89,90,120,134,135,137,151,152,153,154,155,156,157,158,159,160,161,162,163,164,165,166,173,174,175,176,193,194,197,216,221,235,237,238,239,240,241,242,243,244,250,251,259,
57;0;322;420;0;0,1,2,3,4,5,6,7,20,36,37,38,39,40,41,42,43,44,45,48,53,54,55,56,57,58,59,60,61,62,63,64,65,66,67,68,69,89,90,120,134,135,137,151,152,153,154,155,156,157,158,159,160,161,162,163,164,165,166,173,174,175,176,193,194,197,216,221,235,237,238,239,240,241,242,243,244,250,251,259,
100;0;420;520;0;0,1,2,3,4,5,6,7,20,36,37,38,39,40,41,42,43,44,45,48,53,54,55,56,57,58,59,60,61,62,63,64,65,66,67,68,69,89,90,120,134,135,137,151,152,153,154,155,156,157,158,159,160,161,162,163,164,165,166,173,174,175,176,193,194,197,216,221,235,237,238,239,240,241,242,243,244,250,251,259,
90;0;520;629;0;0,1,2,3,4,5,6,7,20,36,37,38,39,40,41,42,43,44,45,48,53,54,55,56,57,58,59,60,61,62,63,64,65,66,67,68,69,89,90,120,134,135,137,151,152,153,154,155,156,157,158,159,160,161,162,163,164,165,166,173,174,175,176,193,194,197,216,221,235,237,238,239,240,241,242,243,244,250,251,259,
106;0;629;804;1;0,1,2,3,4,5,6,7,20,36,37,38,39,40,41,42,43,44,45,48,53,54,55,56,57,58,59,60,61,62,63,64,65,66,67,68,69,89,90,120,134,135,137,151,152,153,154,155,156,157,158,159,160,161,162,163,164,165,166,173,174,175,176,193,194,197,216,221,235,237,238,239,240,241,242,243,244,250,251,259,
106;1;804;966;1;0,1,2,3,4,5,6,7,20,36,37,38,39,40,41,42,43,44,45,48,53,54,55,56,57,58,59,60,61,62,63,64,65,66,67,68,69,89,90,120,134,135,137,151,152,153,154,155,156,157,158,159,160,161,162,163,164,165,166,173,174,175,176,193,194,197,216,221,235,237,238,239,240,241,242,243,244,250,251,259,
20;0;966;1039;0;0,1,2,3,4,5,6,7,20,36,37,38,39,40,41,42,43,44,45,48,53,54,55,56,57,58,59,60,61,62,63,64,65,66,67,68,69,89,90,120,134,135,137,151,152,153,154,155,156,157,158,159,160,161,162,163,164,165,166,173,174,175,176,193,194,197,216,221,235,237,238,239,240,241,242,243,244,250,251,259,
41;0;1039;1129;1;0,1,2,3,4,5,6,7,20,36,37,38,39,40,41,42,43,44,45,48,53,54,55,56,57,58,59,60,61,62,63,64,65,66,67,68,69,89,90,120,134,135,137,151,152,153,154,155,156,157,158,159,160,161,162,163,164,165,166,173,174,175,176,193,194,197,216,221,235,237,238,239,240,241,242,243,244,250,251,259,
41;1;1129;1163;1;0,1,2,3,4,5,6,7,20,36,37,38,39,40,41,42,43,44,45,48,53,54,55,56,57,58,59,60,61,62,63,64,65,66,67,68,69,89,90,120,134,135,137,151,152,153,154,155,156,157,158,159,160,161,162,163,164,165,166,173,174,175,176,193,194,197,216,221,235,237,238,239,240,241,242,243,244,250,251,259,
76;0;1163;1284;1;0,1,2,3,4,5,6,7,20,36,37,38,39,40,41,42,43,44,45,48,53,54,55,56,57,58,59,60,61,62,63,64,65,66,67,68,69,89,90,120,134,135,137,151,152,153,154,155,156,157,158,159,160,161,162,163,164,165,166,173,174,175,176,193,194,197,216,221,235,237,238,239,240,241,242,243,244,250,251,259,
76;1;1284;1420;1;0,1,2,3,4,5,6,7,20,36,37,38,39,40,41,42,43,44,45,48,53,54,55,56,57,58,59,60,61,62,63,64,65,66,67,68,69,89,90,120,134,135,137,151,152,153,154,155,156,157,158,159,160,161,162,163,164,165,166,173,174,175,176,193,194,197,216,221,235,237,238,239,240,241,242,243,244,250,251,259,
111;0;1420;1549;1;0,1,2,3,4,5,6,7,20,36,37,38,39,40,41,42,43,44,45,48,53,54,55,56,57,58,59,60,61,62,63,64,65,66,67,68,69,89,90,120,134,135,137,151,152,153,154,155,156,157,158,159,160,161,162,163,164,165,166,173,174,175,176,193,194,197,216,221,235,237,238,239,240,241,242,243,244,250,251,259,
111;1;1549;1572;1;0,1,2,3,4,5,6,7,20,36,37,38,39,40,41,42,43,44,45,48,53,54,55,56,57,58,59,60,61,62,63,64,65,66,67,68,69,89,90,120,134,135,137,151,152,153,154,155,156,157,158,159,160,161,162,163,164,165,166,173,174,175,176,193,194,197,216,221,235,237,238,239,240,241,242,243,244,250,251,259,
63;0;1572;1602;0;0,1,2,3,4,5,6,7,20,36,37,38,39,40,41,42,43,44,45,48,53,54,55,56,57,58,59,60,61,62,63,64,65,66,67,68,69,89,90,120,134,135,137,151,152,153,154,155,156,157,158,159,160,161,162,163,164,165,166,173,174,175,176,193,194,197,216,221,235,237,238,239,240,241,242,243,244,250,251,259,
63;1;1602;1633;0;0,1,2,3,4,5,6,7,20,36,37,38,39,40,41,42,43,44,45,48,53,54,55,56,57,58,59,60,61,62,63,64,65,66,67,68,69,89,90,120,134,135,137,151,152,153,154,155,156,157,158,159,160,161,162,163,164,165,166,173,174,175,176,193,194,197,216,221,235,237,238,239,240,241,242,243,244,250,251,259,
24;0;1633;1686;1;0,1,2,3,4,5,6,7,20,36,37,38,39,40,41,42,43,44,45,48,53,54,55,56,57,58,59,60,61,62,63,64,65,66,67,68,69,89,90,120,134,135,137,151,152,153,154,155,156,157,158,159,160,161,162,163,164,165,166,173,174,175,176,193,194,197,216,221,235,237,238,239,240,241,242,243,244,250,251,259,
24;1;1686;1698;1;0,1,2,3,4,5,6,7,20,36,37,38,39,40,41,42,43,44,45,48,53,54,55,56,57,58,59,60,61,62,63,64,65,66,67,68,69,89,90,120,134,135,137,151,152,153,154,155,156,157,158,159,160,161,162,163,164,165,166,173,174,175,176,193,194,197,216,221,235,237,238,239,240,241,242,243,244,250,251,259,
6;0;1698;1859;1;0,1,2,3,4,5,6,7,20,36,37,38,39,40,41,42,43,44,45,48,53,54,55,56,57,58,59,60,61,62,63,64,65,66,67,68,69,89,90,120,134,135,137,151,152,153,154,155,156,157,158,159,160,161,162,163,164,165,166,173,174,175,176,193,194,197,216,221,235,237,238,239,240,241,242,243,244,250,251,259,
6;1;1859;1949;1;0,1,2,3,4,5,6,7,20,36,37,38,39,40,41,42,43,44,45,48,53,54,55,56,57,58,59,60,61,62,63,64,65,66,67,68,69,89,90,120,134,135,137,151,152,153,154,155,156,157,158,159,160,161,162,163,164,165,166,173,174,175,176,193,194,197,216,221,235,237,238,239,240,241,242,243,244,250,251,259,
21;0;1949;1969;1;0,1,2,3,4,5,6,7,20,36,37,38,39,40,41,42,43,44,45,48,53,54,55,56,57,58,59,60,61,62,63,64,65,66,67,68,69,89,90,120,134,135,137,151,152,153,154,155,156,157,158,159,160,161,162,163,164,165,166,173,174,175,176,193,194,197,216,221,235,237,238,239,240,241,242,243,244,250,251,259,
21;1;1969;2078;1;0,1,2,3,4,5,6,7,20,36,37,38,39,40,41,42,43,44,45,48,53,54,55,56,57,58,59,60,61,62,63,64,65,66,67,68,69,89,90,120,134,135,137,151,152,153,154,155,156,157,158,159,160,161,162,163,164,165,166,173,174,175,176,193,194,197,216,221,235,237,238,239,240,241,242,243,244,250,251,259,
115;0;2078;2201;0;0,1,2,3,4,5,6,7,20,36,37,38,39,40,41,42,43,44,45,48,53,54,55,56,57,58,59,60,61,62,63,64,65,66,67,68,69,89,90,120,134,135,137,151,152,153,154,155,156,157,158,159,160,161,162,163,164,165,166,173,174,175,176,193,194,197,216,221,235,237,238,239,240,241,242,243,244,250,251,259,
86;0;2201;2375;1;0,1,2,3,4,5,6,7,20,36,37,38,39,40,41,42,43,44,45,48,53,54,55,56,57,58,59,60,61,62,63,64,65,66,67,68,69,89,90,120,134,135,137,151,152,153,154,155,156,157,158,159,160,161,162,163,164,165,166,173,174,175,176,193,194,197,216,221,235,237,238,239,240,241,242,243,244,250,251,259,
86;1;2375;2550;1;0,1,2,3,4,5,6,7,20,36,37,38,39,40,41,42,43,44,45,48,53,54,55,56,57,58,59,60,61,62,63,64,65,66,67,68,69,89,90,120,134,135,137,151,152,153,154,155,156,157,158,159,160,161,162,163,164,165,166,173,174,175,176,193,194,197,216,221,235,237,238,239,240,241,242,243,244,250,251,259,
52;0;2550;2584;0;0,1,2,3,4,5,6,7,20,36,37,38,39,40,41,42,43,44,45,48,53,54,55,56,57,58,59,60,61,62,63,64,65,66,67,68,69,89,90,120,134,135,137,151,152,153,154,155,156,157,158,159,160,161,162,163,164,165,166,173,174,175,176,193,194,197,216,221,235,237,238,239,240,241,242,243,244,250,251,259,
4;0;2584;2750;1;0,1,2,3,4,5,6,7,20,36,37,38,39,40,41,42,43,44,45,48,53,54,55,56,57,58,59,60,61,62,63,64,65,66,67,68,69,89,90,120,134,135,137,151,152,153,154,155,156,157,158,159,160,161,162,163,164,165,166,173,174,175,176,193,194,197,216,221,235,237,238,239,240,241,242,243,244,250,251,259,
4;1;2750;2794;1;0,1,2,3,4,5,6,7,20,36,37,38,39,40,41,42,43,44,45,48,53,54,55,56,57,58,59,60,61,62,63,64,65,66,67,68,69,89,90,120,134,135,137,151,152,153,154,155,156,157,158,159,160,161,162,163,164,165,166,173,174,175,176,193,194,197,216,221,235,237,238,239,240,241,242,243,244,250,251,259,
60;0;2794;2959;0;0,1,2,3,4,5,6,7,20,36,37,38,39,40,41,42,43,44,45,48,53,54,55,56,57,58,59,60,61,62,63,64,65,66,67,68,69,89,90,120,134,135,137,151,152,153,154,155,156,157,158,159,160,161,162,163,164,165,166,173,174,175,176,193,194,197,216,221,235,237,238,239,240,241,242,243,244,250,251,259,
105;0;2959;3025;0;0,1,2,3,4,5,6,7,20,36,37,38,39,40,41,42,43,44,45,48,53,54,55,56,57,58,59,60,61,62,63,64,65,66,67,68,69,89,90,120,134,135,137,151,152,153,154,155,156,157,158,159,160,161,162,163,164,165,166,173,174,175,176,193,194,197,216,221,235,237,238,239,240,241,242,243,244,250,251,259,
129;0;3025;3069;1;0,1,2,3,4,5,6,7,20,36,37,38,39,40,41,42,43,44,45,48,53,54,55,56,57,58,59,60,61,62,63,64,65,66,67,68,69,89,90,120,134,135,137,151,152,153,154,155,156,157,158,159,160,161,162,163,164,165,166,173,174,175,176,193,194,197,216,221,235,237,238,239,240,241,242,243,244,250,251,259,
129;1;3069;3245;1;0,1,2,3,4,5,6,7,20,36,37,38,39,40,41,42,43,44,45,48,53,54,55,56,57,58,59,60,61,62,63,64,65,66,67,68,69,89,90,120,134,135,137,151,152,153,154,155,156,157,158,159,160,161,162,163,164,165,166,173,174,175,176,193,194,197,216,221,235,237,238,239,240,241,242,243,244,250,251,259,
108;0;3245;3251;0;0,1,2,3,4,5,6,7,20,36,37,38,39,40,41,42,43,44,45,48,53,54,55,56,57,58,59,60,61,62,63,64,65,66,67,68,69,89,90,120,134,135,137,151,152,153,154,155,156,157,158,159,160,161,162,163,164,165,166,173,174,175,176,193,194,197,216,221,235,237,238,239,240,241,242,243,244,250,251,259,
108;1;3251;3328;0;0,1,2,3,4,5,6,7,20,36,37,38,39,40,41,42,43,44,45,48,53,54,55,56,57,58,59,60,61,62,63,64,65,66,67,68,69,89,90,120,134,135,137,151,152,153,154,155,156,157,158,159,160,161,162,163,164,165,166,173,174,175,176,193,194,197,216,221,235,237,238,239,240,241,242,243,244,250,251,259,
Machine: 3
17;0;0;83;0;0,1,2,20,24,27,33,36,38,52,53,57,63,64,67,69,70,71,72,73,74,75,76,77,78,79,80,81,82,83,84,85,86,87,88,98,99,100,101,102,103,104,105,106,107,108,125,126,127,128,129,130,131,151,169,170,171,172,183,191,200,201,202,203,204,205,208,216,218,229,230,231,232,233,234,235,236,245,246,247,
95;0;83;220;0;0,1,2,20,24,27,33,36,38,52,53,57,63,64,67,69,70,71,72,73,74,75,76,77,78,79,80,81,82,83,84,85,86,87,88,98,99,100,101,102,103,104,105,106,107,108,125,126,127,128,129,130,131,151,169,170,171,172,183,191,200,201,202,203,204,205,208,216,218,229,230,231,232,233,234,235,236,245,246,247,
40;0;220;384;0;0,1,2,20,24,27,33,36,38,52,53,57,63,64,67,69,70,71,72,73,74,75,76,77,78,79,80,81,82,83,84,85,86,87,88,98,99,100,101,102,103,104,105,106,107,108,125,126,127,128,129,130,131,151,169,170,171,172,183,191,200,201,202,203,204,205,208,216,218,229,230,231,232,233,234,235,236,245,246,247,
32;0;384;488;0;0,1,2,20,24,27,33,36,38,52,53,57,63,64,67,69,70,71,72,73,74,75,76,77,78,79,80,81,82,83,84,85,86,87,88,98,99,100,101,102,103,104,105,106,107,108,125,126,127,128,129,130,131,151,169,170,171,172,183,191,200,201,202,203,204,205,208,216,218,229,230,231,232,233,234,235,236,245,246,247,
93;0;488;587;0;0,1,2,20,24,27,33,36,38,52,53,57,63,64,67,69,70,71,72,73,74,75,76,77,78,79,80,81,82,83,84,85,86,87,88,98,99,100,101,102,103,104,105,106,107,108,125,126,127,128,129,130,131,151,169,170,171,172,183,191,200,201,202,203,204,205,208,216,218,229,230,231,232,233,234,235,236,245,246,247,
93;1;587;702;0;0,1,2,20,24,27,33,36,38,52,53,57,63,64,67,69,70,71,72,73,74,75,76,77,78,79,80,81,82,83,84,85,86,87,88,98,99,100,101,102,103,104,105,106,107,108,125,126,127,128,129,130,131,151,169,170,171,172,183,191,200,201,202,203,204,205,208,216,218,229,230,231,232,233,234,235,236,245,246,247,
80;0;702;779;0;0,1,2,20,24,27,33,36,38,52,53,57,63,64,67,69,70,71,72,73,74,75,76,77,78,79,80,81,82,83,84,85,86,87,88,98,99,100,101,102,103,104,105,106,107,108,125,126,127,128,129,130,131,151,169,170,171,172,183,191,200,201,202,203,204,205,208,216,218,229,230,231,232,233,234,235,236,245,246,247,
84;0;779;905;1;0,1,2,20,24,27,33,36,38,52,53,57,63,64,67,69,70,71,72,73,74,75,76,77,78,79,80,81,82,83,84,85,86,87,88,98,99,100,101,102,103,104,105,106,107,108,125,126,127,128,129,130,131,151,169,170,171,172,183,191,200,201,202,203,204,205,208,216,218,229,230,231,232,233,234,235,236,245,246,247,
84;1;905;920;1;0,1,2,20,24,27,33,36,38,52,53,57,63,64,67,69,70,71,72,73,74,75,76,77,78,79,80,81,82,83,84,85,86,87,88,98,99,100,101,102,103,104,105,106,107,108,125,126,127,128,129,130,131,151,169,170,171,172,183,191,200,201,202,203,204,205,208,216,218,229,230,231,232,233,234,235,236,245,246,247,
11;0;920;954;1;0,1,2,20,24,27,33,36,38,52,53,57,63,64,67,69,70,71,72,73,74,75,76,77,78,79,80,81,82,83,84,85,86,87,88,98,99,100,101,102,103,104,105,106,107,108,125,126,127,128,129,130,131,151,169,170,171,172,183,191,200,201,202,203,204,205,208,216,218,229,230,231,232,233,234,235,236,245,246,247,
11;1;954;968;1;0,1,2,20,24,27,33,36,38,52,53,57,63,64,67,69,70,71,72,73,74,75,76,77,78,79,80,81,82,83,84,85,86,87,88,98,99,100,101,102,103,104,105,106,107,108,125,126,127,128,129,130,131,151,169,170,171,172,183,191,200,201,202,203,204,205,208,216,218,229,230,231,232,233,234,235,236,245,246,247,
124;0;968;972;1;0,1,2,20,24,27,33,36,38,52,53,57,63,64,67,69,70,71,72,73,74,75,76,77,78,79,80,81,82,83,84,85,86,87,88,98,99,100,101,102,103,104,105,106,107,108,125,126,127,128,129,130,131,151,169,170,171,172,183,191,200,201,202,203,204,205,208,216,218,229,230,231,232,233,234,235,236,245,246,247,
124;1;972;986;1;0,1,2,20,24,27,33,36,38,52,53,57,63,64,67,69,70,71,72,73,74,75,76,77,78,79,80,81,82,83,84,85,86,87,88,98,99,100,101,102,103,104,105,106,107,108,125,126,127,128,129,130,131,151,169,170,171,172,183,191,200,201,202,203,204,205,208,216,218,229,230,231,232,233,234,235,236,245,246,247,
71;0;986;1084;1;0,1,2,20,24,27,33,36,38,52,53,57,63,64,67,69,70,71,72,73,74,75,76,77,78,79,80,81,82,83,84,85,86,87,88,98,99,100,101,102,103,104,105,106,107,108,125,126,127,128,129,130,131,151,169,170,171,172,183,191,200,201,202,203,204,205,208,216,218,229,230,231,232,233,234,235,236,245,246,247,
71;1;1084;1235;1;0,1,2,20,24,27,33,36,38,52,53,57,63,64,67,69,70,71,72,73,74,75,76,77,78,79,80,81,82,83,84,85,86,87,88,98,99,100,101,102,103,104,105,106,107,108,125,126,127,128,129,130,131,151,169,170,171,172,183,191,200,201,202,203,204,205,208,216,218,229,230,231,232,233,234,235,236,245,246,247,
103;0;1235;1369;0;0,1,2,20,24,27,33,36,38,52,53,57,63,64,67,69,70,71,72,73,74,75,76,77,78,79,80,81,82,83,84,85,86,87,88,98,99,100,101,102,103,104,105,106,107,108,125,126,127,128,129,130,131,151,169,170,171,172,183,191,200,201,202,203,204,205,208,216,218,229,230,231,232,233,234,235,236,245,246,247,
103;1;1369;1431;0;0,1,2,20,24,27,33,36,38,52,53,57,63,64,67,69,70,71,72,73,74,75,76,77,78,79,80,81,82,83,84,85,86,87,88,98,99,100,101,102,103,104,105,106,107,108,125,126,127,128,129,130,131,151,169,170,171,172,183,191,200,201,202,203,204,205,208,216,218,229,230,231,232,233,234,235,236,245,246,247,
42;0;1431;1502;0;0,1,2,20,24,27,33,36,38,52,53,57,63,64,67,69,70,71,72,73,74,75,76,77,78,79,80,81,82,83,84,85,86,87,88,98,99,100,101,102,103,104,105,106,107,108,125,126,127,128,129,130,131,151,169,170,171,172,183,191,200,201,202,203,204,205,208,216,218,229,230,231,232,233,234,235,236,245,246,247,
120;0;1502;1653;0;0,1,2,20,24,27,33,36,38,52,53,57,63,64,67,69,70,71,72,73,74,75,76,77,78,79,80,81,82,83,84,85,86,87,88,98,99,100,101,102,103,104,105,106,107,108,125,126,127,128,129,130,131,151,169,170,171,172,183,191,200,201,202,203,204,205,208,216,218,229,230,231,232,233,234,235,236,245,246,247,
70;0;1653;1790;0;0,1,2,20,24,27,33,36,38,52,53,57,63,64,67,69,70,71,72,73,74,75,76,77,78,79,80,81,82,83,84,85,86,87,88,98,99,100,101,102,103,104,105,106,107,108,125,126,127,128,129,130,131,151,169,170,171,172,183,191,200,201,202,203,204,205,208,216,218,229,230,231,232,233,234,235,236,245,246,247,
56;0;1790;1858;1;0,1,2,20,24,27,33,36,38,52,53,57,63,64,67,69,70,71,72,73,74,75,76,77,78,79,80,81,82,83,84,85,86,87,88,98,99,100,101,102,103,104,105,106,107,108,125,126,127,128,129,130,131,151,169,170,171,172,183,191,200,201,202,203,204,205,208,216,218,229,230,231,232,233,234,235,236,245,246,247,
56;1;1858;1962;1;0,1,2,20,24,27,33,36,38,52,53,57,63,64,67,69,70,71,72,73,74,75,76,77,78,79,80,81,82,83,84,85,86,87,88,98,99,100,101,102,103,104,105,106,107,108,125,126,127,128,129,130,131,151,169,170,171,172,183,191,200,201,202,203,204,205,208,216,218,229,230,231,232,233,234,235,236,245,246,247,
82;0;1962;2083;0;0,1,2,20,24,27,33,36,38,52,53,57,63,64,67,69,70,71,72,73,74,75,76,77,78,79,80,81,82,83,84,85,86,87,88,98,99,100,101,102,103,104,105,106,107,108,125,126,127,128,129,130,131,151,169,170,171,172,183,191,200,201,202,203,204,205,208,216,218,229,230,231,232,233,234,235,236,245,246,247,
98;0;2083;2156;0;0,1,2,20,24,27,33,36,38,52,53,57,63,64,67,69,70,71,72,73,74,75,76,77,78,79,80,81,82,83,84,85,86,87,88,98,99,100,101,102,103,104,105,106,107,108,125,126,127,128,129,130,131,151,169,170,171,172,183,191,200,201,202,203,204,205,208,216,218,229,230,231,232,233,234,235,236,245,246,247,
98;1;2156;2313;0;0,1,2,20,24,27,33,36,38,52,53,57,63,64,67,69,70,71,72,73,74,75,76,77,78,79,80,81,82,83,84,85,86,87,88,98,99,100,101,102,103,104,105,106,107,108,125,126,127,128,129,130,131,151,169,170,171,172,183,191,200,201,202,203,204,205,208,216,218,229,230,231,232,233,234,235,236,245,246,247,
119;0;2313;2402;1;0,1,2,20,24,27,33,36,38,52,53,57,63,64,67,69,70,71,72,73,74,75,76,77,78,79,80,81,82,83,84,85,86,87,88,98,99,100,101,102,103,104,105,106,107,108,125,126,127,128,129,130,131,151,169,170,171,172,183,191,200,201,202,203,204,205,208,216,218,229,230,231,232,233,234,235,236,245,246,247,
119;1;2402;2470;1;0,1,2,20,24,27,33,36,38,52,53,57,63,64,67,69,70,71,72,73,74,75,76,77,78,79,80,81,82,83,84,85,86,87,88,98,99,100,101,102,103,104,105,106,107,108,125,126,127,128,129,130,131,151,169,170,171,172,183,191,200,201,202,203,204,205,208,216,218,229,230,231,232,233,234,235,236,245,246,247,
39;0;2470;2543;1;0,1,2,20,24,27,33,36,38,52,53,57,63,64,67,69,70,71,72,73,74,75,76,77,78,79,80,81,82,83,84,85,86,87,88,98,99,100,101,102,103,104,105,106,107,108,125,126,127,128,129,130,131,151,169,170,171,172,183,191,200,201,202,203,204,205,208,216,218,229,230,231,232,233,234,235,236,245,246,247,
39;1;2543;2694;1;0,1,2,20,24,27,33,36,38,52,53,57,63,64,67,69,70,71,72,73,74,75,76,77,78,79,80,81,82,83,84,85,86,87,88,98,99,100,101,102,103,104,105,106,107,108,125,126,127,128,129,130,131,151,169,170,171,172,183,191,200,201,202,203,204,205,208,216,218,229,230,231,232,233,234,235,236,245,246,247,
43;0;2694;2736;0;0,1,2,20,24,27,33,36,38,52,53,57,63,64,67,69,70,71,72,73,74,75,76,77,78,79,80,81,82,83,84,85,86,87,88,98,99,100,101,102,103,104,105,106,107,108,125,126,127,128,129,130,131,151,169,170,171,172,183,191,200,201,202,203,204,205,208,216,218,229,230,231,232,233,234,235,236,245,246,247,
43;1;2736;2900;0;0,1,2,20,24,27,33,36,38,52,53,57,63,64,67,69,70,71,72,73,74,75,76,77,78,79,80,81,82,83,84,85,86,87,88,98,99,100,101,102,103,104,105,106,107,108,125,126,127,128,129,130,131,151,169,170,171,172,183,191,200,201,202,203,204,205,208,216,218,229,230,231,232,233,234,235,236,245,246,247,
9;0;2900;3026;1;0,1,2,20,24,27,33,36,38,52,53,57,63,64,67,69,70,71,72,73,74,75,76,77,78,79,80,81,82,83,84,85,86,87,88,98,99,100,101,102,103,104,105,106,107,108,125,126,127,128,129,130,131,151,169,170,171,172,183,191,200,201,202,203,204,205,208,216,218,229,230,231,232,233,234,235,236,245,246,247,
9;1;3026;3089;1;0,1,2,20,24,27,33,36,38,52,53,57,63,64,67,69,70,71,72,73,74,75,76,77,78,79,80,81,82,83,84,85,86,87,88,98,99,100,101,102,103,104,105,106,107,108,125,126,127,128,129,130,131,151,169,170,171,172,183,191,200,201,202,203,204,205,208,216,218,229,230,231,232,233,234,235,236,245,246,247,
127;0;3089;3246;0;0,1,2,20,24,27,33,36,38,52,53,57,63,64,67,69,70,71,72,73,74,75,76,77,78,79,80,81,82,83,84,85,86,87,88,98,99,100,101,102,103,104,105,106,107,108,125,126,127,128,129,130,131,151,169,170,171,172,183,191,200,201,202,203,204,205,208,216,218,229,230,231,232,233,234,235,236,245,246,247,
Machine: 4
55;0;0;72;0;10,11,12,13,14,15,16,17,18,19,20,22,24,26,28,29,36,38,45,46,47,48,49,50,51,52,53,54,55,56,57,58,59,60,61,62,63,64,67,69,77,82,84,85,88,102,104,106,113,135,155,169,170,171,172,177,186,191,193,194,195,196,197,198,199,216,221,253,254,255,256,257,258,259,260,261,262,263,264,265,
130;0;72;203;0;10,11,12,13,14,15,16,17,18,19,20,22,24,26,28,29,36,38,45,46,47,48,49,50,51,52,53,54,55,56,57,58,59,60,61,62,63,64,67,69,77,82,84,85,88,102,104,106,113,135,155,169,170,171,172,177,186,191,193,194,195,196,197,198,199,216,221,253,254,255,256,257,258,259,260,261,262,263,264,265,
45;0;203;242;0;10,11,12,13,14,15,16,17,18,19,20,22,24,26,28,29,36,38,45,46,47,48,49,50,51,52,53,54,55,56,57,58,59,60,61,62,63,64,67,69,77,82,84,85,88,102,104,106,113,135,155,169,170,171,172,177,186,191,193,194,195,196,197,198,199,216,221,253,254,255,256,257,258,259,260,261,262,263,264,265,
91;0;242;405;1;10,11,12,13,14,15,16,17,18,19,20,22,24,26,28,29,36,38,45,46,47,48,49,50,51,52,53,54,55,56,57,58,59,60,61,62,63,64,67,69,77,82,84,85,88,102,104,106,113,135,155,169,170,171,172,177,186,191,193,194,195,196,197,198,199,216,221,253,254,255,256,257,258,259,260,261,262,263,264,265,
91;1;405;554;1;10,11,12,13,14,15,16,17,18,19,20,22,24,26,28,29,36,38,45,46,47,48,49,50,51,52,53,54,55,56,57,58,59,60,61,62,63,64,67,69,77,82,84,85,88,102,104,106,113,135,155,169,170,171,172,177,186,191,193,194,195,196,197,198,199,216,221,253,254,255,256,257,258,259,260,261,262,263,264,265,
31;0;554;701;1;10,11,12,13,14,15,16,17,18,19,20,22,24,26,28,29,36,38,45,46,47,48,49,50,51,52,53,54,55,56,57,58,59,60,61,62,63,64,67,69,77,82,84,85,88,102,104,106,113,135,155,169,170,171,172,177,186,191,193,194,195,196,197,198,199,216,221,253,254,255,256,257,258,259,260,261,262,263,264,265,
31;1;701;773;1;10,11,12,13,14,15,16,17,18,19,20,22,24,26,28,29,36,38,45,46,47,48,49,50,51,52,53,54,55,56,57,58,59,60,61,62,63,64,67,69,77,82,84,85,88,102,104,106,113,135,155,169,170,171,172,177,186,191,193,194,195,196,197,198,199,216,221,253,254,255,256,257,258,259,260,261,262,263,264,265,
110;0;773;871;0;10,11,12,13,14,15,16,17,18,19,20,22,24,26,28,29,36,38,45,46,47,48,49,50,51,52,53,54,55,56,57,58,59,60,61,62,63,64,67,69,77,82,84,85,88,102,104,106,113,135,155,169,170,171,172,177,186,191,193,194,195,196,197,198,199,216,221,253,254,255,256,257,258,259,260,261,262,263,264,265,
5;0;871;937;0;10,11,12,13,14,15,16,17,18,19,20,22,24,26,28,29,36,38,45,46,47,48,49,50,51,52,53,54,55,56,57,58,59,60,61,62,63,64,67,69,77,82,84,85,88,102,104,106,113,135,155,169,170,171,172,177,186,191,193,194,195,196,197,198,199,216,221,253,254,255,256,257,258,259,260,261,262,263,264,265,
128;0;937;1015;0;10,11,12,13,14,15,16,17,18,19,20,22,24,26,28,29,36,38,45,46,47,48,49,50,51,52,53,54,55,56,57,58,59,60,61,62,63,64,67,69,77,82,84,85,88,102,104,106,113,135,155,169,170,171,172,177,186,191,193,194,195,196,197,198,199,216,221,253,254,255,256,257,258,259,260,261,262,263,264,265,
128;1;1015;1093;0;10,11,12,13,14,15,16,17,18,19,20,22,24,26,28,29,36,38,45,46,47,48,49,50,51,52,53,54,55,56,57,58,59,60,61,62,63,64,67,69,77,82,84,85,88,102,104,106,113,135,155,169,170,171,172,177,186,191,193,194,195,196,197,198,199,216,221,253,254,255,256,257,258,259,260,261,262,263,264,265,
48;0;1093;1182;0;10,11,12,13,14,15,16,17,18,19,20,22,24,26,28,29,36,38,45,46,47,48,49,50,51,52,53,54,55,56,57,58,59,60,61,62,63,64,67,69,77,82,84,85,88,102,104,106,113,135,155,169,170,171,172,177,186,191,193,194,195,196,197,198,199,216,221,253,254,255,256,257,258,259,260,261,262,263,264,265,
48;1;1182;1234;0;10,11,12,13,14,15,16,17,18,19,20,22,24,26,28,29,36,38,45,46,47,48,49,50,51,52,53,54,55,56,57,58,59,60,61,62,63,64,67,69,77,82,84,85,88,102,104,106,113,135,155,169,170,171,172,177,186,191,193,194,195,196,197,198,199,216,221,253,254,255,256,257,258,259,260,261,262,263,264,265,
23;0;1234;1340;0;10,11,12,13,14,15,16,17,18,19,20,22,24,26,28,29,36,38,45,46,47,48,49,50,51,52,53,54,55,56,57,58,59,60,61,62,63,64,67,69,77,82,84,85,88,102,104,106,113,135,155,169,170,171,172,177,186,191,193,194,195,196,197,198,199,216,221,253,254,255,256,257,258,259,260,261,262,263,264,265,
23;1;1340;1497;0;10,11,12,13,14,15,16,17,18,19,20,22,24,26,28,29,36,38,45,46,47,48,49,50,51,52,53,54,55,56,57,58,59,60,61,62,63,64,67,69,77,82,84,85,88,102,104,106,113,135,155,169,170,171,172,177,186,191,193,194,195,196,197,198,199,216,221,253,254,255,256,257,258,259,260,261,262,263,264,265,
126;0;1497;1530;1;10,11,12,13,14,15,16,17,18,19,20,22,24,26,28,29,36,38,45,46,47,48,49,50,51,52,53,54,55,56,57,58,59,60,61,62,63,64,67,69,77,82,84,85,88,102,104,106,113,135,155,169,170,171,172,177,186,191,193,194,195,196,197,198,199,216,221,253,254,255,256,257,258,259,260,261,262,263,264,265,
126;1;1530;1564;1;10,11,12,13,14,15,16,17,18,19,20,22,24,26,28,29,36,38,45,46,47,48,49,50,51,52,53,54,55,56,57,58,59,60,61,62,63,64,67,69,77,82,84,85,88,102,104,106,113,135,155,169,170,171,172,177,186,191,193,194,195,196,197,198,199,216,221,253,254,255,256,257,258,259,260,261,262,263,264,265,
116;0;1564;1624;1;10,11,12,13,14,15,16,17,18,19,20,22,24,26,28,29,36,38,45,46,47,48,49,50,51,52,53,54,55,56,57,58,59,60,61,62,63,64,67,69,77,82,84,85,88,102,104,106,113,135,155,169,170,171,172,177,186,191,193,194,195,196,197,198,199,216,221,253,254,255,256,257,258,259,260,261,262,263,264,265,
116;1;1624;1776;1;10,11,12,13,14,15,16,17,18,19,20,22,24,26,28,29,36,38,45,46,47,48,49,50,51,52,53,54,55,56,57,58,59,60,61,62,63,64,67,69,77,82,84,85,88,102,104,106,113,135,155,169,170,171,172,177,186,191,193,194,195,196,197,198,199,216,221,253,254,255,256,257,258,259,260,261,262,263,264,265,
7;0;1776;1807;0;10,11,12,13,14,15,16,17,18,19,20,22,24,26,28,29,36,38,45,46,47,48,49,50,51,52,53,54,55,56,57,58,59,60,61,62,63,64,67,69,77,82,84,85,88,102,104,106,113,135,155,169,170,171,172,177,186,191,193,194,195,196,197,198,199,216,221,253,254,255,256,257,258,259,260,261,262,263,264,265,
68;0;1807;1904;0;10,11,12,13,14,15,16,17,18,19,20,22,24,26,28,29,36,38,45,46,47,48,49,50,51,52,53,54,55,56,57,58,59,60,61,62,63,64,67,69,77,82,84,85,88,102,104,106,113,135,155,169,170,171,172,177,186,191,193,194,195,196,197,198,199,216,221,253,254,255,256,257,258,259,260,261,262,263,264,265,
68;1;1904;2066;0;10,11,12,13,14,15,16,17,18,19,20,22,24,26,28,29,36,38,45,46,47,48,49,50,51,52,53,54,55,56,57,58,59,60,61,62,63,64,67,69,77,82,84,85,88,102,104,106,113,135,155,169,170,171,172,177,186,191,193,194,195,196,197,198,199,216,221,253,254,255,256,257,258,259,260,261,262,263,264,265,
99;0;2066;2226;1;10,11,12,13,14,15,16,17,18,19,20,22,24,26,28,29,36,38,45,46,47,48,49,50,51,52,53,54,55,56,57,58,59,60,61,62,63,64,67,69,77,82,84,85,88,102,104,106,113,135,155,169,170,171,172,177,186,191,193,194,195,196,197,198,199,216,221,253,254,255,256,257,258,259,260,261,262,263,264,265,
99;1;2226;2379;1;10,11,12,13,14,15,16,17,18,19,20,22,24,26,28,29,36,38,45,46,47,48,49,50,51,52,53,54,55,56,57,58,59,60,61,62,63,64,67,69,77,82,84,85,88,102,104,106,113,135,155,169,170,171,172,177,186,191,193,194,195,196,197,198,199,216,221,253,254,255,256,257,258,259,260,261,262,263,264,265,
92;0;2379;2510;0;10,11,12,13,14,15,16,17,18,19,20,22,24,26,28,29,36,38,45,46,47,48,49,50,51,52,53,54,55,56,57,58,59,60,61,62,63,64,67,69,77,82,84,85,88,102,104,106,113,135,155,169,170,171,172,177,186,191,193,194,195,196,197,198,199,216,221,253,254,255,256,257,258,259,260,261,262,263,264,265,
1;0;2510;2678;0;10,11,12,13,14,15,16,17,18,19,20,22,24,26,28,29,36,38,45,46,47,48,49,50,51,52,53,54,55,56,57,58,59,60,61,62,63,64,67,69,77,82,84,85,88,102,104,106,113,135,155,169,170,171,172,177,186,191,193,194,195,196,197,198,199,216,221,253,254,255,256,257,258,259,260,261,262,263,264,265,
1;1;2678;2743;0;10,11,12,13,14,15,16,17,18,19,20,22,24,26,28,29,36,38,45,46,47,48,49,50,51,52,53,54,55,56,57,58,59,60,61,62,63,64,67,69,77,82,84,85,88,102,104,106,113,135,155,169,170,171,172,177,186,191,193,194,195,196,197,198,199,216,221,253,254,255,256,257,258,259,260,261,262,263,264,265,
27;0;2743;2848;0;10,11,12,13,14,15,16,17,18,19,20,22,24,26,28,29,36,38,45,46,47,48,49,50,51,52,53,54,55,56,57,58,59,60,61,62,63,64,67,69,77,82,84,85,88,102,104,106,113,135,155,169,170,171,172,177,186,191,193,194,195,196,197,198,199,216,221,253,254,255,256,257,258,259,260,261,262,263,264,265,
46;0;2848;2953;1;10,11,12,13,14,15,16,17,18,19,20,22,24,26,28,29,36,38,45,46,47,48,49,50,51,52,53,54,55,56,57,58,59,60,61,62,63,64,67,69,77,82,84,85,88,102,104,106,113,135,155,169,170,171,172,177,186,191,193,194,195,196,197,198,199,216,221,253,254,255,256,257,258,259,260,261,262,263,264,265,
46;1;2953;3123;1;10,11,12,13,14,15,16,17,18,19,20,22,24,26,28,29,36,38,45,46,47,48,49,50,51,52,53,54,55,56,57,58,59,60,61,62,63,64,67,69,77,82,84,85,88,102,104,106,113,135,155,169,170,171,172,177,186,191,193,194,195,196,197,198,199,216,221,253,254,255,256,257,258,259,260,261,262,263,264,265,
101;0;3123;3271;1;10,11,12,13,14,15,16,17,18,19,20,22,24,26,28,29,36,38,45,46,47,48,49,50,51,52,53,54,55,56,57,58,59,60,61,62,63,64,67,69,77,82,84,85,88,102,104,106,113,135,155,169,170,171,172,177,186,191,193,194,195,196,197,198,199,216,221,253,254,255,256,257,258,259,260,261,262,263,264,265,
101;1;3271;3293;1;10,11,12,13,14,15,16,17,18,19,20,22,24,26,28,29,36,38,45,46,47,48,49,50,51,52,53,54,55,56,57,58,59,60,61,62,63,64,67,69,77,82,84,85,88,102,104,106,113,135,155,169,170,171,172,177,186,191,193,194,195,196,197,198,199,216,221,253,254,255,256,257,258,259,260,261,262,263,264,265,
51;0;3293;3442;1;10,11,12,13,14,15,16,17,18,19,20,22,24,26,28,29,36,38,45,46,47,48,49,50,51,52,53,54,55,56,57,58,59,60,61,62,63,64,67,69,77,82,84,85,88,102,104,106,113,135,155,169,170,171,172,177,186,191,193,194,195,196,197,198,199,216,221,253,254,255,256,257,258,259,260,261,262,263,264,265,
51;1;3442;3579;1;10,11,12,13,14,15,16,17,18,19,20,22,24,26,28,29,36,38,45,46,47,48,49,50,51,52,53,54,55,56,57,58,59,60,61,62,63,64,67,69,77,82,84,85,88,102,104,106,113,135,155,169,170,171,172,177,186,191,193,194,195,196,197,198,199,216,221,253,254,255,256,257,258,259,260,261,262,263,264,265,
64;0;3579;3669;1;10,11,12,13,14,15,16,17,18,19,20,22,24,26,28,29,36,38,45,46,47,48,49,50,51,52,53,54,55,56,57,58,59,60,61,62,63,64,67,69,77,82,84,85,88,102,104,106,113,135,155,169,170,171,172,177,186,191,193,194,195,196,197,198,199,216,221,253,254,255,256,257,258,259,260,261,262,263,264,265,
64;1;3669;3734;1;10,11,12,13,14,15,16,17,18,19,20,22,24,26,28,29,36,38,45,46,47,48,49,50,51,52,53,54,55,56,57,58,59,60,61,62,63,64,67,69,77,82,84,85,88,102,104,106,113,135,155,169,170,171,172,177,186,191,193,194,195,196,197,198,199,216,221,253,254,255,256,257,258,259,260,261,262,263,264,265,
Machine: 5
37;0;0;50;0;20,36,37,38,44,48,53,54,57,63,64,65,66,67,68,69,77,80,81,82,84,85,90,98,99,100,101,102,103,109,110,111,112,113,114,120,135,151,153,154,157,177,178,179,180,181,182,183,184,185,186,187,188,189,190,191,192,199,206,207,208,209,210,211,212,213,214,215,216,217,218,219,220,221,240,248,249,250,251,252,
25;0;50;134;0;20,36,37,38,44,48,53,54,57,63,64,65,66,67,68,69,77,80,81,82,84,85,90,98,99,100,101,102,103,109,110,111,112,113,114,120,135,151,153,154,157,177,178,179,180,181,182,183,184,185,186,187,188,189,190,191,192,199,206,207,208,209,210,211,212,213,214,215,216,217,218,219,220,221,240,248,249,250,251,252,
8;0;134;247;0;20,36,37,38,44,48,53,54,57,63,64,65,66,67,68,69,77,80,81,82,84,85,90,98,99,100,101,102,103,109,110,111,112,113,114,120,135,151,153,154,157,177,178,179,180,181,182,183,184,185,186,187,188,189,190,191,192,199,206,207,208,209,210,211,212,213,214,215,216,217,218,219,220,221,240,248,249,250,251,252,
8;1;247;383;0;20,36,37,38,44,48,53,54,57,63,64,65,66,67,68,69,77,80,81,82,84,85,90,98,99,100,101,102,103,109,110,111,112,113,114,120,135,151,153,154,157,177,178,179,180,181,182,183,184,185,186,187,188,189,190,191,192,199,206,207,208,209,210,211,212,213,214,215,216,217,218,219,220,221,240,248,249,250,251,252,
61;0;383;419;1;20,36,37,38,44,48,53,54,57,63,64,65,66,67,68,69,77,80,81,82,84,85,90,98,99,100,101,102,103,109,110,111,112,113,114,120,135,151,153,154,157,177,178,179,180,181,182,183,184,185,186,187,188,189,190,191,192,199,206,207,208,209,210,211,212,213,214,215,216,217,218,219,220,221,240,248,249,250,251,252,
61;1;419;509;1;20,36,37,38,44,48,53,54,57,63,64,65,66,67,68,69,77,80,81,82,84,85,90,98,99,100,101,102,103,109,110,111,112,113,114,120,135,151,153,154,157,177,178,179,180,181,182,183,184,185,186,187,188,189,190,191,192,199,206,207,208,209,210,211,212,213,214,215,216,217,218,219,220,221,240,248,249,250,251,252,
33;0;509;586;0;20,36,37,38,44,48,53,54,57,63,64,65,66,67,68,69,77,80,81,82,84,85,90,98,99,100,101,102,103,109,110,111,112,113,114,120,135,151,153,154,157,177,178,179,180,181,182,183,184,185,186,187,188,189,190,191,192,199,206,207,208,209,210,211,212,213,214,215,216,217,218,219,220,221,240,248,249,250,251,252,
33;1;586;729;0;20,36,37,38,44,48,53,54,57,63,64,65,66,67,68,69,77,80,81,82,84,85,90,98,99,100,101,102,103,109,110,111,112,113,114,120,135,151,153,154,157,177,178,179,180,181,182,183,184,185,186,187,188,189,190,191,192,199,206,207,208,209,210,211,212,213,214,215,216,217,218,219,220,221,240,248,249,250,251,252,
107;0;729;741;0;20,36,37,38,44,48,53,54,57,63,64,65,66,67,68,69,77,80,81,82,84,85,90,98,99,100,101,102,103,109,110,111,112,113,114,120,135,151,153,154,157,177,178,179,180,181,182,183,184,185,186,187,188,189,190,191,192,199,206,207,208,209,210,211,212,213,214,215,216,217,218,219,220,221,240,248,249,250,251,252,
26;0;741;885;1;20,36,37,38,44,48,53,54,57,63,64,65,66,67,68,69,77,80,81,82,84,85,90,98,99,100,101,102,103,109,110,111,112,113,114,120,135,151,153,154,157,177,178,179,180,181,182,183,184,185,186,187,188,189,190,191,192,199,206,207,208,209,210,211,212,213,214,215,216,217,218,219,220,221,240,248,249,250,251,252,
26;1;885;926;1;20,36,37,38,44,48,53,54,57,63,64,65,66,67,68,69,77,80,81,82,84,85,90,98,99,100,101,102,103,109,110,111,112,113,114,120,135,151,153,154,157,177,178,179,180,181,182,183,184,185,186,187,188,189,190,191,192,199,206,207,208,209,210,211,212,213,214,215,216,217,218,219,220,221,240,248,249,250,251,252,
44;0;926;931;1;20,36,37,38,44,48,53,54,57,63,64,65,66,67,68,69,77,80,81,82,84,85,90,98,99,100,101,102,103,109,110,111,112,113,114,120,135,151,153,154,157,177,178,179,180,181,182,183,184,185,186,187,188,189,190,191,192,199,206,207,208,209,210,211,212,213,214,215,216,217,218,219,220,221,240,248,249,250,251,252,
44;1;931;970;1;20,36,37,38,44,48,53,54,57,63,64,65,66,67,68,69,77,80,81,82,84,85,90,98,99,100,101,102,103,109,110,111,112,113,114,120,135,151,153,154,157,177,178,179,180,181,182,183,184,185,186,187,188,189,190,191,192,199,206,207,208,209,210,211,212,213,214,215,216,217,218,219,220,221,240,248,249,250,251,252,
89;0;970;1079;1;20,36,37,38,44,48,53,54,57,63,64,65,66,67,68,69,77,80,81,82,84,85,90,98,99,100,101,102,103,109,110,111,112,113,114,120,135,151,153,154,157,177,178,179,180,181,182,183,184,185,186,187,188,189,190,191,192,199,206,207,208,209,210,211,212,213,214,215,216,217,218,219,220,221,240,248,249,250,251,252,
89;1;1079;1163;1;20,36,37,38,44,48,53,54,57,63,64,65,66,67,68,69,77,80,81,82,84,85,90,98,99,100,101,102,103,109,110,111,112,113,114,120,135,151,153,154,157,177,178,179,180,181,182,183,184,185,186,187,188,189,190,191,192,199,206,207,208,209,210,211,212,213,214,215,216,217,218,219,220,221,240,248,249,250,251,252,
54;0;1163;1300;1;20,36,37,38,44,48,53,54,57,63,64,65,66,67,68,69,77,80,81,82,84,85,90,98,99,100,101,102,103,109,110,111,112,113,114,120,135,151,153,154,157,177,178,179,180,181,182,183,184,185,186,187,188,189,190,191,192,199,206,207,208,209,210,211,212,213,214,215,216,217,218,219,220,221,240,248,249,250,251,252,
54;1;1300;1391;1;20,36,37,38,44,48,53,54,57,63,64,65,66,67,68,69,77,80,81,82,84,85,90,98,99,100,101,102,103,109,110,111,112,113,114,120,135,151,153,154,157,177,178,179,180,181,182,183,184,185,186,187,188,189,190,191,192,199,206,207,208,209,210,211,212,213,214,215,216,217,218,219,220,221,240,248,249,250,251,252,
35;0;1391;1395;0;20,36,37,38,44,48,53,54,57,63,64,65,66,67,68,69,77,80,81,82,84,85,90,98,99,100,101,102,103,109,110,111,112,113,114,120,135,151,153,154,157,177,178,179,180,181,182,183,184,185,186,187,188,189,190,191,192,199,206,207,208,209,210,211,212,213,214,215,216,217,218,219,220,221,240,248,249,250,251,252,
112;0;1395;1445;0;20,36,37,38,44,48,53,54,57,63,64,65,66,67,68,69,77,80,81,82,84,85,90,98,99,100,101,102,103,109,110,111,112,113,114,120,135,151,153,154,157,177,178,179,180,181,182,183,184,185,186,187,188,189,190,191,192,199,206,207,208,209,210,211,212,213,214,215,216,217,218,219,220,221,240,248,249,250,251,252,
125;0;1445;1484;0;20,36,37,38,44,48,53,54,57,63,64,65,66,67,68,69,77,80,81,82,84,85,90,98,99,100,101,102,103,109,110,111,112,113,114,120,135,151,153,154,157,177,178,179,180,181,182,183,184,185,186,187,188,189,190,191,192,199,206,207,208,209,210,211,212,213,214,215,216,217,218,219,220,221,240,248,249,250,251,252,
34;0;1484;1506;1;20,36,37,38,44,48,53,54,57,63,64,65,66,67,68,69,77,80,81,82,84,85,90,98,99,100,101,102,103,109,110,111,112,113,114,120,135,151,153,154,157,177,178,179,180,181,182,183,184,185,186,187,188,189,190,191,192,199,206,207,208,209,210,211,212,213,214,215,216,217,218,219,220,221,240,248,249,250,251,252,
34;1;1506;1555;1;20,36,37,38,44,48,53,54,57,63,64,65,66,67,68,69,77,80,81,82,84,85,90,98,99,100,101,102,103,109,110,111,112,113,114,120,135,151,153,154,157,177,178,179,180,181,182,183,184,185,186,187,188,189,190,191,192,199,206,207,208,209,210,211,212,213,214,215,216,217,218,219,220,221,240,248,249,250,251,252,
30;0;1555;1686;0;20,36,37,38,44,48,53,54,57,63,64,65,66,67,68,69,77,80,81,82,84,85,90,98,99,100,101,102,103,109,110,111,112,113,114,120,135,151,153,154,157,177,178,179,180,181,182,183,184,185,186,187,188,189,190,191,192,199,206,207,208,209,210,211,212,213,214,215,216,217,218,219,220,221,240,248,249,250,251,252,
15;0;1686;1817;0;20,36,37,38,44,48,53,54,57,63,64,65,66,67,68,69,77,80,81,82,84,85,90,98,99,100,101,102,103,109,110,111,112,113,114,120,135,151,153,154,157,177,178,179,180,181,182,183,184,185,186,187,188,189,190,191,192,199,206,207,208,209,210,211,212,213,214,215,216,217,218,219,220,221,240,248,249,250,251,252,
87;0;1817;1853;0;20,36,37,38,44,48,53,54,57,63,64,65,66,67,68,69,77,80,81,82,84,85,90,98,99,100,101,102,103,109,110,111,112,113,114,120,135,151,153,154,157,177,178,179,180,181,182,183,184,185,186,187,188,189,190,191,192,199,206,207,208,209,210,211,212,213,214,215,216,217,218,219,220,221,240,248,249,250,251,252,
13;0;1853;1950;0;20,36,37,38,44,48,53,54,57,63,64,65,66,67,68,69,77,80,81,82,84,85,90,98,99,100,101,102,103,109,110,111,112,113,114,120,135,151,153,154,157,177,178,179,180,181,182,183,184,185,186,187,188,189,190,191,192,199,206,207,208,209,210,211,212,213,214,215,216,217,218,219,220,221,240,248,249,250,251,252,
13;1;1950;2130;0;20,36,37,38,44,48,53,54,57,63,64,65,66,67,68,69,77,80,81,82,84,85,90,98,99,100,101,102,103,109,110,111,112,113,114,120,135,151,153,154,157,177,178,179,180,181,182,183,184,185,186,187,188,189,190,191,192,199,206,207,208,209,210,211,212,213,214,215,216,217,218,219,220,221,240,248,249,250,251,252,
73;0;2130;2296;0;20,36,37,38,44,48,53,54,57,63,64,65,66,67,68,69,77,80,81,82,84,85,90,98,99,100,101,102,103,109,110,111,112,113,114,120,135,151,153,154,157,177,178,179,180,181,182,183,184,185,186,187,188,189,190,191,192,199,206,207,208,209,210,211,212,213,214,215,216,217,218,219,220,221,240,248,249,250,251,252,
73;1;2296;2380;0;20,36,37,38,44,48,53,54,57,63,64,65,66,67,68,69,77,80,81,82,84,85,90,98,99,100,101,102,103,109,110,111,112,113,114,120,135,151,153,154,157,177,178,179,180,181,182,183,184,185,186,187,188,189,190,191,192,199,206,207,208,209,210,211,212,213,214,215,216,217,218,219,220,221,240,248,249,250,251,252,
75;0;2380;2495;0;20,36,37,38,44,48,53,54,57,63,64,65,66,67,68,69,77,80,81,82,84,85,90,98,99,100,101,102,103,109,110,111,112,113,114,120,135,151,153,154,157,177,178,179,180,181,182,183,184,185,186,187,188,189,190,191,192,199,206,207,208,209,210,211,212,213,214,215,216,217,218,219,220,221,240,248,249,250,251,252,
36;0;2495;2525;1;20,36,37,38,44,48,53,54,57,63,64,65,66,67,68,69,77,80,81,82,84,85,90,98,99,100,101,102,103,109,110,111,112,113,114,120,135,151,153,154,157,177,178,179,180,181,182,183,184,185,186,187,188,189,190,191,192,199,206,207,208,209,210,211,212,213,214,215,216,217,218,219,220,221,240,248,249,250,251,252,
36;1;2525;2624;1;20,36,37,38,44,48,53,54,57,63,64,65,66,67,68,69,77,80,81,82,84,85,90,98,99,100,101,102,103,109,110,111,112,113,114,120,135,151,153,154,157,177,178,179,180,181,182,183,184,185,186,187,188,189,190,191,192,199,206,207,208,209,210,211,212,213,214,215,216,217,218,219,220,221,240,248,249,250,251,252,
END
fineshedJobsCount: 210
switchs: 0
switchsInstances: 0
unfineshedPriorityCount: 0
totalUnfineshed: 0
criticalMachineSwitchs: 0
criticalMachineTime: 3734
Final Solution: 6300
Time: 281857
PTL: 169
MCMC: 499
Best Initial: 5980
Mean Initial: 5915
