./input/BaseInstances/6M1_n=15,r=0.6,t=19,v0.txt;./input/Processed/ToolSetInt.csv
7;720;1440
Machine: 0
0;0;0;32;1;0,1,2,3,4,5,6,7,8,9,10,11,12,13,14,15,16,17,18,
0;1;32;87;1;0,1,2,3,4,5,6,7,8,9,10,11,12,13,14,15,16,17,18,
4;0;87;160;1;0,1,2,3,4,5,6,7,8,9,10,11,12,13,14,15,16,17,18,
4;1;160;204;1;0,1,2,3,4,5,6,7,8,9,10,11,12,13,14,15,16,17,18,
Machine: 1
6;0;0;30;1;0,1,2,3,4,5,6,7,8,9,10,11,12,13,14,15,16,17,18,
6;1;30;120;1;0,1,2,3,4,5,6,7,8,9,10,11,12,13,14,15,16,17,18,
2;0;120;292;1;0,1,2,3,4,5,6,7,8,9,10,11,12,13,14,15,16,17,18,
Machine: 2
7;0;0;31;0;0,1,2,3,4,5,6,7,8,9,10,11,12,13,14,15,16,17,18,
1;0;31;189;0;0,1,2,3,4,5,6,7,8,9,10,11,12,13,14,15,16,17,18,
1;1;189;254;0;0,1,2,3,4,5,6,7,8,9,10,11,12,13,14,15,16,17,18,
Machine: 3
3;0;0;166;0;0,1,2,3,4,5,6,7,8,9,10,11,12,13,14,15,16,17,18,
3;1;166;208;0;0,1,2,3,4,5,6,7,8,9,10,11,12,13,14,15,16,17,18,
Machine: 4
8;0;0;105;0;0,1,2,3,4,5,6,7,8,9,10,11,12,13,14,15,16,17,18,
8;1;105;241;0;0,1,2,3,4,5,6,7,8,9,10,11,12,13,14,15,16,17,18,
Machine: 5
5;0;0;66;0;0,1,2,3,4,5,6,7,8,9,10,11,12,13,14,15,16,17,18,
END
fineshedJobsCount: 15
switchs: 0
switchsInstances: 0
unfineshedPriorityCount: 0
totalUnfineshed: 0
criticalMachineSwitchs: 0
criticalMachineTime: 292
Final Solution: 450
Time: 11576
PTL: -1
MCMC: -1
Best Initial: 450
Mean Initial: 450
