./input/BaseInstances/6M2_n=209,r=0.4,t=209,v0.txt;./input/Processed/ToolSetInt.csv
7;720;1440
Machine: 0
34;0;0;175;1;0,1,2,3,4,5,6,7,8,9,10,11,12,13,14,15,16,17,18,19,20,21,22,23,25,32,33,34,35,36,37,38,39,40,41,42,47,48,58,59,60,61,62,64,65,68,77,102,103,104,105,106,107,108,109,110,111,118,121,123,124,125,126,130,134,135,136,137,142,143,145,171,172,173,180,181,205,206,207,208,
34;1;175;319;1;0,1,2,3,4,5,6,7,8,9,10,11,12,13,14,15,16,17,18,19,20,21,22,23,25,32,33,34,35,36,37,38,39,40,41,42,47,48,58,59,60,61,62,64,65,68,77,102,103,104,105,106,107,108,109,110,111,118,121,123,124,125,126,130,134,135,136,137,142,143,145,171,172,173,180,181,205,206,207,208,
57;0;319;339;1;0,1,2,3,4,5,6,7,8,9,10,11,12,13,14,15,16,17,18,19,20,21,22,23,25,32,33,34,35,36,37,38,39,40,41,42,47,48,58,59,60,61,62,64,65,68,77,102,103,104,105,106,107,108,109,110,111,118,121,123,124,125,126,130,134,135,136,137,142,143,145,171,172,173,180,181,205,206,207,208,
57;1;339;387;1;0,1,2,3,4,5,6,7,8,9,10,11,12,13,14,15,16,17,18,19,20,21,22,23,25,32,33,34,35,36,37,38,39,40,41,42,47,48,58,59,60,61,62,64,65,68,77,102,103,104,105,106,107,108,109,110,111,118,121,123,124,125,126,130,134,135,136,137,142,143,145,171,172,173,180,181,205,206,207,208,
12;0;387;432;0;0,1,2,3,4,5,6,7,8,9,10,11,12,13,14,15,16,17,18,19,20,21,22,23,25,32,33,34,35,36,37,38,39,40,41,42,47,48,58,59,60,61,62,64,65,68,77,102,103,104,105,106,107,108,109,110,111,118,121,123,124,125,126,130,134,135,136,137,142,143,145,171,172,173,180,181,205,206,207,208,
12;1;432;485;0;0,1,2,3,4,5,6,7,8,9,10,11,12,13,14,15,16,17,18,19,20,21,22,23,25,32,33,34,35,36,37,38,39,40,41,42,47,48,58,59,60,61,62,64,65,68,77,102,103,104,105,106,107,108,109,110,111,118,121,123,124,125,126,130,134,135,136,137,142,143,145,171,172,173,180,181,205,206,207,208,
97;0;485;490;1;0,1,2,3,4,5,6,7,8,9,10,11,12,13,14,15,16,17,18,19,20,21,22,23,25,32,33,34,35,36,37,38,39,40,41,42,47,48,58,59,60,61,62,64,65,68,77,102,103,104,105,106,107,108,109,110,111,118,121,123,124,125,126,130,134,135,136,137,142,143,145,171,172,173,180,181,205,206,207,208,
97;1;490;654;1;0,1,2,3,4,5,6,7,8,9,10,11,12,13,14,15,16,17,18,19,20,21,22,23,25,32,33,34,35,36,37,38,39,40,41,42,47,48,58,59,60,61,62,64,65,68,77,102,103,104,105,106,107,108,109,110,111,118,121,123,124,125,126,130,134,135,136,137,142,143,145,171,172,173,180,181,205,206,207,208,
132;0;654;752;0;0,1,2,3,4,5,6,7,8,9,10,11,12,13,14,15,16,17,18,19,20,21,22,23,25,32,33,34,35,36,37,38,39,40,41,42,47,48,58,59,60,61,62,64,65,68,77,102,103,104,105,106,107,108,109,110,111,118,121,123,124,125,126,130,134,135,136,137,142,143,145,171,172,173,180,181,205,206,207,208,
132;1;752;870;0;0,1,2,3,4,5,6,7,8,9,10,11,12,13,14,15,16,17,18,19,20,21,22,23,25,32,33,34,35,36,37,38,39,40,41,42,47,48,58,59,60,61,62,64,65,68,77,102,103,104,105,106,107,108,109,110,111,118,121,123,124,125,126,130,134,135,136,137,142,143,145,171,172,173,180,181,205,206,207,208,
45;0;870;939;0;0,1,2,3,4,5,6,7,8,9,10,11,12,13,14,15,16,17,18,19,20,21,22,23,25,32,33,34,35,36,37,38,39,40,41,42,47,48,58,59,60,61,62,64,65,68,77,102,103,104,105,106,107,108,109,110,111,118,121,123,124,125,126,130,134,135,136,137,142,143,145,171,172,173,180,181,205,206,207,208,
62;0;939;945;0;0,1,2,3,4,5,6,7,8,9,10,11,12,13,14,15,16,17,18,19,20,21,22,23,25,32,33,34,35,36,37,38,39,40,41,42,47,48,58,59,60,61,62,64,65,68,77,102,103,104,105,106,107,108,109,110,111,118,121,123,124,125,126,130,134,135,136,137,142,143,145,171,172,173,180,181,205,206,207,208,
62;1;945;1035;0;0,1,2,3,4,5,6,7,8,9,10,11,12,13,14,15,16,17,18,19,20,21,22,23,25,32,33,34,35,36,37,38,39,40,41,42,47,48,58,59,60,61,62,64,65,68,77,102,103,104,105,106,107,108,109,110,111,118,121,123,124,125,126,130,134,135,136,137,142,143,145,171,172,173,180,181,205,206,207,208,
5;0;1035;1064;0;0,1,2,3,4,5,6,7,8,9,10,11,12,13,14,15,16,17,18,19,20,21,22,23,25,32,33,34,35,36,37,38,39,40,41,42,47,48,58,59,60,61,62,64,65,68,77,102,103,104,105,106,107,108,109,110,111,118,121,123,124,125,126,130,134,135,136,137,142,143,145,171,172,173,180,181,205,206,207,208,
28;0;1064;1239;0;0,1,2,3,4,5,6,7,8,9,10,11,12,13,14,15,16,17,18,19,20,21,22,23,25,32,33,34,35,36,37,38,39,40,41,42,47,48,58,59,60,61,62,64,65,68,77,102,103,104,105,106,107,108,109,110,111,118,121,123,124,125,126,130,134,135,136,137,142,143,145,171,172,173,180,181,205,206,207,208,
105;0;1239;1386;0;0,1,2,3,4,5,6,7,8,9,10,11,12,13,14,15,16,17,18,19,20,21,22,23,25,32,33,34,35,36,37,38,39,40,41,42,47,48,58,59,60,61,62,64,65,68,77,102,103,104,105,106,107,108,109,110,111,118,121,123,124,125,126,130,134,135,136,137,142,143,145,171,172,173,180,181,205,206,207,208,
148;0;1386;1487;0;0,1,2,3,4,5,6,7,8,9,10,11,12,13,14,15,16,17,18,19,20,21,22,23,25,32,33,34,35,36,37,38,39,40,41,42,47,48,58,59,60,61,62,64,65,68,77,102,103,104,105,106,107,108,109,110,111,118,121,123,124,125,126,130,134,135,136,137,142,143,145,171,172,173,180,181,205,206,207,208,
46;0;1487;1638;0;0,1,2,3,4,5,6,7,8,9,10,11,12,13,14,15,16,17,18,19,20,21,22,23,25,32,33,34,35,36,37,38,39,40,41,42,47,48,58,59,60,61,62,64,65,68,77,102,103,104,105,106,107,108,109,110,111,118,121,123,124,125,126,130,134,135,136,137,142,143,145,171,172,173,180,181,205,206,207,208,
50;0;1638;1808;1;0,1,2,3,4,5,6,7,8,9,10,11,12,13,14,15,16,17,18,19,20,21,22,23,25,32,33,34,35,36,37,38,39,40,41,42,47,48,58,59,60,61,62,64,65,68,77,102,103,104,105,106,107,108,109,110,111,118,121,123,124,125,126,130,134,135,136,137,142,143,145,171,172,173,180,181,205,206,207,208,
51;0;1808;1954;1;0,1,2,3,4,5,6,7,8,9,10,11,12,13,14,15,16,17,18,19,20,21,22,23,25,32,33,34,35,36,37,38,39,40,41,42,47,48,58,59,60,61,62,64,65,68,77,102,103,104,105,106,107,108,109,110,111,118,121,123,124,125,126,130,134,135,136,137,142,143,145,171,172,173,180,181,205,206,207,208,
39;0;1954;2001;0;0,1,2,3,4,5,6,7,8,9,10,11,12,13,14,15,16,17,18,19,20,21,22,23,25,32,33,34,35,36,37,38,39,40,41,42,47,48,58,59,60,61,62,64,65,68,77,102,103,104,105,106,107,108,109,110,111,118,121,123,124,125,126,130,134,135,136,137,142,143,145,171,172,173,180,181,205,206,207,208,
39;1;2001;2121;0;0,1,2,3,4,5,6,7,8,9,10,11,12,13,14,15,16,17,18,19,20,21,22,23,25,32,33,34,35,36,37,38,39,40,41,42,47,48,58,59,60,61,62,64,65,68,77,102,103,104,105,106,107,108,109,110,111,118,121,123,124,125,126,130,134,135,136,137,142,143,145,171,172,173,180,181,205,206,207,208,
19;0;2121;2278;0;0,1,2,3,4,5,6,7,8,9,10,11,12,13,14,15,16,17,18,19,20,21,22,23,25,32,33,34,35,36,37,38,39,40,41,42,47,48,58,59,60,61,62,64,65,68,77,102,103,104,105,106,107,108,109,110,111,118,121,123,124,125,126,130,134,135,136,137,142,143,145,171,172,173,180,181,205,206,207,208,
19;1;2278;2352;0;0,1,2,3,4,5,6,7,8,9,10,11,12,13,14,15,16,17,18,19,20,21,22,23,25,32,33,34,35,36,37,38,39,40,41,42,47,48,58,59,60,61,62,64,65,68,77,102,103,104,105,106,107,108,109,110,111,118,121,123,124,125,126,130,134,135,136,137,142,143,145,171,172,173,180,181,205,206,207,208,
24;0;2352;2496;1;0,1,2,3,4,5,6,7,8,9,10,11,12,13,14,15,16,17,18,19,20,21,22,23,25,32,33,34,35,36,37,38,39,40,41,42,47,48,58,59,60,61,62,64,65,68,77,102,103,104,105,106,107,108,109,110,111,118,121,123,124,125,126,130,134,135,136,137,142,143,145,171,172,173,180,181,205,206,207,208,
24;1;2496;2564;1;0,1,2,3,4,5,6,7,8,9,10,11,12,13,14,15,16,17,18,19,20,21,22,23,25,32,33,34,35,36,37,38,39,40,41,42,47,48,58,59,60,61,62,64,65,68,77,102,103,104,105,106,107,108,109,110,111,118,121,123,124,125,126,130,134,135,136,137,142,143,145,171,172,173,180,181,205,206,207,208,
16;0;2564;2658;0;0,1,2,3,4,5,6,7,8,9,10,11,12,13,14,15,16,17,18,19,20,21,22,23,25,32,33,34,35,36,37,38,39,40,41,42,47,48,58,59,60,61,62,64,65,68,77,102,103,104,105,106,107,108,109,110,111,118,121,123,124,125,126,130,134,135,136,137,142,143,145,171,172,173,180,181,205,206,207,208,
147;0;2658;2735;1;0,1,2,3,4,5,6,7,8,9,10,11,12,13,14,15,16,17,18,19,20,21,22,23,25,32,33,34,35,36,37,38,39,40,41,42,47,48,58,59,60,61,62,64,65,68,77,102,103,104,105,106,107,108,109,110,111,118,121,123,124,125,126,130,134,135,136,137,142,143,145,171,172,173,180,181,205,206,207,208,
147;1;2735;2760;1;0,1,2,3,4,5,6,7,8,9,10,11,12,13,14,15,16,17,18,19,20,21,22,23,25,32,33,34,35,36,37,38,39,40,41,42,47,48,58,59,60,61,62,64,65,68,77,102,103,104,105,106,107,108,109,110,111,118,121,123,124,125,126,130,134,135,136,137,142,143,145,171,172,173,180,181,205,206,207,208,
129;0;2760;2854;0;0,1,2,3,4,5,6,7,8,9,10,11,12,13,14,15,16,17,18,19,20,21,22,23,25,32,33,34,35,36,37,38,39,40,41,42,47,48,58,59,60,61,62,64,65,68,77,102,103,104,105,106,107,108,109,110,111,118,121,123,124,125,126,130,134,135,136,137,142,143,145,171,172,173,180,181,205,206,207,208,
129;1;2854;2910;0;0,1,2,3,4,5,6,7,8,9,10,11,12,13,14,15,16,17,18,19,20,21,22,23,25,32,33,34,35,36,37,38,39,40,41,42,47,48,58,59,60,61,62,64,65,68,77,102,103,104,105,106,107,108,109,110,111,118,121,123,124,125,126,130,134,135,136,137,142,143,145,171,172,173,180,181,205,206,207,208,
10;0;2910;3013;1;0,1,2,3,4,5,6,7,8,9,10,11,12,13,14,15,16,17,18,19,20,21,22,23,25,32,33,34,35,36,37,38,39,40,41,42,47,48,58,59,60,61,62,64,65,68,77,102,103,104,105,106,107,108,109,110,111,118,121,123,124,125,126,130,134,135,136,137,142,143,145,171,172,173,180,181,205,206,207,208,
107;0;3013;3182;1;0,1,2,3,4,5,6,7,8,9,10,11,12,13,14,15,16,17,18,19,20,21,22,23,25,32,33,34,35,36,37,38,39,40,41,42,47,48,58,59,60,61,62,64,65,68,77,102,103,104,105,106,107,108,109,110,111,118,121,123,124,125,126,130,134,135,136,137,142,143,145,171,172,173,180,181,205,206,207,208,
107;1;3182;3292;1;0,1,2,3,4,5,6,7,8,9,10,11,12,13,14,15,16,17,18,19,20,21,22,23,25,32,33,34,35,36,37,38,39,40,41,42,47,48,58,59,60,61,62,64,65,68,77,102,103,104,105,106,107,108,109,110,111,118,121,123,124,125,126,130,134,135,136,137,142,143,145,171,172,173,180,181,205,206,207,208,
104;0;3292;3455;1;0,1,2,3,4,5,6,7,8,9,10,11,12,13,14,15,16,17,18,19,20,21,22,23,25,32,33,34,35,36,37,38,39,40,41,42,47,48,58,59,60,61,62,64,65,68,77,102,103,104,105,106,107,108,109,110,111,118,121,123,124,125,126,130,134,135,136,137,142,143,145,171,172,173,180,181,205,206,207,208,
104;1;3455;3596;1;0,1,2,3,4,5,6,7,8,9,10,11,12,13,14,15,16,17,18,19,20,21,22,23,25,32,33,34,35,36,37,38,39,40,41,42,47,48,58,59,60,61,62,64,65,68,77,102,103,104,105,106,107,108,109,110,111,118,121,123,124,125,126,130,134,135,136,137,142,143,145,171,172,173,180,181,205,206,207,208,
44;0;3596;3665;1;0,1,2,3,4,5,6,7,8,9,10,11,12,13,14,15,16,17,18,19,20,21,22,23,25,32,33,34,35,36,37,38,39,40,41,42,47,48,58,59,60,61,62,64,65,68,77,102,103,104,105,106,107,108,109,110,111,118,121,123,124,125,126,130,134,135,136,137,142,143,145,171,172,173,180,181,205,206,207,208,
44;1;3665;3821;1;0,1,2,3,4,5,6,7,8,9,10,11,12,13,14,15,16,17,18,19,20,21,22,23,25,32,33,34,35,36,37,38,39,40,41,42,47,48,58,59,60,61,62,64,65,68,77,102,103,104,105,106,107,108,109,110,111,118,121,123,124,125,126,130,134,135,136,137,142,143,145,171,172,173,180,181,205,206,207,208,
142;0;3821;3843;0;0,1,2,3,4,5,6,7,8,9,10,11,12,13,14,15,16,17,18,19,20,21,22,23,25,32,33,34,35,36,37,38,39,40,41,42,47,48,58,59,60,61,62,64,65,68,77,102,103,104,105,106,107,108,109,110,111,118,121,123,124,125,126,130,134,135,136,137,142,143,145,171,172,173,180,181,205,206,207,208,
142;1;3843;3852;0;0,1,2,3,4,5,6,7,8,9,10,11,12,13,14,15,16,17,18,19,20,21,22,23,25,32,33,34,35,36,37,38,39,40,41,42,47,48,58,59,60,61,62,64,65,68,77,102,103,104,105,106,107,108,109,110,111,118,121,123,124,125,126,130,134,135,136,137,142,143,145,171,172,173,180,181,205,206,207,208,
Machine: 1
35;0;0;178;0;0,1,2,3,4,5,6,7,8,9,10,11,12,13,14,15,16,20,21,23,25,29,30,31,40,41,49,54,55,56,57,63,64,65,66,67,68,69,70,71,72,73,74,75,76,77,78,79,80,81,82,83,84,85,86,87,88,89,90,91,92,93,94,95,96,97,98,99,100,101,102,117,118,119,120,121,122,129,142,188,
1;0;178;325;0;0,1,2,3,4,5,6,7,8,9,10,11,12,13,14,15,16,20,21,23,25,29,30,31,40,41,49,54,55,56,57,63,64,65,66,67,68,69,70,71,72,73,74,75,76,77,78,79,80,81,82,83,84,85,86,87,88,89,90,91,92,93,94,95,96,97,98,99,100,101,102,117,118,119,120,121,122,129,142,188,
33;0;325;488;1;0,1,2,3,4,5,6,7,8,9,10,11,12,13,14,15,16,20,21,23,25,29,30,31,40,41,49,54,55,56,57,63,64,65,66,67,68,69,70,71,72,73,74,75,76,77,78,79,80,81,82,83,84,85,86,87,88,89,90,91,92,93,94,95,96,97,98,99,100,101,102,117,118,119,120,121,122,129,142,188,
54;0;488;520;1;0,1,2,3,4,5,6,7,8,9,10,11,12,13,14,15,16,20,21,23,25,29,30,31,40,41,49,54,55,56,57,63,64,65,66,67,68,69,70,71,72,73,74,75,76,77,78,79,80,81,82,83,84,85,86,87,88,89,90,91,92,93,94,95,96,97,98,99,100,101,102,117,118,119,120,121,122,129,142,188,
54;1;520;561;1;0,1,2,3,4,5,6,7,8,9,10,11,12,13,14,15,16,20,21,23,25,29,30,31,40,41,49,54,55,56,57,63,64,65,66,67,68,69,70,71,72,73,74,75,76,77,78,79,80,81,82,83,84,85,86,87,88,89,90,91,92,93,94,95,96,97,98,99,100,101,102,117,118,119,120,121,122,129,142,188,
37;0;561;711;1;0,1,2,3,4,5,6,7,8,9,10,11,12,13,14,15,16,20,21,23,25,29,30,31,40,41,49,54,55,56,57,63,64,65,66,67,68,69,70,71,72,73,74,75,76,77,78,79,80,81,82,83,84,85,86,87,88,89,90,91,92,93,94,95,96,97,98,99,100,101,102,117,118,119,120,121,122,129,142,188,
37;1;711;762;1;0,1,2,3,4,5,6,7,8,9,10,11,12,13,14,15,16,20,21,23,25,29,30,31,40,41,49,54,55,56,57,63,64,65,66,67,68,69,70,71,72,73,74,75,76,77,78,79,80,81,82,83,84,85,86,87,88,89,90,91,92,93,94,95,96,97,98,99,100,101,102,117,118,119,120,121,122,129,142,188,
131;0;762;770;1;0,1,2,3,4,5,6,7,8,9,10,11,12,13,14,15,16,20,21,23,25,29,30,31,40,41,49,54,55,56,57,63,64,65,66,67,68,69,70,71,72,73,74,75,76,77,78,79,80,81,82,83,84,85,86,87,88,89,90,91,92,93,94,95,96,97,98,99,100,101,102,117,118,119,120,121,122,129,142,188,
82;0;770;913;0;0,1,2,3,4,5,6,7,8,9,10,11,12,13,14,15,16,20,21,23,25,29,30,31,40,41,49,54,55,56,57,63,64,65,66,67,68,69,70,71,72,73,74,75,76,77,78,79,80,81,82,83,84,85,86,87,88,89,90,91,92,93,94,95,96,97,98,99,100,101,102,117,118,119,120,121,122,129,142,188,
82;1;913;928;0;0,1,2,3,4,5,6,7,8,9,10,11,12,13,14,15,16,20,21,23,25,29,30,31,40,41,49,54,55,56,57,63,64,65,66,67,68,69,70,71,72,73,74,75,76,77,78,79,80,81,82,83,84,85,86,87,88,89,90,91,92,93,94,95,96,97,98,99,100,101,102,117,118,119,120,121,122,129,142,188,
138;0;928;1085;0;0,1,2,3,4,5,6,7,8,9,10,11,12,13,14,15,16,20,21,23,25,29,30,31,40,41,49,54,55,56,57,63,64,65,66,67,68,69,70,71,72,73,74,75,76,77,78,79,80,81,82,83,84,85,86,87,88,89,90,91,92,93,94,95,96,97,98,99,100,101,102,117,118,119,120,121,122,129,142,188,
25;0;1085;1111;0;0,1,2,3,4,5,6,7,8,9,10,11,12,13,14,15,16,20,21,23,25,29,30,31,40,41,49,54,55,56,57,63,64,65,66,67,68,69,70,71,72,73,74,75,76,77,78,79,80,81,82,83,84,85,86,87,88,89,90,91,92,93,94,95,96,97,98,99,100,101,102,117,118,119,120,121,122,129,142,188,
94;0;1111;1152;1;0,1,2,3,4,5,6,7,8,9,10,11,12,13,14,15,16,20,21,23,25,29,30,31,40,41,49,54,55,56,57,63,64,65,66,67,68,69,70,71,72,73,74,75,76,77,78,79,80,81,82,83,84,85,86,87,88,89,90,91,92,93,94,95,96,97,98,99,100,101,102,117,118,119,120,121,122,129,142,188,
94;1;1152;1225;1;0,1,2,3,4,5,6,7,8,9,10,11,12,13,14,15,16,20,21,23,25,29,30,31,40,41,49,54,55,56,57,63,64,65,66,67,68,69,70,71,72,73,74,75,76,77,78,79,80,81,82,83,84,85,86,87,88,89,90,91,92,93,94,95,96,97,98,99,100,101,102,117,118,119,120,121,122,129,142,188,
92;0;1225;1266;0;0,1,2,3,4,5,6,7,8,9,10,11,12,13,14,15,16,20,21,23,25,29,30,31,40,41,49,54,55,56,57,63,64,65,66,67,68,69,70,71,72,73,74,75,76,77,78,79,80,81,82,83,84,85,86,87,88,89,90,91,92,93,94,95,96,97,98,99,100,101,102,117,118,119,120,121,122,129,142,188,
92;1;1266;1274;0;0,1,2,3,4,5,6,7,8,9,10,11,12,13,14,15,16,20,21,23,25,29,30,31,40,41,49,54,55,56,57,63,64,65,66,67,68,69,70,71,72,73,74,75,76,77,78,79,80,81,82,83,84,85,86,87,88,89,90,91,92,93,94,95,96,97,98,99,100,101,102,117,118,119,120,121,122,129,142,188,
141;0;1274;1355;1;0,1,2,3,4,5,6,7,8,9,10,11,12,13,14,15,16,20,21,23,25,29,30,31,40,41,49,54,55,56,57,63,64,65,66,67,68,69,70,71,72,73,74,75,76,77,78,79,80,81,82,83,84,85,86,87,88,89,90,91,92,93,94,95,96,97,98,99,100,101,102,117,118,119,120,121,122,129,142,188,
68;0;1355;1514;0;0,1,2,3,4,5,6,7,8,9,10,11,12,13,14,15,16,20,21,23,25,29,30,31,40,41,49,54,55,56,57,63,64,65,66,67,68,69,70,71,72,73,74,75,76,77,78,79,80,81,82,83,84,85,86,87,88,89,90,91,92,93,94,95,96,97,98,99,100,101,102,117,118,119,120,121,122,129,142,188,
0;0;1514;1658;1;0,1,2,3,4,5,6,7,8,9,10,11,12,13,14,15,16,20,21,23,25,29,30,31,40,41,49,54,55,56,57,63,64,65,66,67,68,69,70,71,72,73,74,75,76,77,78,79,80,81,82,83,84,85,86,87,88,89,90,91,92,93,94,95,96,97,98,99,100,101,102,117,118,119,120,121,122,129,142,188,
0;1;1658;1704;1;0,1,2,3,4,5,6,7,8,9,10,11,12,13,14,15,16,20,21,23,25,29,30,31,40,41,49,54,55,56,57,63,64,65,66,67,68,69,70,71,72,73,74,75,76,77,78,79,80,81,82,83,84,85,86,87,88,89,90,91,92,93,94,95,96,97,98,99,100,101,102,117,118,119,120,121,122,129,142,188,
126;0;1704;1833;0;0,1,2,3,4,5,6,7,8,9,10,11,12,13,14,15,16,20,21,23,25,29,30,31,40,41,49,54,55,56,57,63,64,65,66,67,68,69,70,71,72,73,74,75,76,77,78,79,80,81,82,83,84,85,86,87,88,89,90,91,92,93,94,95,96,97,98,99,100,101,102,117,118,119,120,121,122,129,142,188,
69;0;1833;2003;0;0,1,2,3,4,5,6,7,8,9,10,11,12,13,14,15,16,20,21,23,25,29,30,31,40,41,49,54,55,56,57,63,64,65,66,67,68,69,70,71,72,73,74,75,76,77,78,79,80,81,82,83,84,85,86,87,88,89,90,91,92,93,94,95,96,97,98,99,100,101,102,117,118,119,120,121,122,129,142,188,
69;1;2003;2172;0;0,1,2,3,4,5,6,7,8,9,10,11,12,13,14,15,16,20,21,23,25,29,30,31,40,41,49,54,55,56,57,63,64,65,66,67,68,69,70,71,72,73,74,75,76,77,78,79,80,81,82,83,84,85,86,87,88,89,90,91,92,93,94,95,96,97,98,99,100,101,102,117,118,119,120,121,122,129,142,188,
89;0;2172;2221;0;0,1,2,3,4,5,6,7,8,9,10,11,12,13,14,15,16,20,21,23,25,29,30,31,40,41,49,54,55,56,57,63,64,65,66,67,68,69,70,71,72,73,74,75,76,77,78,79,80,81,82,83,84,85,86,87,88,89,90,91,92,93,94,95,96,97,98,99,100,101,102,117,118,119,120,121,122,129,142,188,
89;1;2221;2399;0;0,1,2,3,4,5,6,7,8,9,10,11,12,13,14,15,16,20,21,23,25,29,30,31,40,41,49,54,55,56,57,63,64,65,66,67,68,69,70,71,72,73,74,75,76,77,78,79,80,81,82,83,84,85,86,87,88,89,90,91,92,93,94,95,96,97,98,99,100,101,102,117,118,119,120,121,122,129,142,188,
74;0;2399;2514;1;0,1,2,3,4,5,6,7,8,9,10,11,12,13,14,15,16,20,21,23,25,29,30,31,40,41,49,54,55,56,57,63,64,65,66,67,68,69,70,71,72,73,74,75,76,77,78,79,80,81,82,83,84,85,86,87,88,89,90,91,92,93,94,95,96,97,98,99,100,101,102,117,118,119,120,121,122,129,142,188,
74;1;2514;2692;1;0,1,2,3,4,5,6,7,8,9,10,11,12,13,14,15,16,20,21,23,25,29,30,31,40,41,49,54,55,56,57,63,64,65,66,67,68,69,70,71,72,73,74,75,76,77,78,79,80,81,82,83,84,85,86,87,88,89,90,91,92,93,94,95,96,97,98,99,100,101,102,117,118,119,120,121,122,129,142,188,
18;0;2692;2697;0;0,1,2,3,4,5,6,7,8,9,10,11,12,13,14,15,16,20,21,23,25,29,30,31,40,41,49,54,55,56,57,63,64,65,66,67,68,69,70,71,72,73,74,75,76,77,78,79,80,81,82,83,84,85,86,87,88,89,90,91,92,93,94,95,96,97,98,99,100,101,102,117,118,119,120,121,122,129,142,188,
7;0;2697;2736;1;0,1,2,3,4,5,6,7,8,9,10,11,12,13,14,15,16,20,21,23,25,29,30,31,40,41,49,54,55,56,57,63,64,65,66,67,68,69,70,71,72,73,74,75,76,77,78,79,80,81,82,83,84,85,86,87,88,89,90,91,92,93,94,95,96,97,98,99,100,101,102,117,118,119,120,121,122,129,142,188,
7;1;2736;2910;1;0,1,2,3,4,5,6,7,8,9,10,11,12,13,14,15,16,20,21,23,25,29,30,31,40,41,49,54,55,56,57,63,64,65,66,67,68,69,70,71,72,73,74,75,76,77,78,79,80,81,82,83,84,85,86,87,88,89,90,91,92,93,94,95,96,97,98,99,100,101,102,117,118,119,120,121,122,129,142,188,
14;0;2910;3060;1;0,1,2,3,4,5,6,7,8,9,10,11,12,13,14,15,16,20,21,23,25,29,30,31,40,41,49,54,55,56,57,63,64,65,66,67,68,69,70,71,72,73,74,75,76,77,78,79,80,81,82,83,84,85,86,87,88,89,90,91,92,93,94,95,96,97,98,99,100,101,102,117,118,119,120,121,122,129,142,188,
14;1;3060;3150;1;0,1,2,3,4,5,6,7,8,9,10,11,12,13,14,15,16,20,21,23,25,29,30,31,40,41,49,54,55,56,57,63,64,65,66,67,68,69,70,71,72,73,74,75,76,77,78,79,80,81,82,83,84,85,86,87,88,89,90,91,92,93,94,95,96,97,98,99,100,101,102,117,118,119,120,121,122,129,142,188,
93;0;3150;3244;1;0,1,2,3,4,5,6,7,8,9,10,11,12,13,14,15,16,20,21,23,25,29,30,31,40,41,49,54,55,56,57,63,64,65,66,67,68,69,70,71,72,73,74,75,76,77,78,79,80,81,82,83,84,85,86,87,88,89,90,91,92,93,94,95,96,97,98,99,100,101,102,117,118,119,120,121,122,129,142,188,
20;0;3244;3308;1;0,1,2,3,4,5,6,7,8,9,10,11,12,13,14,15,16,20,21,23,25,29,30,31,40,41,49,54,55,56,57,63,64,65,66,67,68,69,70,71,72,73,74,75,76,77,78,79,80,81,82,83,84,85,86,87,88,89,90,91,92,93,94,95,96,97,98,99,100,101,102,117,118,119,120,121,122,129,142,188,
90;0;3308;3349;1;0,1,2,3,4,5,6,7,8,9,10,11,12,13,14,15,16,20,21,23,25,29,30,31,40,41,49,54,55,56,57,63,64,65,66,67,68,69,70,71,72,73,74,75,76,77,78,79,80,81,82,83,84,85,86,87,88,89,90,91,92,93,94,95,96,97,98,99,100,101,102,117,118,119,120,121,122,129,142,188,
40;0;3349;3378;1;0,1,2,3,4,5,6,7,8,9,10,11,12,13,14,15,16,20,21,23,25,29,30,31,40,41,49,54,55,56,57,63,64,65,66,67,68,69,70,71,72,73,74,75,76,77,78,79,80,81,82,83,84,85,86,87,88,89,90,91,92,93,94,95,96,97,98,99,100,101,102,117,118,119,120,121,122,129,142,188,
Machine: 2
87;0;0;28;1;0,1,2,3,4,5,6,7,8,9,10,11,12,13,14,15,16,17,18,19,20,21,22,23,24,25,26,27,28,29,30,31,33,34,35,36,37,40,41,47,49,50,51,52,53,64,65,112,113,114,115,116,118,119,121,130,131,132,133,138,139,140,141,142,143,145,147,148,149,150,151,176,177,178,179,189,190,191,192,193,
87;1;28;133;1;0,1,2,3,4,5,6,7,8,9,10,11,12,13,14,15,16,17,18,19,20,21,22,23,24,25,26,27,28,29,30,31,33,34,35,36,37,40,41,47,49,50,51,52,53,64,65,112,113,114,115,116,118,119,121,130,131,132,133,138,139,140,141,142,143,145,147,148,149,150,151,176,177,178,179,189,190,191,192,193,
130;0;133;270;1;0,1,2,3,4,5,6,7,8,9,10,11,12,13,14,15,16,17,18,19,20,21,22,23,24,25,26,27,28,29,30,31,33,34,35,36,37,40,41,47,49,50,51,52,53,64,65,112,113,114,115,116,118,119,121,130,131,132,133,138,139,140,141,142,143,145,147,148,149,150,151,176,177,178,179,189,190,191,192,193,
111;0;270;342;1;0,1,2,3,4,5,6,7,8,9,10,11,12,13,14,15,16,17,18,19,20,21,22,23,24,25,26,27,28,29,30,31,33,34,35,36,37,40,41,47,49,50,51,52,53,64,65,112,113,114,115,116,118,119,121,130,131,132,133,138,139,140,141,142,143,145,147,148,149,150,151,176,177,178,179,189,190,191,192,193,
137;0;342;518;1;0,1,2,3,4,5,6,7,8,9,10,11,12,13,14,15,16,17,18,19,20,21,22,23,24,25,26,27,28,29,30,31,33,34,35,36,37,40,41,47,49,50,51,52,53,64,65,112,113,114,115,116,118,119,121,130,131,132,133,138,139,140,141,142,143,145,147,148,149,150,151,176,177,178,179,189,190,191,192,193,
137;1;518;647;1;0,1,2,3,4,5,6,7,8,9,10,11,12,13,14,15,16,17,18,19,20,21,22,23,24,25,26,27,28,29,30,31,33,34,35,36,37,40,41,47,49,50,51,52,53,64,65,112,113,114,115,116,118,119,121,130,131,132,133,138,139,140,141,142,143,145,147,148,149,150,151,176,177,178,179,189,190,191,192,193,
63;0;647;727;1;0,1,2,3,4,5,6,7,8,9,10,11,12,13,14,15,16,17,18,19,20,21,22,23,24,25,26,27,28,29,30,31,33,34,35,36,37,40,41,47,49,50,51,52,53,64,65,112,113,114,115,116,118,119,121,130,131,132,133,138,139,140,141,142,143,145,147,148,149,150,151,176,177,178,179,189,190,191,192,193,
4;0;727;902;1;0,1,2,3,4,5,6,7,8,9,10,11,12,13,14,15,16,17,18,19,20,21,22,23,24,25,26,27,28,29,30,31,33,34,35,36,37,40,41,47,49,50,51,52,53,64,65,112,113,114,115,116,118,119,121,130,131,132,133,138,139,140,141,142,143,145,147,148,149,150,151,176,177,178,179,189,190,191,192,193,
4;1;902;999;1;0,1,2,3,4,5,6,7,8,9,10,11,12,13,14,15,16,17,18,19,20,21,22,23,24,25,26,27,28,29,30,31,33,34,35,36,37,40,41,47,49,50,51,52,53,64,65,112,113,114,115,116,118,119,121,130,131,132,133,138,139,140,141,142,143,145,147,148,149,150,151,176,177,178,179,189,190,191,192,193,
58;0;999;1125;0;0,1,2,3,4,5,6,7,8,9,10,11,12,13,14,15,16,17,18,19,20,21,22,23,24,25,26,27,28,29,30,31,33,34,35,36,37,40,41,47,49,50,51,52,53,64,65,112,113,114,115,116,118,119,121,130,131,132,133,138,139,140,141,142,143,145,147,148,149,150,151,176,177,178,179,189,190,191,192,193,
98;0;1125;1205;0;0,1,2,3,4,5,6,7,8,9,10,11,12,13,14,15,16,17,18,19,20,21,22,23,24,25,26,27,28,29,30,31,33,34,35,36,37,40,41,47,49,50,51,52,53,64,65,112,113,114,115,116,118,119,121,130,131,132,133,138,139,140,141,142,143,145,147,148,149,150,151,176,177,178,179,189,190,191,192,193,
77;0;1205;1230;1;0,1,2,3,4,5,6,7,8,9,10,11,12,13,14,15,16,17,18,19,20,21,22,23,24,25,26,27,28,29,30,31,33,34,35,36,37,40,41,47,49,50,51,52,53,64,65,112,113,114,115,116,118,119,121,130,131,132,133,138,139,140,141,142,143,145,147,148,149,150,151,176,177,178,179,189,190,191,192,193,
77;1;1230;1317;1;0,1,2,3,4,5,6,7,8,9,10,11,12,13,14,15,16,17,18,19,20,21,22,23,24,25,26,27,28,29,30,31,33,34,35,36,37,40,41,47,49,50,51,52,53,64,65,112,113,114,115,116,118,119,121,130,131,132,133,138,139,140,141,142,143,145,147,148,149,150,151,176,177,178,179,189,190,191,192,193,
21;0;1317;1351;1;0,1,2,3,4,5,6,7,8,9,10,11,12,13,14,15,16,17,18,19,20,21,22,23,24,25,26,27,28,29,30,31,33,34,35,36,37,40,41,47,49,50,51,52,53,64,65,112,113,114,115,116,118,119,121,130,131,132,133,138,139,140,141,142,143,145,147,148,149,150,151,176,177,178,179,189,190,191,192,193,
102;0;1351;1519;0;0,1,2,3,4,5,6,7,8,9,10,11,12,13,14,15,16,17,18,19,20,21,22,23,24,25,26,27,28,29,30,31,33,34,35,36,37,40,41,47,49,50,51,52,53,64,65,112,113,114,115,116,118,119,121,130,131,132,133,138,139,140,141,142,143,145,147,148,149,150,151,176,177,178,179,189,190,191,192,193,
102;1;1519;1670;0;0,1,2,3,4,5,6,7,8,9,10,11,12,13,14,15,16,17,18,19,20,21,22,23,24,25,26,27,28,29,30,31,33,34,35,36,37,40,41,47,49,50,51,52,53,64,65,112,113,114,115,116,118,119,121,130,131,132,133,138,139,140,141,142,143,145,147,148,149,150,151,176,177,178,179,189,190,191,192,193,
2;0;1670;1725;0;0,1,2,3,4,5,6,7,8,9,10,11,12,13,14,15,16,17,18,19,20,21,22,23,24,25,26,27,28,29,30,31,33,34,35,36,37,40,41,47,49,50,51,52,53,64,65,112,113,114,115,116,118,119,121,130,131,132,133,138,139,140,141,142,143,145,147,148,149,150,151,176,177,178,179,189,190,191,192,193,
2;1;1725;1772;0;0,1,2,3,4,5,6,7,8,9,10,11,12,13,14,15,16,17,18,19,20,21,22,23,24,25,26,27,28,29,30,31,33,34,35,36,37,40,41,47,49,50,51,52,53,64,65,112,113,114,115,116,118,119,121,130,131,132,133,138,139,140,141,142,143,145,147,148,149,150,151,176,177,178,179,189,190,191,192,193,
123;0;1772;1820;1;0,1,2,3,4,5,6,7,8,9,10,11,12,13,14,15,16,17,18,19,20,21,22,23,24,25,26,27,28,29,30,31,33,34,35,36,37,40,41,47,49,50,51,52,53,64,65,112,113,114,115,116,118,119,121,130,131,132,133,138,139,140,141,142,143,145,147,148,149,150,151,176,177,178,179,189,190,191,192,193,
71;0;1820;1935;1;0,1,2,3,4,5,6,7,8,9,10,11,12,13,14,15,16,17,18,19,20,21,22,23,24,25,26,27,28,29,30,31,33,34,35,36,37,40,41,47,49,50,51,52,53,64,65,112,113,114,115,116,118,119,121,130,131,132,133,138,139,140,141,142,143,145,147,148,149,150,151,176,177,178,179,189,190,191,192,193,
17;0;1935;2114;1;0,1,2,3,4,5,6,7,8,9,10,11,12,13,14,15,16,17,18,19,20,21,22,23,24,25,26,27,28,29,30,31,33,34,35,36,37,40,41,47,49,50,51,52,53,64,65,112,113,114,115,116,118,119,121,130,131,132,133,138,139,140,141,142,143,145,147,148,149,150,151,176,177,178,179,189,190,191,192,193,
17;1;2114;2148;1;0,1,2,3,4,5,6,7,8,9,10,11,12,13,14,15,16,17,18,19,20,21,22,23,24,25,26,27,28,29,30,31,33,34,35,36,37,40,41,47,49,50,51,52,53,64,65,112,113,114,115,116,118,119,121,130,131,132,133,138,139,140,141,142,143,145,147,148,149,150,151,176,177,178,179,189,190,191,192,193,
81;0;2148;2249;1;0,1,2,3,4,5,6,7,8,9,10,11,12,13,14,15,16,17,18,19,20,21,22,23,24,25,26,27,28,29,30,31,33,34,35,36,37,40,41,47,49,50,51,52,53,64,65,112,113,114,115,116,118,119,121,130,131,132,133,138,139,140,141,142,143,145,147,148,149,150,151,176,177,178,179,189,190,191,192,193,
53;0;2249;2267;1;0,1,2,3,4,5,6,7,8,9,10,11,12,13,14,15,16,17,18,19,20,21,22,23,24,25,26,27,28,29,30,31,33,34,35,36,37,40,41,47,49,50,51,52,53,64,65,112,113,114,115,116,118,119,121,130,131,132,133,138,139,140,141,142,143,145,147,148,149,150,151,176,177,178,179,189,190,191,192,193,
115;0;2267;2287;0;0,1,2,3,4,5,6,7,8,9,10,11,12,13,14,15,16,17,18,19,20,21,22,23,24,25,26,27,28,29,30,31,33,34,35,36,37,40,41,47,49,50,51,52,53,64,65,112,113,114,115,116,118,119,121,130,131,132,133,138,139,140,141,142,143,145,147,148,149,150,151,176,177,178,179,189,190,191,192,193,
43;0;2287;2363;1;0,1,2,3,4,5,6,7,8,9,10,11,12,13,14,15,16,17,18,19,20,21,22,23,24,25,26,27,28,29,30,31,33,34,35,36,37,40,41,47,49,50,51,52,53,64,65,112,113,114,115,116,118,119,121,130,131,132,133,138,139,140,141,142,143,145,147,148,149,150,151,176,177,178,179,189,190,191,192,193,
70;0;2363;2439;1;0,1,2,3,4,5,6,7,8,9,10,11,12,13,14,15,16,17,18,19,20,21,22,23,24,25,26,27,28,29,30,31,33,34,35,36,37,40,41,47,49,50,51,52,53,64,65,112,113,114,115,116,118,119,121,130,131,132,133,138,139,140,141,142,143,145,147,148,149,150,151,176,177,178,179,189,190,191,192,193,
59;0;2439;2586;0;0,1,2,3,4,5,6,7,8,9,10,11,12,13,14,15,16,17,18,19,20,21,22,23,24,25,26,27,28,29,30,31,33,34,35,36,37,40,41,47,49,50,51,52,53,64,65,112,113,114,115,116,118,119,121,130,131,132,133,138,139,140,141,142,143,145,147,148,149,150,151,176,177,178,179,189,190,191,192,193,
59;1;2586;2711;0;0,1,2,3,4,5,6,7,8,9,10,11,12,13,14,15,16,17,18,19,20,21,22,23,24,25,26,27,28,29,30,31,33,34,35,36,37,40,41,47,49,50,51,52,53,64,65,112,113,114,115,116,118,119,121,130,131,132,133,138,139,140,141,142,143,145,147,148,149,150,151,176,177,178,179,189,190,191,192,193,
23;0;2711;2884;1;0,1,2,3,4,5,6,7,8,9,10,11,12,13,14,15,16,17,18,19,20,21,22,23,24,25,26,27,28,29,30,31,33,34,35,36,37,40,41,47,49,50,51,52,53,64,65,112,113,114,115,116,118,119,121,130,131,132,133,138,139,140,141,142,143,145,147,148,149,150,151,176,177,178,179,189,190,191,192,193,
64;0;2884;2981;1;0,1,2,3,4,5,6,7,8,9,10,11,12,13,14,15,16,17,18,19,20,21,22,23,24,25,26,27,28,29,30,31,33,34,35,36,37,40,41,47,49,50,51,52,53,64,65,112,113,114,115,116,118,119,121,130,131,132,133,138,139,140,141,142,143,145,147,148,149,150,151,176,177,178,179,189,190,191,192,193,
64;1;2981;3151;1;0,1,2,3,4,5,6,7,8,9,10,11,12,13,14,15,16,17,18,19,20,21,22,23,24,25,26,27,28,29,30,31,33,34,35,36,37,40,41,47,49,50,51,52,53,64,65,112,113,114,115,116,118,119,121,130,131,132,133,138,139,140,141,142,143,145,147,148,149,150,151,176,177,178,179,189,190,191,192,193,
116;0;3151;3193;0;0,1,2,3,4,5,6,7,8,9,10,11,12,13,14,15,16,17,18,19,20,21,22,23,24,25,26,27,28,29,30,31,33,34,35,36,37,40,41,47,49,50,51,52,53,64,65,112,113,114,115,116,118,119,121,130,131,132,133,138,139,140,141,142,143,145,147,148,149,150,151,176,177,178,179,189,190,191,192,193,
30;0;3193;3201;1;0,1,2,3,4,5,6,7,8,9,10,11,12,13,14,15,16,17,18,19,20,21,22,23,24,25,26,27,28,29,30,31,33,34,35,36,37,40,41,47,49,50,51,52,53,64,65,112,113,114,115,116,118,119,121,130,131,132,133,138,139,140,141,142,143,145,147,148,149,150,151,176,177,178,179,189,190,191,192,193,
Machine: 3
145;0;0;98;0;0,1,2,3,4,5,6,7,8,9,10,11,12,13,14,15,16,17,18,19,20,21,22,23,24,25,26,27,29,30,31,33,34,35,36,37,40,41,42,43,44,45,46,47,49,63,64,102,103,104,105,106,123,124,125,126,129,130,131,132,133,144,145,162,163,164,165,166,167,168,169,170,174,175,188,194,195,196,197,198,
85;0;98;229;0;0,1,2,3,4,5,6,7,8,9,10,11,12,13,14,15,16,17,18,19,20,21,22,23,24,25,26,27,29,30,31,33,34,35,36,37,40,41,42,43,44,45,46,47,49,63,64,102,103,104,105,106,123,124,125,126,129,130,131,132,133,144,145,162,163,164,165,166,167,168,169,170,174,175,188,194,195,196,197,198,
49;0;229;290;0;0,1,2,3,4,5,6,7,8,9,10,11,12,13,14,15,16,17,18,19,20,21,22,23,24,25,26,27,29,30,31,33,34,35,36,37,40,41,42,43,44,45,46,47,49,63,64,102,103,104,105,106,123,124,125,126,129,130,131,132,133,144,145,162,163,164,165,166,167,168,169,170,174,175,188,194,195,196,197,198,
49;1;290;315;0;0,1,2,3,4,5,6,7,8,9,10,11,12,13,14,15,16,17,18,19,20,21,22,23,24,25,26,27,29,30,31,33,34,35,36,37,40,41,42,43,44,45,46,47,49,63,64,102,103,104,105,106,123,124,125,126,129,130,131,132,133,144,145,162,163,164,165,166,167,168,169,170,174,175,188,194,195,196,197,198,
100;0;315;434;1;0,1,2,3,4,5,6,7,8,9,10,11,12,13,14,15,16,17,18,19,20,21,22,23,24,25,26,27,29,30,31,33,34,35,36,37,40,41,42,43,44,45,46,47,49,63,64,102,103,104,105,106,123,124,125,126,129,130,131,132,133,144,145,162,163,164,165,166,167,168,169,170,174,175,188,194,195,196,197,198,
79;0;434;503;0;0,1,2,3,4,5,6,7,8,9,10,11,12,13,14,15,16,17,18,19,20,21,22,23,24,25,26,27,29,30,31,33,34,35,36,37,40,41,42,43,44,45,46,47,49,63,64,102,103,104,105,106,123,124,125,126,129,130,131,132,133,144,145,162,163,164,165,166,167,168,169,170,174,175,188,194,195,196,197,198,
79;1;503;640;0;0,1,2,3,4,5,6,7,8,9,10,11,12,13,14,15,16,17,18,19,20,21,22,23,24,25,26,27,29,30,31,33,34,35,36,37,40,41,42,43,44,45,46,47,49,63,64,102,103,104,105,106,123,124,125,126,129,130,131,132,133,144,145,162,163,164,165,166,167,168,169,170,174,175,188,194,195,196,197,198,
65;0;640;814;0;0,1,2,3,4,5,6,7,8,9,10,11,12,13,14,15,16,17,18,19,20,21,22,23,24,25,26,27,29,30,31,33,34,35,36,37,40,41,42,43,44,45,46,47,49,63,64,102,103,104,105,106,123,124,125,126,129,130,131,132,133,144,145,162,163,164,165,166,167,168,169,170,174,175,188,194,195,196,197,198,
61;0;814;866;1;0,1,2,3,4,5,6,7,8,9,10,11,12,13,14,15,16,17,18,19,20,21,22,23,24,25,26,27,29,30,31,33,34,35,36,37,40,41,42,43,44,45,46,47,49,63,64,102,103,104,105,106,123,124,125,126,129,130,131,132,133,144,145,162,163,164,165,166,167,168,169,170,174,175,188,194,195,196,197,198,
101;0;866;969;1;0,1,2,3,4,5,6,7,8,9,10,11,12,13,14,15,16,17,18,19,20,21,22,23,24,25,26,27,29,30,31,33,34,35,36,37,40,41,42,43,44,45,46,47,49,63,64,102,103,104,105,106,123,124,125,126,129,130,131,132,133,144,145,162,163,164,165,166,167,168,169,170,174,175,188,194,195,196,197,198,
114;0;969;1057;1;0,1,2,3,4,5,6,7,8,9,10,11,12,13,14,15,16,17,18,19,20,21,22,23,24,25,26,27,29,30,31,33,34,35,36,37,40,41,42,43,44,45,46,47,49,63,64,102,103,104,105,106,123,124,125,126,129,130,131,132,133,144,145,162,163,164,165,166,167,168,169,170,174,175,188,194,195,196,197,198,
114;1;1057;1143;1;0,1,2,3,4,5,6,7,8,9,10,11,12,13,14,15,16,17,18,19,20,21,22,23,24,25,26,27,29,30,31,33,34,35,36,37,40,41,42,43,44,45,46,47,49,63,64,102,103,104,105,106,123,124,125,126,129,130,131,132,133,144,145,162,163,164,165,166,167,168,169,170,174,175,188,194,195,196,197,198,
67;0;1143;1230;1;0,1,2,3,4,5,6,7,8,9,10,11,12,13,14,15,16,17,18,19,20,21,22,23,24,25,26,27,29,30,31,33,34,35,36,37,40,41,42,43,44,45,46,47,49,63,64,102,103,104,105,106,123,124,125,126,129,130,131,132,133,144,145,162,163,164,165,166,167,168,169,170,174,175,188,194,195,196,197,198,
67;1;1230;1255;1;0,1,2,3,4,5,6,7,8,9,10,11,12,13,14,15,16,17,18,19,20,21,22,23,24,25,26,27,29,30,31,33,34,35,36,37,40,41,42,43,44,45,46,47,49,63,64,102,103,104,105,106,123,124,125,126,129,130,131,132,133,144,145,162,163,164,165,166,167,168,169,170,174,175,188,194,195,196,197,198,
83;0;1255;1330;1;0,1,2,3,4,5,6,7,8,9,10,11,12,13,14,15,16,17,18,19,20,21,22,23,24,25,26,27,29,30,31,33,34,35,36,37,40,41,42,43,44,45,46,47,49,63,64,102,103,104,105,106,123,124,125,126,129,130,131,132,133,144,145,162,163,164,165,166,167,168,169,170,174,175,188,194,195,196,197,198,
55;0;1330;1474;0;0,1,2,3,4,5,6,7,8,9,10,11,12,13,14,15,16,17,18,19,20,21,22,23,24,25,26,27,29,30,31,33,34,35,36,37,40,41,42,43,44,45,46,47,49,63,64,102,103,104,105,106,123,124,125,126,129,130,131,132,133,144,145,162,163,164,165,166,167,168,169,170,174,175,188,194,195,196,197,198,
15;0;1474;1498;0;0,1,2,3,4,5,6,7,8,9,10,11,12,13,14,15,16,17,18,19,20,21,22,23,24,25,26,27,29,30,31,33,34,35,36,37,40,41,42,43,44,45,46,47,49,63,64,102,103,104,105,106,123,124,125,126,129,130,131,132,133,144,145,162,163,164,165,166,167,168,169,170,174,175,188,194,195,196,197,198,
120;0;1498;1566;1;0,1,2,3,4,5,6,7,8,9,10,11,12,13,14,15,16,17,18,19,20,21,22,23,24,25,26,27,29,30,31,33,34,35,36,37,40,41,42,43,44,45,46,47,49,63,64,102,103,104,105,106,123,124,125,126,129,130,131,132,133,144,145,162,163,164,165,166,167,168,169,170,174,175,188,194,195,196,197,198,
122;0;1566;1734;0;0,1,2,3,4,5,6,7,8,9,10,11,12,13,14,15,16,17,18,19,20,21,22,23,24,25,26,27,29,30,31,33,34,35,36,37,40,41,42,43,44,45,46,47,49,63,64,102,103,104,105,106,123,124,125,126,129,130,131,132,133,144,145,162,163,164,165,166,167,168,169,170,174,175,188,194,195,196,197,198,
122;1;1734;1812;0;0,1,2,3,4,5,6,7,8,9,10,11,12,13,14,15,16,17,18,19,20,21,22,23,24,25,26,27,29,30,31,33,34,35,36,37,40,41,42,43,44,45,46,47,49,63,64,102,103,104,105,106,123,124,125,126,129,130,131,132,133,144,145,162,163,164,165,166,167,168,169,170,174,175,188,194,195,196,197,198,
117;0;1812;1867;1;0,1,2,3,4,5,6,7,8,9,10,11,12,13,14,15,16,17,18,19,20,21,22,23,24,25,26,27,29,30,31,33,34,35,36,37,40,41,42,43,44,45,46,47,49,63,64,102,103,104,105,106,123,124,125,126,129,130,131,132,133,144,145,162,163,164,165,166,167,168,169,170,174,175,188,194,195,196,197,198,
117;1;1867;2002;1;0,1,2,3,4,5,6,7,8,9,10,11,12,13,14,15,16,17,18,19,20,21,22,23,24,25,26,27,29,30,31,33,34,35,36,37,40,41,42,43,44,45,46,47,49,63,64,102,103,104,105,106,123,124,125,126,129,130,131,132,133,144,145,162,163,164,165,166,167,168,169,170,174,175,188,194,195,196,197,198,
127;0;2002;2090;1;0,1,2,3,4,5,6,7,8,9,10,11,12,13,14,15,16,17,18,19,20,21,22,23,24,25,26,27,29,30,31,33,34,35,36,37,40,41,42,43,44,45,46,47,49,63,64,102,103,104,105,106,123,124,125,126,129,130,131,132,133,144,145,162,163,164,165,166,167,168,169,170,174,175,188,194,195,196,197,198,
127;1;2090;2170;1;0,1,2,3,4,5,6,7,8,9,10,11,12,13,14,15,16,17,18,19,20,21,22,23,24,25,26,27,29,30,31,33,34,35,36,37,40,41,42,43,44,45,46,47,49,63,64,102,103,104,105,106,123,124,125,126,129,130,131,132,133,144,145,162,163,164,165,166,167,168,169,170,174,175,188,194,195,196,197,198,
38;0;2170;2248;0;0,1,2,3,4,5,6,7,8,9,10,11,12,13,14,15,16,17,18,19,20,21,22,23,24,25,26,27,29,30,31,33,34,35,36,37,40,41,42,43,44,45,46,47,49,63,64,102,103,104,105,106,123,124,125,126,129,130,131,132,133,144,145,162,163,164,165,166,167,168,169,170,174,175,188,194,195,196,197,198,
103;0;2248;2353;1;0,1,2,3,4,5,6,7,8,9,10,11,12,13,14,15,16,17,18,19,20,21,22,23,24,25,26,27,29,30,31,33,34,35,36,37,40,41,42,43,44,45,46,47,49,63,64,102,103,104,105,106,123,124,125,126,129,130,131,132,133,144,145,162,163,164,165,166,167,168,169,170,174,175,188,194,195,196,197,198,
26;0;2353;2397;0;0,1,2,3,4,5,6,7,8,9,10,11,12,13,14,15,16,17,18,19,20,21,22,23,24,25,26,27,29,30,31,33,34,35,36,37,40,41,42,43,44,45,46,47,49,63,64,102,103,104,105,106,123,124,125,126,129,130,131,132,133,144,145,162,163,164,165,166,167,168,169,170,174,175,188,194,195,196,197,198,
27;0;2397;2536;1;0,1,2,3,4,5,6,7,8,9,10,11,12,13,14,15,16,17,18,19,20,21,22,23,24,25,26,27,29,30,31,33,34,35,36,37,40,41,42,43,44,45,46,47,49,63,64,102,103,104,105,106,123,124,125,126,129,130,131,132,133,144,145,162,163,164,165,166,167,168,169,170,174,175,188,194,195,196,197,198,
27;1;2536;2566;1;0,1,2,3,4,5,6,7,8,9,10,11,12,13,14,15,16,17,18,19,20,21,22,23,24,25,26,27,29,30,31,33,34,35,36,37,40,41,42,43,44,45,46,47,49,63,64,102,103,104,105,106,123,124,125,126,129,130,131,132,133,144,145,162,163,164,165,166,167,168,169,170,174,175,188,194,195,196,197,198,
13;0;2566;2617;1;0,1,2,3,4,5,6,7,8,9,10,11,12,13,14,15,16,17,18,19,20,21,22,23,24,25,26,27,29,30,31,33,34,35,36,37,40,41,42,43,44,45,46,47,49,63,64,102,103,104,105,106,123,124,125,126,129,130,131,132,133,144,145,162,163,164,165,166,167,168,169,170,174,175,188,194,195,196,197,198,
60;0;2617;2654;1;0,1,2,3,4,5,6,7,8,9,10,11,12,13,14,15,16,17,18,19,20,21,22,23,24,25,26,27,29,30,31,33,34,35,36,37,40,41,42,43,44,45,46,47,49,63,64,102,103,104,105,106,123,124,125,126,129,130,131,132,133,144,145,162,163,164,165,166,167,168,169,170,174,175,188,194,195,196,197,198,
48;0;2654;2680;0;0,1,2,3,4,5,6,7,8,9,10,11,12,13,14,15,16,17,18,19,20,21,22,23,24,25,26,27,29,30,31,33,34,35,36,37,40,41,42,43,44,45,46,47,49,63,64,102,103,104,105,106,123,124,125,126,129,130,131,132,133,144,145,162,163,164,165,166,167,168,169,170,174,175,188,194,195,196,197,198,
84;0;2680;2691;1;0,1,2,3,4,5,6,7,8,9,10,11,12,13,14,15,16,17,18,19,20,21,22,23,24,25,26,27,29,30,31,33,34,35,36,37,40,41,42,43,44,45,46,47,49,63,64,102,103,104,105,106,123,124,125,126,129,130,131,132,133,144,145,162,163,164,165,166,167,168,169,170,174,175,188,194,195,196,197,198,
84;1;2691;2767;1;0,1,2,3,4,5,6,7,8,9,10,11,12,13,14,15,16,17,18,19,20,21,22,23,24,25,26,27,29,30,31,33,34,35,36,37,40,41,42,43,44,45,46,47,49,63,64,102,103,104,105,106,123,124,125,126,129,130,131,132,133,144,145,162,163,164,165,166,167,168,169,170,174,175,188,194,195,196,197,198,
Machine: 4
22;0;0;83;0;0,1,2,3,4,5,6,7,8,9,10,11,12,13,14,15,16,17,18,19,20,21,22,23,24,25,26,27,28,29,30,31,32,33,34,35,36,37,38,39,40,41,42,43,44,45,46,47,48,49,50,51,52,53,54,55,56,63,64,65,66,74,102,117,134,135,136,137,141,144,182,183,184,185,186,187,205,206,207,208,
22;1;83;210;0;0,1,2,3,4,5,6,7,8,9,10,11,12,13,14,15,16,17,18,19,20,21,22,23,24,25,26,27,28,29,30,31,32,33,34,35,36,37,38,39,40,41,42,43,44,45,46,47,48,49,50,51,52,53,54,55,56,63,64,65,66,74,102,117,134,135,136,137,141,144,182,183,184,185,186,187,205,206,207,208,
80;0;210;245;1;0,1,2,3,4,5,6,7,8,9,10,11,12,13,14,15,16,17,18,19,20,21,22,23,24,25,26,27,28,29,30,31,32,33,34,35,36,37,38,39,40,41,42,43,44,45,46,47,48,49,50,51,52,53,54,55,56,63,64,65,66,74,102,117,134,135,136,137,141,144,182,183,184,185,186,187,205,206,207,208,
52;0;245;326;0;0,1,2,3,4,5,6,7,8,9,10,11,12,13,14,15,16,17,18,19,20,21,22,23,24,25,26,27,28,29,30,31,32,33,34,35,36,37,38,39,40,41,42,43,44,45,46,47,48,49,50,51,52,53,54,55,56,63,64,65,66,74,102,117,134,135,136,137,141,144,182,183,184,185,186,187,205,206,207,208,
52;1;326;362;0;0,1,2,3,4,5,6,7,8,9,10,11,12,13,14,15,16,17,18,19,20,21,22,23,24,25,26,27,28,29,30,31,32,33,34,35,36,37,38,39,40,41,42,43,44,45,46,47,48,49,50,51,52,53,54,55,56,63,64,65,66,74,102,117,134,135,136,137,141,144,182,183,184,185,186,187,205,206,207,208,
31;0;362;518;1;0,1,2,3,4,5,6,7,8,9,10,11,12,13,14,15,16,17,18,19,20,21,22,23,24,25,26,27,28,29,30,31,32,33,34,35,36,37,38,39,40,41,42,43,44,45,46,47,48,49,50,51,52,53,54,55,56,63,64,65,66,74,102,117,134,135,136,137,141,144,182,183,184,185,186,187,205,206,207,208,
73;0;518;587;1;0,1,2,3,4,5,6,7,8,9,10,11,12,13,14,15,16,17,18,19,20,21,22,23,24,25,26,27,28,29,30,31,32,33,34,35,36,37,38,39,40,41,42,43,44,45,46,47,48,49,50,51,52,53,54,55,56,63,64,65,66,74,102,117,134,135,136,137,141,144,182,183,184,185,186,187,205,206,207,208,
66;0;587;713;0;0,1,2,3,4,5,6,7,8,9,10,11,12,13,14,15,16,17,18,19,20,21,22,23,24,25,26,27,28,29,30,31,32,33,34,35,36,37,38,39,40,41,42,43,44,45,46,47,48,49,50,51,52,53,54,55,56,63,64,65,66,74,102,117,134,135,136,137,141,144,182,183,184,185,186,187,205,206,207,208,
6;0;713;844;0;0,1,2,3,4,5,6,7,8,9,10,11,12,13,14,15,16,17,18,19,20,21,22,23,24,25,26,27,28,29,30,31,32,33,34,35,36,37,38,39,40,41,42,43,44,45,46,47,48,49,50,51,52,53,54,55,56,63,64,65,66,74,102,117,134,135,136,137,141,144,182,183,184,185,186,187,205,206,207,208,
32;0;844;893;0;0,1,2,3,4,5,6,7,8,9,10,11,12,13,14,15,16,17,18,19,20,21,22,23,24,25,26,27,28,29,30,31,32,33,34,35,36,37,38,39,40,41,42,43,44,45,46,47,48,49,50,51,52,53,54,55,56,63,64,65,66,74,102,117,134,135,136,137,141,144,182,183,184,185,186,187,205,206,207,208,
32;1;893;961;0;0,1,2,3,4,5,6,7,8,9,10,11,12,13,14,15,16,17,18,19,20,21,22,23,24,25,26,27,28,29,30,31,32,33,34,35,36,37,38,39,40,41,42,43,44,45,46,47,48,49,50,51,52,53,54,55,56,63,64,65,66,74,102,117,134,135,136,137,141,144,182,183,184,185,186,187,205,206,207,208,
3;0;961;1010;1;0,1,2,3,4,5,6,7,8,9,10,11,12,13,14,15,16,17,18,19,20,21,22,23,24,25,26,27,28,29,30,31,32,33,34,35,36,37,38,39,40,41,42,43,44,45,46,47,48,49,50,51,52,53,54,55,56,63,64,65,66,74,102,117,134,135,136,137,141,144,182,183,184,185,186,187,205,206,207,208,
139;0;1010;1082;0;0,1,2,3,4,5,6,7,8,9,10,11,12,13,14,15,16,17,18,19,20,21,22,23,24,25,26,27,28,29,30,31,32,33,34,35,36,37,38,39,40,41,42,43,44,45,46,47,48,49,50,51,52,53,54,55,56,63,64,65,66,74,102,117,134,135,136,137,141,144,182,183,184,185,186,187,205,206,207,208,
139;1;1082;1088;0;0,1,2,3,4,5,6,7,8,9,10,11,12,13,14,15,16,17,18,19,20,21,22,23,24,25,26,27,28,29,30,31,32,33,34,35,36,37,38,39,40,41,42,43,44,45,46,47,48,49,50,51,52,53,54,55,56,63,64,65,66,74,102,117,134,135,136,137,141,144,182,183,184,185,186,187,205,206,207,208,
106;0;1088;1168;0;0,1,2,3,4,5,6,7,8,9,10,11,12,13,14,15,16,17,18,19,20,21,22,23,24,25,26,27,28,29,30,31,32,33,34,35,36,37,38,39,40,41,42,43,44,45,46,47,48,49,50,51,52,53,54,55,56,63,64,65,66,74,102,117,134,135,136,137,141,144,182,183,184,185,186,187,205,206,207,208,
143;0;1168;1182;1;0,1,2,3,4,5,6,7,8,9,10,11,12,13,14,15,16,17,18,19,20,21,22,23,24,25,26,27,28,29,30,31,32,33,34,35,36,37,38,39,40,41,42,43,44,45,46,47,48,49,50,51,52,53,54,55,56,63,64,65,66,74,102,117,134,135,136,137,141,144,182,183,184,185,186,187,205,206,207,208,
8;0;1182;1259;0;0,1,2,3,4,5,6,7,8,9,10,11,12,13,14,15,16,17,18,19,20,21,22,23,24,25,26,27,28,29,30,31,32,33,34,35,36,37,38,39,40,41,42,43,44,45,46,47,48,49,50,51,52,53,54,55,56,63,64,65,66,74,102,117,134,135,136,137,141,144,182,183,184,185,186,187,205,206,207,208,
36;0;1259;1308;0;0,1,2,3,4,5,6,7,8,9,10,11,12,13,14,15,16,17,18,19,20,21,22,23,24,25,26,27,28,29,30,31,32,33,34,35,36,37,38,39,40,41,42,43,44,45,46,47,48,49,50,51,52,53,54,55,56,63,64,65,66,74,102,117,134,135,136,137,141,144,182,183,184,185,186,187,205,206,207,208,
56;0;1308;1325;0;0,1,2,3,4,5,6,7,8,9,10,11,12,13,14,15,16,17,18,19,20,21,22,23,24,25,26,27,28,29,30,31,32,33,34,35,36,37,38,39,40,41,42,43,44,45,46,47,48,49,50,51,52,53,54,55,56,63,64,65,66,74,102,117,134,135,136,137,141,144,182,183,184,185,186,187,205,206,207,208,
112;0;1325;1421;0;0,1,2,3,4,5,6,7,8,9,10,11,12,13,14,15,16,17,18,19,20,21,22,23,24,25,26,27,28,29,30,31,32,33,34,35,36,37,38,39,40,41,42,43,44,45,46,47,48,49,50,51,52,53,54,55,56,63,64,65,66,74,102,117,134,135,136,137,141,144,182,183,184,185,186,187,205,206,207,208,
112;1;1421;1577;0;0,1,2,3,4,5,6,7,8,9,10,11,12,13,14,15,16,17,18,19,20,21,22,23,24,25,26,27,28,29,30,31,32,33,34,35,36,37,38,39,40,41,42,43,44,45,46,47,48,49,50,51,52,53,54,55,56,63,64,65,66,74,102,117,134,135,136,137,141,144,182,183,184,185,186,187,205,206,207,208,
110;0;1577;1756;1;0,1,2,3,4,5,6,7,8,9,10,11,12,13,14,15,16,17,18,19,20,21,22,23,24,25,26,27,28,29,30,31,32,33,34,35,36,37,38,39,40,41,42,43,44,45,46,47,48,49,50,51,52,53,54,55,56,63,64,65,66,74,102,117,134,135,136,137,141,144,182,183,184,185,186,187,205,206,207,208,
91;0;1756;1929;1;0,1,2,3,4,5,6,7,8,9,10,11,12,13,14,15,16,17,18,19,20,21,22,23,24,25,26,27,28,29,30,31,32,33,34,35,36,37,38,39,40,41,42,43,44,45,46,47,48,49,50,51,52,53,54,55,56,63,64,65,66,74,102,117,134,135,136,137,141,144,182,183,184,185,186,187,205,206,207,208,
86;0;1929;1966;0;0,1,2,3,4,5,6,7,8,9,10,11,12,13,14,15,16,17,18,19,20,21,22,23,24,25,26,27,28,29,30,31,32,33,34,35,36,37,38,39,40,41,42,43,44,45,46,47,48,49,50,51,52,53,54,55,56,63,64,65,66,74,102,117,134,135,136,137,141,144,182,183,184,185,186,187,205,206,207,208,
144;0;1966;1998;1;0,1,2,3,4,5,6,7,8,9,10,11,12,13,14,15,16,17,18,19,20,21,22,23,24,25,26,27,28,29,30,31,32,33,34,35,36,37,38,39,40,41,42,43,44,45,46,47,48,49,50,51,52,53,54,55,56,63,64,65,66,74,102,117,134,135,136,137,141,144,182,183,184,185,186,187,205,206,207,208,
144;1;1998;2107;1;0,1,2,3,4,5,6,7,8,9,10,11,12,13,14,15,16,17,18,19,20,21,22,23,24,25,26,27,28,29,30,31,32,33,34,35,36,37,38,39,40,41,42,43,44,45,46,47,48,49,50,51,52,53,54,55,56,63,64,65,66,74,102,117,134,135,136,137,141,144,182,183,184,185,186,187,205,206,207,208,
119;0;2107;2278;0;0,1,2,3,4,5,6,7,8,9,10,11,12,13,14,15,16,17,18,19,20,21,22,23,24,25,26,27,28,29,30,31,32,33,34,35,36,37,38,39,40,41,42,43,44,45,46,47,48,49,50,51,52,53,54,55,56,63,64,65,66,74,102,117,134,135,136,137,141,144,182,183,184,185,186,187,205,206,207,208,
119;1;2278;2423;0;0,1,2,3,4,5,6,7,8,9,10,11,12,13,14,15,16,17,18,19,20,21,22,23,24,25,26,27,28,29,30,31,32,33,34,35,36,37,38,39,40,41,42,43,44,45,46,47,48,49,50,51,52,53,54,55,56,63,64,65,66,74,102,117,134,135,136,137,141,144,182,183,184,185,186,187,205,206,207,208,
108;0;2423;2537;0;0,1,2,3,4,5,6,7,8,9,10,11,12,13,14,15,16,17,18,19,20,21,22,23,24,25,26,27,28,29,30,31,32,33,34,35,36,37,38,39,40,41,42,43,44,45,46,47,48,49,50,51,52,53,54,55,56,63,64,65,66,74,102,117,134,135,136,137,141,144,182,183,184,185,186,187,205,206,207,208,
11;0;2537;2603;1;0,1,2,3,4,5,6,7,8,9,10,11,12,13,14,15,16,17,18,19,20,21,22,23,24,25,26,27,28,29,30,31,32,33,34,35,36,37,38,39,40,41,42,43,44,45,46,47,48,49,50,51,52,53,54,55,56,63,64,65,66,74,102,117,134,135,136,137,141,144,182,183,184,185,186,187,205,206,207,208,
9;0;2603;2740;0;0,1,2,3,4,5,6,7,8,9,10,11,12,13,14,15,16,17,18,19,20,21,22,23,24,25,26,27,28,29,30,31,32,33,34,35,36,37,38,39,40,41,42,43,44,45,46,47,48,49,50,51,52,53,54,55,56,63,64,65,66,74,102,117,134,135,136,137,141,144,182,183,184,185,186,187,205,206,207,208,
9;1;2740;2800;0;0,1,2,3,4,5,6,7,8,9,10,11,12,13,14,15,16,17,18,19,20,21,22,23,24,25,26,27,28,29,30,31,32,33,34,35,36,37,38,39,40,41,42,43,44,45,46,47,48,49,50,51,52,53,54,55,56,63,64,65,66,74,102,117,134,135,136,137,141,144,182,183,184,185,186,187,205,206,207,208,
96;0;2800;2876;0;0,1,2,3,4,5,6,7,8,9,10,11,12,13,14,15,16,17,18,19,20,21,22,23,24,25,26,27,28,29,30,31,32,33,34,35,36,37,38,39,40,41,42,43,44,45,46,47,48,49,50,51,52,53,54,55,56,63,64,65,66,74,102,117,134,135,136,137,141,144,182,183,184,185,186,187,205,206,207,208,
Machine: 5
133;0;0;86;1;0,1,2,3,4,5,6,7,8,9,10,11,12,13,14,15,16,17,18,19,20,21,22,23,24,25,26,27,28,29,30,31,32,33,34,35,36,37,38,39,40,41,42,43,49,64,65,66,67,68,69,102,107,108,109,111,123,127,128,129,146,152,153,154,155,156,157,158,159,160,161,171,172,181,199,200,201,202,203,204,
72;0;86;120;0;0,1,2,3,4,5,6,7,8,9,10,11,12,13,14,15,16,17,18,19,20,21,22,23,24,25,26,27,28,29,30,31,32,33,34,35,36,37,38,39,40,41,42,43,49,64,65,66,67,68,69,102,107,108,109,111,123,127,128,129,146,152,153,154,155,156,157,158,159,160,161,171,172,181,199,200,201,202,203,204,
72;1;120;225;0;0,1,2,3,4,5,6,7,8,9,10,11,12,13,14,15,16,17,18,19,20,21,22,23,24,25,26,27,28,29,30,31,32,33,34,35,36,37,38,39,40,41,42,43,49,64,65,66,67,68,69,102,107,108,109,111,123,127,128,129,146,152,153,154,155,156,157,158,159,160,161,171,172,181,199,200,201,202,203,204,
121;0;225;390;1;0,1,2,3,4,5,6,7,8,9,10,11,12,13,14,15,16,17,18,19,20,21,22,23,24,25,26,27,28,29,30,31,32,33,34,35,36,37,38,39,40,41,42,43,49,64,65,66,67,68,69,102,107,108,109,111,123,127,128,129,146,152,153,154,155,156,157,158,159,160,161,171,172,181,199,200,201,202,203,204,
125;0;390;532;0;0,1,2,3,4,5,6,7,8,9,10,11,12,13,14,15,16,17,18,19,20,21,22,23,24,25,26,27,28,29,30,31,32,33,34,35,36,37,38,39,40,41,42,43,49,64,65,66,67,68,69,102,107,108,109,111,123,127,128,129,146,152,153,154,155,156,157,158,159,160,161,171,172,181,199,200,201,202,203,204,
95;0;532;622;0;0,1,2,3,4,5,6,7,8,9,10,11,12,13,14,15,16,17,18,19,20,21,22,23,24,25,26,27,28,29,30,31,32,33,34,35,36,37,38,39,40,41,42,43,49,64,65,66,67,68,69,102,107,108,109,111,123,127,128,129,146,152,153,154,155,156,157,158,159,160,161,171,172,181,199,200,201,202,203,204,
75;0;622;682;0;0,1,2,3,4,5,6,7,8,9,10,11,12,13,14,15,16,17,18,19,20,21,22,23,24,25,26,27,28,29,30,31,32,33,34,35,36,37,38,39,40,41,42,43,49,64,65,66,67,68,69,102,107,108,109,111,123,127,128,129,146,152,153,154,155,156,157,158,159,160,161,171,172,181,199,200,201,202,203,204,
47;0;682;823;1;0,1,2,3,4,5,6,7,8,9,10,11,12,13,14,15,16,17,18,19,20,21,22,23,24,25,26,27,28,29,30,31,32,33,34,35,36,37,38,39,40,41,42,43,49,64,65,66,67,68,69,102,107,108,109,111,123,127,128,129,146,152,153,154,155,156,157,158,159,160,161,171,172,181,199,200,201,202,203,204,
47;1;823;919;1;0,1,2,3,4,5,6,7,8,9,10,11,12,13,14,15,16,17,18,19,20,21,22,23,24,25,26,27,28,29,30,31,32,33,34,35,36,37,38,39,40,41,42,43,49,64,65,66,67,68,69,102,107,108,109,111,123,127,128,129,146,152,153,154,155,156,157,158,159,160,161,171,172,181,199,200,201,202,203,204,
41;0;919;963;1;0,1,2,3,4,5,6,7,8,9,10,11,12,13,14,15,16,17,18,19,20,21,22,23,24,25,26,27,28,29,30,31,32,33,34,35,36,37,38,39,40,41,42,43,49,64,65,66,67,68,69,102,107,108,109,111,123,127,128,129,146,152,153,154,155,156,157,158,159,160,161,171,172,181,199,200,201,202,203,204,
29;0;963;984;0;0,1,2,3,4,5,6,7,8,9,10,11,12,13,14,15,16,17,18,19,20,21,22,23,24,25,26,27,28,29,30,31,32,33,34,35,36,37,38,39,40,41,42,43,49,64,65,66,67,68,69,102,107,108,109,111,123,127,128,129,146,152,153,154,155,156,157,158,159,160,161,171,172,181,199,200,201,202,203,204,
29;1;984;1144;0;0,1,2,3,4,5,6,7,8,9,10,11,12,13,14,15,16,17,18,19,20,21,22,23,24,25,26,27,28,29,30,31,32,33,34,35,36,37,38,39,40,41,42,43,49,64,65,66,67,68,69,102,107,108,109,111,123,127,128,129,146,152,153,154,155,156,157,158,159,160,161,171,172,181,199,200,201,202,203,204,
78;0;1144;1231;0;0,1,2,3,4,5,6,7,8,9,10,11,12,13,14,15,16,17,18,19,20,21,22,23,24,25,26,27,28,29,30,31,32,33,34,35,36,37,38,39,40,41,42,43,49,64,65,66,67,68,69,102,107,108,109,111,123,127,128,129,146,152,153,154,155,156,157,158,159,160,161,171,172,181,199,200,201,202,203,204,
88;0;1231;1403;0;0,1,2,3,4,5,6,7,8,9,10,11,12,13,14,15,16,17,18,19,20,21,22,23,24,25,26,27,28,29,30,31,32,33,34,35,36,37,38,39,40,41,42,43,49,64,65,66,67,68,69,102,107,108,109,111,123,127,128,129,146,152,153,154,155,156,157,158,159,160,161,171,172,181,199,200,201,202,203,204,
124;0;1403;1447;1;0,1,2,3,4,5,6,7,8,9,10,11,12,13,14,15,16,17,18,19,20,21,22,23,24,25,26,27,28,29,30,31,32,33,34,35,36,37,38,39,40,41,42,43,49,64,65,66,67,68,69,102,107,108,109,111,123,127,128,129,146,152,153,154,155,156,157,158,159,160,161,171,172,181,199,200,201,202,203,204,
124;1;1447;1491;1;0,1,2,3,4,5,6,7,8,9,10,11,12,13,14,15,16,17,18,19,20,21,22,23,24,25,26,27,28,29,30,31,32,33,34,35,36,37,38,39,40,41,42,43,49,64,65,66,67,68,69,102,107,108,109,111,123,127,128,129,146,152,153,154,155,156,157,158,159,160,161,171,172,181,199,200,201,202,203,204,
134;0;1491;1553;1;0,1,2,3,4,5,6,7,8,9,10,11,12,13,14,15,16,17,18,19,20,21,22,23,24,25,26,27,28,29,30,31,32,33,34,35,36,37,38,39,40,41,42,43,49,64,65,66,67,68,69,102,107,108,109,111,123,127,128,129,146,152,153,154,155,156,157,158,159,160,161,171,172,181,199,200,201,202,203,204,
134;1;1553;1664;1;0,1,2,3,4,5,6,7,8,9,10,11,12,13,14,15,16,17,18,19,20,21,22,23,24,25,26,27,28,29,30,31,32,33,34,35,36,37,38,39,40,41,42,43,49,64,65,66,67,68,69,102,107,108,109,111,123,127,128,129,146,152,153,154,155,156,157,158,159,160,161,171,172,181,199,200,201,202,203,204,
113;0;1664;1741;1;0,1,2,3,4,5,6,7,8,9,10,11,12,13,14,15,16,17,18,19,20,21,22,23,24,25,26,27,28,29,30,31,32,33,34,35,36,37,38,39,40,41,42,43,49,64,65,66,67,68,69,102,107,108,109,111,123,127,128,129,146,152,153,154,155,156,157,158,159,160,161,171,172,181,199,200,201,202,203,204,
146;0;1741;1792;0;0,1,2,3,4,5,6,7,8,9,10,11,12,13,14,15,16,17,18,19,20,21,22,23,24,25,26,27,28,29,30,31,32,33,34,35,36,37,38,39,40,41,42,43,49,64,65,66,67,68,69,102,107,108,109,111,123,127,128,129,146,152,153,154,155,156,157,158,159,160,161,171,172,181,199,200,201,202,203,204,
136;0;1792;1865;0;0,1,2,3,4,5,6,7,8,9,10,11,12,13,14,15,16,17,18,19,20,21,22,23,24,25,26,27,28,29,30,31,32,33,34,35,36,37,38,39,40,41,42,43,49,64,65,66,67,68,69,102,107,108,109,111,123,127,128,129,146,152,153,154,155,156,157,158,159,160,161,171,172,181,199,200,201,202,203,204,
76;0;1865;1875;0;0,1,2,3,4,5,6,7,8,9,10,11,12,13,14,15,16,17,18,19,20,21,22,23,24,25,26,27,28,29,30,31,32,33,34,35,36,37,38,39,40,41,42,43,49,64,65,66,67,68,69,102,107,108,109,111,123,127,128,129,146,152,153,154,155,156,157,158,159,160,161,171,172,181,199,200,201,202,203,204,
140;0;1875;1990;1;0,1,2,3,4,5,6,7,8,9,10,11,12,13,14,15,16,17,18,19,20,21,22,23,24,25,26,27,28,29,30,31,32,33,34,35,36,37,38,39,40,41,42,43,49,64,65,66,67,68,69,102,107,108,109,111,123,127,128,129,146,152,153,154,155,156,157,158,159,160,161,171,172,181,199,200,201,202,203,204,
135;0;1990;2115;0;0,1,2,3,4,5,6,7,8,9,10,11,12,13,14,15,16,17,18,19,20,21,22,23,24,25,26,27,28,29,30,31,32,33,34,35,36,37,38,39,40,41,42,43,49,64,65,66,67,68,69,102,107,108,109,111,123,127,128,129,146,152,153,154,155,156,157,158,159,160,161,171,172,181,199,200,201,202,203,204,
118;0;2115;2211;0;0,1,2,3,4,5,6,7,8,9,10,11,12,13,14,15,16,17,18,19,20,21,22,23,24,25,26,27,28,29,30,31,32,33,34,35,36,37,38,39,40,41,42,43,49,64,65,66,67,68,69,102,107,108,109,111,123,127,128,129,146,152,153,154,155,156,157,158,159,160,161,171,172,181,199,200,201,202,203,204,
128;0;2211;2297;0;0,1,2,3,4,5,6,7,8,9,10,11,12,13,14,15,16,17,18,19,20,21,22,23,24,25,26,27,28,29,30,31,32,33,34,35,36,37,38,39,40,41,42,43,49,64,65,66,67,68,69,102,107,108,109,111,123,127,128,129,146,152,153,154,155,156,157,158,159,160,161,171,172,181,199,200,201,202,203,204,
109;0;2297;2309;0;0,1,2,3,4,5,6,7,8,9,10,11,12,13,14,15,16,17,18,19,20,21,22,23,24,25,26,27,28,29,30,31,32,33,34,35,36,37,38,39,40,41,42,43,49,64,65,66,67,68,69,102,107,108,109,111,123,127,128,129,146,152,153,154,155,156,157,158,159,160,161,171,172,181,199,200,201,202,203,204,
109;1;2309;2474;0;0,1,2,3,4,5,6,7,8,9,10,11,12,13,14,15,16,17,18,19,20,21,22,23,24,25,26,27,28,29,30,31,32,33,34,35,36,37,38,39,40,41,42,43,49,64,65,66,67,68,69,102,107,108,109,111,123,127,128,129,146,152,153,154,155,156,157,158,159,160,161,171,172,181,199,200,201,202,203,204,
99;0;2474;2547;0;0,1,2,3,4,5,6,7,8,9,10,11,12,13,14,15,16,17,18,19,20,21,22,23,24,25,26,27,28,29,30,31,32,33,34,35,36,37,38,39,40,41,42,43,49,64,65,66,67,68,69,102,107,108,109,111,123,127,128,129,146,152,153,154,155,156,157,158,159,160,161,171,172,181,199,200,201,202,203,204,
99;1;2547;2592;0;0,1,2,3,4,5,6,7,8,9,10,11,12,13,14,15,16,17,18,19,20,21,22,23,24,25,26,27,28,29,30,31,32,33,34,35,36,37,38,39,40,41,42,43,49,64,65,66,67,68,69,102,107,108,109,111,123,127,128,129,146,152,153,154,155,156,157,158,159,160,161,171,172,181,199,200,201,202,203,204,
42;0;2592;2696;0;0,1,2,3,4,5,6,7,8,9,10,11,12,13,14,15,16,17,18,19,20,21,22,23,24,25,26,27,28,29,30,31,32,33,34,35,36,37,38,39,40,41,42,43,49,64,65,66,67,68,69,102,107,108,109,111,123,127,128,129,146,152,153,154,155,156,157,158,159,160,161,171,172,181,199,200,201,202,203,204,
42;1;2696;2821;0;0,1,2,3,4,5,6,7,8,9,10,11,12,13,14,15,16,17,18,19,20,21,22,23,24,25,26,27,28,29,30,31,32,33,34,35,36,37,38,39,40,41,42,43,49,64,65,66,67,68,69,102,107,108,109,111,123,127,128,129,146,152,153,154,155,156,157,158,159,160,161,171,172,181,199,200,201,202,203,204,
END
fineshedJobsCount: 209
switchs: 0
switchsInstances: 0
unfineshedPriorityCount: 0
totalUnfineshed: 0
criticalMachineSwitchs: 0
criticalMachineTime: 3852
Final Solution: 6270
Time: 256844
PTL: 0
MCMC: 177
Best Initial: 6235
Mean Initial: 6215
