./input/BaseInstances/6M1_n=130,r=0.6,t=165,v0.txt;./input/Processed/ToolSetInt.csv
7;720;1440
Machine: 0
41;0;0;18;1;0,1,2,3,4,5,6,7,8,9,10,20,36,37,38,39,40,41,42,43,44,45,48,53,57,62,63,64,65,66,67,68,69,70,71,72,73,74,75,76,77,78,79,80,81,82,83,84,85,86,87,88,100,103,104,105,106,107,108,134,135,137,142,143,144,145,146,147,148,149,150,155,156,158,159,160,161,162,163,164,
41;1;18;52;1;0,1,2,3,4,5,6,7,8,9,10,20,36,37,38,39,40,41,42,43,44,45,48,53,57,62,63,64,65,66,67,68,69,70,71,72,73,74,75,76,77,78,79,80,81,82,83,84,85,86,87,88,100,103,104,105,106,107,108,134,135,137,142,143,144,145,146,147,148,149,150,155,156,158,159,160,161,162,163,164,
4;0;52;228;1;0,1,2,3,4,5,6,7,8,9,10,20,36,37,38,39,40,41,42,43,44,45,48,53,57,62,63,64,65,66,67,68,69,70,71,72,73,74,75,76,77,78,79,80,81,82,83,84,85,86,87,88,100,103,104,105,106,107,108,134,135,137,142,143,144,145,146,147,148,149,150,155,156,158,159,160,161,162,163,164,
4;1;228;272;1;0,1,2,3,4,5,6,7,8,9,10,20,36,37,38,39,40,41,42,43,44,45,48,53,57,62,63,64,65,66,67,68,69,70,71,72,73,74,75,76,77,78,79,80,81,82,83,84,85,86,87,88,100,103,104,105,106,107,108,134,135,137,142,143,144,145,146,147,148,149,150,155,156,158,159,160,161,162,163,164,
0;0;272;300;1;0,1,2,3,4,5,6,7,8,9,10,20,36,37,38,39,40,41,42,43,44,45,48,53,57,62,63,64,65,66,67,68,69,70,71,72,73,74,75,76,77,78,79,80,81,82,83,84,85,86,87,88,100,103,104,105,106,107,108,134,135,137,142,143,144,145,146,147,148,149,150,155,156,158,159,160,161,162,163,164,
0;1;300;355;1;0,1,2,3,4,5,6,7,8,9,10,20,36,37,38,39,40,41,42,43,44,45,48,53,57,62,63,64,65,66,67,68,69,70,71,72,73,74,75,76,77,78,79,80,81,82,83,84,85,86,87,88,100,103,104,105,106,107,108,134,135,137,142,143,144,145,146,147,148,149,150,155,156,158,159,160,161,162,163,164,
6;0;355;452;1;0,1,2,3,4,5,6,7,8,9,10,20,36,37,38,39,40,41,42,43,44,45,48,53,57,62,63,64,65,66,67,68,69,70,71,72,73,74,75,76,77,78,79,80,81,82,83,84,85,86,87,88,100,103,104,105,106,107,108,134,135,137,142,143,144,145,146,147,148,149,150,155,156,158,159,160,161,162,163,164,
6;1;452;542;1;0,1,2,3,4,5,6,7,8,9,10,20,36,37,38,39,40,41,42,43,44,45,48,53,57,62,63,64,65,66,67,68,69,70,71,72,73,74,75,76,77,78,79,80,81,82,83,84,85,86,87,88,100,103,104,105,106,107,108,134,135,137,142,143,144,145,146,147,148,149,150,155,156,158,159,160,161,162,163,164,
26;0;542;608;1;0,1,2,3,4,5,6,7,8,9,10,20,36,37,38,39,40,41,42,43,44,45,48,53,57,62,63,64,65,66,67,68,69,70,71,72,73,74,75,76,77,78,79,80,81,82,83,84,85,86,87,88,100,103,104,105,106,107,108,134,135,137,142,143,144,145,146,147,148,149,150,155,156,158,159,160,161,162,163,164,
26;1;608;649;1;0,1,2,3,4,5,6,7,8,9,10,20,36,37,38,39,40,41,42,43,44,45,48,53,57,62,63,64,65,66,67,68,69,70,71,72,73,74,75,76,77,78,79,80,81,82,83,84,85,86,87,88,100,103,104,105,106,107,108,134,135,137,142,143,144,145,146,147,148,149,150,155,156,158,159,160,161,162,163,164,
11;0;649;685;1;0,1,2,3,4,5,6,7,8,9,10,20,36,37,38,39,40,41,42,43,44,45,48,53,57,62,63,64,65,66,67,68,69,70,71,72,73,74,75,76,77,78,79,80,81,82,83,84,85,86,87,88,100,103,104,105,106,107,108,134,135,137,142,143,144,145,146,147,148,149,150,155,156,158,159,160,161,162,163,164,
11;1;685;699;1;0,1,2,3,4,5,6,7,8,9,10,20,36,37,38,39,40,41,42,43,44,45,48,53,57,62,63,64,65,66,67,68,69,70,71,72,73,74,75,76,77,78,79,80,81,82,83,84,85,86,87,88,100,103,104,105,106,107,108,134,135,137,142,143,144,145,146,147,148,149,150,155,156,158,159,160,161,162,163,164,
14;0;699;779;1;0,1,2,3,4,5,6,7,8,9,10,20,36,37,38,39,40,41,42,43,44,45,48,53,57,62,63,64,65,66,67,68,69,70,71,72,73,74,75,76,77,78,79,80,81,82,83,84,85,86,87,88,100,103,104,105,106,107,108,134,135,137,142,143,144,145,146,147,148,149,150,155,156,158,159,160,161,162,163,164,
14;1;779;930;1;0,1,2,3,4,5,6,7,8,9,10,20,36,37,38,39,40,41,42,43,44,45,48,53,57,62,63,64,65,66,67,68,69,70,71,72,73,74,75,76,77,78,79,80,81,82,83,84,85,86,87,88,100,103,104,105,106,107,108,134,135,137,142,143,144,145,146,147,148,149,150,155,156,158,159,160,161,162,163,164,
31;0;930;969;1;0,1,2,3,4,5,6,7,8,9,10,20,36,37,38,39,40,41,42,43,44,45,48,53,57,62,63,64,65,66,67,68,69,70,71,72,73,74,75,76,77,78,79,80,81,82,83,84,85,86,87,88,100,103,104,105,106,107,108,134,135,137,142,143,144,145,146,147,148,149,150,155,156,158,159,160,161,162,163,164,
31;1;969;1041;1;0,1,2,3,4,5,6,7,8,9,10,20,36,37,38,39,40,41,42,43,44,45,48,53,57,62,63,64,65,66,67,68,69,70,71,72,73,74,75,76,77,78,79,80,81,82,83,84,85,86,87,88,100,103,104,105,106,107,108,134,135,137,142,143,144,145,146,147,148,149,150,155,156,158,159,160,161,162,163,164,
9;0;1041;1182;1;0,1,2,3,4,5,6,7,8,9,10,20,36,37,38,39,40,41,42,43,44,45,48,53,57,62,63,64,65,66,67,68,69,70,71,72,73,74,75,76,77,78,79,80,81,82,83,84,85,86,87,88,100,103,104,105,106,107,108,134,135,137,142,143,144,145,146,147,148,149,150,155,156,158,159,160,161,162,163,164,
9;1;1182;1245;1;0,1,2,3,4,5,6,7,8,9,10,20,36,37,38,39,40,41,42,43,44,45,48,53,57,62,63,64,65,66,67,68,69,70,71,72,73,74,75,76,77,78,79,80,81,82,83,84,85,86,87,88,100,103,104,105,106,107,108,134,135,137,142,143,144,145,146,147,148,149,150,155,156,158,159,160,161,162,163,164,
21;0;1245;1286;1;0,1,2,3,4,5,6,7,8,9,10,20,36,37,38,39,40,41,42,43,44,45,48,53,57,62,63,64,65,66,67,68,69,70,71,72,73,74,75,76,77,78,79,80,81,82,83,84,85,86,87,88,100,103,104,105,106,107,108,134,135,137,142,143,144,145,146,147,148,149,150,155,156,158,159,160,161,162,163,164,
21;1;1286;1395;1;0,1,2,3,4,5,6,7,8,9,10,20,36,37,38,39,40,41,42,43,44,45,48,53,57,62,63,64,65,66,67,68,69,70,71,72,73,74,75,76,77,78,79,80,81,82,83,84,85,86,87,88,100,103,104,105,106,107,108,134,135,137,142,143,144,145,146,147,148,149,150,155,156,158,159,160,161,162,163,164,
19;0;1395;1566;1;0,1,2,3,4,5,6,7,8,9,10,20,36,37,38,39,40,41,42,43,44,45,48,53,57,62,63,64,65,66,67,68,69,70,71,72,73,74,75,76,77,78,79,80,81,82,83,84,85,86,87,88,100,103,104,105,106,107,108,134,135,137,142,143,144,145,146,147,148,149,150,155,156,158,159,160,161,162,163,164,
19;1;1566;1730;1;0,1,2,3,4,5,6,7,8,9,10,20,36,37,38,39,40,41,42,43,44,45,48,53,57,62,63,64,65,66,67,68,69,70,71,72,73,74,75,76,77,78,79,80,81,82,83,84,85,86,87,88,100,103,104,105,106,107,108,134,135,137,142,143,144,145,146,147,148,149,150,155,156,158,159,160,161,162,163,164,
49;0;1730;1893;1;0,1,2,3,4,5,6,7,8,9,10,20,36,37,38,39,40,41,42,43,44,45,48,53,57,62,63,64,65,66,67,68,69,70,71,72,73,74,75,76,77,78,79,80,81,82,83,84,85,86,87,88,100,103,104,105,106,107,108,134,135,137,142,143,144,145,146,147,148,149,150,155,156,158,159,160,161,162,163,164,
49;1;1893;1966;1;0,1,2,3,4,5,6,7,8,9,10,20,36,37,38,39,40,41,42,43,44,45,48,53,57,62,63,64,65,66,67,68,69,70,71,72,73,74,75,76,77,78,79,80,81,82,83,84,85,86,87,88,100,103,104,105,106,107,108,134,135,137,142,143,144,145,146,147,148,149,150,155,156,158,159,160,161,162,163,164,
76;0;1966;2038;1;0,1,2,3,4,5,6,7,8,9,10,20,36,37,38,39,40,41,42,43,44,45,48,53,57,62,63,64,65,66,67,68,69,70,71,72,73,74,75,76,77,78,79,80,81,82,83,84,85,86,87,88,100,103,104,105,106,107,108,134,135,137,142,143,144,145,146,147,148,149,150,155,156,158,159,160,161,162,163,164,
76;1;2038;2174;1;0,1,2,3,4,5,6,7,8,9,10,20,36,37,38,39,40,41,42,43,44,45,48,53,57,62,63,64,65,66,67,68,69,70,71,72,73,74,75,76,77,78,79,80,81,82,83,84,85,86,87,88,100,103,104,105,106,107,108,134,135,137,142,143,144,145,146,147,148,149,150,155,156,158,159,160,161,162,163,164,
61;0;2174;2271;1;0,1,2,3,4,5,6,7,8,9,10,20,36,37,38,39,40,41,42,43,44,45,48,53,57,62,63,64,65,66,67,68,69,70,71,72,73,74,75,76,77,78,79,80,81,82,83,84,85,86,87,88,100,103,104,105,106,107,108,134,135,137,142,143,144,145,146,147,148,149,150,155,156,158,159,160,161,162,163,164,
61;1;2271;2361;1;0,1,2,3,4,5,6,7,8,9,10,20,36,37,38,39,40,41,42,43,44,45,48,53,57,62,63,64,65,66,67,68,69,70,71,72,73,74,75,76,77,78,79,80,81,82,83,84,85,86,87,88,100,103,104,105,106,107,108,134,135,137,142,143,144,145,146,147,148,149,150,155,156,158,159,160,161,162,163,164,
Machine: 1
59;0;0;83;1;0,1,2,3,4,5,6,7,8,9,10,11,12,13,14,15,16,17,18,19,20,21,22,23,24,25,26,27,28,29,30,31,32,33,34,35,36,37,38,39,40,41,42,43,44,45,46,47,53,57,62,63,64,67,69,80,81,85,98,99,100,103,104,105,106,107,108,115,116,117,118,119,120,121,122,123,124,127,151,155,
59;1;83;207;1;0,1,2,3,4,5,6,7,8,9,10,11,12,13,14,15,16,17,18,19,20,21,22,23,24,25,26,27,28,29,30,31,32,33,34,35,36,37,38,39,40,41,42,43,44,45,46,47,53,57,62,63,64,67,69,80,81,85,98,99,100,103,104,105,106,107,108,115,116,117,118,119,120,121,122,123,124,127,151,155,
74;0;207;246;1;0,1,2,3,4,5,6,7,8,9,10,11,12,13,14,15,16,17,18,19,20,21,22,23,24,25,26,27,28,29,30,31,32,33,34,35,36,37,38,39,40,41,42,43,44,45,46,47,53,57,62,63,64,67,69,80,81,85,98,99,100,103,104,105,106,107,108,115,116,117,118,119,120,121,122,123,124,127,151,155,
74;1;246;288;1;0,1,2,3,4,5,6,7,8,9,10,11,12,13,14,15,16,17,18,19,20,21,22,23,24,25,26,27,28,29,30,31,32,33,34,35,36,37,38,39,40,41,42,43,44,45,46,47,53,57,62,63,64,67,69,80,81,85,98,99,100,103,104,105,106,107,108,115,116,117,118,119,120,121,122,123,124,127,151,155,
46;0;288;438;1;0,1,2,3,4,5,6,7,8,9,10,11,12,13,14,15,16,17,18,19,20,21,22,23,24,25,26,27,28,29,30,31,32,33,34,35,36,37,38,39,40,41,42,43,44,45,46,47,53,57,62,63,64,67,69,80,81,85,98,99,100,103,104,105,106,107,108,115,116,117,118,119,120,121,122,123,124,127,151,155,
46;1;438;608;1;0,1,2,3,4,5,6,7,8,9,10,11,12,13,14,15,16,17,18,19,20,21,22,23,24,25,26,27,28,29,30,31,32,33,34,35,36,37,38,39,40,41,42,43,44,45,46,47,53,57,62,63,64,67,69,80,81,85,98,99,100,103,104,105,106,107,108,115,116,117,118,119,120,121,122,123,124,127,151,155,
44;0;608;771;1;0,1,2,3,4,5,6,7,8,9,10,11,12,13,14,15,16,17,18,19,20,21,22,23,24,25,26,27,28,29,30,31,32,33,34,35,36,37,38,39,40,41,42,43,44,45,46,47,53,57,62,63,64,67,69,80,81,85,98,99,100,103,104,105,106,107,108,115,116,117,118,119,120,121,122,123,124,127,151,155,
44;1;771;810;1;0,1,2,3,4,5,6,7,8,9,10,11,12,13,14,15,16,17,18,19,20,21,22,23,24,25,26,27,28,29,30,31,32,33,34,35,36,37,38,39,40,41,42,43,44,45,46,47,53,57,62,63,64,67,69,80,81,85,98,99,100,103,104,105,106,107,108,115,116,117,118,119,120,121,122,123,124,127,151,155,
16;0;810;815;1;0,1,2,3,4,5,6,7,8,9,10,11,12,13,14,15,16,17,18,19,20,21,22,23,24,25,26,27,28,29,30,31,32,33,34,35,36,37,38,39,40,41,42,43,44,45,46,47,53,57,62,63,64,67,69,80,81,85,98,99,100,103,104,105,106,107,108,115,116,117,118,119,120,121,122,123,124,127,151,155,
16;1;815;912;1;0,1,2,3,4,5,6,7,8,9,10,11,12,13,14,15,16,17,18,19,20,21,22,23,24,25,26,27,28,29,30,31,32,33,34,35,36,37,38,39,40,41,42,43,44,45,46,47,53,57,62,63,64,67,69,80,81,85,98,99,100,103,104,105,106,107,108,115,116,117,118,119,120,121,122,123,124,127,151,155,
69;0;912;992;1;0,1,2,3,4,5,6,7,8,9,10,11,12,13,14,15,16,17,18,19,20,21,22,23,24,25,26,27,28,29,30,31,32,33,34,35,36,37,38,39,40,41,42,43,44,45,46,47,53,57,62,63,64,67,69,80,81,85,98,99,100,103,104,105,106,107,108,115,116,117,118,119,120,121,122,123,124,127,151,155,
69;1;992;1025;1;0,1,2,3,4,5,6,7,8,9,10,11,12,13,14,15,16,17,18,19,20,21,22,23,24,25,26,27,28,29,30,31,32,33,34,35,36,37,38,39,40,41,42,43,44,45,46,47,53,57,62,63,64,67,69,80,81,85,98,99,100,103,104,105,106,107,108,115,116,117,118,119,120,121,122,123,124,127,151,155,
36;0;1025;1182;1;0,1,2,3,4,5,6,7,8,9,10,11,12,13,14,15,16,17,18,19,20,21,22,23,24,25,26,27,28,29,30,31,32,33,34,35,36,37,38,39,40,41,42,43,44,45,46,47,53,57,62,63,64,67,69,80,81,85,98,99,100,103,104,105,106,107,108,115,116,117,118,119,120,121,122,123,124,127,151,155,
36;1;1182;1281;1;0,1,2,3,4,5,6,7,8,9,10,11,12,13,14,15,16,17,18,19,20,21,22,23,24,25,26,27,28,29,30,31,32,33,34,35,36,37,38,39,40,41,42,43,44,45,46,47,53,57,62,63,64,67,69,80,81,85,98,99,100,103,104,105,106,107,108,115,116,117,118,119,120,121,122,123,124,127,151,155,
24;0;1281;1341;1;0,1,2,3,4,5,6,7,8,9,10,11,12,13,14,15,16,17,18,19,20,21,22,23,24,25,26,27,28,29,30,31,32,33,34,35,36,37,38,39,40,41,42,43,44,45,46,47,53,57,62,63,64,67,69,80,81,85,98,99,100,103,104,105,106,107,108,115,116,117,118,119,120,121,122,123,124,127,151,155,
24;1;1341;1353;1;0,1,2,3,4,5,6,7,8,9,10,11,12,13,14,15,16,17,18,19,20,21,22,23,24,25,26,27,28,29,30,31,32,33,34,35,36,37,38,39,40,41,42,43,44,45,46,47,53,57,62,63,64,67,69,80,81,85,98,99,100,103,104,105,106,107,108,115,116,117,118,119,120,121,122,123,124,127,151,155,
71;0;1353;1518;1;0,1,2,3,4,5,6,7,8,9,10,11,12,13,14,15,16,17,18,19,20,21,22,23,24,25,26,27,28,29,30,31,32,33,34,35,36,37,38,39,40,41,42,43,44,45,46,47,53,57,62,63,64,67,69,80,81,85,98,99,100,103,104,105,106,107,108,115,116,117,118,119,120,121,122,123,124,127,151,155,
71;1;1518;1669;1;0,1,2,3,4,5,6,7,8,9,10,11,12,13,14,15,16,17,18,19,20,21,22,23,24,25,26,27,28,29,30,31,32,33,34,35,36,37,38,39,40,41,42,43,44,45,46,47,53,57,62,63,64,67,69,80,81,85,98,99,100,103,104,105,106,107,108,115,116,117,118,119,120,121,122,123,124,127,151,155,
34;0;1669;1827;1;0,1,2,3,4,5,6,7,8,9,10,11,12,13,14,15,16,17,18,19,20,21,22,23,24,25,26,27,28,29,30,31,32,33,34,35,36,37,38,39,40,41,42,43,44,45,46,47,53,57,62,63,64,67,69,80,81,85,98,99,100,103,104,105,106,107,108,115,116,117,118,119,120,121,122,123,124,127,151,155,
34;1;1827;1876;1;0,1,2,3,4,5,6,7,8,9,10,11,12,13,14,15,16,17,18,19,20,21,22,23,24,25,26,27,28,29,30,31,32,33,34,35,36,37,38,39,40,41,42,43,44,45,46,47,53,57,62,63,64,67,69,80,81,85,98,99,100,103,104,105,106,107,108,115,116,117,118,119,120,121,122,123,124,127,151,155,
79;0;1876;1970;1;0,1,2,3,4,5,6,7,8,9,10,11,12,13,14,15,16,17,18,19,20,21,22,23,24,25,26,27,28,29,30,31,32,33,34,35,36,37,38,39,40,41,42,43,44,45,46,47,53,57,62,63,64,67,69,80,81,85,98,99,100,103,104,105,106,107,108,115,116,117,118,119,120,121,122,123,124,127,151,155,
79;1;1970;1991;1;0,1,2,3,4,5,6,7,8,9,10,11,12,13,14,15,16,17,18,19,20,21,22,23,24,25,26,27,28,29,30,31,32,33,34,35,36,37,38,39,40,41,42,43,44,45,46,47,53,57,62,63,64,67,69,80,81,85,98,99,100,103,104,105,106,107,108,115,116,117,118,119,120,121,122,123,124,127,151,155,
29;0;1991;2057;1;0,1,2,3,4,5,6,7,8,9,10,11,12,13,14,15,16,17,18,19,20,21,22,23,24,25,26,27,28,29,30,31,32,33,34,35,36,37,38,39,40,41,42,43,44,45,46,47,53,57,62,63,64,67,69,80,81,85,98,99,100,103,104,105,106,107,108,115,116,117,118,119,120,121,122,123,124,127,151,155,
29;1;2057;2101;1;0,1,2,3,4,5,6,7,8,9,10,11,12,13,14,15,16,17,18,19,20,21,22,23,24,25,26,27,28,29,30,31,32,33,34,35,36,37,38,39,40,41,42,43,44,45,46,47,53,57,62,63,64,67,69,80,81,85,98,99,100,103,104,105,106,107,108,115,116,117,118,119,120,121,122,123,124,127,151,155,
56;0;2101;2106;1;0,1,2,3,4,5,6,7,8,9,10,11,12,13,14,15,16,17,18,19,20,21,22,23,24,25,26,27,28,29,30,31,32,33,34,35,36,37,38,39,40,41,42,43,44,45,46,47,53,57,62,63,64,67,69,80,81,85,98,99,100,103,104,105,106,107,108,115,116,117,118,119,120,121,122,123,124,127,151,155,
56;1;2106;2210;1;0,1,2,3,4,5,6,7,8,9,10,11,12,13,14,15,16,17,18,19,20,21,22,23,24,25,26,27,28,29,30,31,32,33,34,35,36,37,38,39,40,41,42,43,44,45,46,47,53,57,62,63,64,67,69,80,81,85,98,99,100,103,104,105,106,107,108,115,116,117,118,119,120,121,122,123,124,127,151,155,
54;0;2210;2313;1;0,1,2,3,4,5,6,7,8,9,10,11,12,13,14,15,16,17,18,19,20,21,22,23,24,25,26,27,28,29,30,31,32,33,34,35,36,37,38,39,40,41,42,43,44,45,46,47,53,57,62,63,64,67,69,80,81,85,98,99,100,103,104,105,106,107,108,115,116,117,118,119,120,121,122,123,124,127,151,155,
54;1;2313;2404;1;0,1,2,3,4,5,6,7,8,9,10,11,12,13,14,15,16,17,18,19,20,21,22,23,24,25,26,27,28,29,30,31,32,33,34,35,36,37,38,39,40,41,42,43,44,45,46,47,53,57,62,63,64,67,69,80,81,85,98,99,100,103,104,105,106,107,108,115,116,117,118,119,120,121,122,123,124,127,151,155,
Machine: 2
51;0;0;4;1;0,1,2,3,4,5,6,7,8,9,10,11,12,13,14,15,16,17,18,19,20,21,22,23,24,25,26,27,28,29,30,31,32,33,34,35,36,37,38,39,40,41,42,53,54,55,56,57,58,59,60,61,62,63,64,67,69,77,81,82,84,85,89,90,91,92,93,94,95,96,97,100,103,104,105,106,107,108,115,135,
51;1;4;141;1;0,1,2,3,4,5,6,7,8,9,10,11,12,13,14,15,16,17,18,19,20,21,22,23,24,25,26,27,28,29,30,31,32,33,34,35,36,37,38,39,40,41,42,53,54,55,56,57,58,59,60,61,62,63,64,67,69,77,81,82,84,85,89,90,91,92,93,94,95,96,97,100,103,104,105,106,107,108,115,135,
66;0;141;155;1;0,1,2,3,4,5,6,7,8,9,10,11,12,13,14,15,16,17,18,19,20,21,22,23,24,25,26,27,28,29,30,31,32,33,34,35,36,37,38,39,40,41,42,53,54,55,56,57,58,59,60,61,62,63,64,67,69,77,81,82,84,85,89,90,91,92,93,94,95,96,97,100,103,104,105,106,107,108,115,135,
66;1;155;316;1;0,1,2,3,4,5,6,7,8,9,10,11,12,13,14,15,16,17,18,19,20,21,22,23,24,25,26,27,28,29,30,31,32,33,34,35,36,37,38,39,40,41,42,53,54,55,56,57,58,59,60,61,62,63,64,67,69,77,81,82,84,85,89,90,91,92,93,94,95,96,97,100,103,104,105,106,107,108,115,135,
64;0;316;473;1;0,1,2,3,4,5,6,7,8,9,10,11,12,13,14,15,16,17,18,19,20,21,22,23,24,25,26,27,28,29,30,31,32,33,34,35,36,37,38,39,40,41,42,53,54,55,56,57,58,59,60,61,62,63,64,67,69,77,81,82,84,85,89,90,91,92,93,94,95,96,97,100,103,104,105,106,107,108,115,135,
64;1;473;538;1;0,1,2,3,4,5,6,7,8,9,10,11,12,13,14,15,16,17,18,19,20,21,22,23,24,25,26,27,28,29,30,31,32,33,34,35,36,37,38,39,40,41,42,53,54,55,56,57,58,59,60,61,62,63,64,67,69,77,81,82,84,85,89,90,91,92,93,94,95,96,97,100,103,104,105,106,107,108,115,135,
39;0;538;614;1;0,1,2,3,4,5,6,7,8,9,10,11,12,13,14,15,16,17,18,19,20,21,22,23,24,25,26,27,28,29,30,31,32,33,34,35,36,37,38,39,40,41,42,53,54,55,56,57,58,59,60,61,62,63,64,67,69,77,81,82,84,85,89,90,91,92,93,94,95,96,97,100,103,104,105,106,107,108,115,135,
39;1;614;765;1;0,1,2,3,4,5,6,7,8,9,10,11,12,13,14,15,16,17,18,19,20,21,22,23,24,25,26,27,28,29,30,31,32,33,34,35,36,37,38,39,40,41,42,53,54,55,56,57,58,59,60,61,62,63,64,67,69,77,81,82,84,85,89,90,91,92,93,94,95,96,97,100,103,104,105,106,107,108,115,135,
2;0;765;937;1;0,1,2,3,4,5,6,7,8,9,10,11,12,13,14,15,16,17,18,19,20,21,22,23,24,25,26,27,28,29,30,31,32,33,34,35,36,37,38,39,40,41,42,53,54,55,56,57,58,59,60,61,62,63,64,67,69,77,81,82,84,85,89,90,91,92,93,94,95,96,97,100,103,104,105,106,107,108,115,135,
52;0;937;971;0;0,1,2,3,4,5,6,7,8,9,10,11,12,13,14,15,16,17,18,19,20,21,22,23,24,25,26,27,28,29,30,31,32,33,34,35,36,37,38,39,40,41,42,53,54,55,56,57,58,59,60,61,62,63,64,67,69,77,81,82,84,85,89,90,91,92,93,94,95,96,97,100,103,104,105,106,107,108,115,135,
12;0;971;1118;0;0,1,2,3,4,5,6,7,8,9,10,11,12,13,14,15,16,17,18,19,20,21,22,23,24,25,26,27,28,29,30,31,32,33,34,35,36,37,38,39,40,41,42,53,54,55,56,57,58,59,60,61,62,63,64,67,69,77,81,82,84,85,89,90,91,92,93,94,95,96,97,100,103,104,105,106,107,108,115,135,
70;0;1118;1255;0;0,1,2,3,4,5,6,7,8,9,10,11,12,13,14,15,16,17,18,19,20,21,22,23,24,25,26,27,28,29,30,31,32,33,34,35,36,37,38,39,40,41,42,53,54,55,56,57,58,59,60,61,62,63,64,67,69,77,81,82,84,85,89,90,91,92,93,94,95,96,97,100,103,104,105,106,107,108,115,135,
27;0;1255;1360;0;0,1,2,3,4,5,6,7,8,9,10,11,12,13,14,15,16,17,18,19,20,21,22,23,24,25,26,27,28,29,30,31,32,33,34,35,36,37,38,39,40,41,42,53,54,55,56,57,58,59,60,61,62,63,64,67,69,77,81,82,84,85,89,90,91,92,93,94,95,96,97,100,103,104,105,106,107,108,115,135,
25;0;1360;1444;0;0,1,2,3,4,5,6,7,8,9,10,11,12,13,14,15,16,17,18,19,20,21,22,23,24,25,26,27,28,29,30,31,32,33,34,35,36,37,38,39,40,41,42,53,54,55,56,57,58,59,60,61,62,63,64,67,69,77,81,82,84,85,89,90,91,92,93,94,95,96,97,100,103,104,105,106,107,108,115,135,
67;0;1444;1499;0;0,1,2,3,4,5,6,7,8,9,10,11,12,13,14,15,16,17,18,19,20,21,22,23,24,25,26,27,28,29,30,31,32,33,34,35,36,37,38,39,40,41,42,53,54,55,56,57,58,59,60,61,62,63,64,67,69,77,81,82,84,85,89,90,91,92,93,94,95,96,97,100,103,104,105,106,107,108,115,135,
80;0;1499;1576;0;0,1,2,3,4,5,6,7,8,9,10,11,12,13,14,15,16,17,18,19,20,21,22,23,24,25,26,27,28,29,30,31,32,33,34,35,36,37,38,39,40,41,42,53,54,55,56,57,58,59,60,61,62,63,64,67,69,77,81,82,84,85,89,90,91,92,93,94,95,96,97,100,103,104,105,106,107,108,115,135,
38;0;1576;1745;0;0,1,2,3,4,5,6,7,8,9,10,11,12,13,14,15,16,17,18,19,20,21,22,23,24,25,26,27,28,29,30,31,32,33,34,35,36,37,38,39,40,41,42,53,54,55,56,57,58,59,60,61,62,63,64,67,69,77,81,82,84,85,89,90,91,92,93,94,95,96,97,100,103,104,105,106,107,108,115,135,
38;1;1745;1821;0;0,1,2,3,4,5,6,7,8,9,10,11,12,13,14,15,16,17,18,19,20,21,22,23,24,25,26,27,28,29,30,31,32,33,34,35,36,37,38,39,40,41,42,53,54,55,56,57,58,59,60,61,62,63,64,67,69,77,81,82,84,85,89,90,91,92,93,94,95,96,97,100,103,104,105,106,107,108,115,135,
73;0;1821;1908;0;0,1,2,3,4,5,6,7,8,9,10,11,12,13,14,15,16,17,18,19,20,21,22,23,24,25,26,27,28,29,30,31,32,33,34,35,36,37,38,39,40,41,42,53,54,55,56,57,58,59,60,61,62,63,64,67,69,77,81,82,84,85,89,90,91,92,93,94,95,96,97,100,103,104,105,106,107,108,115,135,
73;1;1908;1992;0;0,1,2,3,4,5,6,7,8,9,10,11,12,13,14,15,16,17,18,19,20,21,22,23,24,25,26,27,28,29,30,31,32,33,34,35,36,37,38,39,40,41,42,53,54,55,56,57,58,59,60,61,62,63,64,67,69,77,81,82,84,85,89,90,91,92,93,94,95,96,97,100,103,104,105,106,107,108,115,135,
Machine: 3
75;0;0;115;0;0,1,2,3,4,5,6,7,8,9,10,11,12,13,14,15,16,17,18,19,20,21,22,23,24,25,26,27,28,29,30,31,32,33,34,35,36,38,40,53,54,55,56,57,58,59,60,61,62,63,64,67,69,70,77,85,90,100,103,104,106,107,125,126,127,128,129,130,131,135,142,143,144,145,146,147,148,149,150,157,
63;0;115;257;0;0,1,2,3,4,5,6,7,8,9,10,11,12,13,14,15,16,17,18,19,20,21,22,23,24,25,26,27,28,29,30,31,32,33,34,35,36,38,40,53,54,55,56,57,58,59,60,61,62,63,64,67,69,70,77,85,90,100,103,104,106,107,125,126,127,128,129,130,131,135,142,143,144,145,146,147,148,149,150,157,
63;1;257;288;0;0,1,2,3,4,5,6,7,8,9,10,11,12,13,14,15,16,17,18,19,20,21,22,23,24,25,26,27,28,29,30,31,32,33,34,35,36,38,40,53,54,55,56,57,58,59,60,61,62,63,64,67,69,70,77,85,90,100,103,104,106,107,125,126,127,128,129,130,131,135,142,143,144,145,146,147,148,149,150,157,
72;0;288;432;0;0,1,2,3,4,5,6,7,8,9,10,11,12,13,14,15,16,17,18,19,20,21,22,23,24,25,26,27,28,29,30,31,32,33,34,35,36,38,40,53,54,55,56,57,58,59,60,61,62,63,64,67,69,70,77,85,90,100,103,104,106,107,125,126,127,128,129,130,131,135,142,143,144,145,146,147,148,149,150,157,
78;0;432;493;0;0,1,2,3,4,5,6,7,8,9,10,11,12,13,14,15,16,17,18,19,20,21,22,23,24,25,26,27,28,29,30,31,32,33,34,35,36,38,40,53,54,55,56,57,58,59,60,61,62,63,64,67,69,70,77,85,90,100,103,104,106,107,125,126,127,128,129,130,131,135,142,143,144,145,146,147,148,149,150,157,
78;1;493;654;0;0,1,2,3,4,5,6,7,8,9,10,11,12,13,14,15,16,17,18,19,20,21,22,23,24,25,26,27,28,29,30,31,32,33,34,35,36,38,40,53,54,55,56,57,58,59,60,61,62,63,64,67,69,70,77,85,90,100,103,104,106,107,125,126,127,128,129,130,131,135,142,143,144,145,146,147,148,149,150,157,
65;0;654;818;0;0,1,2,3,4,5,6,7,8,9,10,11,12,13,14,15,16,17,18,19,20,21,22,23,24,25,26,27,28,29,30,31,32,33,34,35,36,38,40,53,54,55,56,57,58,59,60,61,62,63,64,67,69,70,77,85,90,100,103,104,106,107,125,126,127,128,129,130,131,135,142,143,144,145,146,147,148,149,150,157,
50;0;818;957;0;0,1,2,3,4,5,6,7,8,9,10,11,12,13,14,15,16,17,18,19,20,21,22,23,24,25,26,27,28,29,30,31,32,33,34,35,36,38,40,53,54,55,56,57,58,59,60,61,62,63,64,67,69,70,77,85,90,100,103,104,106,107,125,126,127,128,129,130,131,135,142,143,144,145,146,147,148,149,150,157,
57;0;957;1055;0;0,1,2,3,4,5,6,7,8,9,10,11,12,13,14,15,16,17,18,19,20,21,22,23,24,25,26,27,28,29,30,31,32,33,34,35,36,38,40,53,54,55,56,57,58,59,60,61,62,63,64,67,69,70,77,85,90,100,103,104,106,107,125,126,127,128,129,130,131,135,142,143,144,145,146,147,148,149,150,157,
17;0;1055;1138;0;0,1,2,3,4,5,6,7,8,9,10,11,12,13,14,15,16,17,18,19,20,21,22,23,24,25,26,27,28,29,30,31,32,33,34,35,36,38,40,53,54,55,56,57,58,59,60,61,62,63,64,67,69,70,77,85,90,100,103,104,106,107,125,126,127,128,129,130,131,135,142,143,144,145,146,147,148,149,150,157,
45;0;1138;1177;0;0,1,2,3,4,5,6,7,8,9,10,11,12,13,14,15,16,17,18,19,20,21,22,23,24,25,26,27,28,29,30,31,32,33,34,35,36,38,40,53,54,55,56,57,58,59,60,61,62,63,64,67,69,70,77,85,90,100,103,104,106,107,125,126,127,128,129,130,131,135,142,143,144,145,146,147,148,149,150,157,
58;0;1177;1212;0;0,1,2,3,4,5,6,7,8,9,10,11,12,13,14,15,16,17,18,19,20,21,22,23,24,25,26,27,28,29,30,31,32,33,34,35,36,38,40,53,54,55,56,57,58,59,60,61,62,63,64,67,69,70,77,85,90,100,103,104,106,107,125,126,127,128,129,130,131,135,142,143,144,145,146,147,148,149,150,157,
58;1;1212;1289;0;0,1,2,3,4,5,6,7,8,9,10,11,12,13,14,15,16,17,18,19,20,21,22,23,24,25,26,27,28,29,30,31,32,33,34,35,36,38,40,53,54,55,56,57,58,59,60,61,62,63,64,67,69,70,77,85,90,100,103,104,106,107,125,126,127,128,129,130,131,135,142,143,144,145,146,147,148,149,150,157,
35;0;1289;1293;0;0,1,2,3,4,5,6,7,8,9,10,11,12,13,14,15,16,17,18,19,20,21,22,23,24,25,26,27,28,29,30,31,32,33,34,35,36,38,40,53,54,55,56,57,58,59,60,61,62,63,64,67,69,70,77,85,90,100,103,104,106,107,125,126,127,128,129,130,131,135,142,143,144,145,146,147,148,149,150,157,
53;0;1293;1458;0;0,1,2,3,4,5,6,7,8,9,10,11,12,13,14,15,16,17,18,19,20,21,22,23,24,25,26,27,28,29,30,31,32,33,34,35,36,38,40,53,54,55,56,57,58,59,60,61,62,63,64,67,69,70,77,85,90,100,103,104,106,107,125,126,127,128,129,130,131,135,142,143,144,145,146,147,148,149,150,157,
53;1;1458;1518;0;0,1,2,3,4,5,6,7,8,9,10,11,12,13,14,15,16,17,18,19,20,21,22,23,24,25,26,27,28,29,30,31,32,33,34,35,36,38,40,53,54,55,56,57,58,59,60,61,62,63,64,67,69,70,77,85,90,100,103,104,106,107,125,126,127,128,129,130,131,135,142,143,144,145,146,147,148,149,150,157,
7;0;1518;1549;0;0,1,2,3,4,5,6,7,8,9,10,11,12,13,14,15,16,17,18,19,20,21,22,23,24,25,26,27,28,29,30,31,32,33,34,35,36,38,40,53,54,55,56,57,58,59,60,61,62,63,64,67,69,70,77,85,90,100,103,104,106,107,125,126,127,128,129,130,131,135,142,143,144,145,146,147,148,149,150,157,
Machine: 4
22;0;0;109;0;0,1,2,3,4,5,6,7,8,9,10,11,12,13,14,15,16,17,18,19,20,21,22,23,24,25,26,27,28,29,36,37,38,45,46,47,48,49,50,51,52,53,54,55,56,57,58,59,60,61,62,63,64,65,66,67,68,69,85,89,90,91,92,93,94,95,96,97,102,106,109,110,111,112,113,114,115,135,151,155,
28;0;109;257;0;0,1,2,3,4,5,6,7,8,9,10,11,12,13,14,15,16,17,18,19,20,21,22,23,24,25,26,27,28,29,36,37,38,45,46,47,48,49,50,51,52,53,54,55,56,57,58,59,60,61,62,63,64,65,66,67,68,69,85,89,90,91,92,93,94,95,96,97,102,106,109,110,111,112,113,114,115,135,151,155,
28;1;257;401;0;0,1,2,3,4,5,6,7,8,9,10,11,12,13,14,15,16,17,18,19,20,21,22,23,24,25,26,27,28,29,36,37,38,45,46,47,48,49,50,51,52,53,54,55,56,57,58,59,60,61,62,63,64,65,66,67,68,69,85,89,90,91,92,93,94,95,96,97,102,106,109,110,111,112,113,114,115,135,151,155,
8;0;401;569;0;0,1,2,3,4,5,6,7,8,9,10,11,12,13,14,15,16,17,18,19,20,21,22,23,24,25,26,27,28,29,36,37,38,45,46,47,48,49,50,51,52,53,54,55,56,57,58,59,60,61,62,63,64,65,66,67,68,69,85,89,90,91,92,93,94,95,96,97,102,106,109,110,111,112,113,114,115,135,151,155,
8;1;569;705;0;0,1,2,3,4,5,6,7,8,9,10,11,12,13,14,15,16,17,18,19,20,21,22,23,24,25,26,27,28,29,36,37,38,45,46,47,48,49,50,51,52,53,54,55,56,57,58,59,60,61,62,63,64,65,66,67,68,69,85,89,90,91,92,93,94,95,96,97,102,106,109,110,111,112,113,114,115,135,151,155,
60;0;705;870;0;0,1,2,3,4,5,6,7,8,9,10,11,12,13,14,15,16,17,18,19,20,21,22,23,24,25,26,27,28,29,36,37,38,45,46,47,48,49,50,51,52,53,54,55,56,57,58,59,60,61,62,63,64,65,66,67,68,69,85,89,90,91,92,93,94,95,96,97,102,106,109,110,111,112,113,114,115,135,151,155,
68;0;870;954;0;0,1,2,3,4,5,6,7,8,9,10,11,12,13,14,15,16,17,18,19,20,21,22,23,24,25,26,27,28,29,36,37,38,45,46,47,48,49,50,51,52,53,54,55,56,57,58,59,60,61,62,63,64,65,66,67,68,69,85,89,90,91,92,93,94,95,96,97,102,106,109,110,111,112,113,114,115,135,151,155,
68;1;954;1116;0;0,1,2,3,4,5,6,7,8,9,10,11,12,13,14,15,16,17,18,19,20,21,22,23,24,25,26,27,28,29,36,37,38,45,46,47,48,49,50,51,52,53,54,55,56,57,58,59,60,61,62,63,64,65,66,67,68,69,85,89,90,91,92,93,94,95,96,97,102,106,109,110,111,112,113,114,115,135,151,155,
48;0;1116;1221;0;0,1,2,3,4,5,6,7,8,9,10,11,12,13,14,15,16,17,18,19,20,21,22,23,24,25,26,27,28,29,36,37,38,45,46,47,48,49,50,51,52,53,54,55,56,57,58,59,60,61,62,63,64,65,66,67,68,69,85,89,90,91,92,93,94,95,96,97,102,106,109,110,111,112,113,114,115,135,151,155,
48;1;1221;1273;0;0,1,2,3,4,5,6,7,8,9,10,11,12,13,14,15,16,17,18,19,20,21,22,23,24,25,26,27,28,29,36,37,38,45,46,47,48,49,50,51,52,53,54,55,56,57,58,59,60,61,62,63,64,65,66,67,68,69,85,89,90,91,92,93,94,95,96,97,102,106,109,110,111,112,113,114,115,135,151,155,
10;0;1273;1369;0;0,1,2,3,4,5,6,7,8,9,10,11,12,13,14,15,16,17,18,19,20,21,22,23,24,25,26,27,28,29,36,37,38,45,46,47,48,49,50,51,52,53,54,55,56,57,58,59,60,61,62,63,64,65,66,67,68,69,85,89,90,91,92,93,94,95,96,97,102,106,109,110,111,112,113,114,115,135,151,155,
15;0;1369;1500;0;0,1,2,3,4,5,6,7,8,9,10,11,12,13,14,15,16,17,18,19,20,21,22,23,24,25,26,27,28,29,36,37,38,45,46,47,48,49,50,51,52,53,54,55,56,57,58,59,60,61,62,63,64,65,66,67,68,69,85,89,90,91,92,93,94,95,96,97,102,106,109,110,111,112,113,114,115,135,151,155,
77;0;1500;1545;0;0,1,2,3,4,5,6,7,8,9,10,11,12,13,14,15,16,17,18,19,20,21,22,23,24,25,26,27,28,29,36,37,38,45,46,47,48,49,50,51,52,53,54,55,56,57,58,59,60,61,62,63,64,65,66,67,68,69,85,89,90,91,92,93,94,95,96,97,102,106,109,110,111,112,113,114,115,135,151,155,
5;0;1545;1611;0;0,1,2,3,4,5,6,7,8,9,10,11,12,13,14,15,16,17,18,19,20,21,22,23,24,25,26,27,28,29,36,37,38,45,46,47,48,49,50,51,52,53,54,55,56,57,58,59,60,61,62,63,64,65,66,67,68,69,85,89,90,91,92,93,94,95,96,97,102,106,109,110,111,112,113,114,115,135,151,155,
1;0;1611;1750;0;0,1,2,3,4,5,6,7,8,9,10,11,12,13,14,15,16,17,18,19,20,21,22,23,24,25,26,27,28,29,36,37,38,45,46,47,48,49,50,51,52,53,54,55,56,57,58,59,60,61,62,63,64,65,66,67,68,69,85,89,90,91,92,93,94,95,96,97,102,106,109,110,111,112,113,114,115,135,151,155,
1;1;1750;1815;0;0,1,2,3,4,5,6,7,8,9,10,11,12,13,14,15,16,17,18,19,20,21,22,23,24,25,26,27,28,29,36,37,38,45,46,47,48,49,50,51,52,53,54,55,56,57,58,59,60,61,62,63,64,65,66,67,68,69,85,89,90,91,92,93,94,95,96,97,102,106,109,110,111,112,113,114,115,135,151,155,
43;0;1815;1993;0;0,1,2,3,4,5,6,7,8,9,10,11,12,13,14,15,16,17,18,19,20,21,22,23,24,25,26,27,28,29,36,37,38,45,46,47,48,49,50,51,52,53,54,55,56,57,58,59,60,61,62,63,64,65,66,67,68,69,85,89,90,91,92,93,94,95,96,97,102,106,109,110,111,112,113,114,115,135,151,155,
43;1;1993;2157;0;0,1,2,3,4,5,6,7,8,9,10,11,12,13,14,15,16,17,18,19,20,21,22,23,24,25,26,27,28,29,36,37,38,45,46,47,48,49,50,51,52,53,54,55,56,57,58,59,60,61,62,63,64,65,66,67,68,69,85,89,90,91,92,93,94,95,96,97,102,106,109,110,111,112,113,114,115,135,151,155,
62;0;2157;2304;0;0,1,2,3,4,5,6,7,8,9,10,11,12,13,14,15,16,17,18,19,20,21,22,23,24,25,26,27,28,29,36,37,38,45,46,47,48,49,50,51,52,53,54,55,56,57,58,59,60,61,62,63,64,65,66,67,68,69,85,89,90,91,92,93,94,95,96,97,102,106,109,110,111,112,113,114,115,135,151,155,
Machine: 5
47;0;0;144;0;0,1,2,3,4,5,6,7,8,9,10,11,12,13,14,15,20,30,31,32,33,34,35,36,38,53,54,55,56,57,58,59,60,61,62,63,64,66,67,69,77,80,81,82,84,85,88,90,98,99,100,101,102,104,106,109,110,111,112,113,114,120,127,132,133,134,135,136,137,138,139,140,141,151,152,153,154,155,156,157,
13;0;144;295;0;0,1,2,3,4,5,6,7,8,9,10,11,12,13,14,15,20,30,31,32,33,34,35,36,38,53,54,55,56,57,58,59,60,61,62,63,64,66,67,69,77,80,81,82,84,85,88,90,98,99,100,101,102,104,106,109,110,111,112,113,114,120,127,132,133,134,135,136,137,138,139,140,141,151,152,153,154,155,156,157,
13;1;295;475;0;0,1,2,3,4,5,6,7,8,9,10,11,12,13,14,15,20,30,31,32,33,34,35,36,38,53,54,55,56,57,58,59,60,61,62,63,64,66,67,69,77,80,81,82,84,85,88,90,98,99,100,101,102,104,106,109,110,111,112,113,114,120,127,132,133,134,135,136,137,138,139,140,141,151,152,153,154,155,156,157,
3;0;475;606;0;0,1,2,3,4,5,6,7,8,9,10,11,12,13,14,15,20,30,31,32,33,34,35,36,38,53,54,55,56,57,58,59,60,61,62,63,64,66,67,69,77,80,81,82,84,85,88,90,98,99,100,101,102,104,106,109,110,111,112,113,114,120,127,132,133,134,135,136,137,138,139,140,141,151,152,153,154,155,156,157,
3;1;606;648;0;0,1,2,3,4,5,6,7,8,9,10,11,12,13,14,15,20,30,31,32,33,34,35,36,38,53,54,55,56,57,58,59,60,61,62,63,64,66,67,69,77,80,81,82,84,85,88,90,98,99,100,101,102,104,106,109,110,111,112,113,114,120,127,132,133,134,135,136,137,138,139,140,141,151,152,153,154,155,156,157,
40;0;648;812;0;0,1,2,3,4,5,6,7,8,9,10,11,12,13,14,15,20,30,31,32,33,34,35,36,38,53,54,55,56,57,58,59,60,61,62,63,64,66,67,69,77,80,81,82,84,85,88,90,98,99,100,101,102,104,106,109,110,111,112,113,114,120,127,132,133,134,135,136,137,138,139,140,141,151,152,153,154,155,156,157,
23;0;812;962;0;0,1,2,3,4,5,6,7,8,9,10,11,12,13,14,15,20,30,31,32,33,34,35,36,38,53,54,55,56,57,58,59,60,61,62,63,64,66,67,69,77,80,81,82,84,85,88,90,98,99,100,101,102,104,106,109,110,111,112,113,114,120,127,132,133,134,135,136,137,138,139,140,141,151,152,153,154,155,156,157,
23;1;962;1119;0;0,1,2,3,4,5,6,7,8,9,10,11,12,13,14,15,20,30,31,32,33,34,35,36,38,53,54,55,56,57,58,59,60,61,62,63,64,66,67,69,77,80,81,82,84,85,88,90,98,99,100,101,102,104,106,109,110,111,112,113,114,120,127,132,133,134,135,136,137,138,139,140,141,151,152,153,154,155,156,157,
18;0;1119;1288;0;0,1,2,3,4,5,6,7,8,9,10,11,12,13,14,15,20,30,31,32,33,34,35,36,38,53,54,55,56,57,58,59,60,61,62,63,64,66,67,69,77,80,81,82,84,85,88,90,98,99,100,101,102,104,106,109,110,111,112,113,114,120,127,132,133,134,135,136,137,138,139,140,141,151,152,153,154,155,156,157,
18;1;1288;1422;0;0,1,2,3,4,5,6,7,8,9,10,11,12,13,14,15,20,30,31,32,33,34,35,36,38,53,54,55,56,57,58,59,60,61,62,63,64,66,67,69,77,80,81,82,84,85,88,90,98,99,100,101,102,104,106,109,110,111,112,113,114,120,127,132,133,134,135,136,137,138,139,140,141,151,152,153,154,155,156,157,
20;0;1422;1495;0;0,1,2,3,4,5,6,7,8,9,10,11,12,13,14,15,20,30,31,32,33,34,35,36,38,53,54,55,56,57,58,59,60,61,62,63,64,66,67,69,77,80,81,82,84,85,88,90,98,99,100,101,102,104,106,109,110,111,112,113,114,120,127,132,133,134,135,136,137,138,139,140,141,151,152,153,154,155,156,157,
42;0;1495;1566;0;0,1,2,3,4,5,6,7,8,9,10,11,12,13,14,15,20,30,31,32,33,34,35,36,38,53,54,55,56,57,58,59,60,61,62,63,64,66,67,69,77,80,81,82,84,85,88,90,98,99,100,101,102,104,106,109,110,111,112,113,114,120,127,132,133,134,135,136,137,138,139,140,141,151,152,153,154,155,156,157,
37;0;1566;1616;0;0,1,2,3,4,5,6,7,8,9,10,11,12,13,14,15,20,30,31,32,33,34,35,36,38,53,54,55,56,57,58,59,60,61,62,63,64,66,67,69,77,80,81,82,84,85,88,90,98,99,100,101,102,104,106,109,110,111,112,113,114,120,127,132,133,134,135,136,137,138,139,140,141,151,152,153,154,155,156,157,
55;0;1616;1688;0;0,1,2,3,4,5,6,7,8,9,10,11,12,13,14,15,20,30,31,32,33,34,35,36,38,53,54,55,56,57,58,59,60,61,62,63,64,66,67,69,77,80,81,82,84,85,88,90,98,99,100,101,102,104,106,109,110,111,112,113,114,120,127,132,133,134,135,136,137,138,139,140,141,151,152,153,154,155,156,157,
32;0;1688;1792;0;0,1,2,3,4,5,6,7,8,9,10,11,12,13,14,15,20,30,31,32,33,34,35,36,38,53,54,55,56,57,58,59,60,61,62,63,64,66,67,69,77,80,81,82,84,85,88,90,98,99,100,101,102,104,106,109,110,111,112,113,114,120,127,132,133,134,135,136,137,138,139,140,141,151,152,153,154,155,156,157,
33;0;1792;1856;0;0,1,2,3,4,5,6,7,8,9,10,11,12,13,14,15,20,30,31,32,33,34,35,36,38,53,54,55,56,57,58,59,60,61,62,63,64,66,67,69,77,80,81,82,84,85,88,90,98,99,100,101,102,104,106,109,110,111,112,113,114,120,127,132,133,134,135,136,137,138,139,140,141,151,152,153,154,155,156,157,
33;1;1856;1999;0;0,1,2,3,4,5,6,7,8,9,10,11,12,13,14,15,20,30,31,32,33,34,35,36,38,53,54,55,56,57,58,59,60,61,62,63,64,66,67,69,77,80,81,82,84,85,88,90,98,99,100,101,102,104,106,109,110,111,112,113,114,120,127,132,133,134,135,136,137,138,139,140,141,151,152,153,154,155,156,157,
30;0;1999;2130;0;0,1,2,3,4,5,6,7,8,9,10,11,12,13,14,15,20,30,31,32,33,34,35,36,38,53,54,55,56,57,58,59,60,61,62,63,64,66,67,69,77,80,81,82,84,85,88,90,98,99,100,101,102,104,106,109,110,111,112,113,114,120,127,132,133,134,135,136,137,138,139,140,141,151,152,153,154,155,156,157,
END
fineshedJobsCount: 130
switchs: 0
switchsInstances: 0
unfineshedPriorityCount: 0
totalUnfineshed: 0
criticalMachineSwitchs: 0
criticalMachineTime: 2404
Final Solution: 3900
Time: 154063
PTL: -1
MCMC: -1
Best Initial: 3900
Mean Initial: 3896.64
