./input/BaseInstances/6M2_n=209,r=0.4,t=209,v0.txt;./input/Processed/ToolSetInt.csv
7;720;1440
Machine: 0
4;0;0;175;1;0,1,2,3,4,5,6,7,8,9,10,11,12,13,14,15,16,17,18,19,20,21,22,23,24,25,26,27,28,29,30,31,32,33,34,35,36,37,38,39,40,41,42,43,44,45,46,47,48,49,50,64,65,66,102,103,104,105,106,117,127,128,129,130,131,132,133,134,135,136,137,144,171,172,173,188,205,206,207,208,
4;1;175;272;1;0,1,2,3,4,5,6,7,8,9,10,11,12,13,14,15,16,17,18,19,20,21,22,23,24,25,26,27,28,29,30,31,32,33,34,35,36,37,38,39,40,41,42,43,44,45,46,47,48,49,50,64,65,66,102,103,104,105,106,117,127,128,129,130,131,132,133,134,135,136,137,144,171,172,173,188,205,206,207,208,
73;0;272;341;1;0,1,2,3,4,5,6,7,8,9,10,11,12,13,14,15,16,17,18,19,20,21,22,23,24,25,26,27,28,29,30,31,32,33,34,35,36,37,38,39,40,41,42,43,44,45,46,47,48,49,50,64,65,66,102,103,104,105,106,117,127,128,129,130,131,132,133,134,135,136,137,144,171,172,173,188,205,206,207,208,
44;0;341;410;1;0,1,2,3,4,5,6,7,8,9,10,11,12,13,14,15,16,17,18,19,20,21,22,23,24,25,26,27,28,29,30,31,32,33,34,35,36,37,38,39,40,41,42,43,44,45,46,47,48,49,50,64,65,66,102,103,104,105,106,117,127,128,129,130,131,132,133,134,135,136,137,144,171,172,173,188,205,206,207,208,
44;1;410;566;1;0,1,2,3,4,5,6,7,8,9,10,11,12,13,14,15,16,17,18,19,20,21,22,23,24,25,26,27,28,29,30,31,32,33,34,35,36,37,38,39,40,41,42,43,44,45,46,47,48,49,50,64,65,66,102,103,104,105,106,117,127,128,129,130,131,132,133,134,135,136,137,144,171,172,173,188,205,206,207,208,
137;0;566;742;1;0,1,2,3,4,5,6,7,8,9,10,11,12,13,14,15,16,17,18,19,20,21,22,23,24,25,26,27,28,29,30,31,32,33,34,35,36,37,38,39,40,41,42,43,44,45,46,47,48,49,50,64,65,66,102,103,104,105,106,117,127,128,129,130,131,132,133,134,135,136,137,144,171,172,173,188,205,206,207,208,
137;1;742;871;1;0,1,2,3,4,5,6,7,8,9,10,11,12,13,14,15,16,17,18,19,20,21,22,23,24,25,26,27,28,29,30,31,32,33,34,35,36,37,38,39,40,41,42,43,44,45,46,47,48,49,50,64,65,66,102,103,104,105,106,117,127,128,129,130,131,132,133,134,135,136,137,144,171,172,173,188,205,206,207,208,
143;0;871;885;1;0,1,2,3,4,5,6,7,8,9,10,11,12,13,14,15,16,17,18,19,20,21,22,23,24,25,26,27,28,29,30,31,32,33,34,35,36,37,38,39,40,41,42,43,44,45,46,47,48,49,50,64,65,66,102,103,104,105,106,117,127,128,129,130,131,132,133,134,135,136,137,144,171,172,173,188,205,206,207,208,
33;0;885;1048;1;0,1,2,3,4,5,6,7,8,9,10,11,12,13,14,15,16,17,18,19,20,21,22,23,24,25,26,27,28,29,30,31,32,33,34,35,36,37,38,39,40,41,42,43,44,45,46,47,48,49,50,64,65,66,102,103,104,105,106,117,127,128,129,130,131,132,133,134,135,136,137,144,171,172,173,188,205,206,207,208,
80;0;1048;1083;1;0,1,2,3,4,5,6,7,8,9,10,11,12,13,14,15,16,17,18,19,20,21,22,23,24,25,26,27,28,29,30,31,32,33,34,35,36,37,38,39,40,41,42,43,44,45,46,47,48,49,50,64,65,66,102,103,104,105,106,117,127,128,129,130,131,132,133,134,135,136,137,144,171,172,173,188,205,206,207,208,
119;0;1083;1254;0;0,1,2,3,4,5,6,7,8,9,10,11,12,13,14,15,16,17,18,19,20,21,22,23,24,25,26,27,28,29,30,31,32,33,34,35,36,37,38,39,40,41,42,43,44,45,46,47,48,49,50,64,65,66,102,103,104,105,106,117,127,128,129,130,131,132,133,134,135,136,137,144,171,172,173,188,205,206,207,208,
119;1;1254;1399;0;0,1,2,3,4,5,6,7,8,9,10,11,12,13,14,15,16,17,18,19,20,21,22,23,24,25,26,27,28,29,30,31,32,33,34,35,36,37,38,39,40,41,42,43,44,45,46,47,48,49,50,64,65,66,102,103,104,105,106,117,127,128,129,130,131,132,133,134,135,136,137,144,171,172,173,188,205,206,207,208,
43;0;1399;1475;1;0,1,2,3,4,5,6,7,8,9,10,11,12,13,14,15,16,17,18,19,20,21,22,23,24,25,26,27,28,29,30,31,32,33,34,35,36,37,38,39,40,41,42,43,44,45,46,47,48,49,50,64,65,66,102,103,104,105,106,117,127,128,129,130,131,132,133,134,135,136,137,144,171,172,173,188,205,206,207,208,
60;0;1475;1512;1;0,1,2,3,4,5,6,7,8,9,10,11,12,13,14,15,16,17,18,19,20,21,22,23,24,25,26,27,28,29,30,31,32,33,34,35,36,37,38,39,40,41,42,43,44,45,46,47,48,49,50,64,65,66,102,103,104,105,106,117,127,128,129,130,131,132,133,134,135,136,137,144,171,172,173,188,205,206,207,208,
91;0;1512;1685;1;0,1,2,3,4,5,6,7,8,9,10,11,12,13,14,15,16,17,18,19,20,21,22,23,24,25,26,27,28,29,30,31,32,33,34,35,36,37,38,39,40,41,42,43,44,45,46,47,48,49,50,64,65,66,102,103,104,105,106,117,127,128,129,130,131,132,133,134,135,136,137,144,171,172,173,188,205,206,207,208,
124;0;1685;1729;1;0,1,2,3,4,5,6,7,8,9,10,11,12,13,14,15,16,17,18,19,20,21,22,23,24,25,26,27,28,29,30,31,32,33,34,35,36,37,38,39,40,41,42,43,44,45,46,47,48,49,50,64,65,66,102,103,104,105,106,117,127,128,129,130,131,132,133,134,135,136,137,144,171,172,173,188,205,206,207,208,
124;1;1729;1773;1;0,1,2,3,4,5,6,7,8,9,10,11,12,13,14,15,16,17,18,19,20,21,22,23,24,25,26,27,28,29,30,31,32,33,34,35,36,37,38,39,40,41,42,43,44,45,46,47,48,49,50,64,65,66,102,103,104,105,106,117,127,128,129,130,131,132,133,134,135,136,137,144,171,172,173,188,205,206,207,208,
75;0;1773;1833;0;0,1,2,3,4,5,6,7,8,9,10,11,12,13,14,15,16,17,18,19,20,21,22,23,24,25,26,27,28,29,30,31,32,33,34,35,36,37,38,39,40,41,42,43,44,45,46,47,48,49,50,64,65,66,102,103,104,105,106,117,127,128,129,130,131,132,133,134,135,136,137,144,171,172,173,188,205,206,207,208,
130;0;1833;1970;1;0,1,2,3,4,5,6,7,8,9,10,11,12,13,14,15,16,17,18,19,20,21,22,23,24,25,26,27,28,29,30,31,32,33,34,35,36,37,38,39,40,41,42,43,44,45,46,47,48,49,50,64,65,66,102,103,104,105,106,117,127,128,129,130,131,132,133,134,135,136,137,144,171,172,173,188,205,206,207,208,
114;0;1970;2058;1;0,1,2,3,4,5,6,7,8,9,10,11,12,13,14,15,16,17,18,19,20,21,22,23,24,25,26,27,28,29,30,31,32,33,34,35,36,37,38,39,40,41,42,43,44,45,46,47,48,49,50,64,65,66,102,103,104,105,106,117,127,128,129,130,131,132,133,134,135,136,137,144,171,172,173,188,205,206,207,208,
114;1;2058;2144;1;0,1,2,3,4,5,6,7,8,9,10,11,12,13,14,15,16,17,18,19,20,21,22,23,24,25,26,27,28,29,30,31,32,33,34,35,36,37,38,39,40,41,42,43,44,45,46,47,48,49,50,64,65,66,102,103,104,105,106,117,127,128,129,130,131,132,133,134,135,136,137,144,171,172,173,188,205,206,207,208,
11;0;2144;2210;1;0,1,2,3,4,5,6,7,8,9,10,11,12,13,14,15,16,17,18,19,20,21,22,23,24,25,26,27,28,29,30,31,32,33,34,35,36,37,38,39,40,41,42,43,44,45,46,47,48,49,50,64,65,66,102,103,104,105,106,117,127,128,129,130,131,132,133,134,135,136,137,144,171,172,173,188,205,206,207,208,
127;0;2210;2298;1;0,1,2,3,4,5,6,7,8,9,10,11,12,13,14,15,16,17,18,19,20,21,22,23,24,25,26,27,28,29,30,31,32,33,34,35,36,37,38,39,40,41,42,43,44,45,46,47,48,49,50,64,65,66,102,103,104,105,106,117,127,128,129,130,131,132,133,134,135,136,137,144,171,172,173,188,205,206,207,208,
127;1;2298;2378;1;0,1,2,3,4,5,6,7,8,9,10,11,12,13,14,15,16,17,18,19,20,21,22,23,24,25,26,27,28,29,30,31,32,33,34,35,36,37,38,39,40,41,42,43,44,45,46,47,48,49,50,64,65,66,102,103,104,105,106,117,127,128,129,130,131,132,133,134,135,136,137,144,171,172,173,188,205,206,207,208,
120;0;2378;2446;1;0,1,2,3,4,5,6,7,8,9,10,11,12,13,14,15,16,17,18,19,20,21,22,23,24,25,26,27,28,29,30,31,32,33,34,35,36,37,38,39,40,41,42,43,44,45,46,47,48,49,50,64,65,66,102,103,104,105,106,117,127,128,129,130,131,132,133,134,135,136,137,144,171,172,173,188,205,206,207,208,
57;0;2446;2466;1;0,1,2,3,4,5,6,7,8,9,10,11,12,13,14,15,16,17,18,19,20,21,22,23,24,25,26,27,28,29,30,31,32,33,34,35,36,37,38,39,40,41,42,43,44,45,46,47,48,49,50,64,65,66,102,103,104,105,106,117,127,128,129,130,131,132,133,134,135,136,137,144,171,172,173,188,205,206,207,208,
57;1;2466;2514;1;0,1,2,3,4,5,6,7,8,9,10,11,12,13,14,15,16,17,18,19,20,21,22,23,24,25,26,27,28,29,30,31,32,33,34,35,36,37,38,39,40,41,42,43,44,45,46,47,48,49,50,64,65,66,102,103,104,105,106,117,127,128,129,130,131,132,133,134,135,136,137,144,171,172,173,188,205,206,207,208,
87;0;2514;2542;1;0,1,2,3,4,5,6,7,8,9,10,11,12,13,14,15,16,17,18,19,20,21,22,23,24,25,26,27,28,29,30,31,32,33,34,35,36,37,38,39,40,41,42,43,44,45,46,47,48,49,50,64,65,66,102,103,104,105,106,117,127,128,129,130,131,132,133,134,135,136,137,144,171,172,173,188,205,206,207,208,
87;1;2542;2647;1;0,1,2,3,4,5,6,7,8,9,10,11,12,13,14,15,16,17,18,19,20,21,22,23,24,25,26,27,28,29,30,31,32,33,34,35,36,37,38,39,40,41,42,43,44,45,46,47,48,49,50,64,65,66,102,103,104,105,106,117,127,128,129,130,131,132,133,134,135,136,137,144,171,172,173,188,205,206,207,208,
16;0;2647;2741;0;0,1,2,3,4,5,6,7,8,9,10,11,12,13,14,15,16,17,18,19,20,21,22,23,24,25,26,27,28,29,30,31,32,33,34,35,36,37,38,39,40,41,42,43,44,45,46,47,48,49,50,64,65,66,102,103,104,105,106,117,127,128,129,130,131,132,133,134,135,136,137,144,171,172,173,188,205,206,207,208,
12;0;2741;2786;0;0,1,2,3,4,5,6,7,8,9,10,11,12,13,14,15,16,17,18,19,20,21,22,23,24,25,26,27,28,29,30,31,32,33,34,35,36,37,38,39,40,41,42,43,44,45,46,47,48,49,50,64,65,66,102,103,104,105,106,117,127,128,129,130,131,132,133,134,135,136,137,144,171,172,173,188,205,206,207,208,
12;1;2786;2839;0;0,1,2,3,4,5,6,7,8,9,10,11,12,13,14,15,16,17,18,19,20,21,22,23,24,25,26,27,28,29,30,31,32,33,34,35,36,37,38,39,40,41,42,43,44,45,46,47,48,49,50,64,65,66,102,103,104,105,106,117,127,128,129,130,131,132,133,134,135,136,137,144,171,172,173,188,205,206,207,208,
34;0;2839;3014;1;0,1,2,3,4,5,6,7,8,9,10,11,12,13,14,15,16,17,18,19,20,21,22,23,24,25,26,27,28,29,30,31,32,33,34,35,36,37,38,39,40,41,42,43,44,45,46,47,48,49,50,64,65,66,102,103,104,105,106,117,127,128,129,130,131,132,133,134,135,136,137,144,171,172,173,188,205,206,207,208,
34;1;3014;3158;1;0,1,2,3,4,5,6,7,8,9,10,11,12,13,14,15,16,17,18,19,20,21,22,23,24,25,26,27,28,29,30,31,32,33,34,35,36,37,38,39,40,41,42,43,44,45,46,47,48,49,50,64,65,66,102,103,104,105,106,117,127,128,129,130,131,132,133,134,135,136,137,144,171,172,173,188,205,206,207,208,
97;0;3158;3163;1;0,1,2,3,4,5,6,7,8,9,10,11,12,13,14,15,16,17,18,19,20,21,22,23,24,25,26,27,28,29,30,31,32,33,34,35,36,37,38,39,40,41,42,43,44,45,46,47,48,49,50,64,65,66,102,103,104,105,106,117,127,128,129,130,131,132,133,134,135,136,137,144,171,172,173,188,205,206,207,208,
97;1;3163;3327;1;0,1,2,3,4,5,6,7,8,9,10,11,12,13,14,15,16,17,18,19,20,21,22,23,24,25,26,27,28,29,30,31,32,33,34,35,36,37,38,39,40,41,42,43,44,45,46,47,48,49,50,64,65,66,102,103,104,105,106,117,127,128,129,130,131,132,133,134,135,136,137,144,171,172,173,188,205,206,207,208,
3;0;3327;3376;1;0,1,2,3,4,5,6,7,8,9,10,11,12,13,14,15,16,17,18,19,20,21,22,23,24,25,26,27,28,29,30,31,32,33,34,35,36,37,38,39,40,41,42,43,44,45,46,47,48,49,50,64,65,66,102,103,104,105,106,117,127,128,129,130,131,132,133,134,135,136,137,144,171,172,173,188,205,206,207,208,
Machine: 1
20;0;0;64;1;0,1,2,3,5,6,10,12,13,14,15,20,21,23,25,26,33,34,35,36,37,40,47,49,50,51,52,53,63,64,65,66,67,68,69,70,71,72,73,74,75,76,77,78,79,80,81,82,83,84,85,86,87,88,89,90,91,92,93,94,95,96,97,98,99,100,101,102,103,104,105,106,119,130,131,132,133,145,180,188,
101;0;64;167;1;0,1,2,3,5,6,10,12,13,14,15,20,21,23,25,26,33,34,35,36,37,40,47,49,50,51,52,53,63,64,65,66,67,68,69,70,71,72,73,74,75,76,77,78,79,80,81,82,83,84,85,86,87,88,89,90,91,92,93,94,95,96,97,98,99,100,101,102,103,104,105,106,119,130,131,132,133,145,180,188,
104;0;167;330;1;0,1,2,3,5,6,10,12,13,14,15,20,21,23,25,26,33,34,35,36,37,40,47,49,50,51,52,53,63,64,65,66,67,68,69,70,71,72,73,74,75,76,77,78,79,80,81,82,83,84,85,86,87,88,89,90,91,92,93,94,95,96,97,98,99,100,101,102,103,104,105,106,119,130,131,132,133,145,180,188,
104;1;330;471;1;0,1,2,3,5,6,10,12,13,14,15,20,21,23,25,26,33,34,35,36,37,40,47,49,50,51,52,53,63,64,65,66,67,68,69,70,71,72,73,74,75,76,77,78,79,80,81,82,83,84,85,86,87,88,89,90,91,92,93,94,95,96,97,98,99,100,101,102,103,104,105,106,119,130,131,132,133,145,180,188,
71;0;471;586;1;0,1,2,3,5,6,10,12,13,14,15,20,21,23,25,26,33,34,35,36,37,40,47,49,50,51,52,53,63,64,65,66,67,68,69,70,71,72,73,74,75,76,77,78,79,80,81,82,83,84,85,86,87,88,89,90,91,92,93,94,95,96,97,98,99,100,101,102,103,104,105,106,119,130,131,132,133,145,180,188,
140;0;586;701;1;0,1,2,3,5,6,10,12,13,14,15,20,21,23,25,26,33,34,35,36,37,40,47,49,50,51,52,53,63,64,65,66,67,68,69,70,71,72,73,74,75,76,77,78,79,80,81,82,83,84,85,86,87,88,89,90,91,92,93,94,95,96,97,98,99,100,101,102,103,104,105,106,119,130,131,132,133,145,180,188,
103;0;701;806;1;0,1,2,3,5,6,10,12,13,14,15,20,21,23,25,26,33,34,35,36,37,40,47,49,50,51,52,53,63,64,65,66,67,68,69,70,71,72,73,74,75,76,77,78,79,80,81,82,83,84,85,86,87,88,89,90,91,92,93,94,95,96,97,98,99,100,101,102,103,104,105,106,119,130,131,132,133,145,180,188,
70;0;806;882;1;0,1,2,3,5,6,10,12,13,14,15,20,21,23,25,26,33,34,35,36,37,40,47,49,50,51,52,53,63,64,65,66,67,68,69,70,71,72,73,74,75,76,77,78,79,80,81,82,83,84,85,86,87,88,89,90,91,92,93,94,95,96,97,98,99,100,101,102,103,104,105,106,119,130,131,132,133,145,180,188,
141;0;882;963;1;0,1,2,3,5,6,10,12,13,14,15,20,21,23,25,26,33,34,35,36,37,40,47,49,50,51,52,53,63,64,65,66,67,68,69,70,71,72,73,74,75,76,77,78,79,80,81,82,83,84,85,86,87,88,89,90,91,92,93,94,95,96,97,98,99,100,101,102,103,104,105,106,119,130,131,132,133,145,180,188,
64;0;963;1060;1;0,1,2,3,5,6,10,12,13,14,15,20,21,23,25,26,33,34,35,36,37,40,47,49,50,51,52,53,63,64,65,66,67,68,69,70,71,72,73,74,75,76,77,78,79,80,81,82,83,84,85,86,87,88,89,90,91,92,93,94,95,96,97,98,99,100,101,102,103,104,105,106,119,130,131,132,133,145,180,188,
64;1;1060;1230;1;0,1,2,3,5,6,10,12,13,14,15,20,21,23,25,26,33,34,35,36,37,40,47,49,50,51,52,53,63,64,65,66,67,68,69,70,71,72,73,74,75,76,77,78,79,80,81,82,83,84,85,86,87,88,89,90,91,92,93,94,95,96,97,98,99,100,101,102,103,104,105,106,119,130,131,132,133,145,180,188,
50;0;1230;1400;1;0,1,2,3,5,6,10,12,13,14,15,20,21,23,25,26,33,34,35,36,37,40,47,49,50,51,52,53,63,64,65,66,67,68,69,70,71,72,73,74,75,76,77,78,79,80,81,82,83,84,85,86,87,88,89,90,91,92,93,94,95,96,97,98,99,100,101,102,103,104,105,106,119,130,131,132,133,145,180,188,
72;0;1400;1434;0;0,1,2,3,5,6,10,12,13,14,15,20,21,23,25,26,33,34,35,36,37,40,47,49,50,51,52,53,63,64,65,66,67,68,69,70,71,72,73,74,75,76,77,78,79,80,81,82,83,84,85,86,87,88,89,90,91,92,93,94,95,96,97,98,99,100,101,102,103,104,105,106,119,130,131,132,133,145,180,188,
72;1;1434;1539;0;0,1,2,3,5,6,10,12,13,14,15,20,21,23,25,26,33,34,35,36,37,40,47,49,50,51,52,53,63,64,65,66,67,68,69,70,71,72,73,74,75,76,77,78,79,80,81,82,83,84,85,86,87,88,89,90,91,92,93,94,95,96,97,98,99,100,101,102,103,104,105,106,119,130,131,132,133,145,180,188,
24;0;1539;1683;1;0,1,2,3,5,6,10,12,13,14,15,20,21,23,25,26,33,34,35,36,37,40,47,49,50,51,52,53,63,64,65,66,67,68,69,70,71,72,73,74,75,76,77,78,79,80,81,82,83,84,85,86,87,88,89,90,91,92,93,94,95,96,97,98,99,100,101,102,103,104,105,106,119,130,131,132,133,145,180,188,
24;1;1683;1751;1;0,1,2,3,5,6,10,12,13,14,15,20,21,23,25,26,33,34,35,36,37,40,47,49,50,51,52,53,63,64,65,66,67,68,69,70,71,72,73,74,75,76,77,78,79,80,81,82,83,84,85,86,87,88,89,90,91,92,93,94,95,96,97,98,99,100,101,102,103,104,105,106,119,130,131,132,133,145,180,188,
25;0;1751;1777;0;0,1,2,3,5,6,10,12,13,14,15,20,21,23,25,26,33,34,35,36,37,40,47,49,50,51,52,53,63,64,65,66,67,68,69,70,71,72,73,74,75,76,77,78,79,80,81,82,83,84,85,86,87,88,89,90,91,92,93,94,95,96,97,98,99,100,101,102,103,104,105,106,119,130,131,132,133,145,180,188,
94;0;1777;1818;1;0,1,2,3,5,6,10,12,13,14,15,20,21,23,25,26,33,34,35,36,37,40,47,49,50,51,52,53,63,64,65,66,67,68,69,70,71,72,73,74,75,76,77,78,79,80,81,82,83,84,85,86,87,88,89,90,91,92,93,94,95,96,97,98,99,100,101,102,103,104,105,106,119,130,131,132,133,145,180,188,
94;1;1818;1891;1;0,1,2,3,5,6,10,12,13,14,15,20,21,23,25,26,33,34,35,36,37,40,47,49,50,51,52,53,63,64,65,66,67,68,69,70,71,72,73,74,75,76,77,78,79,80,81,82,83,84,85,86,87,88,89,90,91,92,93,94,95,96,97,98,99,100,101,102,103,104,105,106,119,130,131,132,133,145,180,188,
113;0;1891;1968;1;0,1,2,3,5,6,10,12,13,14,15,20,21,23,25,26,33,34,35,36,37,40,47,49,50,51,52,53,63,64,65,66,67,68,69,70,71,72,73,74,75,76,77,78,79,80,81,82,83,84,85,86,87,88,89,90,91,92,93,94,95,96,97,98,99,100,101,102,103,104,105,106,119,130,131,132,133,145,180,188,
81;0;1968;2069;1;0,1,2,3,5,6,10,12,13,14,15,20,21,23,25,26,33,34,35,36,37,40,47,49,50,51,52,53,63,64,65,66,67,68,69,70,71,72,73,74,75,76,77,78,79,80,81,82,83,84,85,86,87,88,89,90,91,92,93,94,95,96,97,98,99,100,101,102,103,104,105,106,119,130,131,132,133,145,180,188,
37;0;2069;2219;1;0,1,2,3,5,6,10,12,13,14,15,20,21,23,25,26,33,34,35,36,37,40,47,49,50,51,52,53,63,64,65,66,67,68,69,70,71,72,73,74,75,76,77,78,79,80,81,82,83,84,85,86,87,88,89,90,91,92,93,94,95,96,97,98,99,100,101,102,103,104,105,106,119,130,131,132,133,145,180,188,
37;1;2219;2270;1;0,1,2,3,5,6,10,12,13,14,15,20,21,23,25,26,33,34,35,36,37,40,47,49,50,51,52,53,63,64,65,66,67,68,69,70,71,72,73,74,75,76,77,78,79,80,81,82,83,84,85,86,87,88,89,90,91,92,93,94,95,96,97,98,99,100,101,102,103,104,105,106,119,130,131,132,133,145,180,188,
40;0;2270;2299;1;0,1,2,3,5,6,10,12,13,14,15,20,21,23,25,26,33,34,35,36,37,40,47,49,50,51,52,53,63,64,65,66,67,68,69,70,71,72,73,74,75,76,77,78,79,80,81,82,83,84,85,86,87,88,89,90,91,92,93,94,95,96,97,98,99,100,101,102,103,104,105,106,119,130,131,132,133,145,180,188,
17;0;2299;2478;1;0,1,2,3,5,6,10,12,13,14,15,20,21,23,25,26,33,34,35,36,37,40,47,49,50,51,52,53,63,64,65,66,67,68,69,70,71,72,73,74,75,76,77,78,79,80,81,82,83,84,85,86,87,88,89,90,91,92,93,94,95,96,97,98,99,100,101,102,103,104,105,106,119,130,131,132,133,145,180,188,
17;1;2478;2512;1;0,1,2,3,5,6,10,12,13,14,15,20,21,23,25,26,33,34,35,36,37,40,47,49,50,51,52,53,63,64,65,66,67,68,69,70,71,72,73,74,75,76,77,78,79,80,81,82,83,84,85,86,87,88,89,90,91,92,93,94,95,96,97,98,99,100,101,102,103,104,105,106,119,130,131,132,133,145,180,188,
7;0;2512;2551;1;0,1,2,3,5,6,10,12,13,14,15,20,21,23,25,26,33,34,35,36,37,40,47,49,50,51,52,53,63,64,65,66,67,68,69,70,71,72,73,74,75,76,77,78,79,80,81,82,83,84,85,86,87,88,89,90,91,92,93,94,95,96,97,98,99,100,101,102,103,104,105,106,119,130,131,132,133,145,180,188,
7;1;2551;2725;1;0,1,2,3,5,6,10,12,13,14,15,20,21,23,25,26,33,34,35,36,37,40,47,49,50,51,52,53,63,64,65,66,67,68,69,70,71,72,73,74,75,76,77,78,79,80,81,82,83,84,85,86,87,88,89,90,91,92,93,94,95,96,97,98,99,100,101,102,103,104,105,106,119,130,131,132,133,145,180,188,
21;0;2725;2759;1;0,1,2,3,5,6,10,12,13,14,15,20,21,23,25,26,33,34,35,36,37,40,47,49,50,51,52,53,63,64,65,66,67,68,69,70,71,72,73,74,75,76,77,78,79,80,81,82,83,84,85,86,87,88,89,90,91,92,93,94,95,96,97,98,99,100,101,102,103,104,105,106,119,130,131,132,133,145,180,188,
67;0;2759;2846;1;0,1,2,3,5,6,10,12,13,14,15,20,21,23,25,26,33,34,35,36,37,40,47,49,50,51,52,53,63,64,65,66,67,68,69,70,71,72,73,74,75,76,77,78,79,80,81,82,83,84,85,86,87,88,89,90,91,92,93,94,95,96,97,98,99,100,101,102,103,104,105,106,119,130,131,132,133,145,180,188,
67;1;2846;2871;1;0,1,2,3,5,6,10,12,13,14,15,20,21,23,25,26,33,34,35,36,37,40,47,49,50,51,52,53,63,64,65,66,67,68,69,70,71,72,73,74,75,76,77,78,79,80,81,82,83,84,85,86,87,88,89,90,91,92,93,94,95,96,97,98,99,100,101,102,103,104,105,106,119,130,131,132,133,145,180,188,
123;0;2871;2919;1;0,1,2,3,5,6,10,12,13,14,15,20,21,23,25,26,33,34,35,36,37,40,47,49,50,51,52,53,63,64,65,66,67,68,69,70,71,72,73,74,75,76,77,78,79,80,81,82,83,84,85,86,87,88,89,90,91,92,93,94,95,96,97,98,99,100,101,102,103,104,105,106,119,130,131,132,133,145,180,188,
84;0;2919;2930;1;0,1,2,3,5,6,10,12,13,14,15,20,21,23,25,26,33,34,35,36,37,40,47,49,50,51,52,53,63,64,65,66,67,68,69,70,71,72,73,74,75,76,77,78,79,80,81,82,83,84,85,86,87,88,89,90,91,92,93,94,95,96,97,98,99,100,101,102,103,104,105,106,119,130,131,132,133,145,180,188,
84;1;2930;3006;1;0,1,2,3,5,6,10,12,13,14,15,20,21,23,25,26,33,34,35,36,37,40,47,49,50,51,52,53,63,64,65,66,67,68,69,70,71,72,73,74,75,76,77,78,79,80,81,82,83,84,85,86,87,88,89,90,91,92,93,94,95,96,97,98,99,100,101,102,103,104,105,106,119,130,131,132,133,145,180,188,
54;0;3006;3038;1;0,1,2,3,5,6,10,12,13,14,15,20,21,23,25,26,33,34,35,36,37,40,47,49,50,51,52,53,63,64,65,66,67,68,69,70,71,72,73,74,75,76,77,78,79,80,81,82,83,84,85,86,87,88,89,90,91,92,93,94,95,96,97,98,99,100,101,102,103,104,105,106,119,130,131,132,133,145,180,188,
54;1;3038;3079;1;0,1,2,3,5,6,10,12,13,14,15,20,21,23,25,26,33,34,35,36,37,40,47,49,50,51,52,53,63,64,65,66,67,68,69,70,71,72,73,74,75,76,77,78,79,80,81,82,83,84,85,86,87,88,89,90,91,92,93,94,95,96,97,98,99,100,101,102,103,104,105,106,119,130,131,132,133,145,180,188,
Machine: 2
30;0;0;8;1;0,1,2,3,4,5,6,7,8,9,10,11,12,13,14,15,16,17,18,19,20,21,22,23,24,25,26,27,32,40,41,47,49,50,64,65,102,112,113,114,115,116,118,119,120,121,123,124,125,126,138,139,140,141,142,145,147,148,149,150,151,162,163,164,165,166,171,172,174,175,181,194,195,196,197,198,205,206,207,208,
53;0;8;26;1;0,1,2,3,4,5,6,7,8,9,10,11,12,13,14,15,16,17,18,19,20,21,22,23,24,25,26,27,32,40,41,47,49,50,64,65,102,112,113,114,115,116,118,119,120,121,123,124,125,126,138,139,140,141,142,145,147,148,149,150,151,162,163,164,165,166,171,172,174,175,181,194,195,196,197,198,205,206,207,208,
121;0;26;191;1;0,1,2,3,4,5,6,7,8,9,10,11,12,13,14,15,16,17,18,19,20,21,22,23,24,25,26,27,32,40,41,47,49,50,64,65,102,112,113,114,115,116,118,119,120,121,123,124,125,126,138,139,140,141,142,145,147,148,149,150,151,162,163,164,165,166,171,172,174,175,181,194,195,196,197,198,205,206,207,208,
144;0;191;223;1;0,1,2,3,4,5,6,7,8,9,10,11,12,13,14,15,16,17,18,19,20,21,22,23,24,25,26,27,32,40,41,47,49,50,64,65,102,112,113,114,115,116,118,119,120,121,123,124,125,126,138,139,140,141,142,145,147,148,149,150,151,162,163,164,165,166,171,172,174,175,181,194,195,196,197,198,205,206,207,208,
144;1;223;332;1;0,1,2,3,4,5,6,7,8,9,10,11,12,13,14,15,16,17,18,19,20,21,22,23,24,25,26,27,32,40,41,47,49,50,64,65,102,112,113,114,115,116,118,119,120,121,123,124,125,126,138,139,140,141,142,145,147,148,149,150,151,162,163,164,165,166,171,172,174,175,181,194,195,196,197,198,205,206,207,208,
14;0;332;482;1;0,1,2,3,4,5,6,7,8,9,10,11,12,13,14,15,16,17,18,19,20,21,22,23,24,25,26,27,32,40,41,47,49,50,64,65,102,112,113,114,115,116,118,119,120,121,123,124,125,126,138,139,140,141,142,145,147,148,149,150,151,162,163,164,165,166,171,172,174,175,181,194,195,196,197,198,205,206,207,208,
14;1;482;572;1;0,1,2,3,4,5,6,7,8,9,10,11,12,13,14,15,16,17,18,19,20,21,22,23,24,25,26,27,32,40,41,47,49,50,64,65,102,112,113,114,115,116,118,119,120,121,123,124,125,126,138,139,140,141,142,145,147,148,149,150,151,162,163,164,165,166,171,172,174,175,181,194,195,196,197,198,205,206,207,208,
51;0;572;718;1;0,1,2,3,4,5,6,7,8,9,10,11,12,13,14,15,16,17,18,19,20,21,22,23,24,25,26,27,32,40,41,47,49,50,64,65,102,112,113,114,115,116,118,119,120,121,123,124,125,126,138,139,140,141,142,145,147,148,149,150,151,162,163,164,165,166,171,172,174,175,181,194,195,196,197,198,205,206,207,208,
107;0;718;887;1;0,1,2,3,4,5,6,7,8,9,10,11,12,13,14,15,16,17,18,19,20,21,22,23,24,25,26,27,32,40,41,47,49,50,64,65,102,112,113,114,115,116,118,119,120,121,123,124,125,126,138,139,140,141,142,145,147,148,149,150,151,162,163,164,165,166,171,172,174,175,181,194,195,196,197,198,205,206,207,208,
107;1;887;997;1;0,1,2,3,4,5,6,7,8,9,10,11,12,13,14,15,16,17,18,19,20,21,22,23,24,25,26,27,32,40,41,47,49,50,64,65,102,112,113,114,115,116,118,119,120,121,123,124,125,126,138,139,140,141,142,145,147,148,149,150,151,162,163,164,165,166,171,172,174,175,181,194,195,196,197,198,205,206,207,208,
0;0;997;1141;1;0,1,2,3,4,5,6,7,8,9,10,11,12,13,14,15,16,17,18,19,20,21,22,23,24,25,26,27,32,40,41,47,49,50,64,65,102,112,113,114,115,116,118,119,120,121,123,124,125,126,138,139,140,141,142,145,147,148,149,150,151,162,163,164,165,166,171,172,174,175,181,194,195,196,197,198,205,206,207,208,
0;1;1141;1187;1;0,1,2,3,4,5,6,7,8,9,10,11,12,13,14,15,16,17,18,19,20,21,22,23,24,25,26,27,32,40,41,47,49,50,64,65,102,112,113,114,115,116,118,119,120,121,123,124,125,126,138,139,140,141,142,145,147,148,149,150,151,162,163,164,165,166,171,172,174,175,181,194,195,196,197,198,205,206,207,208,
68;0;1187;1346;0;0,1,2,3,4,5,6,7,8,9,10,11,12,13,14,15,16,17,18,19,20,21,22,23,24,25,26,27,32,40,41,47,49,50,64,65,102,112,113,114,115,116,118,119,120,121,123,124,125,126,138,139,140,141,142,145,147,148,149,150,151,162,163,164,165,166,171,172,174,175,181,194,195,196,197,198,205,206,207,208,
111;0;1346;1418;1;0,1,2,3,4,5,6,7,8,9,10,11,12,13,14,15,16,17,18,19,20,21,22,23,24,25,26,27,32,40,41,47,49,50,64,65,102,112,113,114,115,116,118,119,120,121,123,124,125,126,138,139,140,141,142,145,147,148,149,150,151,162,163,164,165,166,171,172,174,175,181,194,195,196,197,198,205,206,207,208,
27;0;1418;1557;1;0,1,2,3,4,5,6,7,8,9,10,11,12,13,14,15,16,17,18,19,20,21,22,23,24,25,26,27,32,40,41,47,49,50,64,65,102,112,113,114,115,116,118,119,120,121,123,124,125,126,138,139,140,141,142,145,147,148,149,150,151,162,163,164,165,166,171,172,174,175,181,194,195,196,197,198,205,206,207,208,
27;1;1557;1587;1;0,1,2,3,4,5,6,7,8,9,10,11,12,13,14,15,16,17,18,19,20,21,22,23,24,25,26,27,32,40,41,47,49,50,64,65,102,112,113,114,115,116,118,119,120,121,123,124,125,126,138,139,140,141,142,145,147,148,149,150,151,162,163,164,165,166,171,172,174,175,181,194,195,196,197,198,205,206,207,208,
95;0;1587;1677;0;0,1,2,3,4,5,6,7,8,9,10,11,12,13,14,15,16,17,18,19,20,21,22,23,24,25,26,27,32,40,41,47,49,50,64,65,102,112,113,114,115,116,118,119,120,121,123,124,125,126,138,139,140,141,142,145,147,148,149,150,151,162,163,164,165,166,171,172,174,175,181,194,195,196,197,198,205,206,207,208,
93;0;1677;1771;1;0,1,2,3,4,5,6,7,8,9,10,11,12,13,14,15,16,17,18,19,20,21,22,23,24,25,26,27,32,40,41,47,49,50,64,65,102,112,113,114,115,116,118,119,120,121,123,124,125,126,138,139,140,141,142,145,147,148,149,150,151,162,163,164,165,166,171,172,174,175,181,194,195,196,197,198,205,206,207,208,
63;0;1771;1851;1;0,1,2,3,4,5,6,7,8,9,10,11,12,13,14,15,16,17,18,19,20,21,22,23,24,25,26,27,32,40,41,47,49,50,64,65,102,112,113,114,115,116,118,119,120,121,123,124,125,126,138,139,140,141,142,145,147,148,149,150,151,162,163,164,165,166,171,172,174,175,181,194,195,196,197,198,205,206,207,208,
134;0;1851;1913;1;0,1,2,3,4,5,6,7,8,9,10,11,12,13,14,15,16,17,18,19,20,21,22,23,24,25,26,27,32,40,41,47,49,50,64,65,102,112,113,114,115,116,118,119,120,121,123,124,125,126,138,139,140,141,142,145,147,148,149,150,151,162,163,164,165,166,171,172,174,175,181,194,195,196,197,198,205,206,207,208,
134;1;1913;2024;1;0,1,2,3,4,5,6,7,8,9,10,11,12,13,14,15,16,17,18,19,20,21,22,23,24,25,26,27,32,40,41,47,49,50,64,65,102,112,113,114,115,116,118,119,120,121,123,124,125,126,138,139,140,141,142,145,147,148,149,150,151,162,163,164,165,166,171,172,174,175,181,194,195,196,197,198,205,206,207,208,
100;0;2024;2143;1;0,1,2,3,4,5,6,7,8,9,10,11,12,13,14,15,16,17,18,19,20,21,22,23,24,25,26,27,32,40,41,47,49,50,64,65,102,112,113,114,115,116,118,119,120,121,123,124,125,126,138,139,140,141,142,145,147,148,149,150,151,162,163,164,165,166,171,172,174,175,181,194,195,196,197,198,205,206,207,208,
10;0;2143;2246;1;0,1,2,3,4,5,6,7,8,9,10,11,12,13,14,15,16,17,18,19,20,21,22,23,24,25,26,27,32,40,41,47,49,50,64,65,102,112,113,114,115,116,118,119,120,121,123,124,125,126,138,139,140,141,142,145,147,148,149,150,151,162,163,164,165,166,171,172,174,175,181,194,195,196,197,198,205,206,207,208,
13;0;2246;2297;1;0,1,2,3,4,5,6,7,8,9,10,11,12,13,14,15,16,17,18,19,20,21,22,23,24,25,26,27,32,40,41,47,49,50,64,65,102,112,113,114,115,116,118,119,120,121,123,124,125,126,138,139,140,141,142,145,147,148,149,150,151,162,163,164,165,166,171,172,174,175,181,194,195,196,197,198,205,206,207,208,
77;0;2297;2322;1;0,1,2,3,4,5,6,7,8,9,10,11,12,13,14,15,16,17,18,19,20,21,22,23,24,25,26,27,32,40,41,47,49,50,64,65,102,112,113,114,115,116,118,119,120,121,123,124,125,126,138,139,140,141,142,145,147,148,149,150,151,162,163,164,165,166,171,172,174,175,181,194,195,196,197,198,205,206,207,208,
77;1;2322;2409;1;0,1,2,3,4,5,6,7,8,9,10,11,12,13,14,15,16,17,18,19,20,21,22,23,24,25,26,27,32,40,41,47,49,50,64,65,102,112,113,114,115,116,118,119,120,121,123,124,125,126,138,139,140,141,142,145,147,148,149,150,151,162,163,164,165,166,171,172,174,175,181,194,195,196,197,198,205,206,207,208,
83;0;2409;2484;1;0,1,2,3,4,5,6,7,8,9,10,11,12,13,14,15,16,17,18,19,20,21,22,23,24,25,26,27,32,40,41,47,49,50,64,65,102,112,113,114,115,116,118,119,120,121,123,124,125,126,138,139,140,141,142,145,147,148,149,150,151,162,163,164,165,166,171,172,174,175,181,194,195,196,197,198,205,206,207,208,
61;0;2484;2536;1;0,1,2,3,4,5,6,7,8,9,10,11,12,13,14,15,16,17,18,19,20,21,22,23,24,25,26,27,32,40,41,47,49,50,64,65,102,112,113,114,115,116,118,119,120,121,123,124,125,126,138,139,140,141,142,145,147,148,149,150,151,162,163,164,165,166,171,172,174,175,181,194,195,196,197,198,205,206,207,208,
117;0;2536;2591;1;0,1,2,3,4,5,6,7,8,9,10,11,12,13,14,15,16,17,18,19,20,21,22,23,24,25,26,27,32,40,41,47,49,50,64,65,102,112,113,114,115,116,118,119,120,121,123,124,125,126,138,139,140,141,142,145,147,148,149,150,151,162,163,164,165,166,171,172,174,175,181,194,195,196,197,198,205,206,207,208,
117;1;2591;2726;1;0,1,2,3,4,5,6,7,8,9,10,11,12,13,14,15,16,17,18,19,20,21,22,23,24,25,26,27,32,40,41,47,49,50,64,65,102,112,113,114,115,116,118,119,120,121,123,124,125,126,138,139,140,141,142,145,147,148,149,150,151,162,163,164,165,166,171,172,174,175,181,194,195,196,197,198,205,206,207,208,
8;0;2726;2803;0;0,1,2,3,4,5,6,7,8,9,10,11,12,13,14,15,16,17,18,19,20,21,22,23,24,25,26,27,32,40,41,47,49,50,64,65,102,112,113,114,115,116,118,119,120,121,123,124,125,126,138,139,140,141,142,145,147,148,149,150,151,162,163,164,165,166,171,172,174,175,181,194,195,196,197,198,205,206,207,208,
58;0;2803;2929;0;0,1,2,3,4,5,6,7,8,9,10,11,12,13,14,15,16,17,18,19,20,21,22,23,24,25,26,27,32,40,41,47,49,50,64,65,102,112,113,114,115,116,118,119,120,121,123,124,125,126,138,139,140,141,142,145,147,148,149,150,151,162,163,164,165,166,171,172,174,175,181,194,195,196,197,198,205,206,207,208,
98;0;2929;3009;0;0,1,2,3,4,5,6,7,8,9,10,11,12,13,14,15,16,17,18,19,20,21,22,23,24,25,26,27,32,40,41,47,49,50,64,65,102,112,113,114,115,116,118,119,120,121,123,124,125,126,138,139,140,141,142,145,147,148,149,150,151,162,163,164,165,166,171,172,174,175,181,194,195,196,197,198,205,206,207,208,
Machine: 3
96;0;0;76;0;0,1,2,3,4,5,6,7,8,9,10,11,12,13,14,15,16,17,18,19,20,21,22,23,24,25,26,27,28,29,30,31,32,33,34,35,36,37,38,39,40,41,47,49,58,59,60,61,62,63,64,65,66,102,107,108,109,117,118,119,120,121,122,127,128,129,146,176,177,178,179,190,191,192,193,199,200,201,202,203,
55;0;76;220;0;0,1,2,3,4,5,6,7,8,9,10,11,12,13,14,15,16,17,18,19,20,21,22,23,24,25,26,27,28,29,30,31,32,33,34,35,36,37,38,39,40,41,47,49,58,59,60,61,62,63,64,65,66,102,107,108,109,117,118,119,120,121,122,127,128,129,146,176,177,178,179,190,191,192,193,199,200,201,202,203,
131;0;220;228;1;0,1,2,3,4,5,6,7,8,9,10,11,12,13,14,15,16,17,18,19,20,21,22,23,24,25,26,27,28,29,30,31,32,33,34,35,36,37,38,39,40,41,47,49,58,59,60,61,62,63,64,65,66,102,107,108,109,117,118,119,120,121,122,127,128,129,146,176,177,178,179,190,191,192,193,199,200,201,202,203,
22;0;228;311;0;0,1,2,3,4,5,6,7,8,9,10,11,12,13,14,15,16,17,18,19,20,21,22,23,24,25,26,27,28,29,30,31,32,33,34,35,36,37,38,39,40,41,47,49,58,59,60,61,62,63,64,65,66,102,107,108,109,117,118,119,120,121,122,127,128,129,146,176,177,178,179,190,191,192,193,199,200,201,202,203,
22;1;311;438;0;0,1,2,3,4,5,6,7,8,9,10,11,12,13,14,15,16,17,18,19,20,21,22,23,24,25,26,27,28,29,30,31,32,33,34,35,36,37,38,39,40,41,47,49,58,59,60,61,62,63,64,65,66,102,107,108,109,117,118,119,120,121,122,127,128,129,146,176,177,178,179,190,191,192,193,199,200,201,202,203,
19;0;438;595;0;0,1,2,3,4,5,6,7,8,9,10,11,12,13,14,15,16,17,18,19,20,21,22,23,24,25,26,27,28,29,30,31,32,33,34,35,36,37,38,39,40,41,47,49,58,59,60,61,62,63,64,65,66,102,107,108,109,117,118,119,120,121,122,127,128,129,146,176,177,178,179,190,191,192,193,199,200,201,202,203,
19;1;595;669;0;0,1,2,3,4,5,6,7,8,9,10,11,12,13,14,15,16,17,18,19,20,21,22,23,24,25,26,27,28,29,30,31,32,33,34,35,36,37,38,39,40,41,47,49,58,59,60,61,62,63,64,65,66,102,107,108,109,117,118,119,120,121,122,127,128,129,146,176,177,178,179,190,191,192,193,199,200,201,202,203,
1;0;669;816;0;0,1,2,3,4,5,6,7,8,9,10,11,12,13,14,15,16,17,18,19,20,21,22,23,24,25,26,27,28,29,30,31,32,33,34,35,36,37,38,39,40,41,47,49,58,59,60,61,62,63,64,65,66,102,107,108,109,117,118,119,120,121,122,127,128,129,146,176,177,178,179,190,191,192,193,199,200,201,202,203,
136;0;816;889;0;0,1,2,3,4,5,6,7,8,9,10,11,12,13,14,15,16,17,18,19,20,21,22,23,24,25,26,27,28,29,30,31,32,33,34,35,36,37,38,39,40,41,47,49,58,59,60,61,62,63,64,65,66,102,107,108,109,117,118,119,120,121,122,127,128,129,146,176,177,178,179,190,191,192,193,199,200,201,202,203,
48;0;889;915;0;0,1,2,3,4,5,6,7,8,9,10,11,12,13,14,15,16,17,18,19,20,21,22,23,24,25,26,27,28,29,30,31,32,33,34,35,36,37,38,39,40,41,47,49,58,59,60,61,62,63,64,65,66,102,107,108,109,117,118,119,120,121,122,127,128,129,146,176,177,178,179,190,191,192,193,199,200,201,202,203,
146;0;915;966;0;0,1,2,3,4,5,6,7,8,9,10,11,12,13,14,15,16,17,18,19,20,21,22,23,24,25,26,27,28,29,30,31,32,33,34,35,36,37,38,39,40,41,47,49,58,59,60,61,62,63,64,65,66,102,107,108,109,117,118,119,120,121,122,127,128,129,146,176,177,178,179,190,191,192,193,199,200,201,202,203,
74;0;966;1081;1;0,1,2,3,4,5,6,7,8,9,10,11,12,13,14,15,16,17,18,19,20,21,22,23,24,25,26,27,28,29,30,31,32,33,34,35,36,37,38,39,40,41,47,49,58,59,60,61,62,63,64,65,66,102,107,108,109,117,118,119,120,121,122,127,128,129,146,176,177,178,179,190,191,192,193,199,200,201,202,203,
74;1;1081;1259;1;0,1,2,3,4,5,6,7,8,9,10,11,12,13,14,15,16,17,18,19,20,21,22,23,24,25,26,27,28,29,30,31,32,33,34,35,36,37,38,39,40,41,47,49,58,59,60,61,62,63,64,65,66,102,107,108,109,117,118,119,120,121,122,127,128,129,146,176,177,178,179,190,191,192,193,199,200,201,202,203,
6;0;1259;1390;0;0,1,2,3,4,5,6,7,8,9,10,11,12,13,14,15,16,17,18,19,20,21,22,23,24,25,26,27,28,29,30,31,32,33,34,35,36,37,38,39,40,41,47,49,58,59,60,61,62,63,64,65,66,102,107,108,109,117,118,119,120,121,122,127,128,129,146,176,177,178,179,190,191,192,193,199,200,201,202,203,
32;0;1390;1439;0;0,1,2,3,4,5,6,7,8,9,10,11,12,13,14,15,16,17,18,19,20,21,22,23,24,25,26,27,28,29,30,31,32,33,34,35,36,37,38,39,40,41,47,49,58,59,60,61,62,63,64,65,66,102,107,108,109,117,118,119,120,121,122,127,128,129,146,176,177,178,179,190,191,192,193,199,200,201,202,203,
32;1;1439;1507;0;0,1,2,3,4,5,6,7,8,9,10,11,12,13,14,15,16,17,18,19,20,21,22,23,24,25,26,27,28,29,30,31,32,33,34,35,36,37,38,39,40,41,47,49,58,59,60,61,62,63,64,65,66,102,107,108,109,117,118,119,120,121,122,127,128,129,146,176,177,178,179,190,191,192,193,199,200,201,202,203,
129;0;1507;1601;0;0,1,2,3,4,5,6,7,8,9,10,11,12,13,14,15,16,17,18,19,20,21,22,23,24,25,26,27,28,29,30,31,32,33,34,35,36,37,38,39,40,41,47,49,58,59,60,61,62,63,64,65,66,102,107,108,109,117,118,119,120,121,122,127,128,129,146,176,177,178,179,190,191,192,193,199,200,201,202,203,
129;1;1601;1657;0;0,1,2,3,4,5,6,7,8,9,10,11,12,13,14,15,16,17,18,19,20,21,22,23,24,25,26,27,28,29,30,31,32,33,34,35,36,37,38,39,40,41,47,49,58,59,60,61,62,63,64,65,66,102,107,108,109,117,118,119,120,121,122,127,128,129,146,176,177,178,179,190,191,192,193,199,200,201,202,203,
116;0;1657;1699;0;0,1,2,3,4,5,6,7,8,9,10,11,12,13,14,15,16,17,18,19,20,21,22,23,24,25,26,27,28,29,30,31,32,33,34,35,36,37,38,39,40,41,47,49,58,59,60,61,62,63,64,65,66,102,107,108,109,117,118,119,120,121,122,127,128,129,146,176,177,178,179,190,191,192,193,199,200,201,202,203,
102;0;1699;1867;0;0,1,2,3,4,5,6,7,8,9,10,11,12,13,14,15,16,17,18,19,20,21,22,23,24,25,26,27,28,29,30,31,32,33,34,35,36,37,38,39,40,41,47,49,58,59,60,61,62,63,64,65,66,102,107,108,109,117,118,119,120,121,122,127,128,129,146,176,177,178,179,190,191,192,193,199,200,201,202,203,
102;1;1867;2018;0;0,1,2,3,4,5,6,7,8,9,10,11,12,13,14,15,16,17,18,19,20,21,22,23,24,25,26,27,28,29,30,31,32,33,34,35,36,37,38,39,40,41,47,49,58,59,60,61,62,63,64,65,66,102,107,108,109,117,118,119,120,121,122,127,128,129,146,176,177,178,179,190,191,192,193,199,200,201,202,203,
138;0;2018;2175;0;0,1,2,3,4,5,6,7,8,9,10,11,12,13,14,15,16,17,18,19,20,21,22,23,24,25,26,27,28,29,30,31,32,33,34,35,36,37,38,39,40,41,47,49,58,59,60,61,62,63,64,65,66,102,107,108,109,117,118,119,120,121,122,127,128,129,146,176,177,178,179,190,191,192,193,199,200,201,202,203,
125;0;2175;2317;0;0,1,2,3,4,5,6,7,8,9,10,11,12,13,14,15,16,17,18,19,20,21,22,23,24,25,26,27,28,29,30,31,32,33,34,35,36,37,38,39,40,41,47,49,58,59,60,61,62,63,64,65,66,102,107,108,109,117,118,119,120,121,122,127,128,129,146,176,177,178,179,190,191,192,193,199,200,201,202,203,
26;0;2317;2361;0;0,1,2,3,4,5,6,7,8,9,10,11,12,13,14,15,16,17,18,19,20,21,22,23,24,25,26,27,28,29,30,31,32,33,34,35,36,37,38,39,40,41,47,49,58,59,60,61,62,63,64,65,66,102,107,108,109,117,118,119,120,121,122,127,128,129,146,176,177,178,179,190,191,192,193,199,200,201,202,203,
79;0;2361;2430;0;0,1,2,3,4,5,6,7,8,9,10,11,12,13,14,15,16,17,18,19,20,21,22,23,24,25,26,27,28,29,30,31,32,33,34,35,36,37,38,39,40,41,47,49,58,59,60,61,62,63,64,65,66,102,107,108,109,117,118,119,120,121,122,127,128,129,146,176,177,178,179,190,191,192,193,199,200,201,202,203,
79;1;2430;2567;0;0,1,2,3,4,5,6,7,8,9,10,11,12,13,14,15,16,17,18,19,20,21,22,23,24,25,26,27,28,29,30,31,32,33,34,35,36,37,38,39,40,41,47,49,58,59,60,61,62,63,64,65,66,102,107,108,109,117,118,119,120,121,122,127,128,129,146,176,177,178,179,190,191,192,193,199,200,201,202,203,
5;0;2567;2596;0;0,1,2,3,4,5,6,7,8,9,10,11,12,13,14,15,16,17,18,19,20,21,22,23,24,25,26,27,28,29,30,31,32,33,34,35,36,37,38,39,40,41,47,49,58,59,60,61,62,63,64,65,66,102,107,108,109,117,118,119,120,121,122,127,128,129,146,176,177,178,179,190,191,192,193,199,200,201,202,203,
41;0;2596;2640;1;0,1,2,3,4,5,6,7,8,9,10,11,12,13,14,15,16,17,18,19,20,21,22,23,24,25,26,27,28,29,30,31,32,33,34,35,36,37,38,39,40,41,47,49,58,59,60,61,62,63,64,65,66,102,107,108,109,117,118,119,120,121,122,127,128,129,146,176,177,178,179,190,191,192,193,199,200,201,202,203,
69;0;2640;2810;0;0,1,2,3,4,5,6,7,8,9,10,11,12,13,14,15,16,17,18,19,20,21,22,23,24,25,26,27,28,29,30,31,32,33,34,35,36,37,38,39,40,41,47,49,58,59,60,61,62,63,64,65,66,102,107,108,109,117,118,119,120,121,122,127,128,129,146,176,177,178,179,190,191,192,193,199,200,201,202,203,
69;1;2810;2979;0;0,1,2,3,4,5,6,7,8,9,10,11,12,13,14,15,16,17,18,19,20,21,22,23,24,25,26,27,28,29,30,31,32,33,34,35,36,37,38,39,40,41,47,49,58,59,60,61,62,63,64,65,66,102,107,108,109,117,118,119,120,121,122,127,128,129,146,176,177,178,179,190,191,192,193,199,200,201,202,203,
145;0;2979;3077;0;0,1,2,3,4,5,6,7,8,9,10,11,12,13,14,15,16,17,18,19,20,21,22,23,24,25,26,27,28,29,30,31,32,33,34,35,36,37,38,39,40,41,47,49,58,59,60,61,62,63,64,65,66,102,107,108,109,117,118,119,120,121,122,127,128,129,146,176,177,178,179,190,191,192,193,199,200,201,202,203,
52;0;3077;3158;0;0,1,2,3,4,5,6,7,8,9,10,11,12,13,14,15,16,17,18,19,20,21,22,23,24,25,26,27,28,29,30,31,32,33,34,35,36,37,38,39,40,41,47,49,58,59,60,61,62,63,64,65,66,102,107,108,109,117,118,119,120,121,122,127,128,129,146,176,177,178,179,190,191,192,193,199,200,201,202,203,
52;1;3158;3194;0;0,1,2,3,4,5,6,7,8,9,10,11,12,13,14,15,16,17,18,19,20,21,22,23,24,25,26,27,28,29,30,31,32,33,34,35,36,37,38,39,40,41,47,49,58,59,60,61,62,63,64,65,66,102,107,108,109,117,118,119,120,121,122,127,128,129,146,176,177,178,179,190,191,192,193,199,200,201,202,203,
76;0;3194;3204;0;0,1,2,3,4,5,6,7,8,9,10,11,12,13,14,15,16,17,18,19,20,21,22,23,24,25,26,27,28,29,30,31,32,33,34,35,36,37,38,39,40,41,47,49,58,59,60,61,62,63,64,65,66,102,107,108,109,117,118,119,120,121,122,127,128,129,146,176,177,178,179,190,191,192,193,199,200,201,202,203,
Machine: 4
36;0;0;49;0;0,1,2,3,4,5,6,7,8,9,10,11,12,13,14,15,16,17,18,19,20,21,22,23,25,26,29,30,31,32,33,34,35,36,37,40,41,42,49,64,65,66,67,68,69,74,102,111,118,121,123,124,125,126,129,130,134,135,136,137,142,143,144,152,153,154,155,156,157,158,159,160,161,167,168,169,170,181,182,204,
112;0;49;145;0;0,1,2,3,4,5,6,7,8,9,10,11,12,13,14,15,16,17,18,19,20,21,22,23,25,26,29,30,31,32,33,34,35,36,37,40,41,42,49,64,65,66,67,68,69,74,102,111,118,121,123,124,125,126,129,130,134,135,136,137,142,143,144,152,153,154,155,156,157,158,159,160,161,167,168,169,170,181,182,204,
112;1;145;301;0;0,1,2,3,4,5,6,7,8,9,10,11,12,13,14,15,16,17,18,19,20,21,22,23,25,26,29,30,31,32,33,34,35,36,37,40,41,42,49,64,65,66,67,68,69,74,102,111,118,121,123,124,125,126,129,130,134,135,136,137,142,143,144,152,153,154,155,156,157,158,159,160,161,167,168,169,170,181,182,204,
108;0;301;415;0;0,1,2,3,4,5,6,7,8,9,10,11,12,13,14,15,16,17,18,19,20,21,22,23,25,26,29,30,31,32,33,34,35,36,37,40,41,42,49,64,65,66,67,68,69,74,102,111,118,121,123,124,125,126,129,130,134,135,136,137,142,143,144,152,153,154,155,156,157,158,159,160,161,167,168,169,170,181,182,204,
142;0;415;437;0;0,1,2,3,4,5,6,7,8,9,10,11,12,13,14,15,16,17,18,19,20,21,22,23,25,26,29,30,31,32,33,34,35,36,37,40,41,42,49,64,65,66,67,68,69,74,102,111,118,121,123,124,125,126,129,130,134,135,136,137,142,143,144,152,153,154,155,156,157,158,159,160,161,167,168,169,170,181,182,204,
142;1;437;446;0;0,1,2,3,4,5,6,7,8,9,10,11,12,13,14,15,16,17,18,19,20,21,22,23,25,26,29,30,31,32,33,34,35,36,37,40,41,42,49,64,65,66,67,68,69,74,102,111,118,121,123,124,125,126,129,130,134,135,136,137,142,143,144,152,153,154,155,156,157,158,159,160,161,167,168,169,170,181,182,204,
106;0;446;526;0;0,1,2,3,4,5,6,7,8,9,10,11,12,13,14,15,16,17,18,19,20,21,22,23,25,26,29,30,31,32,33,34,35,36,37,40,41,42,49,64,65,66,67,68,69,74,102,111,118,121,123,124,125,126,129,130,134,135,136,137,142,143,144,152,153,154,155,156,157,158,159,160,161,167,168,169,170,181,182,204,
139;0;526;598;0;0,1,2,3,4,5,6,7,8,9,10,11,12,13,14,15,16,17,18,19,20,21,22,23,25,26,29,30,31,32,33,34,35,36,37,40,41,42,49,64,65,66,67,68,69,74,102,111,118,121,123,124,125,126,129,130,134,135,136,137,142,143,144,152,153,154,155,156,157,158,159,160,161,167,168,169,170,181,182,204,
139;1;598;604;0;0,1,2,3,4,5,6,7,8,9,10,11,12,13,14,15,16,17,18,19,20,21,22,23,25,26,29,30,31,32,33,34,35,36,37,40,41,42,49,64,65,66,67,68,69,74,102,111,118,121,123,124,125,126,129,130,134,135,136,137,142,143,144,152,153,154,155,156,157,158,159,160,161,167,168,169,170,181,182,204,
86;0;604;641;0;0,1,2,3,4,5,6,7,8,9,10,11,12,13,14,15,16,17,18,19,20,21,22,23,25,26,29,30,31,32,33,34,35,36,37,40,41,42,49,64,65,66,67,68,69,74,102,111,118,121,123,124,125,126,129,130,134,135,136,137,142,143,144,152,153,154,155,156,157,158,159,160,161,167,168,169,170,181,182,204,
88;0;641;813;0;0,1,2,3,4,5,6,7,8,9,10,11,12,13,14,15,16,17,18,19,20,21,22,23,25,26,29,30,31,32,33,34,35,36,37,40,41,42,49,64,65,66,67,68,69,74,102,111,118,121,123,124,125,126,129,130,134,135,136,137,142,143,144,152,153,154,155,156,157,158,159,160,161,167,168,169,170,181,182,204,
31;0;813;969;1;0,1,2,3,4,5,6,7,8,9,10,11,12,13,14,15,16,17,18,19,20,21,22,23,25,26,29,30,31,32,33,34,35,36,37,40,41,42,49,64,65,66,67,68,69,74,102,111,118,121,123,124,125,126,129,130,134,135,136,137,142,143,144,152,153,154,155,156,157,158,159,160,161,167,168,169,170,181,182,204,
38;0;969;1047;0;0,1,2,3,4,5,6,7,8,9,10,11,12,13,14,15,16,17,18,19,20,21,22,23,25,26,29,30,31,32,33,34,35,36,37,40,41,42,49,64,65,66,67,68,69,74,102,111,118,121,123,124,125,126,129,130,134,135,136,137,142,143,144,152,153,154,155,156,157,158,159,160,161,167,168,169,170,181,182,204,
99;0;1047;1120;0;0,1,2,3,4,5,6,7,8,9,10,11,12,13,14,15,16,17,18,19,20,21,22,23,25,26,29,30,31,32,33,34,35,36,37,40,41,42,49,64,65,66,67,68,69,74,102,111,118,121,123,124,125,126,129,130,134,135,136,137,142,143,144,152,153,154,155,156,157,158,159,160,161,167,168,169,170,181,182,204,
99;1;1120;1165;0;0,1,2,3,4,5,6,7,8,9,10,11,12,13,14,15,16,17,18,19,20,21,22,23,25,26,29,30,31,32,33,34,35,36,37,40,41,42,49,64,65,66,67,68,69,74,102,111,118,121,123,124,125,126,129,130,134,135,136,137,142,143,144,152,153,154,155,156,157,158,159,160,161,167,168,169,170,181,182,204,
78;0;1165;1252;0;0,1,2,3,4,5,6,7,8,9,10,11,12,13,14,15,16,17,18,19,20,21,22,23,25,26,29,30,31,32,33,34,35,36,37,40,41,42,49,64,65,66,67,68,69,74,102,111,118,121,123,124,125,126,129,130,134,135,136,137,142,143,144,152,153,154,155,156,157,158,159,160,161,167,168,169,170,181,182,204,
85;0;1252;1383;0;0,1,2,3,4,5,6,7,8,9,10,11,12,13,14,15,16,17,18,19,20,21,22,23,25,26,29,30,31,32,33,34,35,36,37,40,41,42,49,64,65,66,67,68,69,74,102,111,118,121,123,124,125,126,129,130,134,135,136,137,142,143,144,152,153,154,155,156,157,158,159,160,161,167,168,169,170,181,182,204,
92;0;1383;1424;0;0,1,2,3,4,5,6,7,8,9,10,11,12,13,14,15,16,17,18,19,20,21,22,23,25,26,29,30,31,32,33,34,35,36,37,40,41,42,49,64,65,66,67,68,69,74,102,111,118,121,123,124,125,126,129,130,134,135,136,137,142,143,144,152,153,154,155,156,157,158,159,160,161,167,168,169,170,181,182,204,
92;1;1424;1432;0;0,1,2,3,4,5,6,7,8,9,10,11,12,13,14,15,16,17,18,19,20,21,22,23,25,26,29,30,31,32,33,34,35,36,37,40,41,42,49,64,65,66,67,68,69,74,102,111,118,121,123,124,125,126,129,130,134,135,136,137,142,143,144,152,153,154,155,156,157,158,159,160,161,167,168,169,170,181,182,204,
46;0;1432;1583;0;0,1,2,3,4,5,6,7,8,9,10,11,12,13,14,15,16,17,18,19,20,21,22,23,25,26,29,30,31,32,33,34,35,36,37,40,41,42,49,64,65,66,67,68,69,74,102,111,118,121,123,124,125,126,129,130,134,135,136,137,142,143,144,152,153,154,155,156,157,158,159,160,161,167,168,169,170,181,182,204,
128;0;1583;1669;0;0,1,2,3,4,5,6,7,8,9,10,11,12,13,14,15,16,17,18,19,20,21,22,23,25,26,29,30,31,32,33,34,35,36,37,40,41,42,49,64,65,66,67,68,69,74,102,111,118,121,123,124,125,126,129,130,134,135,136,137,142,143,144,152,153,154,155,156,157,158,159,160,161,167,168,169,170,181,182,204,
147;0;1669;1746;1;0,1,2,3,4,5,6,7,8,9,10,11,12,13,14,15,16,17,18,19,20,21,22,23,25,26,29,30,31,32,33,34,35,36,37,40,41,42,49,64,65,66,67,68,69,74,102,111,118,121,123,124,125,126,129,130,134,135,136,137,142,143,144,152,153,154,155,156,157,158,159,160,161,167,168,169,170,181,182,204,
147;1;1746;1771;1;0,1,2,3,4,5,6,7,8,9,10,11,12,13,14,15,16,17,18,19,20,21,22,23,25,26,29,30,31,32,33,34,35,36,37,40,41,42,49,64,65,66,67,68,69,74,102,111,118,121,123,124,125,126,129,130,134,135,136,137,142,143,144,152,153,154,155,156,157,158,159,160,161,167,168,169,170,181,182,204,
122;0;1771;1939;0;0,1,2,3,4,5,6,7,8,9,10,11,12,13,14,15,16,17,18,19,20,21,22,23,25,26,29,30,31,32,33,34,35,36,37,40,41,42,49,64,65,66,67,68,69,74,102,111,118,121,123,124,125,126,129,130,134,135,136,137,142,143,144,152,153,154,155,156,157,158,159,160,161,167,168,169,170,181,182,204,
122;1;1939;2017;0;0,1,2,3,4,5,6,7,8,9,10,11,12,13,14,15,16,17,18,19,20,21,22,23,25,26,29,30,31,32,33,34,35,36,37,40,41,42,49,64,65,66,67,68,69,74,102,111,118,121,123,124,125,126,129,130,134,135,136,137,142,143,144,152,153,154,155,156,157,158,159,160,161,167,168,169,170,181,182,204,
82;0;2017;2160;0;0,1,2,3,4,5,6,7,8,9,10,11,12,13,14,15,16,17,18,19,20,21,22,23,25,26,29,30,31,32,33,34,35,36,37,40,41,42,49,64,65,66,67,68,69,74,102,111,118,121,123,124,125,126,129,130,134,135,136,137,142,143,144,152,153,154,155,156,157,158,159,160,161,167,168,169,170,181,182,204,
82;1;2160;2175;0;0,1,2,3,4,5,6,7,8,9,10,11,12,13,14,15,16,17,18,19,20,21,22,23,25,26,29,30,31,32,33,34,35,36,37,40,41,42,49,64,65,66,67,68,69,74,102,111,118,121,123,124,125,126,129,130,134,135,136,137,142,143,144,152,153,154,155,156,157,158,159,160,161,167,168,169,170,181,182,204,
118;0;2175;2271;0;0,1,2,3,4,5,6,7,8,9,10,11,12,13,14,15,16,17,18,19,20,21,22,23,25,26,29,30,31,32,33,34,35,36,37,40,41,42,49,64,65,66,67,68,69,74,102,111,118,121,123,124,125,126,129,130,134,135,136,137,142,143,144,152,153,154,155,156,157,158,159,160,161,167,168,169,170,181,182,204,
39;0;2271;2318;0;0,1,2,3,4,5,6,7,8,9,10,11,12,13,14,15,16,17,18,19,20,21,22,23,25,26,29,30,31,32,33,34,35,36,37,40,41,42,49,64,65,66,67,68,69,74,102,111,118,121,123,124,125,126,129,130,134,135,136,137,142,143,144,152,153,154,155,156,157,158,159,160,161,167,168,169,170,181,182,204,
39;1;2318;2438;0;0,1,2,3,4,5,6,7,8,9,10,11,12,13,14,15,16,17,18,19,20,21,22,23,25,26,29,30,31,32,33,34,35,36,37,40,41,42,49,64,65,66,67,68,69,74,102,111,118,121,123,124,125,126,129,130,134,135,136,137,142,143,144,152,153,154,155,156,157,158,159,160,161,167,168,169,170,181,182,204,
56;0;2438;2455;0;0,1,2,3,4,5,6,7,8,9,10,11,12,13,14,15,16,17,18,19,20,21,22,23,25,26,29,30,31,32,33,34,35,36,37,40,41,42,49,64,65,66,67,68,69,74,102,111,118,121,123,124,125,126,129,130,134,135,136,137,142,143,144,152,153,154,155,156,157,158,159,160,161,167,168,169,170,181,182,204,
45;0;2455;2524;0;0,1,2,3,4,5,6,7,8,9,10,11,12,13,14,15,16,17,18,19,20,21,22,23,25,26,29,30,31,32,33,34,35,36,37,40,41,42,49,64,65,66,67,68,69,74,102,111,118,121,123,124,125,126,129,130,134,135,136,137,142,143,144,152,153,154,155,156,157,158,159,160,161,167,168,169,170,181,182,204,
133;0;2524;2610;1;0,1,2,3,4,5,6,7,8,9,10,11,12,13,14,15,16,17,18,19,20,21,22,23,25,26,29,30,31,32,33,34,35,36,37,40,41,42,49,64,65,66,67,68,69,74,102,111,118,121,123,124,125,126,129,130,134,135,136,137,142,143,144,152,153,154,155,156,157,158,159,160,161,167,168,169,170,181,182,204,
42;0;2610;2714;0;0,1,2,3,4,5,6,7,8,9,10,11,12,13,14,15,16,17,18,19,20,21,22,23,25,26,29,30,31,32,33,34,35,36,37,40,41,42,49,64,65,66,67,68,69,74,102,111,118,121,123,124,125,126,129,130,134,135,136,137,142,143,144,152,153,154,155,156,157,158,159,160,161,167,168,169,170,181,182,204,
42;1;2714;2839;0;0,1,2,3,4,5,6,7,8,9,10,11,12,13,14,15,16,17,18,19,20,21,22,23,25,26,29,30,31,32,33,34,35,36,37,40,41,42,49,64,65,66,67,68,69,74,102,111,118,121,123,124,125,126,129,130,134,135,136,137,142,143,144,152,153,154,155,156,157,158,159,160,161,167,168,169,170,181,182,204,
Machine: 5
23;0;0;173;1;0,1,2,3,4,5,6,7,8,9,10,11,12,13,14,15,16,17,18,19,20,21,22,23,24,25,26,27,28,29,30,31,32,33,34,35,36,37,38,39,40,41,42,43,44,45,46,54,55,56,57,64,65,68,107,108,109,110,111,118,119,120,121,122,123,130,141,142,143,145,183,184,185,186,187,189,205,206,207,208,
148;0;173;274;0;0,1,2,3,4,5,6,7,8,9,10,11,12,13,14,15,16,17,18,19,20,21,22,23,24,25,26,27,28,29,30,31,32,33,34,35,36,37,38,39,40,41,42,43,44,45,46,54,55,56,57,64,65,68,107,108,109,110,111,118,119,120,121,122,123,130,141,142,143,145,183,184,185,186,187,189,205,206,207,208,
15;0;274;298;0;0,1,2,3,4,5,6,7,8,9,10,11,12,13,14,15,16,17,18,19,20,21,22,23,24,25,26,27,28,29,30,31,32,33,34,35,36,37,38,39,40,41,42,43,44,45,46,54,55,56,57,64,65,68,107,108,109,110,111,118,119,120,121,122,123,130,141,142,143,145,183,184,185,186,187,189,205,206,207,208,
115;0;298;318;0;0,1,2,3,4,5,6,7,8,9,10,11,12,13,14,15,16,17,18,19,20,21,22,23,24,25,26,27,28,29,30,31,32,33,34,35,36,37,38,39,40,41,42,43,44,45,46,54,55,56,57,64,65,68,107,108,109,110,111,118,119,120,121,122,123,130,141,142,143,145,183,184,185,186,187,189,205,206,207,208,
90;0;318;359;1;0,1,2,3,4,5,6,7,8,9,10,11,12,13,14,15,16,17,18,19,20,21,22,23,24,25,26,27,28,29,30,31,32,33,34,35,36,37,38,39,40,41,42,43,44,45,46,54,55,56,57,64,65,68,107,108,109,110,111,118,119,120,121,122,123,130,141,142,143,145,183,184,185,186,187,189,205,206,207,208,
29;0;359;380;0;0,1,2,3,4,5,6,7,8,9,10,11,12,13,14,15,16,17,18,19,20,21,22,23,24,25,26,27,28,29,30,31,32,33,34,35,36,37,38,39,40,41,42,43,44,45,46,54,55,56,57,64,65,68,107,108,109,110,111,118,119,120,121,122,123,130,141,142,143,145,183,184,185,186,187,189,205,206,207,208,
29;1;380;540;0;0,1,2,3,4,5,6,7,8,9,10,11,12,13,14,15,16,17,18,19,20,21,22,23,24,25,26,27,28,29,30,31,32,33,34,35,36,37,38,39,40,41,42,43,44,45,46,54,55,56,57,64,65,68,107,108,109,110,111,118,119,120,121,122,123,130,141,142,143,145,183,184,185,186,187,189,205,206,207,208,
66;0;540;666;0;0,1,2,3,4,5,6,7,8,9,10,11,12,13,14,15,16,17,18,19,20,21,22,23,24,25,26,27,28,29,30,31,32,33,34,35,36,37,38,39,40,41,42,43,44,45,46,54,55,56,57,64,65,68,107,108,109,110,111,118,119,120,121,122,123,130,141,142,143,145,183,184,185,186,187,189,205,206,207,208,
18;0;666;671;0;0,1,2,3,4,5,6,7,8,9,10,11,12,13,14,15,16,17,18,19,20,21,22,23,24,25,26,27,28,29,30,31,32,33,34,35,36,37,38,39,40,41,42,43,44,45,46,54,55,56,57,64,65,68,107,108,109,110,111,118,119,120,121,122,123,130,141,142,143,145,183,184,185,186,187,189,205,206,207,208,
49;0;671;732;0;0,1,2,3,4,5,6,7,8,9,10,11,12,13,14,15,16,17,18,19,20,21,22,23,24,25,26,27,28,29,30,31,32,33,34,35,36,37,38,39,40,41,42,43,44,45,46,54,55,56,57,64,65,68,107,108,109,110,111,118,119,120,121,122,123,130,141,142,143,145,183,184,185,186,187,189,205,206,207,208,
49;1;732;757;0;0,1,2,3,4,5,6,7,8,9,10,11,12,13,14,15,16,17,18,19,20,21,22,23,24,25,26,27,28,29,30,31,32,33,34,35,36,37,38,39,40,41,42,43,44,45,46,54,55,56,57,64,65,68,107,108,109,110,111,118,119,120,121,122,123,130,141,142,143,145,183,184,185,186,187,189,205,206,207,208,
2;0;757;812;0;0,1,2,3,4,5,6,7,8,9,10,11,12,13,14,15,16,17,18,19,20,21,22,23,24,25,26,27,28,29,30,31,32,33,34,35,36,37,38,39,40,41,42,43,44,45,46,54,55,56,57,64,65,68,107,108,109,110,111,118,119,120,121,122,123,130,141,142,143,145,183,184,185,186,187,189,205,206,207,208,
2;1;812;859;0;0,1,2,3,4,5,6,7,8,9,10,11,12,13,14,15,16,17,18,19,20,21,22,23,24,25,26,27,28,29,30,31,32,33,34,35,36,37,38,39,40,41,42,43,44,45,46,54,55,56,57,64,65,68,107,108,109,110,111,118,119,120,121,122,123,130,141,142,143,145,183,184,185,186,187,189,205,206,207,208,
35;0;859;1037;0;0,1,2,3,4,5,6,7,8,9,10,11,12,13,14,15,16,17,18,19,20,21,22,23,24,25,26,27,28,29,30,31,32,33,34,35,36,37,38,39,40,41,42,43,44,45,46,54,55,56,57,64,65,68,107,108,109,110,111,118,119,120,121,122,123,130,141,142,143,145,183,184,185,186,187,189,205,206,207,208,
59;0;1037;1184;0;0,1,2,3,4,5,6,7,8,9,10,11,12,13,14,15,16,17,18,19,20,21,22,23,24,25,26,27,28,29,30,31,32,33,34,35,36,37,38,39,40,41,42,43,44,45,46,54,55,56,57,64,65,68,107,108,109,110,111,118,119,120,121,122,123,130,141,142,143,145,183,184,185,186,187,189,205,206,207,208,
59;1;1184;1309;0;0,1,2,3,4,5,6,7,8,9,10,11,12,13,14,15,16,17,18,19,20,21,22,23,24,25,26,27,28,29,30,31,32,33,34,35,36,37,38,39,40,41,42,43,44,45,46,54,55,56,57,64,65,68,107,108,109,110,111,118,119,120,121,122,123,130,141,142,143,145,183,184,185,186,187,189,205,206,207,208,
9;0;1309;1446;0;0,1,2,3,4,5,6,7,8,9,10,11,12,13,14,15,16,17,18,19,20,21,22,23,24,25,26,27,28,29,30,31,32,33,34,35,36,37,38,39,40,41,42,43,44,45,46,54,55,56,57,64,65,68,107,108,109,110,111,118,119,120,121,122,123,130,141,142,143,145,183,184,185,186,187,189,205,206,207,208,
9;1;1446;1506;0;0,1,2,3,4,5,6,7,8,9,10,11,12,13,14,15,16,17,18,19,20,21,22,23,24,25,26,27,28,29,30,31,32,33,34,35,36,37,38,39,40,41,42,43,44,45,46,54,55,56,57,64,65,68,107,108,109,110,111,118,119,120,121,122,123,130,141,142,143,145,183,184,185,186,187,189,205,206,207,208,
65;0;1506;1680;0;0,1,2,3,4,5,6,7,8,9,10,11,12,13,14,15,16,17,18,19,20,21,22,23,24,25,26,27,28,29,30,31,32,33,34,35,36,37,38,39,40,41,42,43,44,45,46,54,55,56,57,64,65,68,107,108,109,110,111,118,119,120,121,122,123,130,141,142,143,145,183,184,185,186,187,189,205,206,207,208,
62;0;1680;1686;0;0,1,2,3,4,5,6,7,8,9,10,11,12,13,14,15,16,17,18,19,20,21,22,23,24,25,26,27,28,29,30,31,32,33,34,35,36,37,38,39,40,41,42,43,44,45,46,54,55,56,57,64,65,68,107,108,109,110,111,118,119,120,121,122,123,130,141,142,143,145,183,184,185,186,187,189,205,206,207,208,
62;1;1686;1776;0;0,1,2,3,4,5,6,7,8,9,10,11,12,13,14,15,16,17,18,19,20,21,22,23,24,25,26,27,28,29,30,31,32,33,34,35,36,37,38,39,40,41,42,43,44,45,46,54,55,56,57,64,65,68,107,108,109,110,111,118,119,120,121,122,123,130,141,142,143,145,183,184,185,186,187,189,205,206,207,208,
135;0;1776;1901;0;0,1,2,3,4,5,6,7,8,9,10,11,12,13,14,15,16,17,18,19,20,21,22,23,24,25,26,27,28,29,30,31,32,33,34,35,36,37,38,39,40,41,42,43,44,45,46,54,55,56,57,64,65,68,107,108,109,110,111,118,119,120,121,122,123,130,141,142,143,145,183,184,185,186,187,189,205,206,207,208,
47;0;1901;2042;1;0,1,2,3,4,5,6,7,8,9,10,11,12,13,14,15,16,17,18,19,20,21,22,23,24,25,26,27,28,29,30,31,32,33,34,35,36,37,38,39,40,41,42,43,44,45,46,54,55,56,57,64,65,68,107,108,109,110,111,118,119,120,121,122,123,130,141,142,143,145,183,184,185,186,187,189,205,206,207,208,
47;1;2042;2138;1;0,1,2,3,4,5,6,7,8,9,10,11,12,13,14,15,16,17,18,19,20,21,22,23,24,25,26,27,28,29,30,31,32,33,34,35,36,37,38,39,40,41,42,43,44,45,46,54,55,56,57,64,65,68,107,108,109,110,111,118,119,120,121,122,123,130,141,142,143,145,183,184,185,186,187,189,205,206,207,208,
28;0;2138;2313;0;0,1,2,3,4,5,6,7,8,9,10,11,12,13,14,15,16,17,18,19,20,21,22,23,24,25,26,27,28,29,30,31,32,33,34,35,36,37,38,39,40,41,42,43,44,45,46,54,55,56,57,64,65,68,107,108,109,110,111,118,119,120,121,122,123,130,141,142,143,145,183,184,185,186,187,189,205,206,207,208,
89;0;2313;2362;0;0,1,2,3,4,5,6,7,8,9,10,11,12,13,14,15,16,17,18,19,20,21,22,23,24,25,26,27,28,29,30,31,32,33,34,35,36,37,38,39,40,41,42,43,44,45,46,54,55,56,57,64,65,68,107,108,109,110,111,118,119,120,121,122,123,130,141,142,143,145,183,184,185,186,187,189,205,206,207,208,
89;1;2362;2540;0;0,1,2,3,4,5,6,7,8,9,10,11,12,13,14,15,16,17,18,19,20,21,22,23,24,25,26,27,28,29,30,31,32,33,34,35,36,37,38,39,40,41,42,43,44,45,46,54,55,56,57,64,65,68,107,108,109,110,111,118,119,120,121,122,123,130,141,142,143,145,183,184,185,186,187,189,205,206,207,208,
105;0;2540;2687;0;0,1,2,3,4,5,6,7,8,9,10,11,12,13,14,15,16,17,18,19,20,21,22,23,24,25,26,27,28,29,30,31,32,33,34,35,36,37,38,39,40,41,42,43,44,45,46,54,55,56,57,64,65,68,107,108,109,110,111,118,119,120,121,122,123,130,141,142,143,145,183,184,185,186,187,189,205,206,207,208,
132;0;2687;2785;0;0,1,2,3,4,5,6,7,8,9,10,11,12,13,14,15,16,17,18,19,20,21,22,23,24,25,26,27,28,29,30,31,32,33,34,35,36,37,38,39,40,41,42,43,44,45,46,54,55,56,57,64,65,68,107,108,109,110,111,118,119,120,121,122,123,130,141,142,143,145,183,184,185,186,187,189,205,206,207,208,
132;1;2785;2903;0;0,1,2,3,4,5,6,7,8,9,10,11,12,13,14,15,16,17,18,19,20,21,22,23,24,25,26,27,28,29,30,31,32,33,34,35,36,37,38,39,40,41,42,43,44,45,46,54,55,56,57,64,65,68,107,108,109,110,111,118,119,120,121,122,123,130,141,142,143,145,183,184,185,186,187,189,205,206,207,208,
110;0;2903;3082;1;0,1,2,3,4,5,6,7,8,9,10,11,12,13,14,15,16,17,18,19,20,21,22,23,24,25,26,27,28,29,30,31,32,33,34,35,36,37,38,39,40,41,42,43,44,45,46,54,55,56,57,64,65,68,107,108,109,110,111,118,119,120,121,122,123,130,141,142,143,145,183,184,185,186,187,189,205,206,207,208,
109;0;3082;3094;0;0,1,2,3,4,5,6,7,8,9,10,11,12,13,14,15,16,17,18,19,20,21,22,23,24,25,26,27,28,29,30,31,32,33,34,35,36,37,38,39,40,41,42,43,44,45,46,54,55,56,57,64,65,68,107,108,109,110,111,118,119,120,121,122,123,130,141,142,143,145,183,184,185,186,187,189,205,206,207,208,
109;1;3094;3259;0;0,1,2,3,4,5,6,7,8,9,10,11,12,13,14,15,16,17,18,19,20,21,22,23,24,25,26,27,28,29,30,31,32,33,34,35,36,37,38,39,40,41,42,43,44,45,46,54,55,56,57,64,65,68,107,108,109,110,111,118,119,120,121,122,123,130,141,142,143,145,183,184,185,186,187,189,205,206,207,208,
126;0;3259;3388;0;0,1,2,3,4,5,6,7,8,9,10,11,12,13,14,15,16,17,18,19,20,21,22,23,24,25,26,27,28,29,30,31,32,33,34,35,36,37,38,39,40,41,42,43,44,45,46,54,55,56,57,64,65,68,107,108,109,110,111,118,119,120,121,122,123,130,141,142,143,145,183,184,185,186,187,189,205,206,207,208,
END
fineshedJobsCount: 209
switchs: 0
switchsInstances: 0
unfineshedPriorityCount: 0
totalUnfineshed: 0
criticalMachineSwitchs: 0
criticalMachineTime: 3388
Final Solution: 6270
Time: 256531
PTL: 0
MCMC: 23
Best Initial: 6240
Mean Initial: 6201.36
