./input/BaseInstances/6M1_n=15,r=0.6,t=19,v0.txt;./input/Processed/ToolSetInt.csv
7;720;1440
Machine: 0
6;0;0;30;1;0,1,2,3,4,5,6,7,8,9,10,11,12,13,14,15,16,17,18,
6;1;30;120;1;0,1,2,3,4,5,6,7,8,9,10,11,12,13,14,15,16,17,18,
0;0;120;152;1;0,1,2,3,4,5,6,7,8,9,10,11,12,13,14,15,16,17,18,
0;1;152;207;1;0,1,2,3,4,5,6,7,8,9,10,11,12,13,14,15,16,17,18,
Machine: 1
4;0;0;73;1;0,1,2,3,4,5,6,7,8,9,10,11,12,13,14,15,16,17,18,
4;1;73;117;1;0,1,2,3,4,5,6,7,8,9,10,11,12,13,14,15,16,17,18,
2;0;117;289;1;0,1,2,3,4,5,6,7,8,9,10,11,12,13,14,15,16,17,18,
Machine: 2
3;0;0;166;0;0,1,2,3,4,5,6,7,8,9,10,11,12,13,14,15,16,17,18,
3;1;166;208;0;0,1,2,3,4,5,6,7,8,9,10,11,12,13,14,15,16,17,18,
7;0;208;239;0;0,1,2,3,4,5,6,7,8,9,10,11,12,13,14,15,16,17,18,
Machine: 3
8;0;0;105;0;0,1,2,3,4,5,6,7,8,9,10,11,12,13,14,15,16,17,18,
8;1;105;241;0;0,1,2,3,4,5,6,7,8,9,10,11,12,13,14,15,16,17,18,
Machine: 4
1;0;0;158;0;0,1,2,3,4,5,6,7,8,9,10,11,12,13,14,15,16,17,18,
1;1;158;223;0;0,1,2,3,4,5,6,7,8,9,10,11,12,13,14,15,16,17,18,
Machine: 5
5;0;0;66;0;0,1,2,3,4,5,6,7,8,9,10,11,12,13,14,15,16,17,18,
END
fineshedJobsCount: 15
switchs: 0
switchsInstances: 0
unfineshedPriorityCount: 0
totalUnfineshed: 0
criticalMachineSwitchs: 0
criticalMachineTime: 289
Final Solution: 450
Time: 11688
PTL: -1
MCMC: -1
Best Initial: 450
Mean Initial: 450
