./input/BaseInstances/6M2_n=15,r=0.4,t=15,v0.txt;./input/Processed/ToolSetInt.csv
7;720;1440
Machine: 0
0;0;0;106;1;0,1,2,3,4,5,6,7,8,9,10,11,12,13,14,
0;1;106;152;1;0,1,2,3,4,5,6,7,8,9,10,11,12,13,14,
7;0;152;213;1;0,1,2,3,4,5,6,7,8,9,10,11,12,13,14,
7;1;213;387;1;0,1,2,3,4,5,6,7,8,9,10,11,12,13,14,
Machine: 1
3;0;0;49;1;0,1,2,3,4,5,6,7,8,9,10,11,12,13,14,
4;0;49;152;1;0,1,2,3,4,5,6,7,8,9,10,11,12,13,14,
4;1;152;249;1;0,1,2,3,4,5,6,7,8,9,10,11,12,13,14,
Machine: 2
2;0;0;105;0;0,1,2,3,4,5,6,7,8,9,10,11,12,13,14,
2;1;105;152;0;0,1,2,3,4,5,6,7,8,9,10,11,12,13,14,
6;0;152;283;0;0,1,2,3,4,5,6,7,8,9,10,11,12,13,14,
Machine: 3
9;0;0;62;0;0,1,2,3,4,5,6,7,8,9,10,11,12,13,14,
9;1;62;122;0;0,1,2,3,4,5,6,7,8,9,10,11,12,13,14,
1;0;122;269;0;0,1,2,3,4,5,6,7,8,9,10,11,12,13,14,
Machine: 4
8;0;0;77;0;0,1,2,3,4,5,6,7,8,9,10,11,12,13,14,
Machine: 5
5;0;0;29;0;0,1,2,3,4,5,6,7,8,9,10,11,12,13,14,
END
fineshedJobsCount: 15
switchs: 0
switchsInstances: 0
unfineshedPriorityCount: 0
totalUnfineshed: 0
criticalMachineSwitchs: 0
criticalMachineTime: 387
Final Solution: 450
Time: 11908
PTL: -1
MCMC: -1
Best Initial: 450
Mean Initial: 450
