./input/BaseInstances/2M1_n=376,r=0.5,t=650,v0.txt;./input/Processed/ToolSetInt.csv
7;720;1440
Machine: 0
192;0;0;4;1;26,46,47,48,49,53,71,73,98,99,100,101,102,103,104,105,106,107,108,109,110,111,112,115,123,129,221,245,246,250,264,269,271,274,282,287,288,292,299,323,345,346,347,348,349,350,351,352,353,354,355,356,357,358,359,360,361,362,363,371,400,401,402,480,481,482,483,484,485,486,487,612,613,614,615,616,617,618,619,620,
183;0;4;78;0;26,46,47,48,49,53,71,73,98,99,100,101,102,103,104,105,106,107,108,109,110,111,112,115,123,129,221,245,246,250,264,269,271,274,282,287,288,292,299,323,345,346,347,348,349,350,351,352,353,354,355,356,357,358,359,360,361,362,363,371,400,401,402,480,481,482,483,484,485,486,487,612,613,614,615,616,617,618,619,620,
183;1;78;82;0;26,46,47,48,49,53,71,73,98,99,100,101,102,103,104,105,106,107,108,109,110,111,112,115,123,129,221,245,246,250,264,269,271,274,282,287,288,292,299,323,345,346,347,348,349,350,351,352,353,354,355,356,357,358,359,360,361,362,363,371,400,401,402,480,481,482,483,484,485,486,487,612,613,614,615,616,617,618,619,620,
144;0;82;86;1;26,46,47,48,49,53,71,73,98,99,100,101,102,103,104,105,106,107,108,109,110,111,112,115,123,129,221,245,246,250,264,269,271,274,282,287,288,292,299,323,345,346,347,348,349,350,351,352,353,354,355,356,357,358,359,360,361,362,363,371,400,401,402,480,481,482,483,484,485,486,487,612,613,614,615,616,617,618,619,620,
198;0;86;90;0;26,46,47,48,49,53,71,73,98,99,100,101,102,103,104,105,106,107,108,109,110,111,112,115,123,129,221,245,246,250,264,269,271,274,282,287,288,292,299,323,345,346,347,348,349,350,351,352,353,354,355,356,357,358,359,360,361,362,363,371,400,401,402,480,481,482,483,484,485,486,487,612,613,614,615,616,617,618,619,620,
70;0;90;94;0;26,46,47,48,49,53,71,73,98,99,100,101,102,103,104,105,106,107,108,109,110,111,112,115,123,129,221,245,246,250,264,269,271,274,282,287,288,292,299,323,345,346,347,348,349,350,351,352,353,354,355,356,357,358,359,360,361,362,363,371,400,401,402,480,481,482,483,484,485,486,487,612,613,614,615,616,617,618,619,620,
160;0;94;98;1;26,46,47,48,49,53,71,73,98,99,100,101,102,103,104,105,106,107,108,109,110,111,112,115,123,129,221,245,246,250,264,269,271,274,282,287,288,292,299,323,345,346,347,348,349,350,351,352,353,354,355,356,357,358,359,360,361,362,363,371,400,401,402,480,481,482,483,484,485,486,487,612,613,614,615,616,617,618,619,620,
84;0;98;109;1;26,46,47,48,49,53,71,73,98,99,100,101,102,103,104,105,106,107,108,109,110,111,112,115,123,129,221,245,246,250,264,269,271,274,282,287,288,292,299,323,345,346,347,348,349,350,351,352,353,354,355,356,357,358,359,360,361,362,363,371,400,401,402,480,481,482,483,484,485,486,487,612,613,614,615,616,617,618,619,620,
75;0;109;219;0;26,46,47,48,49,53,71,73,98,99,100,101,102,103,104,105,106,107,108,109,110,111,112,115,123,129,221,245,246,250,264,269,271,274,282,287,288,292,299,323,345,346,347,348,349,350,351,352,353,354,355,356,357,358,359,360,361,362,363,371,400,401,402,480,481,482,483,484,485,486,487,612,613,614,615,616,617,618,619,620,
75;1;219;230;0;26,46,47,48,49,53,71,73,98,99,100,101,102,103,104,105,106,107,108,109,110,111,112,115,123,129,221,245,246,250,264,269,271,274,282,287,288,292,299,323,345,346,347,348,349,350,351,352,353,354,355,356,357,358,359,360,361,362,363,371,400,401,402,480,481,482,483,484,485,486,487,612,613,614,615,616,617,618,619,620,
64;0;230;241;1;26,46,47,48,49,53,71,73,98,99,100,101,102,103,104,105,106,107,108,109,110,111,112,115,123,129,221,245,246,250,264,269,271,274,282,287,288,292,299,323,345,346,347,348,349,350,351,352,353,354,355,356,357,358,359,360,361,362,363,371,400,401,402,480,481,482,483,484,485,486,487,612,613,614,615,616,617,618,619,620,
224;0;241;257;1;26,46,47,48,49,53,71,73,98,99,100,101,102,103,104,105,106,107,108,109,110,111,112,115,123,129,221,245,246,250,264,269,271,274,282,287,288,292,299,323,345,346,347,348,349,350,351,352,353,354,355,356,357,358,359,360,361,362,363,371,400,401,402,480,481,482,483,484,485,486,487,612,613,614,615,616,617,618,619,620,
152;0;257;275;1;26,46,47,48,49,53,71,73,98,99,100,101,102,103,104,105,106,107,108,109,110,111,112,115,123,129,221,245,246,250,264,269,271,274,282,287,288,292,299,323,345,346,347,348,349,350,351,352,353,354,355,356,357,358,359,360,361,362,363,371,400,401,402,480,481,482,483,484,485,486,487,612,613,614,615,616,617,618,619,620,
16;0;275;300;1;26,46,47,48,49,53,71,73,98,99,100,101,102,103,104,105,106,107,108,109,110,111,112,115,123,129,221,245,246,247,248,249,250,251,252,253,254,255,264,269,271,274,282,287,288,292,299,323,345,346,347,348,349,350,351,352,353,354,355,356,357,358,359,360,361,362,363,371,400,401,402,480,481,482,483,484,485,612,613,614,
12;0;300;341;1;26,46,47,48,49,53,71,73,98,99,100,101,102,103,104,105,106,107,108,109,110,111,112,115,123,129,131,132,172,221,245,246,247,248,249,250,251,252,253,254,255,264,269,271,274,282,287,288,292,299,323,345,346,347,348,349,350,351,352,353,354,355,356,357,358,359,360,361,362,363,371,400,401,402,480,481,482,612,613,614,
23;0;341;403;0;26,46,47,48,49,53,71,73,98,99,100,101,102,103,104,105,106,107,108,109,110,111,112,115,123,129,131,132,172,221,245,246,247,248,249,250,251,252,253,254,255,264,269,271,274,282,287,288,292,299,323,345,346,347,348,349,350,351,352,353,354,355,356,357,358,359,360,361,362,363,371,400,401,402,480,481,482,612,613,614,
23;1;403;444;0;26,46,47,48,49,53,71,73,98,99,100,101,102,103,104,105,106,107,108,109,110,111,112,115,123,129,131,132,172,221,245,246,247,248,249,250,251,252,253,254,255,264,269,271,274,282,287,288,292,299,323,345,346,347,348,349,350,351,352,353,354,355,356,357,358,359,360,361,362,363,371,400,401,402,480,481,482,612,613,614,
42;0;444;485;0;26,46,47,48,49,53,71,73,98,99,100,101,102,103,104,105,106,107,108,109,110,111,112,115,123,129,131,132,172,221,245,246,247,248,249,250,251,252,253,254,255,264,269,271,274,282,287,288,292,299,323,345,346,347,348,349,350,351,352,353,354,355,356,357,358,359,360,361,362,363,371,400,401,402,480,481,482,612,613,614,
126;0;485;509;0;26,46,47,48,53,71,73,98,99,100,101,102,103,104,105,106,107,108,109,110,111,112,115,123,129,131,132,133,134,135,137,138,140,172,221,250,251,256,257,258,259,260,261,262,264,269,271,274,282,287,288,292,299,323,345,346,347,348,349,350,351,352,353,354,355,356,357,358,359,360,361,362,363,371,400,401,402,612,613,614,
196;0;509;554;1;14,18,25,26,53,81,82,83,84,85,86,87,88,89,90,91,92,93,94,95,96,97,98,99,100,101,102,103,104,105,106,107,108,109,110,111,112,115,123,129,131,132,133,134,135,137,138,250,259,264,269,271,274,282,287,288,292,299,345,346,347,348,349,350,351,352,353,354,355,356,357,358,359,360,361,362,371,400,401,402,
76;0;554;599;1;14,18,25,26,53,81,82,83,84,85,86,87,88,89,90,91,92,93,94,95,96,97,98,99,100,101,102,103,104,105,106,107,108,109,110,111,112,115,123,129,131,132,133,134,135,137,138,250,259,264,269,271,274,282,287,288,292,299,345,346,347,348,349,350,351,352,353,354,355,356,357,358,359,360,361,362,371,400,401,402,
245;0;599;635;1;14,18,25,26,53,86,88,89,98,99,100,101,102,103,104,105,106,107,108,109,110,111,112,115,123,129,131,132,133,250,259,264,269,271,274,282,287,288,292,299,345,346,347,348,349,350,351,352,353,354,355,356,357,358,359,360,361,362,371,381,382,383,400,401,402,557,558,559,560,561,562,563,564,565,566,567,568,569,570,571,
245;1;635;652;1;14,18,25,26,53,86,88,89,98,99,100,101,102,103,104,105,106,107,108,109,110,111,112,115,123,129,131,132,133,250,259,264,269,271,274,282,287,288,292,299,345,346,347,348,349,350,351,352,353,354,355,356,357,358,359,360,361,362,371,381,382,383,400,401,402,557,558,559,560,561,562,563,564,565,566,567,568,569,570,571,
244;0;652;711;1;18,86,88,98,110,111,112,115,129,139,142,143,145,202,203,205,250,259,264,269,271,274,282,287,288,292,299,306,345,346,347,348,349,350,351,352,353,354,355,356,357,358,359,360,405,406,407,408,409,410,411,412,413,414,415,416,417,418,419,420,421,422,423,424,425,426,427,428,429,430,431,432,433,434,435,436,437,438,439,440,
50;0;711;770;0;18,86,88,98,110,111,112,115,129,139,142,143,145,202,203,205,250,259,264,269,271,274,282,287,288,292,299,306,345,346,347,348,349,350,351,352,353,354,355,356,357,358,359,360,405,406,407,408,409,410,411,412,413,414,415,416,417,418,419,420,421,422,423,424,425,426,427,428,429,430,431,432,433,434,435,436,437,438,439,440,
172;0;770;829;1;18,86,88,98,110,111,112,115,129,139,142,143,145,202,203,205,250,259,264,269,271,274,282,287,288,292,299,306,345,346,347,348,349,350,351,352,353,354,355,356,357,358,359,360,405,406,407,408,409,410,411,412,413,414,415,416,417,418,419,420,421,422,423,424,425,426,427,428,429,430,431,432,433,434,435,436,437,438,439,440,
33;0;1440;1489;1;18,86,88,98,110,111,112,115,129,139,142,143,145,202,203,205,250,259,264,269,271,274,282,287,288,292,299,306,345,346,347,348,349,350,351,352,353,354,355,356,357,358,359,360,361,362,405,406,407,408,409,410,411,412,413,414,415,416,417,418,419,420,421,422,423,424,425,426,427,428,429,430,431,432,433,434,435,436,437,438,
33;1;1489;1505;1;18,86,88,98,110,111,112,115,129,139,142,143,145,202,203,205,250,259,264,269,271,274,282,287,288,292,299,306,345,346,347,348,349,350,351,352,353,354,355,356,357,358,359,360,361,362,405,406,407,408,409,410,411,412,413,414,415,416,417,418,419,420,421,422,423,424,425,426,427,428,429,430,431,432,433,434,435,436,437,438,
116;0;1505;1573;1;0,1,2,3,4,5,6,7,8,9,10,11,12,13,14,15,16,17,18,86,88,98,110,111,112,115,129,139,142,143,145,202,203,205,250,259,264,269,271,274,282,287,288,292,299,306,345,346,347,348,349,350,351,352,353,354,355,356,357,358,359,360,361,362,405,406,407,408,409,410,411,412,413,414,415,416,417,418,419,427,
93;0;1573;1606;1;0,1,2,3,4,5,6,7,8,9,10,11,12,13,14,15,16,17,18,86,88,98,110,111,112,115,129,139,142,143,145,202,203,205,250,259,264,269,271,274,282,287,288,292,299,306,345,346,347,348,349,350,351,352,353,354,355,356,357,358,359,360,361,362,403,404,405,406,407,408,409,410,411,412,413,414,415,416,417,427,
93;1;1606;1659;1;0,1,2,3,4,5,6,7,8,9,10,11,12,13,14,15,16,17,18,86,88,98,110,111,112,115,129,139,142,143,145,202,203,205,250,259,264,269,271,274,282,287,288,292,299,306,345,346,347,348,349,350,351,352,353,354,355,356,357,358,359,360,361,362,403,404,405,406,407,408,409,410,411,412,413,414,415,416,417,427,
91;0;1659;1797;0;0,1,2,3,4,5,6,7,8,9,10,11,12,13,14,15,16,17,18,86,88,98,99,100,101,102,103,104,105,106,107,108,109,110,111,112,115,128,129,139,142,143,145,202,203,205,250,259,264,269,271,274,282,287,288,292,299,306,345,346,347,348,349,350,351,352,353,354,355,356,357,358,359,360,361,403,404,427,543,544,
91;1;1797;1862;0;0,1,2,3,4,5,6,7,8,9,10,11,12,13,14,15,16,17,18,86,88,98,99,100,101,102,103,104,105,106,107,108,109,110,111,112,115,128,129,139,142,143,145,202,203,205,250,259,264,269,271,274,282,287,288,292,299,306,345,346,347,348,349,350,351,352,353,354,355,356,357,358,359,360,361,403,404,427,543,544,
190;0;1862;2028;0;0,1,2,3,4,12,15,16,88,89,98,99,100,101,102,103,104,105,106,107,108,109,110,111,112,115,128,129,139,142,143,145,202,203,205,208,209,212,232,250,264,269,271,274,282,287,288,292,299,306,338,403,404,427,454,455,456,457,458,459,460,461,462,463,464,465,466,467,468,469,470,471,472,473,474,475,476,477,478,479,
135;0;2028;2129;0;0,3,4,15,16,25,76,88,89,98,99,100,101,102,103,104,105,106,107,108,109,110,111,112,113,114,126,128,145,190,202,208,209,212,231,232,336,338,403,404,427,448,449,450,451,452,453,454,455,456,457,458,459,460,461,462,463,464,465,466,467,468,469,470,471,472,473,474,475,476,477,478,479,529,530,531,532,533,534,535,
135;1;2129;2295;0;0,3,4,15,16,25,76,88,89,98,99,100,101,102,103,104,105,106,107,108,109,110,111,112,113,114,126,128,145,190,202,208,209,212,231,232,336,338,403,404,427,448,449,450,451,452,453,454,455,456,457,458,459,460,461,462,463,464,465,466,467,468,469,470,471,472,473,474,475,476,477,478,479,529,530,531,532,533,534,535,
239;0;2295;2391;0;0,3,4,15,16,25,76,88,89,98,99,100,101,102,103,104,105,106,107,108,109,110,111,112,113,114,126,128,145,190,202,208,209,212,231,232,336,338,403,404,427,448,449,450,451,452,453,454,455,456,457,458,459,460,461,462,463,464,465,466,467,468,469,470,471,472,473,474,475,476,477,478,479,529,530,531,532,533,534,535,
239;1;2391;2444;0;0,3,4,15,16,25,76,88,89,98,99,100,101,102,103,104,105,106,107,108,109,110,111,112,113,114,126,128,145,190,202,208,209,212,231,232,336,338,403,404,427,448,449,450,451,452,453,454,455,456,457,458,459,460,461,462,463,464,465,466,467,468,469,470,471,472,473,474,475,476,477,478,479,529,530,531,532,533,534,535,
66;0;2444;2561;0;0,3,4,15,16,25,76,88,89,98,99,100,101,102,103,104,105,106,107,108,109,110,111,112,113,114,126,128,145,190,202,208,209,212,231,232,336,338,403,404,427,448,449,450,451,452,453,454,455,456,457,458,459,460,461,462,463,464,465,466,467,468,469,470,471,472,473,474,475,476,477,478,479,529,530,531,532,533,534,535,
218;0;2561;2615;0;0,3,4,15,16,25,76,88,89,98,99,100,101,102,103,104,105,106,107,108,109,110,111,112,113,114,126,128,145,190,202,208,209,212,231,232,336,338,403,404,427,448,449,450,451,452,453,454,455,456,457,458,459,460,461,462,463,464,465,466,467,468,469,470,471,472,473,474,475,476,477,478,479,529,530,531,532,533,534,535,
83;0;2615;2654;0;0,3,4,15,16,25,76,88,89,98,99,100,101,102,103,104,105,106,107,108,109,110,111,112,113,114,126,128,145,190,202,208,209,212,231,232,336,338,403,404,427,448,449,450,451,452,453,454,455,456,457,458,459,460,461,462,463,464,465,466,467,468,469,470,471,472,473,474,475,476,477,478,479,529,530,531,532,533,534,535,
83;1;2654;2708;0;0,3,4,15,16,25,76,88,89,98,99,100,101,102,103,104,105,106,107,108,109,110,111,112,113,114,126,128,145,190,202,208,209,212,231,232,336,338,403,404,427,448,449,450,451,452,453,454,455,456,457,458,459,460,461,462,463,464,465,466,467,468,469,470,471,472,473,474,475,476,477,478,479,529,530,531,532,533,534,535,
87;0;2708;2742;0;0,3,4,15,16,25,76,88,89,98,99,100,101,102,103,104,105,106,107,108,109,110,111,112,113,114,126,128,145,190,202,208,209,212,231,232,336,338,403,404,427,448,449,450,451,452,453,454,455,456,457,458,459,460,461,462,463,464,465,466,467,468,469,470,471,472,473,474,475,476,477,478,479,529,530,531,532,533,534,535,
87;1;2742;2796;0;0,3,4,15,16,25,76,88,89,98,99,100,101,102,103,104,105,106,107,108,109,110,111,112,113,114,126,128,145,190,202,208,209,212,231,232,336,338,403,404,427,448,449,450,451,452,453,454,455,456,457,458,459,460,461,462,463,464,465,466,467,468,469,470,471,472,473,474,475,476,477,478,479,529,530,531,532,533,534,535,
186;0;2796;2850;0;0,3,4,15,16,25,76,88,89,98,99,100,101,102,103,104,105,106,107,108,109,110,111,112,113,114,126,128,145,190,202,208,209,212,231,232,336,338,403,404,427,448,449,450,451,452,453,454,455,456,457,458,459,460,461,462,463,464,465,466,467,468,469,470,471,472,473,474,475,476,477,478,479,529,530,531,532,533,534,535,
114;0;2880;2919;0;0,3,4,15,16,19,20,21,22,23,24,25,26,27,28,29,30,31,32,33,34,35,36,37,38,39,40,41,42,43,44,45,76,88,89,98,99,100,101,102,103,104,105,106,107,108,109,110,111,112,113,114,126,128,145,190,202,208,209,212,231,232,336,338,403,404,427,448,449,450,451,452,453,454,455,456,457,458,476,535,
206;0;2919;2958;0;0,3,4,15,16,19,20,21,22,23,24,25,26,27,28,29,30,31,32,33,34,35,36,37,38,39,40,41,42,43,44,45,76,88,89,98,99,100,101,102,103,104,105,106,107,108,109,110,111,112,113,114,126,128,145,190,202,208,209,212,231,232,336,338,403,404,427,448,449,450,451,452,453,454,455,456,457,458,476,535,
146;0;2958;2992;0;0,3,4,15,16,19,20,21,22,23,24,25,26,27,28,29,30,31,32,33,34,35,36,37,38,39,40,41,42,43,44,45,76,88,89,98,99,100,101,102,103,104,105,106,107,108,109,110,111,112,113,114,126,128,145,166,167,168,169,170,171,190,202,208,209,212,231,232,336,338,403,404,427,448,449,450,451,452,476,535,
127;0;2992;3130;0;0,3,4,15,16,19,20,21,22,23,24,25,26,27,28,29,30,31,32,33,34,35,36,37,38,39,40,41,42,43,44,45,76,88,89,98,99,100,101,102,103,104,105,106,107,108,109,110,111,112,113,114,126,128,145,166,167,168,169,170,171,190,202,208,209,212,231,232,336,338,403,404,427,448,449,450,451,452,476,535,
127;1;3130;3164;0;0,3,4,15,16,19,20,21,22,23,24,25,26,27,28,29,30,31,32,33,34,35,36,37,38,39,40,41,42,43,44,45,76,88,89,98,99,100,101,102,103,104,105,106,107,108,109,110,111,112,113,114,126,128,145,166,167,168,169,170,171,190,202,208,209,212,231,232,336,338,403,404,427,448,449,450,451,452,476,535,
147;0;3164;3241;0;0,3,4,15,16,19,20,21,22,23,24,25,26,27,28,29,30,31,32,33,34,35,36,37,38,39,40,41,42,43,44,45,76,88,89,98,99,100,101,102,103,104,105,106,107,108,109,110,111,112,113,114,126,128,145,166,167,168,169,170,171,190,202,208,209,212,231,232,336,338,403,404,427,448,449,450,451,452,476,535,
147;1;3241;3275;0;0,3,4,15,16,19,20,21,22,23,24,25,26,27,28,29,30,31,32,33,34,35,36,37,38,39,40,41,42,43,44,45,76,88,89,98,99,100,101,102,103,104,105,106,107,108,109,110,111,112,113,114,126,128,145,166,167,168,169,170,171,190,202,208,209,212,231,232,336,338,403,404,427,448,449,450,451,452,476,535,
226;0;3275;3303;0;0,3,4,15,16,19,20,21,22,23,24,25,26,27,28,29,30,31,32,33,34,35,36,37,38,39,40,41,42,43,44,45,50,51,76,88,89,98,99,100,101,102,103,104,105,106,107,108,109,110,111,112,113,114,126,128,145,166,167,168,169,170,171,190,202,208,209,212,231,232,336,338,403,404,427,448,449,450,476,535,
90;0;3303;3331;0;0,3,4,15,16,19,20,21,22,23,24,25,26,27,28,29,30,31,32,33,34,35,36,37,38,39,40,41,42,43,44,45,50,51,76,88,89,98,99,100,101,102,103,104,105,106,107,108,109,110,111,112,113,114,126,128,145,166,167,168,169,170,171,190,202,208,209,212,231,232,336,338,403,404,427,448,449,450,476,535,
162;0;3331;3350;0;0,3,4,15,16,19,20,21,22,23,24,25,26,27,28,29,30,31,32,33,34,35,36,37,38,39,76,89,98,99,100,101,102,103,104,105,106,107,108,109,110,111,112,113,114,126,128,145,171,190,202,208,209,212,231,232,336,338,427,476,488,489,490,491,492,493,494,495,496,497,498,499,500,501,502,503,504,505,506,535,
211;0;3350;3522;0;0,3,4,15,16,19,20,21,22,23,24,25,26,27,28,29,30,31,32,33,34,35,36,37,38,39,76,89,98,99,100,101,102,103,104,105,106,107,108,109,110,111,112,113,114,126,128,145,171,190,202,208,209,212,231,232,336,338,427,476,488,489,490,491,492,493,494,495,496,497,498,499,500,501,502,503,504,505,506,535,
211;1;3522;3541;0;0,3,4,15,16,19,20,21,22,23,24,25,26,27,28,29,30,31,32,33,34,35,36,37,38,39,76,89,98,99,100,101,102,103,104,105,106,107,108,109,110,111,112,113,114,126,128,145,171,190,202,208,209,212,231,232,336,338,427,476,488,489,490,491,492,493,494,495,496,497,498,499,500,501,502,503,504,505,506,535,
204;0;3541;3630;1;0,3,4,15,25,26,57,58,60,89,98,99,100,101,102,103,104,105,106,107,108,109,110,111,112,113,114,126,128,145,171,180,181,182,183,184,185,186,187,188,189,190,191,192,193,194,195,196,197,198,199,200,201,202,205,208,209,212,231,232,306,307,308,309,371,400,401,402,545,546,547,548,549,550,551,552,553,554,555,556,
139;0;3630;3798;0;0,3,4,15,25,26,57,58,60,89,98,99,100,101,102,103,104,105,106,107,108,109,110,111,112,113,114,126,128,145,171,180,181,182,183,184,185,186,187,188,189,190,191,192,193,194,195,196,197,198,199,200,201,202,205,208,209,212,231,232,306,307,308,309,371,400,401,402,545,546,547,548,549,550,551,552,553,554,555,556,
139;1;3798;3887;0;0,3,4,15,25,26,57,58,60,89,98,99,100,101,102,103,104,105,106,107,108,109,110,111,112,113,114,126,128,145,171,180,181,182,183,184,185,186,187,188,189,190,191,192,193,194,195,196,197,198,199,200,201,202,205,208,209,212,231,232,306,307,308,309,371,400,401,402,545,546,547,548,549,550,551,552,553,554,555,556,
140;0;3887;3976;1;0,3,4,15,25,26,57,58,60,89,98,99,100,101,102,103,104,105,106,107,108,109,110,111,112,113,114,126,128,145,171,180,181,182,183,184,185,186,187,188,189,190,191,192,193,194,195,196,197,198,199,200,201,202,205,208,209,212,231,232,306,307,308,309,371,400,401,402,545,546,547,548,549,550,551,552,553,554,555,556,
180;0;3976;4065;1;0,3,4,15,25,26,57,58,60,89,98,99,100,101,102,103,104,105,106,107,108,109,110,111,112,113,114,126,128,145,171,180,181,182,183,184,185,186,187,188,189,190,191,192,193,194,195,196,197,198,199,200,201,202,205,208,209,212,231,232,306,307,308,309,371,400,401,402,545,546,547,548,549,550,551,552,553,554,555,556,
92;0;4065;4160;1;0,3,4,15,25,26,57,58,60,89,98,99,100,101,102,103,104,105,106,107,108,109,110,111,112,113,114,126,128,145,171,180,181,182,183,184,185,186,187,188,189,190,191,192,193,194,195,196,197,198,199,200,201,202,205,208,209,212,231,232,306,307,308,309,371,400,401,402,545,546,547,548,549,550,551,552,553,554,555,556,
67;0;4160;4318;0;0,3,4,15,25,26,57,58,60,89,98,99,100,101,102,103,104,105,106,107,108,109,110,111,112,113,114,126,128,145,171,180,181,182,183,184,185,186,187,188,189,190,191,192,193,194,195,196,197,198,199,200,201,202,205,208,209,212,231,232,306,307,308,309,371,400,401,402,545,546,547,548,549,550,551,552,553,554,555,556,
67;1;4318;4413;0;0,3,4,15,25,26,57,58,60,89,98,99,100,101,102,103,104,105,106,107,108,109,110,111,112,113,114,126,128,145,171,180,181,182,183,184,185,186,187,188,189,190,191,192,193,194,195,196,197,198,199,200,201,202,205,208,209,212,231,232,306,307,308,309,371,400,401,402,545,546,547,548,549,550,551,552,553,554,555,556,
106;0;4413;4508;0;0,3,4,15,25,26,57,58,60,89,98,99,100,101,102,103,104,105,106,107,108,109,110,111,112,113,114,126,128,145,171,180,181,182,183,184,185,186,187,188,189,190,191,192,193,194,195,196,197,198,199,200,201,202,205,208,209,212,231,232,306,307,308,309,371,400,401,402,545,546,547,548,549,550,551,552,553,554,555,556,
100;0;4508;4603;1;0,3,4,15,25,26,57,58,60,89,98,99,100,101,102,103,104,105,106,107,108,109,110,111,112,113,114,126,128,145,171,180,181,182,183,184,185,186,187,188,189,190,191,192,193,194,195,196,197,198,199,200,201,202,205,208,209,212,231,232,306,307,308,309,371,400,401,402,545,546,547,548,549,550,551,552,553,554,555,556,
41;0;4603;4696;1;0,3,4,15,25,26,57,58,60,89,98,99,100,101,102,103,104,105,106,107,108,109,110,111,112,113,114,126,128,145,171,180,181,182,183,184,185,186,187,188,189,190,191,192,193,194,195,196,197,198,199,200,201,202,205,208,209,212,231,232,306,307,308,309,371,400,401,402,545,546,547,548,549,550,551,552,553,554,555,556,
41;1;4696;4700;1;0,3,4,15,25,26,57,58,60,89,98,99,100,101,102,103,104,105,106,107,108,109,110,111,112,113,114,126,128,145,171,180,181,182,183,184,185,186,187,188,189,190,191,192,193,194,195,196,197,198,199,200,201,202,205,208,209,212,231,232,306,307,308,309,371,400,401,402,545,546,547,548,549,550,551,552,553,554,555,556,
24;0;4700;4801;1;0,3,4,15,25,26,57,58,60,89,98,99,100,101,102,103,104,105,106,107,108,109,110,111,112,113,114,126,128,145,171,180,181,182,183,184,185,186,187,188,189,190,191,192,193,194,195,196,197,198,199,200,201,202,205,208,209,212,231,232,306,307,308,309,371,400,401,402,545,546,547,548,549,550,551,552,553,554,555,556,
110;0;4801;4902;0;0,3,4,15,25,26,57,58,60,89,98,99,100,101,102,103,104,105,106,107,108,109,110,111,112,113,114,126,128,145,171,180,181,182,183,184,185,186,187,188,189,190,191,192,193,194,195,196,197,198,199,200,201,202,205,208,209,212,231,232,306,307,308,309,371,400,401,402,545,546,547,548,549,550,551,552,553,554,555,556,
60;0;4902;5008;1;0,3,4,15,25,26,57,58,60,89,98,99,100,101,102,103,104,105,106,107,108,109,110,111,112,113,114,115,116,117,118,119,120,121,122,123,124,125,126,127,128,129,130,145,171,180,181,182,183,184,185,189,190,202,205,208,209,212,231,232,306,307,308,309,371,400,401,402,545,546,547,548,549,550,551,552,553,554,555,556,
88;0;5008;5121;1;0,3,4,15,25,26,57,58,60,89,98,99,100,101,102,103,104,105,106,107,108,109,110,111,112,119,123,128,145,171,180,189,190,202,205,208,209,212,231,232,265,269,271,272,275,288,292,294,299,306,307,308,309,332,333,334,335,371,390,391,392,393,394,395,396,397,398,399,545,546,547,548,549,550,551,552,553,554,555,556,
191;0;5121;5196;0;0,3,4,15,25,26,57,58,60,89,98,99,100,101,102,103,104,105,106,107,108,109,110,111,112,119,123,128,145,171,180,189,190,202,205,208,209,212,231,232,265,269,271,272,275,288,292,294,299,306,307,308,309,332,333,334,335,371,390,391,392,393,394,395,396,397,398,399,545,546,547,548,549,550,551,552,553,554,555,556,
191;1;5196;5309;0;0,3,4,15,25,26,57,58,60,89,98,99,100,101,102,103,104,105,106,107,108,109,110,111,112,119,123,128,145,171,180,189,190,202,205,208,209,212,231,232,265,269,271,272,275,288,292,294,299,306,307,308,309,332,333,334,335,371,390,391,392,393,394,395,396,397,398,399,545,546,547,548,549,550,551,552,553,554,555,556,
188;0;5309;5423;1;0,3,4,15,25,26,57,58,60,89,98,99,100,101,102,103,104,105,106,107,108,109,110,111,112,119,123,128,145,171,180,189,190,202,205,208,209,212,231,232,265,269,271,272,275,288,292,294,299,306,307,308,309,332,333,334,335,371,390,391,392,393,394,395,396,397,398,399,545,546,547,548,549,550,551,552,553,554,555,556,
51;0;5423;5573;0;0,3,4,15,25,26,57,58,60,89,98,99,100,101,102,103,104,105,106,107,108,109,110,111,112,119,123,128,145,171,180,189,190,202,205,208,209,212,231,232,265,269,271,272,275,288,292,294,299,306,307,308,309,332,333,334,335,371,390,391,392,393,394,395,396,397,398,399,545,546,547,548,549,550,551,552,553,554,555,556,
51;1;5573;5687;0;0,3,4,15,25,26,57,58,60,89,98,99,100,101,102,103,104,105,106,107,108,109,110,111,112,119,123,128,145,171,180,189,190,202,205,208,209,212,231,232,265,269,271,272,275,288,292,294,299,306,307,308,309,332,333,334,335,371,390,391,392,393,394,395,396,397,398,399,545,546,547,548,549,550,551,552,553,554,555,556,
58;0;5687;5801;0;0,3,4,15,25,26,57,58,60,89,98,99,100,101,102,103,104,105,106,107,108,109,110,111,112,119,123,128,145,171,180,189,190,202,205,208,209,212,231,232,265,269,271,272,275,288,292,294,299,306,307,308,309,332,333,334,335,371,390,391,392,393,394,395,396,397,398,399,545,546,547,548,549,550,551,552,553,554,555,556,
201;0;5801;5815;1;0,3,4,15,25,26,57,58,60,89,98,99,100,101,102,103,104,105,106,107,108,109,110,111,112,119,123,128,145,171,180,189,190,202,205,208,209,212,231,232,265,269,271,272,275,288,292,294,299,306,307,308,309,332,333,334,335,371,390,391,392,393,394,395,396,397,398,399,545,546,547,548,549,550,551,552,553,554,555,556,
201;1;5815;5916;1;0,3,4,15,25,26,57,58,60,89,98,99,100,101,102,103,104,105,106,107,108,109,110,111,112,119,123,128,145,171,180,189,190,202,205,208,209,212,231,232,265,269,271,272,275,288,292,294,299,306,307,308,309,332,333,334,335,371,390,391,392,393,394,395,396,397,398,399,545,546,547,548,549,550,551,552,553,554,555,556,
20;0;5916;6038;1;0,3,4,15,25,26,53,57,58,60,89,98,110,111,112,119,123,145,171,189,202,205,208,209,212,231,232,250,263,264,265,266,267,268,269,270,271,272,273,274,275,276,277,278,279,280,281,282,283,284,285,286,287,288,289,290,291,292,293,294,295,296,297,298,299,300,301,302,303,304,305,306,371,545,546,547,548,549,550,551,
141;0;6038;6091;1;0,3,4,12,15,25,26,57,58,60,89,98,110,111,112,123,131,132,133,134,135,136,137,138,139,140,141,142,143,144,145,146,147,148,149,150,151,152,153,154,155,156,157,158,159,160,161,162,163,164,165,171,189,202,205,208,209,212,231,232,265,268,269,271,272,274,275,276,280,282,296,306,371,545,546,547,548,549,550,551,
141;1;6091;6165;1;0,3,4,12,15,25,26,57,58,60,89,98,110,111,112,123,131,132,133,134,135,136,137,138,139,140,141,142,143,144,145,146,147,148,149,150,151,152,153,154,155,156,157,158,159,160,161,162,163,164,165,171,189,202,205,208,209,212,231,232,265,268,269,271,272,274,275,276,280,282,296,306,371,545,546,547,548,549,550,551,
163;0;6165;6319;0;0,3,4,12,15,25,26,57,58,60,89,98,110,111,112,123,131,132,133,134,135,136,137,138,139,140,141,142,143,144,145,146,147,148,149,150,151,152,153,154,155,156,157,158,159,160,161,162,163,164,165,171,189,202,205,208,209,212,231,232,265,268,269,271,272,274,275,276,280,282,296,306,371,545,546,547,548,549,550,551,
163;1;6319;6393;0;0,3,4,12,15,25,26,57,58,60,89,98,110,111,112,123,131,132,133,134,135,136,137,138,139,140,141,142,143,144,145,146,147,148,149,150,151,152,153,154,155,156,157,158,159,160,161,162,163,164,165,171,189,202,205,208,209,212,231,232,265,268,269,271,272,274,275,276,280,282,296,306,371,545,546,547,548,549,550,551,
207;0;6393;6484;0;0,3,4,12,15,25,26,57,58,60,69,89,98,110,111,112,123,131,132,133,134,135,136,137,138,139,140,141,142,143,144,145,146,147,148,149,150,151,152,153,154,155,156,157,158,159,160,161,162,163,164,165,171,172,189,202,205,208,209,212,231,232,268,280,282,306,371,536,545,546,547,548,549,550,551,603,604,605,606,607,
207;1;6484;6558;0;0,3,4,12,15,25,26,57,58,60,69,89,98,110,111,112,123,131,132,133,134,135,136,137,138,139,140,141,142,143,144,145,146,147,148,149,150,151,152,153,154,155,156,157,158,159,160,161,162,163,164,165,171,172,189,202,205,208,209,212,231,232,268,280,282,306,371,536,545,546,547,548,549,550,551,603,604,605,606,607,
134;0;6558;6632;0;0,3,4,12,15,25,26,57,58,60,69,89,98,110,111,112,123,131,132,133,134,135,136,137,138,139,140,141,142,143,144,145,146,147,148,149,150,151,152,153,154,155,156,157,158,159,160,161,162,163,164,165,171,172,189,202,205,208,209,212,231,232,268,280,282,306,371,536,545,546,547,548,549,550,551,603,604,605,606,607,
189;0;6632;6709;1;0,3,4,12,15,25,26,57,58,60,69,89,98,110,111,112,123,131,132,133,134,135,136,137,138,139,140,141,142,143,144,145,146,147,148,149,150,151,152,153,154,155,156,157,158,159,160,161,162,163,164,165,171,172,189,202,205,208,209,212,231,232,268,280,282,306,371,536,545,546,547,548,549,550,551,603,604,605,606,607,
189;1;6709;6762;1;0,3,4,12,15,25,26,57,58,60,69,89,98,110,111,112,123,131,132,133,134,135,136,137,138,139,140,141,142,143,144,145,146,147,148,149,150,151,152,153,154,155,156,157,158,159,160,161,162,163,164,165,171,172,189,202,205,208,209,212,231,232,268,280,282,306,371,536,545,546,547,548,549,550,551,603,604,605,606,607,
195;0;6762;6877;0;0,3,4,12,15,25,26,57,58,60,69,89,98,110,111,112,123,131,132,133,134,135,136,137,138,139,140,141,142,143,144,145,146,147,148,149,150,151,152,153,154,155,156,157,158,159,160,161,162,163,164,165,171,172,189,202,205,208,209,212,231,232,268,280,282,306,371,536,545,546,547,548,549,550,551,603,604,605,606,607,
195;1;6877;6930;0;0,3,4,12,15,25,26,57,58,60,69,89,98,110,111,112,123,131,132,133,134,135,136,137,138,139,140,141,142,143,144,145,146,147,148,149,150,151,152,153,154,155,156,157,158,159,160,161,162,163,164,165,171,172,189,202,205,208,209,212,231,232,268,280,282,306,371,536,545,546,547,548,549,550,551,603,604,605,606,607,
130;0;6930;6983;0;0,3,4,12,15,25,26,57,58,60,69,89,98,110,111,112,123,131,132,133,134,135,136,137,138,139,140,141,142,143,144,145,146,147,148,149,150,151,152,153,154,155,156,157,158,159,160,161,162,163,164,165,171,172,189,202,205,208,209,212,231,232,268,280,282,306,371,536,545,546,547,548,549,550,551,603,604,605,606,607,
61;0;6983;7074;1;0,3,4,12,15,25,26,57,58,60,69,89,98,110,111,112,123,131,132,133,134,135,136,137,138,139,140,141,142,143,144,145,146,147,148,149,150,151,152,153,154,155,156,157,158,159,160,161,162,163,164,165,171,172,189,202,205,208,209,212,231,232,268,280,282,306,371,536,545,546,547,548,549,550,551,603,604,605,606,607,
61;1;7074;7115;1;0,3,4,12,15,25,26,57,58,60,69,89,98,110,111,112,123,131,132,133,134,135,136,137,138,139,140,141,142,143,144,145,146,147,148,149,150,151,152,153,154,155,156,157,158,159,160,161,162,163,164,165,171,172,189,202,205,208,209,212,231,232,268,280,282,306,371,536,545,546,547,548,549,550,551,603,604,605,606,607,
157;0;7115;7198;1;0,3,4,12,15,25,26,57,58,60,69,89,98,110,111,112,123,131,132,133,134,135,136,137,138,139,140,141,142,143,144,145,146,147,148,149,150,151,152,153,154,155,156,157,158,159,160,161,162,163,164,165,171,172,189,202,205,208,209,212,231,232,268,280,282,306,371,536,545,546,547,548,549,550,551,603,604,605,606,607,
157;1;7198;7251;1;0,3,4,12,15,25,26,57,58,60,69,89,98,110,111,112,123,131,132,133,134,135,136,137,138,139,140,141,142,143,144,145,146,147,148,149,150,151,152,153,154,155,156,157,158,159,160,161,162,163,164,165,171,172,189,202,205,208,209,212,231,232,268,280,282,306,371,536,545,546,547,548,549,550,551,603,604,605,606,607,
156;0;7251;7389;1;0,3,4,12,15,25,26,57,58,60,69,89,98,110,111,112,123,131,132,133,134,139,171,189,202,203,204,205,206,207,208,209,210,211,212,213,214,215,216,217,218,219,220,221,222,223,224,225,226,227,228,229,230,231,232,233,234,235,236,237,238,239,240,241,242,243,244,268,280,282,306,371,536,545,546,547,548,549,550,551,
0;0;7389;7466;1;0,1,2,3,4,5,6,7,8,9,10,11,12,13,14,15,16,17,18,25,26,57,58,60,69,89,98,110,111,112,123,131,132,133,134,139,171,189,202,203,204,205,206,207,208,209,210,211,212,213,214,215,216,217,218,219,220,221,222,223,224,225,226,227,228,229,230,268,280,282,306,371,536,545,546,547,548,549,550,551,
0;1;7466;7534;1;0,1,2,3,4,5,6,7,8,9,10,11,12,13,14,15,16,17,18,25,26,57,58,60,69,89,98,110,111,112,123,131,132,133,134,139,171,189,202,203,204,205,206,207,208,209,210,211,212,213,214,215,216,217,218,219,220,221,222,223,224,225,226,227,228,229,230,268,280,282,306,371,536,545,546,547,548,549,550,551,
48;0;7534;7681;1;0,1,2,3,4,5,6,7,8,9,10,11,12,13,14,15,16,17,18,25,26,55,56,57,58,59,60,61,62,63,64,65,66,67,68,69,89,98,110,111,112,123,131,132,133,134,139,171,189,202,203,204,205,206,207,208,209,210,211,212,213,214,215,216,217,218,219,268,280,282,306,371,536,545,546,547,548,549,550,551,
95;0;7681;7844;0;0,1,2,3,4,5,6,7,8,9,10,11,12,13,14,15,16,17,18,25,26,55,56,57,58,59,60,61,62,63,64,65,66,67,68,69,70,71,72,73,74,75,76,77,78,79,80,89,98,110,111,112,123,131,132,133,134,139,171,189,202,203,204,205,206,207,212,268,280,282,306,371,536,545,546,547,548,549,550,551,
95;1;7844;7991;0;0,1,2,3,4,5,6,7,8,9,10,11,12,13,14,15,16,17,18,25,26,55,56,57,58,59,60,61,62,63,64,65,66,67,68,69,70,71,72,73,74,75,76,77,78,79,80,89,98,110,111,112,123,131,132,133,134,139,171,189,202,203,204,205,206,207,212,268,280,282,306,371,536,545,546,547,548,549,550,551,
247;0;7991;8013;0;0,1,2,3,4,5,6,7,8,9,10,11,12,13,14,15,16,17,18,25,26,55,56,57,58,59,60,61,62,63,64,65,66,67,68,69,70,71,72,73,74,75,76,77,78,79,80,89,98,110,111,112,123,131,132,133,134,139,171,189,202,203,204,205,206,207,212,268,280,282,306,371,536,545,546,547,548,549,550,551,
247;1;8013;8160;0;0,1,2,3,4,5,6,7,8,9,10,11,12,13,14,15,16,17,18,25,26,55,56,57,58,59,60,61,62,63,64,65,66,67,68,69,70,71,72,73,74,75,76,77,78,79,80,89,98,110,111,112,123,131,132,133,134,139,171,189,202,203,204,205,206,207,212,268,280,282,306,371,536,545,546,547,548,549,550,551,
210;0;8160;8307;0;0,1,2,3,4,5,6,7,8,9,10,11,12,13,14,15,16,17,18,25,26,55,56,57,58,59,60,61,62,63,64,65,66,67,68,69,70,71,72,73,74,75,76,77,78,79,80,89,98,110,111,112,123,131,132,133,134,139,171,189,202,203,204,205,206,207,212,268,280,282,306,371,536,545,546,547,548,549,550,551,
124;0;8307;8457;1;0,1,2,3,4,5,6,7,8,9,10,11,12,13,14,15,16,17,18,25,26,55,56,57,58,59,60,61,62,63,64,65,66,67,68,69,70,71,72,73,74,75,76,77,78,79,80,89,98,110,111,112,123,131,132,133,134,139,171,189,202,203,204,205,206,207,212,268,280,282,306,371,536,545,546,547,548,549,550,551,
122;0;8457;8607;0;0,1,2,3,4,5,6,7,8,9,10,11,12,13,14,15,16,17,18,25,26,55,56,57,58,59,60,61,62,63,64,65,66,67,68,69,70,71,72,73,74,75,76,77,78,79,80,89,98,110,111,112,123,131,132,133,134,139,171,189,202,203,204,205,206,207,212,268,280,282,306,371,536,545,546,547,548,549,550,551,
6;0;8607;8757;0;0,1,2,3,4,5,6,7,8,9,10,11,12,13,14,15,16,17,18,25,26,55,56,57,58,59,60,61,62,63,64,65,66,67,68,69,70,71,72,73,74,75,76,77,78,79,80,89,98,110,111,112,123,131,132,133,134,139,171,189,202,203,204,205,206,207,212,268,280,282,306,371,536,545,546,547,548,549,550,551,
113;0;8757;8817;1;0,1,2,3,4,5,6,7,8,9,10,11,12,13,14,15,16,17,18,25,26,55,56,57,58,59,60,61,62,69,70,71,72,73,74,75,76,77,78,79,80,89,98,110,111,112,123,139,189,205,212,268,280,282,306,318,369,370,371,372,373,374,375,376,377,378,379,380,381,382,383,384,536,545,546,547,548,549,550,551,
113;1;8817;8909;1;0,1,2,3,4,5,6,7,8,9,10,11,12,13,14,15,16,17,18,25,26,55,56,57,58,59,60,61,62,69,70,71,72,73,74,75,76,77,78,79,80,89,98,110,111,112,123,139,189,205,212,268,280,282,306,318,369,370,371,372,373,374,375,376,377,378,379,380,381,382,383,384,536,545,546,547,548,549,550,551,
143;0;8909;8982;0;0,1,2,3,4,5,6,7,8,9,10,11,12,13,14,15,16,17,18,25,26,55,56,57,58,59,60,61,62,69,70,71,72,73,74,75,76,77,78,79,80,89,98,110,111,112,123,139,189,205,212,268,280,282,306,318,369,370,371,372,373,374,375,376,377,378,379,380,381,382,383,384,536,545,546,547,548,549,550,551,
143;1;8982;9074;0;0,1,2,3,4,5,6,7,8,9,10,11,12,13,14,15,16,17,18,25,26,55,56,57,58,59,60,61,62,69,70,71,72,73,74,75,76,77,78,79,80,89,98,110,111,112,123,139,189,205,212,268,280,282,306,318,369,370,371,372,373,374,375,376,377,378,379,380,381,382,383,384,536,545,546,547,548,549,550,551,
108;0;9074;9226;1;2,4,14,26,57,58,60,69,70,71,72,73,74,75,76,77,78,79,80,89,98,110,111,112,123,139,189,212,251,268,280,282,312,318,366,369,370,371,372,373,374,375,376,377,378,379,380,381,382,383,507,508,509,510,511,512,513,514,515,516,517,518,519,520,521,522,523,524,525,526,527,528,536,545,546,547,548,549,550,551,
169;0;9226;9290;1;2,4,14,57,58,60,82,87,89,98,99,100,101,102,103,104,105,106,107,108,109,110,111,112,123,126,189,251,268,272,275,276,280,282,296,310,311,312,313,314,315,316,317,336,337,338,339,340,341,342,343,344,366,371,385,386,387,388,389,400,401,402,507,508,509,510,511,512,545,546,547,548,549,550,551,552,553,554,555,556,
169;1;9290;9379;1;2,4,14,57,58,60,82,87,89,98,99,100,101,102,103,104,105,106,107,108,109,110,111,112,123,126,189,251,268,272,275,276,280,282,296,310,311,312,313,314,315,316,317,336,337,338,339,340,341,342,343,344,366,371,385,386,387,388,389,400,401,402,507,508,509,510,511,512,545,546,547,548,549,550,551,552,553,554,555,556,
52;0;9379;9537;1;2,4,14,57,58,60,82,87,89,98,99,100,101,102,103,104,105,106,107,108,109,110,111,112,123,126,189,251,268,272,275,276,280,282,296,310,311,312,313,314,315,316,317,336,337,338,339,340,341,342,343,344,366,371,385,386,387,388,389,400,401,402,507,508,509,510,511,512,545,546,547,548,549,550,551,552,553,554,555,556,
38;0;9537;9695;0;2,4,14,57,58,60,82,87,89,98,99,100,101,102,103,104,105,106,107,108,109,110,111,112,123,126,189,251,268,272,275,276,280,282,296,310,311,312,313,314,315,316,317,336,337,338,339,340,341,342,343,344,366,371,385,386,387,388,389,400,401,402,507,508,509,510,511,512,545,546,547,548,549,550,551,552,553,554,555,556,
68;0;9695;9855;1;2,4,14,57,58,60,82,87,89,98,99,100,101,102,103,104,105,106,107,108,109,110,111,112,123,126,189,251,268,272,275,276,280,282,296,310,311,312,313,314,315,316,317,336,337,338,339,340,341,342,343,344,366,371,385,386,387,388,389,400,401,402,507,508,509,510,511,512,545,546,547,548,549,550,551,552,553,554,555,556,
49;0;9855;10015;1;2,4,14,57,58,60,82,87,89,98,99,100,101,102,103,104,105,106,107,108,109,110,111,112,123,126,189,251,268,272,275,276,280,282,296,310,311,312,313,314,315,316,317,336,337,338,339,340,341,342,343,344,366,371,385,386,387,388,389,400,401,402,507,508,509,510,511,512,545,546,547,548,549,550,551,552,553,554,555,556,
49;1;10015;10019;1;2,4,14,57,58,60,82,87,89,98,99,100,101,102,103,104,105,106,107,108,109,110,111,112,123,126,189,251,268,272,275,276,280,282,296,310,311,312,313,314,315,316,317,336,337,338,339,340,341,342,343,344,366,371,385,386,387,388,389,400,401,402,507,508,509,510,511,512,545,546,547,548,549,550,551,552,553,554,555,556,
Machine: 1
216;0;0;4;1;46,47,48,49,98,110,111,112,115,129,250,264,269,271,274,282,287,288,292,299,345,346,347,348,349,350,351,352,353,354,355,356,357,358,359,360,361,362,371,381,382,383,400,401,402,427,488,489,490,491,492,493,494,495,496,497,498,499,500,501,502,503,504,505,506,557,558,559,560,561,562,563,564,565,566,567,568,569,570,571,
138;0;4;8;0;46,47,48,49,98,110,111,112,115,129,250,264,269,271,274,282,287,288,292,299,345,346,347,348,349,350,351,352,353,354,355,356,357,358,359,360,361,362,371,381,382,383,400,401,402,427,488,489,490,491,492,493,494,495,496,497,498,499,500,501,502,503,504,505,506,557,558,559,560,561,562,563,564,565,566,567,568,569,570,571,
176;0;8;12;1;46,47,48,49,98,110,111,112,115,129,250,264,269,271,274,282,287,288,292,299,345,346,347,348,349,350,351,352,353,354,355,356,357,358,359,360,361,362,371,381,382,383,400,401,402,427,488,489,490,491,492,493,494,495,496,497,498,499,500,501,502,503,504,505,506,557,558,559,560,561,562,563,564,565,566,567,568,569,570,571,
120;0;12;16;1;46,47,48,49,98,110,111,112,115,129,250,264,269,271,274,282,287,288,292,299,345,346,347,348,349,350,351,352,353,354,355,356,357,358,359,360,361,362,371,381,382,383,400,401,402,427,488,489,490,491,492,493,494,495,496,497,498,499,500,501,502,503,504,505,506,557,558,559,560,561,562,563,564,565,566,567,568,569,570,571,
220;0;16;27;1;46,47,48,49,98,110,111,112,115,129,250,264,269,271,274,282,287,288,292,299,345,346,347,348,349,350,351,352,353,354,355,356,357,358,359,360,361,362,371,381,382,383,400,401,402,427,488,489,490,491,492,493,494,495,496,497,498,499,500,501,502,503,504,505,506,557,558,559,560,561,562,563,564,565,566,567,568,569,570,571,
19;0;27;128;0;46,47,48,49,98,110,111,112,115,129,250,264,269,271,274,282,287,288,292,299,345,346,347,348,349,350,351,352,353,354,355,356,357,358,359,360,361,362,371,381,382,383,400,401,402,427,488,489,490,491,492,493,494,495,496,497,498,499,500,501,502,503,504,505,506,557,558,559,560,561,562,563,564,565,566,567,568,569,570,571,
19;1;128;139;0;46,47,48,49,98,110,111,112,115,129,250,264,269,271,274,282,287,288,292,299,345,346,347,348,349,350,351,352,353,354,355,356,357,358,359,360,361,362,371,381,382,383,400,401,402,427,488,489,490,491,492,493,494,495,496,497,498,499,500,501,502,503,504,505,506,557,558,559,560,561,562,563,564,565,566,567,568,569,570,571,
71;0;139;187;0;46,47,48,49,98,110,111,112,115,129,250,264,269,271,274,282,287,288,292,299,345,346,347,348,349,350,351,352,353,354,355,356,357,358,359,360,361,362,371,381,382,383,400,401,402,427,488,489,490,491,492,493,494,495,496,497,498,499,500,501,502,503,504,505,506,557,558,559,560,561,562,563,564,565,566,567,568,569,570,571,
71;1;187;198;0;46,47,48,49,98,110,111,112,115,129,250,264,269,271,274,282,287,288,292,299,345,346,347,348,349,350,351,352,353,354,355,356,357,358,359,360,361,362,371,381,382,383,400,401,402,427,488,489,490,491,492,493,494,495,496,497,498,499,500,501,502,503,504,505,506,557,558,559,560,561,562,563,564,565,566,567,568,569,570,571,
2;0;198;209;1;46,47,48,49,98,110,111,112,115,129,250,264,269,271,274,282,287,288,292,299,345,346,347,348,349,350,351,352,353,354,355,356,357,358,359,360,361,362,371,381,382,383,400,401,402,427,488,489,490,491,492,493,494,495,496,497,498,499,500,501,502,503,504,505,506,557,558,559,560,561,562,563,564,565,566,567,568,569,570,571,
80;0;209;225;1;46,47,48,49,98,110,111,112,115,129,250,264,269,271,274,282,287,288,292,299,345,346,347,348,349,350,351,352,353,354,355,356,357,358,359,360,361,362,371,381,382,383,400,401,402,427,488,489,490,491,492,493,494,495,496,497,498,499,500,501,502,503,504,505,506,557,558,559,560,561,562,563,564,565,566,567,568,569,570,571,
168;0;225;244;1;46,47,48,49,98,110,111,112,115,129,250,264,269,271,274,282,287,288,292,299,345,346,347,348,349,350,351,352,353,354,355,356,357,358,359,360,361,362,371,381,382,383,400,401,402,427,488,489,490,491,492,493,494,495,496,497,498,499,500,501,502,503,504,505,506,557,558,559,560,561,562,563,564,565,566,567,568,569,570,571,
235;0;244;260;0;46,47,48,49,98,110,111,112,115,129,250,264,269,271,274,282,287,288,292,299,345,346,347,348,349,350,351,352,353,354,355,356,357,358,359,360,361,362,371,381,382,383,400,401,402,427,488,489,490,491,492,493,494,495,496,497,498,499,500,501,502,503,504,505,506,557,558,559,560,561,562,563,564,565,566,567,568,569,570,571,
235;1;260;279;0;46,47,48,49,98,110,111,112,115,129,250,264,269,271,274,282,287,288,292,299,345,346,347,348,349,350,351,352,353,354,355,356,357,358,359,360,361,362,371,381,382,383,400,401,402,427,488,489,490,491,492,493,494,495,496,497,498,499,500,501,502,503,504,505,506,557,558,559,560,561,562,563,564,565,566,567,568,569,570,571,
101;0;279;285;1;46,47,48,49,98,110,111,112,115,129,250,264,269,271,274,282,287,288,292,299,345,346,347,348,349,350,351,352,353,354,355,356,357,358,359,360,361,362,371,381,382,383,400,401,402,427,488,489,490,491,492,493,494,495,496,497,498,499,500,501,502,503,504,505,506,557,558,559,560,561,562,563,564,565,566,567,568,569,570,571,
101;1;285;302;1;46,47,48,49,98,110,111,112,115,129,250,264,269,271,274,282,287,288,292,299,345,346,347,348,349,350,351,352,353,354,355,356,357,358,359,360,361,362,371,381,382,383,400,401,402,427,488,489,490,491,492,493,494,495,496,497,498,499,500,501,502,503,504,505,506,557,558,559,560,561,562,563,564,565,566,567,568,569,570,571,
136;0;302;326;1;26,46,47,48,49,98,110,111,112,115,129,131,132,133,134,135,137,138,140,250,256,257,258,259,260,261,262,264,269,271,274,282,287,288,292,299,345,346,347,348,349,350,351,352,353,354,355,356,357,358,359,360,361,362,371,381,382,383,400,427,488,489,490,491,492,493,494,495,496,497,498,499,500,501,502,503,504,505,506,558,
248;0;326;351;1;26,46,47,48,49,98,99,100,101,102,103,104,105,106,107,108,109,110,111,112,115,129,131,132,133,134,135,137,138,140,245,246,247,248,249,250,251,252,253,254,255,256,257,258,259,260,261,264,269,271,274,282,287,288,292,299,345,346,347,348,349,350,351,352,353,354,355,356,357,358,359,360,361,362,371,381,382,383,427,558,
28;0;351;379;1;26,46,47,48,49,50,51,98,99,100,101,102,103,104,105,106,107,108,109,110,111,112,115,129,131,132,133,134,135,137,138,140,245,246,247,248,249,250,251,252,253,256,257,258,259,260,261,264,269,271,274,282,287,288,292,299,345,346,347,348,349,350,351,352,353,354,355,356,357,358,359,360,361,362,371,381,382,383,427,558,
27;0;379;515;0;26,46,47,48,49,50,51,98,99,100,101,102,103,104,105,106,107,108,109,110,111,112,115,128,129,131,132,133,134,135,137,138,140,189,250,251,256,257,258,259,260,264,269,271,272,274,282,287,288,292,294,299,318,319,320,321,345,346,347,348,349,350,351,352,353,354,355,356,357,358,359,360,361,362,371,381,382,383,427,558,
27;1;515;689;0;26,46,47,48,49,50,51,98,99,100,101,102,103,104,105,106,107,108,109,110,111,112,115,128,129,131,132,133,134,135,137,138,140,189,250,251,256,257,258,259,260,264,269,271,272,274,282,287,288,292,294,299,318,319,320,321,345,346,347,348,349,350,351,352,353,354,355,356,357,358,359,360,361,362,371,381,382,383,427,558,
154;0;689;857;0;0,2,4,14,15,16,26,46,50,51,82,87,89,98,99,100,101,102,103,104,105,106,107,108,109,110,111,112,128,131,132,145,202,208,209,212,232,259,336,337,338,339,340,341,342,343,344,363,364,365,366,367,368,427,454,455,456,457,458,459,460,461,462,463,464,465,466,467,468,469,470,471,472,473,474,475,476,477,478,479,
79;0;857;918;0;0,2,4,14,15,16,26,46,50,51,82,87,89,98,99,100,101,102,103,104,105,106,107,108,109,110,111,112,128,131,132,145,202,208,209,212,232,259,336,337,338,339,340,341,342,343,344,363,364,365,366,367,368,427,454,455,456,457,458,459,460,461,462,463,464,465,466,467,468,469,470,471,472,473,474,475,476,477,478,479,
79;1;918;1086;0;0,2,4,14,15,16,26,46,50,51,82,87,89,98,99,100,101,102,103,104,105,106,107,108,109,110,111,112,128,131,132,145,202,208,209,212,232,259,336,337,338,339,340,341,342,343,344,363,364,365,366,367,368,427,454,455,456,457,458,459,460,461,462,463,464,465,466,467,468,469,470,471,472,473,474,475,476,477,478,479,
74;0;1086;1252;0;0,2,4,14,15,16,26,46,50,51,82,87,89,98,99,100,101,102,103,104,105,106,107,108,109,110,111,112,128,131,132,145,202,208,209,212,232,259,336,337,338,339,340,341,342,343,344,363,364,365,366,367,368,427,454,455,456,457,458,459,460,461,462,463,464,465,466,467,468,469,470,471,472,473,474,475,476,477,478,479,
34;0;1252;1415;0;0,2,4,14,15,16,26,46,50,51,82,87,89,98,99,100,101,102,103,104,105,106,107,108,109,110,111,112,128,131,132,145,202,208,209,212,232,259,336,337,338,339,340,341,342,343,344,363,364,365,366,367,368,427,454,455,456,457,458,459,460,461,462,463,464,465,466,467,468,469,470,471,472,473,474,475,476,477,478,479,
123;0;1415;1550;0;0,2,4,14,15,16,26,46,50,51,82,87,89,98,99,100,101,102,103,104,105,106,107,108,109,110,111,112,128,131,132,145,202,208,209,212,232,259,336,337,338,339,340,341,342,343,344,363,364,365,366,367,368,427,454,455,456,457,458,459,460,461,462,463,464,465,466,467,468,469,470,471,472,473,474,475,476,477,478,479,
123;1;1550;1713;0;0,2,4,14,15,16,26,46,50,51,82,87,89,98,99,100,101,102,103,104,105,106,107,108,109,110,111,112,128,131,132,145,202,208,209,212,232,259,336,337,338,339,340,341,342,343,344,363,364,365,366,367,368,427,454,455,456,457,458,459,460,461,462,463,464,465,466,467,468,469,470,471,472,473,474,475,476,477,478,479,
3;0;1713;1755;0;0,2,4,14,15,16,26,46,50,51,82,87,89,98,99,100,101,102,103,104,105,106,107,108,109,110,111,112,128,131,132,145,202,208,209,212,232,259,336,337,338,339,340,341,342,343,344,363,364,365,366,367,368,427,454,455,456,457,458,459,460,461,462,463,464,465,466,467,468,469,470,471,472,473,474,475,476,477,478,479,
3;1;1755;1783;0;0,2,4,14,15,16,26,46,50,51,82,87,89,98,99,100,101,102,103,104,105,106,107,108,109,110,111,112,128,131,132,145,202,208,209,212,232,259,336,337,338,339,340,341,342,343,344,363,364,365,366,367,368,427,454,455,456,457,458,459,460,461,462,463,464,465,466,467,468,469,470,471,472,473,474,475,476,477,478,479,
194;0;1783;1848;0;0,2,4,14,15,16,26,46,50,51,82,87,89,98,99,100,101,102,103,104,105,106,107,108,109,110,111,112,128,131,132,145,202,208,209,212,232,259,336,337,338,339,340,341,342,343,344,363,364,365,366,367,368,427,454,455,456,457,458,459,460,461,462,463,464,465,466,467,468,469,470,471,472,473,474,475,476,477,543,544,
178;0;1848;1907;0;4,14,16,18,26,46,50,51,82,86,87,88,89,98,99,100,101,102,103,104,105,106,107,108,109,110,111,112,128,131,132,139,142,143,145,202,203,205,208,212,259,306,336,405,406,407,408,409,410,411,412,413,414,415,416,417,418,419,420,421,422,423,424,425,426,427,428,429,430,431,432,433,434,435,436,437,438,439,440,476,
31;0;1907;1936;0;4,14,16,18,26,46,50,51,82,86,87,88,89,98,99,100,101,102,103,104,105,106,107,108,109,110,111,112,128,131,132,139,142,143,145,202,203,205,208,212,259,306,336,405,406,407,408,409,410,411,412,413,414,415,416,417,418,419,420,421,422,423,424,425,426,427,428,429,430,431,432,433,434,435,436,437,438,439,440,476,
31;1;1936;1964;0;4,14,16,18,26,46,50,51,82,86,87,88,89,98,99,100,101,102,103,104,105,106,107,108,109,110,111,112,128,131,132,139,142,143,145,202,203,205,208,212,259,306,336,405,406,407,408,409,410,411,412,413,414,415,416,417,418,419,420,421,422,423,424,425,426,427,428,429,430,431,432,433,434,435,436,437,438,439,440,476,
182;0;1964;2017;0;4,14,16,18,26,46,50,51,69,82,86,87,88,89,98,99,100,101,102,103,104,105,106,107,108,109,110,111,112,128,131,132,139,142,143,145,202,203,205,208,212,259,306,336,405,406,407,408,409,410,411,412,413,414,415,416,417,418,419,420,421,422,423,424,425,426,427,428,429,430,431,432,433,476,536,603,604,605,606,607,
86;0;2017;2067;0;4,14,16,18,26,46,50,51,69,82,86,87,88,89,98,99,100,101,102,103,104,105,106,107,108,109,110,111,112,128,131,132,139,142,143,145,202,203,205,208,212,259,306,336,405,406,407,408,409,410,411,412,413,414,415,416,417,418,419,420,421,422,423,424,425,426,427,428,429,430,431,476,535,536,537,538,539,540,541,542,
174;0;2067;2112;0;4,14,16,18,25,26,46,50,51,69,81,82,83,84,85,86,87,88,89,90,91,92,93,94,95,96,97,98,99,100,101,102,103,104,105,106,107,108,109,110,111,112,128,131,132,139,142,143,145,202,203,205,208,212,259,306,336,405,406,407,408,409,410,411,412,413,414,415,416,417,418,419,420,421,422,423,424,427,535,536,
7;0;2112;2216;0;4,14,16,18,19,20,21,22,23,24,25,26,27,28,29,30,31,32,33,34,35,36,37,38,39,40,41,42,43,44,45,46,47,48,49,71,73,81,82,83,84,85,86,87,88,89,90,91,92,93,94,95,96,97,98,99,110,111,112,131,132,166,167,168,169,170,171,172,205,212,221,306,336,535,615,616,617,618,619,620,
7;1;2216;2261;0;4,14,16,18,19,20,21,22,23,24,25,26,27,28,29,30,31,32,33,34,35,36,37,38,39,40,41,42,43,44,45,46,47,48,49,71,73,81,82,83,84,85,86,87,88,89,90,91,92,93,94,95,96,97,98,99,110,111,112,131,132,166,167,168,169,170,171,172,205,212,221,306,336,535,615,616,617,618,619,620,
59;0;2261;2293;0;4,14,16,18,19,20,21,22,23,24,25,26,27,28,29,30,31,32,33,34,35,36,37,38,39,40,41,42,43,44,45,46,47,48,49,71,73,81,82,83,84,85,86,87,88,89,90,91,92,93,94,95,96,97,98,99,110,111,112,131,132,166,167,168,169,170,171,172,205,212,221,306,336,535,615,616,617,618,619,620,
59;1;2293;2338;0;4,14,16,18,19,20,21,22,23,24,25,26,27,28,29,30,31,32,33,34,35,36,37,38,39,40,41,42,43,44,45,46,47,48,49,71,73,81,82,83,84,85,86,87,88,89,90,91,92,93,94,95,96,97,98,99,110,111,112,131,132,166,167,168,169,170,171,172,205,212,221,306,336,535,615,616,617,618,619,620,
10;0;2338;2372;0;4,14,16,18,19,20,21,22,23,24,25,26,27,28,29,30,31,32,33,34,35,36,37,38,39,40,41,42,43,44,45,46,47,48,49,71,73,81,82,83,84,85,86,87,88,89,90,91,92,93,94,95,96,97,98,99,110,111,112,131,132,166,167,168,169,170,171,172,205,212,221,306,336,535,615,616,617,618,619,620,
230;0;2372;2376;0;4,14,16,18,19,20,21,22,23,24,25,26,27,28,29,30,31,32,33,34,35,36,37,38,39,40,41,42,43,44,45,46,47,48,49,71,73,81,82,83,84,85,86,87,88,89,90,91,92,93,94,95,96,97,98,99,110,111,112,131,132,166,167,168,169,170,171,172,205,212,221,306,336,535,615,616,617,618,619,620,
232;0;2376;2415;1;4,14,16,18,19,20,21,22,23,24,25,26,27,28,29,30,31,32,33,34,35,36,37,38,39,40,41,42,43,44,45,46,47,48,49,71,73,81,82,83,84,85,86,87,88,89,90,91,92,93,94,95,96,97,98,99,110,111,112,131,132,166,167,168,169,170,171,172,205,212,221,306,336,535,615,616,617,618,619,620,
1;0;2415;2549;0;4,14,16,18,19,20,21,22,23,24,25,26,27,28,29,30,31,32,33,34,35,36,37,38,39,40,41,42,43,44,45,46,47,48,49,71,73,81,82,83,84,85,86,87,88,89,90,91,92,93,94,95,96,97,98,99,110,111,112,131,132,166,167,168,169,170,171,172,205,212,221,306,336,535,615,616,617,618,619,620,
1;1;2549;2588;0;4,14,16,18,19,20,21,22,23,24,25,26,27,28,29,30,31,32,33,34,35,36,37,38,39,40,41,42,43,44,45,46,47,48,49,71,73,81,82,83,84,85,86,87,88,89,90,91,92,93,94,95,96,97,98,99,110,111,112,131,132,166,167,168,169,170,171,172,205,212,221,306,336,535,615,616,617,618,619,620,
175;0;2588;2638;0;4,14,16,18,19,20,21,22,23,24,25,26,27,28,29,30,31,32,33,34,35,36,37,38,39,40,41,42,43,44,45,46,47,48,49,71,73,81,82,83,84,85,86,87,88,89,90,91,92,93,94,95,96,97,98,99,110,111,112,131,132,166,167,168,169,170,171,172,205,212,221,306,336,535,615,616,617,618,619,620,
175;1;2638;2677;0;4,14,16,18,19,20,21,22,23,24,25,26,27,28,29,30,31,32,33,34,35,36,37,38,39,40,41,42,43,44,45,46,47,48,49,71,73,81,82,83,84,85,86,87,88,89,90,91,92,93,94,95,96,97,98,99,110,111,112,131,132,166,167,168,169,170,171,172,205,212,221,306,336,535,615,616,617,618,619,620,
128;0;2677;2718;1;4,14,16,18,19,20,21,22,23,24,25,26,27,28,29,30,31,32,33,34,35,36,37,38,39,40,41,42,43,44,45,46,47,48,49,71,73,81,82,83,84,85,86,87,88,89,90,91,92,93,94,95,96,97,98,99,110,111,112,131,132,166,167,168,169,170,171,172,205,212,221,306,336,535,615,616,617,618,619,620,
103;0;2718;2842;0;4,14,16,18,19,20,21,22,23,24,25,26,27,28,29,30,31,32,33,34,35,36,37,38,39,40,41,42,43,44,45,46,47,48,49,71,73,81,82,83,84,85,86,87,88,89,90,91,92,93,94,95,96,97,98,99,110,111,112,131,132,166,167,168,169,170,171,172,205,212,221,306,336,535,615,616,617,618,619,620,
103;1;2842;2883;0;4,14,16,18,19,20,21,22,23,24,25,26,27,28,29,30,31,32,33,34,35,36,37,38,39,40,41,42,43,44,45,46,47,48,49,71,73,81,82,83,84,85,86,87,88,89,90,91,92,93,94,95,96,97,98,99,110,111,112,131,132,166,167,168,169,170,171,172,205,212,221,306,336,535,615,616,617,618,619,620,
246;0;2883;2924;0;4,14,16,18,19,20,21,22,23,24,25,26,27,28,29,30,31,32,33,34,35,36,37,38,39,40,41,42,43,44,45,46,47,48,49,71,73,81,82,83,84,85,86,87,88,89,90,91,92,93,94,95,96,97,98,99,110,111,112,131,132,166,167,168,169,170,171,172,205,212,221,306,336,535,615,616,617,618,619,620,
117;0;2924;2957;1;4,14,16,18,19,20,21,22,23,24,25,26,27,28,29,30,31,32,33,34,35,36,37,38,39,40,41,42,43,44,45,46,47,48,49,71,73,81,82,83,84,85,86,87,88,89,90,91,92,93,94,95,96,97,98,99,110,111,112,131,132,166,167,168,169,170,171,172,205,212,221,306,336,535,615,616,617,618,619,620,
117;1;2957;2968;1;4,14,16,18,19,20,21,22,23,24,25,26,27,28,29,30,31,32,33,34,35,36,37,38,39,40,41,42,43,44,45,46,47,48,49,71,73,81,82,83,84,85,86,87,88,89,90,91,92,93,94,95,96,97,98,99,110,111,112,131,132,166,167,168,169,170,171,172,205,212,221,306,336,535,615,616,617,618,619,620,
37;0;2968;3000;1;4,14,16,18,19,20,21,22,23,24,25,26,27,28,29,30,31,32,33,34,35,36,37,38,39,40,41,46,47,48,49,71,73,86,87,98,99,110,111,112,115,129,131,132,171,172,205,212,221,250,264,269,271,274,282,287,288,292,299,306,336,345,346,347,348,349,350,351,352,353,354,355,356,357,358,359,360,361,362,535,
37;1;3000;3016;1;4,14,16,18,19,20,21,22,23,24,25,26,27,28,29,30,31,32,33,34,35,36,37,38,39,40,41,46,47,48,49,71,73,86,87,98,99,110,111,112,115,129,131,132,171,172,205,212,221,250,264,269,271,274,282,287,288,292,299,306,336,345,346,347,348,349,350,351,352,353,354,355,356,357,358,359,360,361,362,535,
148;0;3016;3070;1;3,4,14,16,18,19,20,21,22,23,24,25,26,27,28,29,30,31,32,33,34,35,36,37,38,39,40,41,46,47,48,49,71,73,76,86,87,98,99,110,111,112,115,129,131,132,171,172,205,212,221,231,250,264,269,271,274,282,287,288,292,299,306,336,345,346,347,348,349,350,351,352,353,529,530,531,532,533,534,535,
158;0;3070;3124;0;3,4,14,16,18,19,20,21,22,23,24,25,26,27,28,29,30,31,32,33,34,35,36,37,38,39,40,41,46,47,48,49,71,73,76,86,87,98,99,110,111,112,115,129,131,132,171,172,205,212,221,231,250,264,269,271,274,282,287,288,292,299,306,336,345,346,347,348,349,350,351,352,353,529,530,531,532,533,534,535,
173;0;3124;3163;1;3,4,14,16,18,19,20,21,22,23,24,25,26,27,28,29,30,31,32,33,34,35,36,37,38,39,40,41,46,47,48,49,71,73,76,86,87,98,99,110,111,112,115,129,131,132,171,172,205,212,221,231,250,264,269,271,274,282,287,288,292,299,306,336,345,346,347,348,349,350,351,352,353,529,530,531,532,533,534,535,
173;1;3163;3204;1;3,4,14,16,18,19,20,21,22,23,24,25,26,27,28,29,30,31,32,33,34,35,36,37,38,39,40,41,46,47,48,49,71,73,76,86,87,98,99,110,111,112,115,129,131,132,171,172,205,212,221,231,250,264,269,271,274,282,287,288,292,299,306,336,345,346,347,348,349,350,351,352,353,529,530,531,532,533,534,535,
249;0;3204;3273;1;3,4,14,16,18,19,20,21,22,23,24,25,26,27,28,29,30,31,32,33,34,35,36,37,38,39,40,41,46,47,48,49,71,73,76,86,87,98,99,110,111,112,115,129,131,132,171,172,205,212,221,231,250,264,269,271,274,282,287,288,292,299,306,336,345,346,347,348,349,350,351,352,353,529,530,531,532,612,613,614,
249;1;3273;3291;1;3,4,14,16,18,19,20,21,22,23,24,25,26,27,28,29,30,31,32,33,34,35,36,37,38,39,40,41,46,47,48,49,71,73,76,86,87,98,99,110,111,112,115,129,131,132,171,172,205,212,221,231,250,264,269,271,274,282,287,288,292,299,306,336,345,346,347,348,349,350,351,352,353,529,530,531,532,612,613,614,
96;0;3291;3380;1;3,4,14,16,18,19,20,21,22,23,24,25,26,27,28,29,30,31,32,33,34,35,36,37,38,39,40,41,46,47,48,49,57,58,60,71,73,76,86,87,98,99,110,111,112,115,129,131,132,171,172,205,212,221,231,250,264,269,271,274,282,287,288,292,299,306,336,345,545,546,547,548,549,550,551,552,553,554,555,556,
98;0;3380;3469;0;3,4,14,16,18,19,20,21,22,23,24,25,26,27,28,29,30,31,32,33,34,35,36,37,38,39,40,41,46,47,48,49,57,58,60,71,73,76,86,87,98,99,110,111,112,115,129,131,132,171,172,205,212,221,231,250,264,269,271,274,282,287,288,292,299,306,336,345,545,546,547,548,549,550,551,552,553,554,555,556,
104;0;3469;3561;1;3,4,14,16,18,19,20,21,22,23,24,25,26,46,47,48,49,57,58,60,71,73,76,86,87,98,99,110,111,112,115,129,131,132,171,172,205,212,221,231,250,264,269,271,274,282,287,288,292,299,306,318,369,370,371,372,373,374,375,376,377,378,379,380,381,382,383,384,545,546,547,548,549,550,551,552,553,554,555,556,
35;0;3561;3605;0;4,14,16,25,26,46,47,48,49,57,58,60,71,73,76,86,87,98,99,110,111,112,115,129,131,132,171,172,180,181,182,183,184,185,186,187,188,189,190,191,192,193,194,195,196,197,198,199,200,201,205,212,221,231,269,271,282,288,292,299,306,318,369,370,371,372,373,374,375,376,377,378,379,380,381,382,383,384,545,546,
35;1;3605;3697;0;4,14,16,25,26,46,47,48,49,57,58,60,71,73,76,86,87,98,99,110,111,112,115,129,131,132,171,172,180,181,182,183,184,185,186,187,188,189,190,191,192,193,194,195,196,197,198,199,200,201,205,212,221,231,269,271,282,288,292,299,306,318,369,370,371,372,373,374,375,376,377,378,379,380,381,382,383,384,545,546,
99;0;3697;3734;0;4,14,16,25,26,46,47,48,49,57,58,60,71,73,76,86,87,98,99,110,111,112,115,129,131,132,171,172,180,181,182,183,184,185,186,187,188,189,190,191,192,193,194,195,196,197,198,199,200,201,205,212,221,231,269,271,282,288,292,299,306,318,369,370,371,372,373,374,375,376,377,378,379,380,381,382,383,384,545,546,
99;1;3734;3826;0;4,14,16,25,26,46,47,48,49,57,58,60,71,73,76,86,87,98,99,110,111,112,115,129,131,132,171,172,180,181,182,183,184,185,186,187,188,189,190,191,192,193,194,195,196,197,198,199,200,201,205,212,221,231,269,271,282,288,292,299,306,318,369,370,371,372,373,374,375,376,377,378,379,380,381,382,383,384,545,546,
165;0;3826;3909;1;4,14,16,25,26,46,47,48,49,57,58,60,71,73,76,86,87,98,99,110,111,112,115,129,131,132,171,172,180,181,182,183,184,185,186,187,188,189,190,191,192,193,194,195,196,197,198,199,200,201,205,212,221,231,269,271,282,288,292,299,306,318,369,370,371,372,373,374,375,376,377,378,379,380,381,382,383,384,545,546,
165;1;3909;3920;1;4,14,16,25,26,46,47,48,49,57,58,60,71,73,76,86,87,98,99,110,111,112,115,129,131,132,171,172,180,181,182,183,184,185,186,187,188,189,190,191,192,193,194,195,196,197,198,199,200,201,205,212,221,231,269,271,282,288,292,299,306,318,369,370,371,372,373,374,375,376,377,378,379,380,381,382,383,384,545,546,
132;0;3920;4015;1;4,14,16,25,26,46,47,48,49,57,58,60,71,73,76,86,87,98,99,110,111,112,115,129,131,132,171,172,180,181,182,183,184,185,186,187,188,189,190,191,192,193,194,195,196,197,198,199,200,201,205,212,221,231,269,271,282,288,292,299,306,318,369,370,371,372,373,374,375,376,377,378,379,380,381,382,383,384,545,546,
155;0;4015;4088;0;4,14,16,25,26,46,47,48,49,57,58,60,71,73,76,86,87,98,99,110,111,112,115,129,131,132,171,172,180,181,182,183,184,185,186,187,188,189,190,191,192,193,194,195,196,197,198,199,200,201,205,212,221,231,269,271,282,288,292,299,306,318,369,370,371,372,373,374,375,376,377,378,379,380,381,382,383,384,545,546,
155;1;4088;4183;0;4,14,16,25,26,46,47,48,49,57,58,60,71,73,76,86,87,98,99,110,111,112,115,129,131,132,171,172,180,181,182,183,184,185,186,187,188,189,190,191,192,193,194,195,196,197,198,199,200,201,205,212,221,231,269,271,282,288,292,299,306,318,369,370,371,372,373,374,375,376,377,378,379,380,381,382,383,384,545,546,
199;0;4183;4238;0;4,14,16,25,26,46,47,48,49,57,58,60,71,73,76,86,87,98,99,110,111,112,115,129,131,132,171,172,180,181,182,183,184,185,186,187,188,189,190,191,192,193,194,195,196,197,198,199,200,201,205,212,221,231,269,271,282,288,292,299,306,318,369,370,371,372,373,374,375,376,377,378,379,380,381,382,383,384,545,546,
199;1;4238;4333;0;4,14,16,25,26,46,47,48,49,57,58,60,71,73,76,86,87,98,99,110,111,112,115,129,131,132,171,172,180,181,182,183,184,185,186,187,188,189,190,191,192,193,194,195,196,197,198,199,200,201,205,212,221,231,269,271,282,288,292,299,306,318,369,370,371,372,373,374,375,376,377,378,379,380,381,382,383,384,545,546,
18;0;4333;4428;0;4,14,16,25,26,46,47,48,49,57,58,60,71,73,76,86,87,98,99,110,111,112,115,129,131,132,171,172,180,181,182,183,184,185,186,187,188,189,190,191,192,193,194,195,196,197,198,199,200,201,205,212,221,231,269,271,282,288,292,299,306,318,369,370,371,372,373,374,375,376,377,378,379,380,381,382,383,384,545,546,
14;0;4428;4523;0;4,14,16,25,26,46,47,48,49,57,58,60,71,73,76,86,87,98,99,110,111,112,115,129,131,132,171,172,180,181,182,183,184,185,186,187,188,189,190,191,192,193,194,195,196,197,198,199,200,201,205,212,221,231,269,271,282,288,292,299,306,318,369,370,371,372,373,374,375,376,377,378,379,380,381,382,383,384,545,546,
208;0;4523;4624;1;4,14,16,25,26,46,47,48,49,57,58,60,71,73,76,86,87,98,99,110,111,112,115,129,131,132,171,172,180,181,182,183,184,185,186,187,188,189,190,191,192,193,194,195,196,197,198,205,212,221,231,269,271,282,288,292,299,306,307,308,309,318,369,370,371,372,373,374,375,376,377,378,379,380,381,382,383,384,545,546,
223;0;4624;4779;0;4,14,16,25,26,46,47,48,49,57,58,60,71,73,76,86,87,98,99,110,111,112,115,129,131,132,171,172,180,181,182,183,184,185,186,187,188,189,190,191,192,193,194,195,196,197,198,205,212,221,231,269,271,282,288,292,299,306,307,308,309,318,369,370,371,372,373,374,375,376,377,378,379,380,381,382,383,384,545,546,
223;1;4779;4880;0;4,14,16,25,26,46,47,48,49,57,58,60,71,73,76,86,87,98,99,110,111,112,115,129,131,132,171,172,180,181,182,183,184,185,186,187,188,189,190,191,192,193,194,195,196,197,198,205,212,221,231,269,271,282,288,292,299,306,307,308,309,318,369,370,371,372,373,374,375,376,377,378,379,380,381,382,383,384,545,546,
234;0;4880;4981;0;4,14,16,25,26,46,47,48,49,57,58,60,71,73,76,86,87,98,99,110,111,112,115,129,131,132,171,172,180,181,182,183,184,185,186,187,188,189,190,191,192,193,194,195,196,197,198,205,212,221,231,269,271,282,288,292,299,306,307,308,309,318,369,370,371,372,373,374,375,376,377,378,379,380,381,382,383,384,545,546,
78;0;4981;5082;0;25,26,57,58,60,71,73,76,87,98,99,100,101,102,103,104,105,106,107,108,109,110,111,112,113,114,115,116,117,118,119,120,121,122,123,124,125,126,127,128,129,130,131,132,171,180,189,190,205,212,221,231,265,269,271,272,275,282,288,292,294,299,306,307,308,309,332,333,334,335,390,391,392,393,394,395,396,397,398,399,
8;0;5082;5188;1;25,26,57,58,60,71,73,76,87,98,99,100,101,102,103,104,105,106,107,108,109,110,111,112,113,114,115,116,117,118,119,120,121,122,123,124,125,126,127,128,129,130,131,132,171,180,189,190,205,212,221,231,265,269,271,272,275,282,288,292,294,299,306,307,308,309,332,333,334,335,390,391,392,393,394,395,396,397,398,399,
11;0;5188;5232;0;25,26,57,58,60,71,73,76,87,98,99,100,101,102,103,104,105,106,107,108,109,110,111,112,113,114,115,116,117,118,119,120,121,122,123,124,125,126,127,128,129,130,131,132,171,180,189,190,205,212,221,231,265,269,271,272,275,282,288,292,294,299,306,307,308,309,332,333,334,335,390,391,392,393,394,395,396,397,398,399,
11;1;5232;5338;0;25,26,57,58,60,71,73,76,87,98,99,100,101,102,103,104,105,106,107,108,109,110,111,112,113,114,115,116,117,118,119,120,121,122,123,124,125,126,127,128,129,130,131,132,171,180,189,190,205,212,221,231,265,269,271,272,275,282,288,292,294,299,306,307,308,309,332,333,334,335,390,391,392,393,394,395,396,397,398,399,
94;0;5338;5444;0;25,26,57,58,60,71,73,76,87,98,99,100,101,102,103,104,105,106,107,108,109,110,111,112,113,114,115,116,117,118,119,120,121,122,123,124,125,126,127,128,129,130,131,132,171,180,189,190,205,212,221,231,265,269,271,272,275,282,288,292,294,299,306,307,308,309,332,333,334,335,390,391,392,393,394,395,396,397,398,399,
40;0;5444;5557;1;25,26,57,58,60,71,73,76,87,98,99,100,101,102,103,104,105,106,107,108,109,110,111,112,113,114,115,116,117,118,119,120,121,122,123,124,125,126,127,128,129,130,131,132,171,180,189,190,205,212,221,231,265,269,271,272,275,282,288,292,294,299,306,307,308,309,332,333,334,335,390,391,392,393,394,395,396,397,398,399,
212;0;5557;5671;1;25,26,57,58,60,71,73,76,87,98,99,100,101,102,103,104,105,106,107,108,109,110,111,112,113,114,115,116,117,118,119,120,121,122,123,124,125,126,127,128,129,130,131,132,171,180,189,190,205,212,221,231,265,269,271,272,275,282,288,292,294,299,306,307,308,309,332,333,334,335,390,391,392,393,394,395,396,397,398,399,
107;0;5671;5676;0;25,26,57,58,60,71,73,76,87,98,99,100,101,102,103,104,105,106,107,108,109,110,111,112,113,114,115,116,117,118,119,120,121,122,123,124,125,126,127,128,129,130,131,132,171,180,189,190,205,212,221,231,265,269,271,272,275,282,288,292,294,299,306,307,308,309,332,333,334,335,390,391,392,393,394,395,396,397,398,399,
107;1;5676;5790;0;25,26,57,58,60,71,73,76,87,98,99,100,101,102,103,104,105,106,107,108,109,110,111,112,113,114,115,116,117,118,119,120,121,122,123,124,125,126,127,128,129,130,131,132,171,180,189,190,205,212,221,231,265,269,271,272,275,282,288,292,294,299,306,307,308,309,332,333,334,335,390,391,392,393,394,395,396,397,398,399,
30;0;5790;5904;0;25,26,57,58,60,71,73,76,87,98,99,100,101,102,103,104,105,106,107,108,109,110,111,112,113,114,115,116,117,118,119,120,121,122,123,124,125,126,127,128,129,130,131,132,171,180,189,190,205,212,221,231,265,269,271,272,275,282,288,292,294,299,306,307,308,309,332,333,334,335,390,391,392,393,394,395,396,397,398,399,
44;0;5904;6034;1;25,26,52,53,54,57,58,60,71,73,76,87,98,99,100,101,102,103,104,105,106,107,108,109,110,111,112,113,114,115,116,117,118,119,120,121,122,123,124,125,126,127,128,129,130,131,132,171,180,189,190,205,212,221,231,265,269,271,272,275,282,288,292,294,299,306,332,333,334,335,390,391,392,393,394,395,396,397,398,399,
151;0;6034;6192;0;25,26,52,53,54,57,58,60,71,73,76,87,98,99,100,101,102,103,104,105,106,107,108,109,110,111,112,113,114,115,116,117,118,119,120,121,122,123,124,125,126,127,128,129,130,131,132,171,180,189,190,205,212,221,231,265,269,271,272,275,282,288,292,294,299,306,332,333,334,335,390,391,392,393,394,395,396,397,398,399,
151;1;6192;6322;0;25,26,52,53,54,57,58,60,71,73,76,87,98,99,100,101,102,103,104,105,106,107,108,109,110,111,112,113,114,115,116,117,118,119,120,121,122,123,124,125,126,127,128,129,130,131,132,171,180,189,190,205,212,221,231,265,269,271,272,275,282,288,292,294,299,306,332,333,334,335,390,391,392,393,394,395,396,397,398,399,
115;0;6322;6434;0;12,25,26,52,53,54,57,58,60,71,73,76,98,99,100,101,102,103,104,105,106,107,108,109,110,111,112,123,126,131,132,133,134,135,136,137,138,139,140,141,142,143,144,145,146,147,148,149,150,151,152,153,154,155,156,157,158,159,160,161,162,163,164,165,171,189,205,212,221,231,272,275,282,441,442,443,444,445,446,447,
115;1;6434;6564;0;12,25,26,52,53,54,57,58,60,71,73,76,98,99,100,101,102,103,104,105,106,107,108,109,110,111,112,123,126,131,132,133,134,135,136,137,138,139,140,141,142,143,144,145,146,147,148,149,150,151,152,153,154,155,156,157,158,159,160,161,162,163,164,165,171,189,205,212,221,231,272,275,282,441,442,443,444,445,446,447,
131;0;6564;6603;0;12,25,26,52,53,54,57,58,60,71,73,76,98,99,100,101,102,103,104,105,106,107,108,109,110,111,112,123,126,131,132,133,134,135,136,137,138,139,140,141,142,143,144,145,146,147,148,149,150,151,152,153,154,155,156,157,158,159,160,161,162,163,164,165,171,189,205,212,221,231,272,275,282,441,442,443,444,445,446,447,
131;1;6603;6733;0;12,25,26,52,53,54,57,58,60,71,73,76,98,99,100,101,102,103,104,105,106,107,108,109,110,111,112,123,126,131,132,133,134,135,136,137,138,139,140,141,142,143,144,145,146,147,148,149,150,151,152,153,154,155,156,157,158,159,160,161,162,163,164,165,171,189,205,212,221,231,272,275,282,441,442,443,444,445,446,447,
4;0;6733;6863;1;12,25,26,52,53,54,57,58,60,71,73,76,98,99,100,101,102,103,104,105,106,107,108,109,110,111,112,123,126,131,132,133,134,135,136,137,138,139,140,141,142,143,144,145,146,147,148,149,150,151,152,153,154,155,156,157,158,159,160,161,162,163,164,165,171,189,205,212,221,231,272,275,282,441,442,443,444,445,446,447,
9;0;6863;6923;1;12,25,26,52,53,54,57,58,60,71,73,76,98,99,100,101,102,103,104,105,106,107,108,109,110,111,112,123,126,131,132,133,134,135,136,137,138,139,140,141,142,143,144,145,146,147,148,149,150,151,152,153,154,155,156,157,158,159,160,161,162,163,164,165,171,189,205,212,221,231,272,275,282,441,442,443,444,445,446,447,
9;1;6923;6997;1;12,25,26,52,53,54,57,58,60,71,73,76,98,99,100,101,102,103,104,105,106,107,108,109,110,111,112,123,126,131,132,133,134,135,136,137,138,139,140,141,142,143,144,145,146,147,148,149,150,151,152,153,154,155,156,157,158,159,160,161,162,163,164,165,171,189,205,212,221,231,272,275,282,441,442,443,444,445,446,447,
56;0;6997;7131;1;12,25,26,52,53,54,57,58,60,71,73,76,98,99,100,101,102,103,104,105,106,107,108,109,110,111,112,123,126,131,132,133,134,135,136,137,138,139,140,141,142,143,144,145,146,147,148,149,150,151,152,153,154,155,156,157,158,159,160,161,162,163,164,165,171,189,205,212,221,231,272,275,282,441,442,443,444,445,446,447,
202;0;7131;7265;0;12,25,26,52,53,54,57,58,60,71,73,76,98,99,100,101,102,103,104,105,106,107,108,109,110,111,112,123,126,131,132,133,134,135,136,137,138,139,140,141,142,143,144,145,146,147,148,149,150,151,152,153,154,155,156,157,158,159,160,161,162,163,164,165,171,189,205,212,221,231,272,275,282,441,442,443,444,445,446,447,
72;0;7265;7403;1;25,26,57,58,60,71,73,76,98,99,100,101,102,103,104,105,106,107,108,109,110,111,112,123,126,171,189,202,203,204,205,206,207,208,209,210,211,212,213,214,215,216,217,218,219,220,221,222,223,224,225,226,227,228,229,230,231,232,233,234,235,236,237,238,239,240,241,242,243,244,272,275,282,441,442,443,444,445,446,447,
15;0;7403;7469;0;25,26,57,58,60,71,73,76,98,99,100,101,102,103,104,105,106,107,108,109,110,111,112,123,126,171,189,202,203,204,205,206,207,208,209,210,211,212,213,214,215,216,217,218,219,220,221,222,223,224,225,226,227,228,229,230,231,232,233,234,235,236,237,238,239,240,241,242,243,244,272,275,282,441,442,443,444,445,446,447,
15;1;7469;7607;0;25,26,57,58,60,71,73,76,98,99,100,101,102,103,104,105,106,107,108,109,110,111,112,123,126,171,189,202,203,204,205,206,207,208,209,210,211,212,213,214,215,216,217,218,219,220,221,222,223,224,225,226,227,228,229,230,231,232,233,234,235,236,237,238,239,240,241,242,243,244,272,275,282,441,442,443,444,445,446,447,
179;0;7607;7660;0;25,26,57,58,60,71,73,76,98,99,100,101,102,103,104,105,106,107,108,109,110,111,112,123,126,171,189,202,203,204,205,206,207,208,209,210,211,212,213,214,215,216,217,218,219,220,221,222,223,224,225,226,227,228,229,230,231,232,233,234,235,236,237,238,239,240,241,242,243,244,272,275,282,441,442,443,444,445,446,447,
179;1;7660;7798;0;25,26,57,58,60,71,73,76,98,99,100,101,102,103,104,105,106,107,108,109,110,111,112,123,126,171,189,202,203,204,205,206,207,208,209,210,211,212,213,214,215,216,217,218,219,220,221,222,223,224,225,226,227,228,229,230,231,232,233,234,235,236,237,238,239,240,241,242,243,244,272,275,282,441,442,443,444,445,446,447,
184;0;7798;7945;1;26,55,56,57,58,59,60,61,62,63,64,65,66,67,68,69,70,71,72,73,74,75,76,77,78,79,80,98,99,100,101,102,103,104,105,106,107,108,109,110,111,112,123,126,189,251,272,275,280,282,312,366,441,442,443,444,445,446,507,508,509,510,511,512,513,514,515,516,517,518,519,520,521,522,523,524,525,526,527,528,
119;0;7945;7998;0;26,55,56,57,58,59,60,61,62,63,64,65,66,67,68,69,70,71,72,73,74,75,76,77,78,79,80,98,99,100,101,102,103,104,105,106,107,108,109,110,111,112,123,126,189,251,272,275,280,282,312,366,441,442,443,444,445,446,507,508,509,510,511,512,513,514,515,516,517,518,519,520,521,522,523,524,525,526,527,528,
119;1;7998;8145;0;26,55,56,57,58,59,60,61,62,63,64,65,66,67,68,69,70,71,72,73,74,75,76,77,78,79,80,98,99,100,101,102,103,104,105,106,107,108,109,110,111,112,123,126,189,251,272,275,280,282,312,366,441,442,443,444,445,446,507,508,509,510,511,512,513,514,515,516,517,518,519,520,521,522,523,524,525,526,527,528,
112;0;8145;8295;1;26,55,56,57,58,59,60,61,62,63,64,65,66,67,68,69,70,71,72,73,74,75,76,77,78,79,80,98,99,100,101,102,103,104,105,106,107,108,109,110,111,112,123,126,189,251,272,275,280,282,312,366,441,442,443,444,445,446,507,508,509,510,511,512,513,514,515,516,517,518,519,520,521,522,523,524,525,526,527,528,
166;0;8295;8445;0;26,55,56,57,58,59,60,61,62,63,64,65,66,67,68,69,70,71,72,73,74,75,76,77,78,79,80,98,99,100,101,102,103,104,105,106,107,108,109,110,111,112,123,126,189,251,272,275,280,282,312,366,441,442,443,444,445,446,507,508,509,510,511,512,513,514,515,516,517,518,519,520,521,522,523,524,525,526,527,528,
240;0;8445;8597;1;26,55,56,57,58,59,60,61,62,63,64,65,66,67,68,69,70,71,72,73,74,75,76,77,78,79,80,98,99,100,101,102,103,104,105,106,107,108,109,110,111,112,123,126,189,251,272,275,280,282,312,366,441,442,443,444,445,446,507,508,509,510,511,512,513,514,515,516,517,518,519,520,521,522,523,524,525,526,527,528,
159;0;8597;8734;0;26,55,56,57,58,59,60,61,62,63,64,65,66,67,68,69,70,71,72,73,74,75,76,77,78,79,80,98,99,100,101,102,103,104,105,106,107,108,109,110,111,112,123,126,189,251,272,275,280,282,312,366,441,442,443,444,445,446,507,508,509,510,511,512,513,514,515,516,517,518,519,520,521,522,523,524,525,526,527,528,
159;1;8734;8886;0;26,55,56,57,58,59,60,61,62,63,64,65,66,67,68,69,70,71,72,73,74,75,76,77,78,79,80,98,99,100,101,102,103,104,105,106,107,108,109,110,111,112,123,126,189,251,272,275,280,282,312,366,441,442,443,444,445,446,507,508,509,510,511,512,513,514,515,516,517,518,519,520,521,522,523,524,525,526,527,528,
82;0;8886;9038;0;26,55,56,57,58,59,60,61,62,63,64,65,66,67,68,69,70,71,72,73,74,75,76,77,78,79,80,98,99,100,101,102,103,104,105,106,107,108,109,110,111,112,123,126,189,251,272,275,280,282,312,366,441,442,443,444,445,446,507,508,509,510,511,512,513,514,515,516,517,518,519,520,521,522,523,524,525,526,527,528,
200;0;9038;9196;1;26,55,56,57,58,59,60,61,62,63,64,65,66,67,68,69,70,71,72,73,74,75,76,77,78,79,80,98,99,100,101,102,103,104,105,106,107,108,109,110,111,112,123,126,189,251,268,272,275,276,280,282,312,366,385,386,387,388,389,441,442,443,444,445,446,507,508,509,510,511,512,513,514,515,516,517,518,519,520,521,
39;0;9196;9235;0;26,55,56,57,58,59,60,61,62,63,64,65,66,67,68,69,70,71,72,73,74,75,76,77,78,79,80,98,99,100,101,102,103,104,105,106,107,108,109,110,111,112,123,126,189,251,268,272,275,276,280,282,296,310,311,312,313,314,315,316,317,366,385,386,387,388,389,441,442,443,444,445,446,507,508,509,510,511,512,513,
39;1;9235;9393;0;26,55,56,57,58,59,60,61,62,63,64,65,66,67,68,69,70,71,72,73,74,75,76,77,78,79,80,98,99,100,101,102,103,104,105,106,107,108,109,110,111,112,123,126,189,251,268,272,275,276,280,282,296,310,311,312,313,314,315,316,317,366,385,386,387,388,389,441,442,443,444,445,446,507,508,509,510,511,512,513,
238;0;9393;9551;0;26,55,56,57,58,59,60,61,62,63,64,65,66,67,68,69,70,71,72,73,74,75,76,77,78,79,80,98,99,100,101,102,103,104,105,106,107,108,109,110,111,112,123,126,189,251,268,272,275,276,280,282,296,310,311,312,313,314,315,316,317,366,385,386,387,388,389,441,442,443,444,445,446,507,508,509,510,511,512,513,
36;0;9551;9711;1;26,55,56,57,58,59,60,61,62,63,64,65,66,67,68,69,70,71,72,73,74,75,76,77,78,79,80,98,99,100,101,102,103,104,105,106,107,108,109,110,111,112,123,126,189,251,268,272,275,276,280,282,296,310,311,312,313,314,315,316,317,366,385,386,387,388,389,441,442,443,444,445,446,507,508,509,510,511,512,513,
167;0;9711;9883;0;26,55,56,57,58,59,60,61,62,63,64,65,66,67,68,69,70,71,72,73,74,75,76,77,78,79,80,98,99,100,101,102,103,104,105,106,107,108,109,110,111,112,123,126,189,251,268,272,275,276,280,282,296,310,311,312,313,314,315,316,317,366,385,386,387,388,389,441,442,443,444,445,446,507,508,509,510,511,512,513,
167;1;9883;10043;0;26,55,56,57,58,59,60,61,62,63,64,65,66,67,68,69,70,71,72,73,74,75,76,77,78,79,80,98,99,100,101,102,103,104,105,106,107,108,109,110,111,112,123,126,189,251,268,272,275,276,280,282,296,310,311,312,313,314,315,316,317,366,385,386,387,388,389,441,442,443,444,445,446,507,508,509,510,511,512,513,
END
fineshedJobsCount: 247
switchs: 1076
switchsInstances: 54
unfineshedPriorityCount: 99
finalSolution: 2824
totalUnfineshed: 129
Time: 9
