./input/BaseInstances/2M1_n=10,r=0.5,t=17,v0.txt;./input/Processed/ToolSetInt.csv
7;720;1440
Machine: 0
2;0;0;11;1;0,1,2,3,4,5,6,7,8,9,10,11,12,13,14,15,16,
3;0;11;109;0;0,1,2,3,4,5,6,7,8,9,10,11,12,13,14,15,16,
3;1;109;137;0;0,1,2,3,4,5,6,7,8,9,10,11,12,13,14,15,16,
5;0;137;167;1;0,1,2,3,4,5,6,7,8,9,10,11,12,13,14,15,16,
5;1;167;314;1;0,1,2,3,4,5,6,7,8,9,10,11,12,13,14,15,16,
Machine: 1
0;0;0;39;1;0,1,2,3,4,5,6,7,8,9,10,11,12,13,14,15,16,
0;1;39;107;1;0,1,2,3,4,5,6,7,8,9,10,11,12,13,14,15,16,
1;0;107;259;0;0,1,2,3,4,5,6,7,8,9,10,11,12,13,14,15,16,
1;1;259;298;0;0,1,2,3,4,5,6,7,8,9,10,11,12,13,14,15,16,
4;0;298;428;1;0,1,2,3,4,5,6,7,8,9,10,11,12,13,14,15,16,
END
fineshedJobsCount: 10
switchs: 0
switchsInstances: 0
unfineshedPriorityCount: 6
finalSolution: 120
totalUnfineshed: 0
Time: 0
