./input/BaseInstances/6M1_n=210,r=0.6,t=266,v0.txt;./input/Processed/ToolSetInt.csv
7;720;1440
Machine: 0
11;0;0;34;1;0,1,2,3,5,20,22,29,36,37,38,48,53,54,57,63,64,65,66,67,68,69,80,81,82,83,84,85,86,87,88,89,90,91,92,93,94,95,96,97,101,102,104,106,113,132,133,134,135,136,137,138,139,140,141,151,167,168,169,170,171,172,208,216,229,230,231,232,233,234,235,236,245,246,247,253,254,255,258,259,
11;1;34;48;1;0,1,2,3,5,20,22,29,36,37,38,48,53,54,57,63,64,65,66,67,68,69,80,81,82,83,84,85,86,87,88,89,90,91,92,93,94,95,96,97,101,102,104,106,113,132,133,134,135,136,137,138,139,140,141,151,167,168,169,170,171,172,208,216,229,230,231,232,233,234,235,236,245,246,247,253,254,255,258,259,
61;0;48;84;1;0,1,2,3,5,20,22,29,36,37,38,48,53,54,57,63,64,65,66,67,68,69,80,81,82,83,84,85,86,87,88,89,90,91,92,93,94,95,96,97,101,102,104,106,113,132,133,134,135,136,137,138,139,140,141,151,167,168,169,170,171,172,208,216,229,230,231,232,233,234,235,236,245,246,247,253,254,255,258,259,
61;1;84;174;1;0,1,2,3,5,20,22,29,36,37,38,48,53,54,57,63,64,65,66,67,68,69,80,81,82,83,84,85,86,87,88,89,90,91,92,93,94,95,96,97,101,102,104,106,113,132,133,134,135,136,137,138,139,140,141,151,167,168,169,170,171,172,208,216,229,230,231,232,233,234,235,236,245,246,247,253,254,255,258,259,
8;0;174;287;0;0,1,2,3,5,20,22,29,36,37,38,48,53,54,57,63,64,65,66,67,68,69,80,81,82,83,84,85,86,87,88,89,90,91,92,93,94,95,96,97,101,102,104,106,113,132,133,134,135,136,137,138,139,140,141,151,167,168,169,170,171,172,208,216,229,230,231,232,233,234,235,236,245,246,247,253,254,255,258,259,
8;1;287;423;0;0,1,2,3,5,20,22,29,36,37,38,48,53,54,57,63,64,65,66,67,68,69,80,81,82,83,84,85,86,87,88,89,90,91,92,93,94,95,96,97,101,102,104,106,113,132,133,134,135,136,137,138,139,140,141,151,167,168,169,170,171,172,208,216,229,230,231,232,233,234,235,236,245,246,247,253,254,255,258,259,
98;0;423;496;0;0,1,2,3,5,20,22,29,36,37,38,48,53,54,57,63,64,65,66,67,68,69,80,81,82,83,84,85,86,87,88,89,90,91,92,93,94,95,96,97,101,102,104,106,113,132,133,134,135,136,137,138,139,140,141,151,167,168,169,170,171,172,208,216,229,230,231,232,233,234,235,236,245,246,247,253,254,255,258,259,
98;1;496;653;0;0,1,2,3,5,20,22,29,36,37,38,48,53,54,57,63,64,65,66,67,68,69,80,81,82,83,84,85,86,87,88,89,90,91,92,93,94,95,96,97,101,102,104,106,113,132,133,134,135,136,137,138,139,140,141,151,167,168,169,170,171,172,208,216,229,230,231,232,233,234,235,236,245,246,247,253,254,255,258,259,
23;0;653;759;0;0,1,2,3,5,20,22,29,36,37,38,48,53,54,57,63,64,65,66,67,68,69,80,81,82,83,84,85,86,87,88,89,90,91,92,93,94,95,96,97,101,102,104,106,113,132,133,134,135,136,137,138,139,140,141,151,167,168,169,170,171,172,208,216,229,230,231,232,233,234,235,236,245,246,247,253,254,255,258,259,
23;1;759;916;0;0,1,2,3,5,20,22,29,36,37,38,48,53,54,57,63,64,65,66,67,68,69,80,81,82,83,84,85,86,87,88,89,90,91,92,93,94,95,96,97,101,102,104,106,113,132,133,134,135,136,137,138,139,140,141,151,167,168,169,170,171,172,208,216,229,230,231,232,233,234,235,236,245,246,247,253,254,255,258,259,
18;0;916;1002;0;0,1,2,3,5,20,22,29,36,37,38,48,53,54,57,63,64,65,66,67,68,69,80,81,82,83,84,85,86,87,88,89,90,91,92,93,94,95,96,97,101,102,104,106,113,132,133,134,135,136,137,138,139,140,141,151,167,168,169,170,171,172,208,216,229,230,231,232,233,234,235,236,245,246,247,253,254,255,258,259,
18;1;1002;1136;0;0,1,2,3,5,20,22,29,36,37,38,48,53,54,57,63,64,65,66,67,68,69,80,81,82,83,84,85,86,87,88,89,90,91,92,93,94,95,96,97,101,102,104,106,113,132,133,134,135,136,137,138,139,140,141,151,167,168,169,170,171,172,208,216,229,230,231,232,233,234,235,236,245,246,247,253,254,255,258,259,
40;0;1136;1300;0;0,1,2,3,5,20,22,29,36,37,38,48,53,54,57,63,64,65,66,67,68,69,80,81,82,83,84,85,86,87,88,89,90,91,92,93,94,95,96,97,101,102,104,106,113,132,133,134,135,136,137,138,139,140,141,151,167,168,169,170,171,172,208,216,229,230,231,232,233,234,235,236,245,246,247,253,254,255,258,259,
128;0;1300;1378;0;0,1,2,3,5,20,22,29,36,37,38,48,53,54,57,63,64,65,66,67,68,69,80,81,82,83,84,85,86,87,88,89,90,91,92,93,94,95,96,97,101,102,104,106,113,132,133,134,135,136,137,138,139,140,141,151,167,168,169,170,171,172,208,216,229,230,231,232,233,234,235,236,245,246,247,253,254,255,258,259,
128;1;1378;1456;0;0,1,2,3,5,20,22,29,36,37,38,48,53,54,57,63,64,65,66,67,68,69,80,81,82,83,84,85,86,87,88,89,90,91,92,93,94,95,96,97,101,102,104,106,113,132,133,134,135,136,137,138,139,140,141,151,167,168,169,170,171,172,208,216,229,230,231,232,233,234,235,236,245,246,247,253,254,255,258,259,
62;0;1456;1603;0;0,1,2,3,5,20,22,29,36,37,38,48,53,54,57,63,64,65,66,67,68,69,80,81,82,83,84,85,86,87,88,89,90,91,92,93,94,95,96,97,101,102,104,106,113,132,133,134,135,136,137,138,139,140,141,151,167,168,169,170,171,172,208,216,229,230,231,232,233,234,235,236,245,246,247,253,254,255,258,259,
50;0;1603;1742;0;0,1,2,3,5,20,22,29,36,37,38,48,53,54,57,63,64,65,66,67,68,69,80,81,82,83,84,85,86,87,88,89,90,91,92,93,94,95,96,97,101,102,104,106,113,132,133,134,135,136,137,138,139,140,141,151,167,168,169,170,171,172,208,216,229,230,231,232,233,234,235,236,245,246,247,253,254,255,258,259,
92;0;1742;1873;0;0,1,2,3,5,20,22,29,36,37,38,48,53,54,57,63,64,65,66,67,68,69,80,81,82,83,84,85,86,87,88,89,90,91,92,93,94,95,96,97,101,102,104,106,113,132,133,134,135,136,137,138,139,140,141,151,167,168,169,170,171,172,208,216,229,230,231,232,233,234,235,236,245,246,247,253,254,255,258,259,
22;0;1873;1982;0;0,1,2,3,5,20,22,29,36,37,38,48,53,54,57,63,64,65,66,67,68,69,80,81,82,83,84,85,86,87,88,89,90,91,92,93,94,95,96,97,101,102,104,106,113,132,133,134,135,136,137,138,139,140,141,151,167,168,169,170,171,172,208,216,229,230,231,232,233,234,235,236,245,246,247,253,254,255,258,259,
108;0;1982;1988;0;0,1,2,3,5,20,22,29,36,37,38,48,53,54,57,63,64,65,66,67,68,69,80,81,82,83,84,85,86,87,88,89,90,91,92,93,94,95,96,97,101,102,104,106,113,132,133,134,135,136,137,138,139,140,141,151,167,168,169,170,171,172,208,216,229,230,231,232,233,234,235,236,245,246,247,253,254,255,258,259,
108;1;1988;2065;0;0,1,2,3,5,20,22,29,36,37,38,48,53,54,57,63,64,65,66,67,68,69,80,81,82,83,84,85,86,87,88,89,90,91,92,93,94,95,96,97,101,102,104,106,113,132,133,134,135,136,137,138,139,140,141,151,167,168,169,170,171,172,208,216,229,230,231,232,233,234,235,236,245,246,247,253,254,255,258,259,
42;0;2065;2136;0;0,1,2,3,5,20,22,29,36,37,38,48,53,54,57,63,64,65,66,67,68,69,80,81,82,83,84,85,86,87,88,89,90,91,92,93,94,95,96,97,101,102,104,106,113,132,133,134,135,136,137,138,139,140,141,151,167,168,169,170,171,172,208,216,229,230,231,232,233,234,235,236,245,246,247,253,254,255,258,259,
63;0;2136;2166;0;0,1,2,3,5,20,22,29,30,31,32,33,34,35,36,37,38,48,53,54,55,56,57,58,59,60,61,62,63,64,65,66,67,68,69,70,71,72,73,74,75,76,77,78,79,80,81,82,83,84,85,86,87,90,127,135,157,183,197,200,201,202,203,204,205,208,209,210,214,215,216,217,237,238,239,240,241,242,243,244,
63;1;2166;2197;0;0,1,2,3,5,20,22,29,30,31,32,33,34,35,36,37,38,48,53,54,55,56,57,58,59,60,61,62,63,64,65,66,67,68,69,70,71,72,73,74,75,76,77,78,79,80,81,82,83,84,85,86,87,90,127,135,157,183,197,200,201,202,203,204,205,208,209,210,214,215,216,217,237,238,239,240,241,242,243,244,
57;0;2197;2295;0;0,1,2,3,5,20,22,29,30,31,32,33,34,35,36,37,38,48,53,54,55,56,57,58,59,60,61,62,63,64,65,66,67,68,69,70,71,72,73,74,75,76,77,78,79,80,81,82,83,84,85,86,87,90,127,135,157,183,197,200,201,202,203,204,205,208,209,210,214,215,216,217,237,238,239,240,241,242,243,244,
52;0;2295;2329;0;0,1,2,3,5,20,22,29,30,31,32,33,34,35,36,37,38,48,53,54,55,56,57,58,59,60,61,62,63,64,65,66,67,68,69,70,71,72,73,74,75,76,77,78,79,80,81,82,83,84,85,86,87,90,127,135,157,183,197,200,201,202,203,204,205,208,209,210,214,215,216,217,237,238,239,240,241,242,243,244,
35;0;2329;2333;0;0,1,2,3,5,20,22,29,30,31,32,33,34,35,36,37,38,48,53,54,55,56,57,58,59,60,61,62,63,64,65,66,67,68,69,70,71,72,73,74,75,76,77,78,79,80,81,82,83,84,85,86,87,90,127,135,157,183,197,200,201,202,203,204,205,208,209,210,214,215,216,217,237,238,239,240,241,242,243,244,
56;0;2333;2401;1;0,1,2,3,5,20,22,29,30,31,32,33,34,35,36,37,38,48,53,54,55,56,57,58,59,60,61,62,63,64,65,66,67,68,69,70,71,72,73,74,75,76,77,78,79,80,81,82,83,84,85,86,87,90,127,135,157,183,197,200,201,202,203,204,205,208,209,210,214,215,216,217,237,238,239,240,241,242,243,244,
56;1;2401;2505;1;0,1,2,3,5,20,22,29,30,31,32,33,34,35,36,37,38,48,53,54,55,56,57,58,59,60,61,62,63,64,65,66,67,68,69,70,71,72,73,74,75,76,77,78,79,80,81,82,83,84,85,86,87,90,127,135,157,183,197,200,201,202,203,204,205,208,209,210,214,215,216,217,237,238,239,240,241,242,243,244,
9;0;2505;2631;1;0,1,2,3,5,20,22,29,30,31,32,33,34,35,36,37,38,48,53,54,55,56,57,58,59,60,61,62,63,64,65,66,67,68,69,70,71,72,73,74,75,76,77,78,79,80,81,82,83,84,85,86,87,90,127,135,157,183,197,200,201,202,203,204,205,208,209,210,214,215,216,217,237,238,239,240,241,242,243,244,
9;1;2631;2694;1;0,1,2,3,5,20,22,29,30,31,32,33,34,35,36,37,38,48,53,54,55,56,57,58,59,60,61,62,63,64,65,66,67,68,69,70,71,72,73,74,75,76,77,78,79,80,81,82,83,84,85,86,87,90,127,135,157,183,197,200,201,202,203,204,205,208,209,210,214,215,216,217,237,238,239,240,241,242,243,244,
74;0;2694;2859;1;0,1,2,3,5,20,22,29,30,31,32,33,34,35,36,37,38,48,53,54,55,56,57,58,59,60,61,62,63,64,65,66,67,68,69,70,71,72,73,74,75,76,77,78,79,80,81,82,83,84,85,86,87,90,127,135,157,183,197,200,201,202,203,204,205,208,209,210,214,215,216,217,237,238,239,240,241,242,243,244,
74;1;2859;2901;1;0,1,2,3,5,20,22,29,30,31,32,33,34,35,36,37,38,48,53,54,55,56,57,58,59,60,61,62,63,64,65,66,67,68,69,70,71,72,73,74,75,76,77,78,79,80,81,82,83,84,85,86,87,90,127,135,157,183,197,200,201,202,203,204,205,208,209,210,214,215,216,217,237,238,239,240,241,242,243,244,
99;0;2901;3061;1;0,1,2,3,5,20,22,29,30,31,32,33,34,35,36,37,38,48,53,54,55,56,57,58,59,60,61,62,63,64,65,66,67,68,69,70,71,72,73,74,75,76,77,78,79,80,81,82,83,84,85,86,87,90,127,135,157,183,197,200,201,202,203,204,205,208,209,210,214,215,216,217,237,238,239,240,241,242,243,244,
99;1;3061;3214;1;0,1,2,3,5,20,22,29,30,31,32,33,34,35,36,37,38,48,53,54,55,56,57,58,59,60,61,62,63,64,65,66,67,68,69,70,71,72,73,74,75,76,77,78,79,80,81,82,83,84,85,86,87,90,127,135,157,183,197,200,201,202,203,204,205,208,209,210,214,215,216,217,237,238,239,240,241,242,243,244,
Machine: 1
79;0;0;41;1;0,1,2,5,10,11,12,13,14,15,16,17,18,19,20,21,33,36,38,40,53,57,62,63,64,67,69,70,71,73,77,85,88,89,90,91,92,100,102,103,104,106,125,126,127,128,129,130,131,135,151,153,154,167,168,169,170,171,172,177,182,183,186,188,190,196,199,206,207,208,209,210,216,220,221,235,238,239,242,249,
79;1;41;62;1;0,1,2,5,10,11,12,13,14,15,16,17,18,19,20,21,33,36,38,40,53,57,62,63,64,67,69,70,71,73,77,85,88,89,90,91,92,100,102,103,104,106,125,126,127,128,129,130,131,135,151,153,154,167,168,169,170,171,172,177,182,183,186,188,190,196,199,206,207,208,209,210,216,220,221,235,238,239,242,249,
73;0;62;228;0;0,1,2,5,10,11,12,13,14,15,16,17,18,19,20,21,33,36,38,40,53,57,62,63,64,67,69,70,71,73,77,85,88,89,90,91,92,100,102,103,104,106,125,126,127,128,129,130,131,135,151,153,154,167,168,169,170,171,172,177,182,183,186,188,190,196,199,206,207,208,209,210,216,220,221,235,238,239,242,249,
73;1;228;312;0;0,1,2,5,10,11,12,13,14,15,16,17,18,19,20,21,33,36,38,40,53,57,62,63,64,67,69,70,71,73,77,85,88,89,90,91,92,100,102,103,104,106,125,126,127,128,129,130,131,135,151,153,154,167,168,169,170,171,172,177,182,183,186,188,190,196,199,206,207,208,209,210,216,220,221,235,238,239,242,249,
83;0;312;342;0;0,1,2,5,10,11,12,13,14,15,16,17,18,19,20,21,33,36,38,40,53,57,62,63,64,67,69,70,71,73,77,85,88,89,90,91,92,100,102,103,104,106,125,126,127,128,129,130,131,135,151,153,154,167,168,169,170,171,172,177,182,183,186,188,190,196,199,206,207,208,209,210,216,220,221,235,238,239,242,249,
83;1;342;443;0;0,1,2,5,10,11,12,13,14,15,16,17,18,19,20,21,33,36,38,40,53,57,62,63,64,67,69,70,71,73,77,85,88,89,90,91,92,100,102,103,104,106,125,126,127,128,129,130,131,135,151,153,154,167,168,169,170,171,172,177,182,183,186,188,190,196,199,206,207,208,209,210,216,220,221,235,238,239,242,249,
75;0;443;558;0;0,1,2,5,10,11,12,13,14,15,16,17,18,19,20,21,33,36,38,40,53,57,62,63,64,67,69,70,71,73,77,85,88,89,90,91,92,100,102,103,104,106,125,126,127,128,129,130,131,135,151,153,154,167,168,169,170,171,172,177,182,183,186,188,190,196,199,206,207,208,209,210,216,220,221,235,238,239,242,249,
53;0;558;569;0;0,1,2,5,10,11,12,13,14,15,16,17,18,19,20,21,33,36,38,40,53,57,62,63,64,67,69,70,71,73,77,85,88,89,90,91,92,100,102,103,104,106,125,126,127,128,129,130,131,135,151,153,154,167,168,169,170,171,172,177,182,183,186,188,190,196,199,206,207,208,209,210,216,220,221,235,238,239,242,249,
53;1;569;629;0;0,1,2,5,10,11,12,13,14,15,16,17,18,19,20,21,33,36,38,40,53,57,62,63,64,67,69,70,71,73,77,85,88,89,90,91,92,100,102,103,104,106,125,126,127,128,129,130,131,135,151,153,154,167,168,169,170,171,172,177,182,183,186,188,190,196,199,206,207,208,209,210,216,220,221,235,238,239,242,249,
87;0;629;665;0;0,1,2,5,10,11,12,13,14,15,16,17,18,19,20,21,33,36,38,40,53,57,62,63,64,67,69,70,71,73,77,85,88,89,90,91,92,100,102,103,104,106,125,126,127,128,129,130,131,135,151,153,154,167,168,169,170,171,172,177,182,183,186,188,190,196,199,206,207,208,209,210,216,220,221,235,238,239,242,249,
69;0;665;759;1;0,1,2,5,10,11,12,13,14,15,16,17,18,19,20,21,33,36,38,40,53,57,62,63,64,67,69,70,71,73,77,85,88,89,90,91,92,100,102,103,104,106,125,126,127,128,129,130,131,135,151,153,154,167,168,169,170,171,172,177,182,183,186,188,190,196,199,206,207,208,209,210,216,220,221,235,238,239,242,249,
69;1;759;792;1;0,1,2,5,10,11,12,13,14,15,16,17,18,19,20,21,33,36,38,40,53,57,62,63,64,67,69,70,71,73,77,85,88,89,90,91,92,100,102,103,104,106,125,126,127,128,129,130,131,135,151,153,154,167,168,169,170,171,172,177,182,183,186,188,190,196,199,206,207,208,209,210,216,220,221,235,238,239,242,249,
81;0;792;857;1;0,1,2,5,10,11,12,13,14,15,16,17,18,19,20,21,33,36,38,40,53,57,62,63,64,67,69,70,71,73,77,85,88,89,90,91,92,100,102,103,104,106,125,126,127,128,129,130,131,135,151,153,154,167,168,169,170,171,172,177,182,183,186,188,190,196,199,206,207,208,209,210,216,220,221,235,238,239,242,249,
81;1;857;966;1;0,1,2,5,10,11,12,13,14,15,16,17,18,19,20,21,33,36,38,40,53,57,62,63,64,67,69,70,71,73,77,85,88,89,90,91,92,100,102,103,104,106,125,126,127,128,129,130,131,135,151,153,154,167,168,169,170,171,172,177,182,183,186,188,190,196,199,206,207,208,209,210,216,220,221,235,238,239,242,249,
17;0;966;1049;0;0,1,2,5,10,11,12,13,14,15,16,17,18,19,20,21,33,36,38,40,53,57,62,63,64,67,69,70,71,73,77,85,88,89,90,91,92,100,102,103,104,106,125,126,127,128,129,130,131,135,151,153,154,167,168,169,170,171,172,177,182,183,186,188,190,196,199,206,207,208,209,210,216,220,221,235,238,239,242,249,
37;0;1049;1099;0;0,1,2,5,10,11,12,13,14,15,16,17,18,19,20,21,33,36,38,40,53,57,62,63,64,67,69,70,71,73,77,85,88,89,90,91,92,100,102,103,104,106,125,126,127,128,129,130,131,135,151,153,154,167,168,169,170,171,172,177,182,183,186,188,190,196,199,206,207,208,209,210,216,220,221,235,238,239,242,249,
100;0;1099;1199;0;0,1,2,5,10,11,12,13,14,15,16,17,18,19,20,21,33,36,38,40,53,57,62,63,64,67,69,70,71,73,77,85,88,89,90,91,92,100,102,103,104,106,125,126,127,128,129,130,131,135,151,153,154,167,168,169,170,171,172,177,182,183,186,188,190,196,199,206,207,208,209,210,216,220,221,235,238,239,242,249,
1;0;1199;1367;0;0,1,2,5,10,11,12,13,14,15,16,17,18,19,20,21,33,36,38,40,53,57,62,63,64,67,69,70,71,73,77,85,88,89,90,91,92,100,102,103,104,106,125,126,127,128,129,130,131,135,151,153,154,167,168,169,170,171,172,177,182,183,186,188,190,196,199,206,207,208,209,210,216,220,221,235,238,239,242,249,
1;1;1367;1432;0;0,1,2,5,10,11,12,13,14,15,16,17,18,19,20,21,33,36,38,40,53,57,62,63,64,67,69,70,71,73,77,85,88,89,90,91,92,100,102,103,104,106,125,126,127,128,129,130,131,135,151,153,154,167,168,169,170,171,172,177,182,183,186,188,190,196,199,206,207,208,209,210,216,220,221,235,238,239,242,249,
33;0;1432;1509;0;0,1,2,5,10,11,12,13,14,15,16,17,18,19,20,21,33,36,38,40,53,57,62,63,64,67,69,70,71,73,77,85,88,89,90,91,92,100,102,103,104,106,125,126,127,128,129,130,131,135,151,153,154,167,168,169,170,171,172,177,182,183,186,188,190,196,199,206,207,208,209,210,216,220,221,235,238,239,242,249,
33;1;1509;1652;0;0,1,2,5,10,11,12,13,14,15,16,17,18,19,20,21,33,36,38,40,53,57,62,63,64,67,69,70,71,73,77,85,88,89,90,91,92,100,102,103,104,106,125,126,127,128,129,130,131,135,151,153,154,167,168,169,170,171,172,177,182,183,186,188,190,196,199,206,207,208,209,210,216,220,221,235,238,239,242,249,
78;0;1652;1681;0;0,1,2,5,10,11,12,13,14,15,16,17,18,19,20,21,33,36,38,40,53,57,62,63,64,67,69,70,71,73,77,85,88,89,90,91,92,100,102,103,104,106,125,126,127,128,129,130,131,135,151,153,154,167,168,169,170,171,172,177,182,183,186,188,190,196,199,206,207,208,209,210,216,220,221,235,238,239,242,249,
78;1;1681;1842;0;0,1,2,5,10,11,12,13,14,15,16,17,18,19,20,21,33,36,38,40,53,57,62,63,64,67,69,70,71,73,77,85,88,89,90,91,92,100,102,103,104,106,125,126,127,128,129,130,131,135,151,153,154,167,168,169,170,171,172,177,182,183,186,188,190,196,199,206,207,208,209,210,216,220,221,235,238,239,242,249,
60;0;1842;2007;0;0,1,2,5,10,11,12,13,14,15,16,17,18,19,20,21,33,36,38,40,53,57,62,63,64,67,69,70,71,73,77,85,88,89,90,91,92,100,102,103,104,106,125,126,127,128,129,130,131,135,151,153,154,167,168,169,170,171,172,177,182,183,186,188,190,196,199,206,207,208,209,210,216,220,221,235,238,239,242,249,
127;0;2007;2164;0;0,1,2,5,10,11,12,13,14,15,16,17,18,19,20,21,24,26,33,36,37,38,39,40,41,42,43,44,45,53,54,55,56,57,58,59,60,61,62,63,64,67,69,70,85,88,89,90,91,92,93,94,95,96,97,102,104,106,135,142,143,144,145,146,147,148,149,150,151,169,170,171,172,186,216,238,244,263,264,265,
12;0;2164;2311;0;0,1,2,5,10,11,12,13,14,15,16,17,18,19,20,21,24,26,33,36,37,38,39,40,41,42,43,44,45,53,54,55,56,57,58,59,60,61,62,63,64,67,69,70,85,88,89,90,91,92,93,94,95,96,97,102,104,106,135,142,143,144,145,146,147,148,149,150,151,169,170,171,172,186,216,238,244,263,264,265,
48;0;2311;2400;0;0,1,2,5,10,11,12,13,14,15,16,17,18,19,20,21,24,26,33,36,37,38,39,40,41,42,43,44,45,53,54,55,56,57,58,59,60,61,62,63,64,67,69,70,85,88,89,90,91,92,93,94,95,96,97,102,104,106,135,142,143,144,145,146,147,148,149,150,151,169,170,171,172,186,216,238,244,263,264,265,
48;1;2400;2452;0;0,1,2,5,10,11,12,13,14,15,16,17,18,19,20,21,24,26,33,36,37,38,39,40,41,42,43,44,45,53,54,55,56,57,58,59,60,61,62,63,64,67,69,70,85,88,89,90,91,92,93,94,95,96,97,102,104,106,135,142,143,144,145,146,147,148,149,150,151,169,170,171,172,186,216,238,244,263,264,265,
97;0;2452;2459;0;0,1,2,5,10,11,12,13,14,15,16,17,18,19,20,21,24,26,33,36,37,38,39,40,41,42,43,44,45,53,54,55,56,57,58,59,60,61,62,63,64,67,69,70,85,88,89,90,91,92,93,94,95,96,97,102,104,106,135,142,143,144,145,146,147,148,149,150,151,169,170,171,172,186,216,238,244,263,264,265,
4;0;2459;2625;1;0,1,2,5,10,11,12,13,14,15,16,17,18,19,20,21,24,26,33,36,37,38,39,40,41,42,43,44,45,53,54,55,56,57,58,59,60,61,62,63,64,67,69,70,85,88,89,90,91,92,93,94,95,96,97,102,104,106,135,142,143,144,145,146,147,148,149,150,151,169,170,171,172,186,216,238,244,263,264,265,
4;1;2625;2669;1;0,1,2,5,10,11,12,13,14,15,16,17,18,19,20,21,24,26,33,36,37,38,39,40,41,42,43,44,45,53,54,55,56,57,58,59,60,61,62,63,64,67,69,70,85,88,89,90,91,92,93,94,95,96,97,102,104,106,135,142,143,144,145,146,147,148,149,150,151,169,170,171,172,186,216,238,244,263,264,265,
19;0;2669;2772;1;0,1,2,5,10,11,12,13,14,15,16,17,18,19,20,21,24,26,33,36,37,38,39,40,41,42,43,44,45,53,54,55,56,57,58,59,60,61,62,63,64,67,69,70,85,88,89,90,91,92,93,94,95,96,97,102,104,106,135,142,143,144,145,146,147,148,149,150,151,169,170,171,172,186,216,238,244,263,264,265,
19;1;2772;2936;1;0,1,2,5,10,11,12,13,14,15,16,17,18,19,20,21,24,26,33,36,37,38,39,40,41,42,43,44,45,53,54,55,56,57,58,59,60,61,62,63,64,67,69,70,85,88,89,90,91,92,93,94,95,96,97,102,104,106,135,142,143,144,145,146,147,148,149,150,151,169,170,171,172,186,216,238,244,263,264,265,
96;0;2936;3080;1;0,1,2,5,10,11,12,13,14,15,16,17,18,19,20,21,24,26,33,36,37,38,39,40,41,42,43,44,45,53,54,55,56,57,58,59,60,61,62,63,64,67,69,70,85,88,89,90,91,92,93,94,95,96,97,102,104,106,135,142,143,144,145,146,147,148,149,150,151,169,170,171,172,186,216,238,244,263,264,265,
96;1;3080;3256;1;0,1,2,5,10,11,12,13,14,15,16,17,18,19,20,21,24,26,33,36,37,38,39,40,41,42,43,44,45,53,54,55,56,57,58,59,60,61,62,63,64,67,69,70,85,88,89,90,91,92,93,94,95,96,97,102,104,106,135,142,143,144,145,146,147,148,149,150,151,169,170,171,172,186,216,238,244,263,264,265,
Machine: 2
24;0;0;53;1;0,1,2,3,4,5,6,7,8,9,20,24,27,36,38,44,52,53,54,57,63,64,66,67,69,80,81,82,83,84,85,86,87,90,98,99,100,102,103,104,105,106,107,109,110,111,112,113,114,127,135,151,167,168,169,171,173,174,175,176,177,178,179,180,181,182,183,191,200,201,202,203,204,205,211,212,213,216,218,219,
24;1;53;65;1;0,1,2,3,4,5,6,7,8,9,20,24,27,36,38,44,52,53,54,57,63,64,66,67,69,80,81,82,83,84,85,86,87,90,98,99,100,102,103,104,105,106,107,109,110,111,112,113,114,127,135,151,167,168,169,171,173,174,175,176,177,178,179,180,181,182,183,191,200,201,202,203,204,205,211,212,213,216,218,219,
34;0;65;87;1;0,1,2,3,4,5,6,7,8,9,20,24,27,36,38,44,52,53,54,57,63,64,66,67,69,80,81,82,83,84,85,86,87,90,98,99,100,102,103,104,105,106,107,109,110,111,112,113,114,127,135,151,167,168,169,171,173,174,175,176,177,178,179,180,181,182,183,191,200,201,202,203,204,205,211,212,213,216,218,219,
34;1;87;136;1;0,1,2,3,4,5,6,7,8,9,20,24,27,36,38,44,52,53,54,57,63,64,66,67,69,80,81,82,83,84,85,86,87,90,98,99,100,102,103,104,105,106,107,109,110,111,112,113,114,127,135,151,167,168,169,171,173,174,175,176,177,178,179,180,181,182,183,191,200,201,202,203,204,205,211,212,213,216,218,219,
0;0;136;165;1;0,1,2,3,4,5,6,7,8,9,20,24,27,36,38,44,52,53,54,57,63,64,66,67,69,80,81,82,83,84,85,86,87,90,98,99,100,102,103,104,105,106,107,109,110,111,112,113,114,127,135,151,167,168,169,171,173,174,175,176,177,178,179,180,181,182,183,191,200,201,202,203,204,205,211,212,213,216,218,219,
0;1;165;220;1;0,1,2,3,4,5,6,7,8,9,20,24,27,36,38,44,52,53,54,57,63,64,66,67,69,80,81,82,83,84,85,86,87,90,98,99,100,102,103,104,105,106,107,109,110,111,112,113,114,127,135,151,167,168,169,171,173,174,175,176,177,178,179,180,181,182,183,191,200,201,202,203,204,205,211,212,213,216,218,219,
123;0;220;340;0;0,1,2,3,4,5,6,7,8,9,20,24,27,36,38,44,52,53,54,57,63,64,66,67,69,80,81,82,83,84,85,86,87,90,98,99,100,102,103,104,105,106,107,109,110,111,112,113,114,127,135,151,167,168,169,171,173,174,175,176,177,178,179,180,181,182,183,191,200,201,202,203,204,205,211,212,213,216,218,219,
123;1;340;395;0;0,1,2,3,4,5,6,7,8,9,20,24,27,36,38,44,52,53,54,57,63,64,66,67,69,80,81,82,83,84,85,86,87,90,98,99,100,102,103,104,105,106,107,109,110,111,112,113,114,127,135,151,167,168,169,171,173,174,175,176,177,178,179,180,181,182,183,191,200,201,202,203,204,205,211,212,213,216,218,219,
36;0;395;425;1;0,1,2,3,4,5,6,7,8,9,20,24,27,36,38,44,52,53,54,57,63,64,66,67,69,80,81,82,83,84,85,86,87,90,98,99,100,102,103,104,105,106,107,109,110,111,112,113,114,127,135,151,167,168,169,171,173,174,175,176,177,178,179,180,181,182,183,191,200,201,202,203,204,205,211,212,213,216,218,219,
36;1;425;524;1;0,1,2,3,4,5,6,7,8,9,20,24,27,36,38,44,52,53,54,57,63,64,66,67,69,80,81,82,83,84,85,86,87,90,98,99,100,102,103,104,105,106,107,109,110,111,112,113,114,127,135,151,167,168,169,171,173,174,175,176,177,178,179,180,181,182,183,191,200,201,202,203,204,205,211,212,213,216,218,219,
84;0;524;650;1;0,1,2,3,4,5,6,7,8,9,20,24,27,36,38,44,52,53,54,57,63,64,66,67,69,80,81,82,83,84,85,86,87,90,98,99,100,102,103,104,105,106,107,109,110,111,112,113,114,127,135,151,167,168,169,171,173,174,175,176,177,178,179,180,181,182,183,191,200,201,202,203,204,205,211,212,213,216,218,219,
84;1;650;665;1;0,1,2,3,4,5,6,7,8,9,20,24,27,36,38,44,52,53,54,57,63,64,66,67,69,80,81,82,83,84,85,86,87,90,98,99,100,102,103,104,105,106,107,109,110,111,112,113,114,127,135,151,167,168,169,171,173,174,175,176,177,178,179,180,181,182,183,191,200,201,202,203,204,205,211,212,213,216,218,219,
121;0;665;761;1;0,1,2,3,4,5,6,7,8,9,20,24,27,36,38,44,52,53,54,57,63,64,66,67,69,80,81,82,83,84,85,86,87,90,98,99,100,102,103,104,105,106,107,109,110,111,112,113,114,127,135,151,167,168,169,171,173,174,175,176,177,178,179,180,181,182,183,191,200,201,202,203,204,205,211,212,213,216,218,219,
121;1;761;814;1;0,1,2,3,4,5,6,7,8,9,20,24,27,36,38,44,52,53,54,57,63,64,66,67,69,80,81,82,83,84,85,86,87,90,98,99,100,102,103,104,105,106,107,109,110,111,112,113,114,127,135,151,167,168,169,171,173,174,175,176,177,178,179,180,181,182,183,191,200,201,202,203,204,205,211,212,213,216,218,219,
119;0;814;903;1;0,1,2,3,4,5,6,7,8,9,20,24,27,36,38,44,52,53,54,57,63,64,66,67,69,80,81,82,83,84,85,86,87,90,98,99,100,102,103,104,105,106,107,109,110,111,112,113,114,127,135,151,167,168,169,171,173,174,175,176,177,178,179,180,181,182,183,191,200,201,202,203,204,205,211,212,213,216,218,219,
119;1;903;971;1;0,1,2,3,4,5,6,7,8,9,20,24,27,36,38,44,52,53,54,57,63,64,66,67,69,80,81,82,83,84,85,86,87,90,98,99,100,102,103,104,105,106,107,109,110,111,112,113,114,127,135,151,167,168,169,171,173,174,175,176,177,178,179,180,181,182,183,191,200,201,202,203,204,205,211,212,213,216,218,219,
109;0;971;1031;1;0,1,2,3,4,5,6,7,8,9,20,24,27,36,38,44,52,53,54,57,63,64,66,67,69,80,81,82,83,84,85,86,87,90,98,99,100,102,103,104,105,106,107,109,110,111,112,113,114,127,135,151,167,168,169,171,173,174,175,176,177,178,179,180,181,182,183,191,200,201,202,203,204,205,211,212,213,216,218,219,
109;1;1031;1140;1;0,1,2,3,4,5,6,7,8,9,20,24,27,36,38,44,52,53,54,57,63,64,66,67,69,80,81,82,83,84,85,86,87,90,98,99,100,102,103,104,105,106,107,109,110,111,112,113,114,127,135,151,167,168,169,171,173,174,175,176,177,178,179,180,181,182,183,191,200,201,202,203,204,205,211,212,213,216,218,219,
89;0;1140;1249;1;0,1,2,3,4,5,6,7,8,9,20,24,27,36,38,44,52,53,54,57,63,64,66,67,69,80,81,82,83,84,85,86,87,90,98,99,100,102,103,104,105,106,107,109,110,111,112,113,114,127,135,151,167,168,169,171,173,174,175,176,177,178,179,180,181,182,183,191,200,201,202,203,204,205,211,212,213,216,218,219,
89;1;1249;1333;1;0,1,2,3,4,5,6,7,8,9,20,24,27,36,38,44,52,53,54,57,63,64,66,67,69,80,81,82,83,84,85,86,87,90,98,99,100,102,103,104,105,106,107,109,110,111,112,113,114,127,135,151,167,168,169,171,173,174,175,176,177,178,179,180,181,182,183,191,200,201,202,203,204,205,211,212,213,216,218,219,
116;0;1333;1393;1;0,1,2,3,4,5,6,7,8,9,20,24,27,36,38,44,52,53,54,57,63,64,66,67,69,80,81,82,83,84,85,86,87,90,98,99,100,102,103,104,105,106,107,109,110,111,112,113,114,127,135,151,167,168,169,171,173,174,175,176,177,178,179,180,181,182,183,191,200,201,202,203,204,205,211,212,213,216,218,219,
116;1;1393;1545;1;0,1,2,3,4,5,6,7,8,9,20,24,27,36,38,44,52,53,54,57,63,64,66,67,69,80,81,82,83,84,85,86,87,90,98,99,100,102,103,104,105,106,107,109,110,111,112,113,114,127,135,151,167,168,169,171,173,174,175,176,177,178,179,180,181,182,183,191,200,201,202,203,204,205,211,212,213,216,218,219,
113;0;1545;1692;0;0,1,2,3,4,5,6,7,8,9,20,24,27,36,38,44,52,53,54,57,63,64,66,67,69,80,81,82,83,84,85,86,87,90,98,99,100,102,103,104,105,106,107,109,110,111,112,113,114,127,135,151,167,168,169,171,173,174,175,176,177,178,179,180,181,182,183,191,200,201,202,203,204,205,211,212,213,216,218,219,
113;1;1692;1781;0;0,1,2,3,4,5,6,7,8,9,20,24,27,36,38,44,52,53,54,57,63,64,66,67,69,80,81,82,83,84,85,86,87,90,98,99,100,102,103,104,105,106,107,109,110,111,112,113,114,127,135,151,167,168,169,171,173,174,175,176,177,178,179,180,181,182,183,191,200,201,202,203,204,205,211,212,213,216,218,219,
30;0;1781;1912;0;0,1,2,3,4,5,6,7,8,9,20,24,27,36,38,44,52,53,54,57,63,64,66,67,69,80,81,82,83,84,85,86,87,90,98,99,100,102,103,104,105,106,107,109,110,111,112,113,114,127,135,151,167,168,169,171,173,174,175,176,177,178,179,180,181,182,183,191,200,201,202,203,204,205,211,212,213,216,218,219,
82;0;1912;2033;0;0,1,2,3,4,5,6,7,8,9,20,24,27,36,38,44,52,53,54,57,63,64,66,67,69,80,81,82,83,84,85,86,87,90,98,99,100,102,103,104,105,106,107,109,110,111,112,113,114,127,135,151,167,168,169,171,173,174,175,176,177,178,179,180,181,182,183,191,200,201,202,203,204,205,211,212,213,216,218,219,
32;0;2033;2137;0;0,1,2,3,4,5,6,7,8,9,20,24,27,36,38,44,52,53,54,57,63,64,66,67,69,80,81,82,83,84,85,86,87,90,98,99,100,102,103,104,105,106,107,109,110,111,112,113,114,127,135,151,167,168,169,171,173,174,175,176,177,178,179,180,181,182,183,191,200,201,202,203,204,205,211,212,213,216,218,219,
112;0;2137;2187;0;0,1,2,3,4,5,6,7,8,9,20,21,24,27,36,38,40,44,52,53,54,57,63,64,66,67,69,77,80,81,82,83,84,85,86,87,90,98,99,100,102,103,104,105,106,107,109,110,111,112,113,114,120,127,135,151,153,154,167,168,169,171,173,177,179,183,186,188,190,208,216,220,221,240,248,249,250,251,252,262,
125;0;2187;2226;0;0,1,2,3,4,5,6,7,8,9,20,21,24,27,36,38,40,44,52,53,54,57,63,64,66,67,69,77,80,81,82,83,84,85,86,87,90,98,99,100,102,103,104,105,106,107,109,110,111,112,113,114,120,127,135,151,153,154,167,168,169,171,173,177,179,183,186,188,190,208,216,220,221,240,248,249,250,251,252,262,
107;0;2226;2238;0;0,1,2,3,4,5,6,7,8,9,20,21,24,27,36,38,40,44,52,53,54,57,63,64,66,67,69,77,80,81,82,83,84,85,86,87,90,98,99,100,102,103,104,105,106,107,109,110,111,112,113,114,120,127,135,151,153,154,167,168,169,171,173,177,179,183,186,188,190,208,216,220,221,240,248,249,250,251,252,262,
66;0;2238;2298;1;0,1,2,3,4,5,6,7,8,9,20,21,24,27,36,38,40,44,52,53,54,57,63,64,66,67,69,77,80,81,82,83,84,85,86,87,90,98,99,100,102,103,104,105,106,107,109,110,111,112,113,114,120,127,135,151,153,154,167,168,169,171,173,177,179,183,186,188,190,208,216,220,221,240,248,249,250,251,252,262,
66;1;2298;2459;1;0,1,2,3,4,5,6,7,8,9,20,21,24,27,36,38,40,44,52,53,54,57,63,64,66,67,69,77,80,81,82,83,84,85,86,87,90,98,99,100,102,103,104,105,106,107,109,110,111,112,113,114,120,127,135,151,153,154,167,168,169,171,173,177,179,183,186,188,190,208,216,220,221,240,248,249,250,251,252,262,
6;0;2459;2620;1;0,1,2,3,4,5,6,7,8,9,20,21,24,27,36,38,40,44,52,53,54,57,63,64,66,67,69,77,80,81,82,83,84,85,86,87,90,98,99,100,102,103,104,105,106,107,109,110,111,112,113,114,120,127,135,151,153,154,167,168,169,171,173,177,179,183,186,188,190,208,216,220,221,240,248,249,250,251,252,262,
6;1;2620;2710;1;0,1,2,3,4,5,6,7,8,9,20,21,24,27,36,38,40,44,52,53,54,57,63,64,66,67,69,77,80,81,82,83,84,85,86,87,90,98,99,100,102,103,104,105,106,107,109,110,111,112,113,114,120,127,135,151,153,154,167,168,169,171,173,177,179,183,186,188,190,208,216,220,221,240,248,249,250,251,252,262,
46;0;2710;2815;1;0,1,2,3,4,5,6,7,8,9,20,21,24,27,36,38,40,44,52,53,54,57,63,64,66,67,69,77,80,81,82,83,84,85,86,87,90,98,99,100,102,103,104,105,106,107,109,110,111,112,113,114,120,127,135,151,153,154,167,168,169,171,173,177,179,183,186,188,190,208,216,220,221,240,248,249,250,251,252,262,
46;1;2815;2985;1;0,1,2,3,4,5,6,7,8,9,20,21,24,27,36,38,40,44,52,53,54,57,63,64,66,67,69,77,80,81,82,83,84,85,86,87,90,98,99,100,102,103,104,105,106,107,109,110,111,112,113,114,120,127,135,151,153,154,167,168,169,171,173,177,179,183,186,188,190,208,216,220,221,240,248,249,250,251,252,262,
106;0;2985;3160;1;0,1,2,3,4,5,6,7,8,9,20,21,24,27,36,38,40,44,52,53,54,57,63,64,66,67,69,77,80,81,82,83,84,85,86,87,90,98,99,100,102,103,104,105,106,107,109,110,111,112,113,114,120,127,135,151,153,154,167,168,169,171,173,177,179,183,186,188,190,208,216,220,221,240,248,249,250,251,252,262,
106;1;3160;3322;1;0,1,2,3,4,5,6,7,8,9,20,21,24,27,36,38,40,44,52,53,54,57,63,64,66,67,69,77,80,81,82,83,84,85,86,87,90,98,99,100,102,103,104,105,106,107,109,110,111,112,113,114,120,127,135,151,153,154,167,168,169,171,173,177,179,183,186,188,190,208,216,220,221,240,248,249,250,251,252,262,
Machine: 3
124;0;0;4;1;20,27,36,38,53,54,55,56,57,58,59,60,61,62,63,64,67,69,77,80,81,82,83,84,85,86,87,88,90,98,99,100,101,102,132,133,134,135,136,137,138,139,140,141,155,158,159,160,161,162,163,164,165,166,177,178,179,180,181,182,193,194,195,196,197,198,199,216,221,237,240,241,250,251,253,254,255,258,259,262,
124;1;4;18;1;20,27,36,38,53,54,55,56,57,58,59,60,61,62,63,64,67,69,77,80,81,82,83,84,85,86,87,88,90,98,99,100,101,102,132,133,134,135,136,137,138,139,140,141,155,158,159,160,161,162,163,164,165,166,177,178,179,180,181,182,193,194,195,196,197,198,199,216,221,237,240,241,250,251,253,254,255,258,259,262,
21;0;18;38;1;20,27,36,38,53,54,55,56,57,58,59,60,61,62,63,64,67,69,77,80,81,82,83,84,85,86,87,88,90,98,99,100,101,102,132,133,134,135,136,137,138,139,140,141,155,158,159,160,161,162,163,164,165,166,177,178,179,180,181,182,193,194,195,196,197,198,199,216,221,237,240,241,250,251,253,254,255,258,259,262,
21;1;38;147;1;20,27,36,38,53,54,55,56,57,58,59,60,61,62,63,64,67,69,77,80,81,82,83,84,85,86,87,88,90,98,99,100,101,102,132,133,134,135,136,137,138,139,140,141,155,158,159,160,161,162,163,164,165,166,177,178,179,180,181,182,193,194,195,196,197,198,199,216,221,237,240,241,250,251,253,254,255,258,259,262,
114;0;147;225;1;20,27,36,38,53,54,55,56,57,58,59,60,61,62,63,64,67,69,77,80,81,82,83,84,85,86,87,88,90,98,99,100,101,102,132,133,134,135,136,137,138,139,140,141,155,158,159,160,161,162,163,164,165,166,177,178,179,180,181,182,193,194,195,196,197,198,199,216,221,237,240,241,250,251,253,254,255,258,259,262,
114;1;225;306;1;20,27,36,38,53,54,55,56,57,58,59,60,61,62,63,64,67,69,77,80,81,82,83,84,85,86,87,88,90,98,99,100,101,102,132,133,134,135,136,137,138,139,140,141,155,158,159,160,161,162,163,164,165,166,177,178,179,180,181,182,193,194,195,196,197,198,199,216,221,237,240,241,250,251,253,254,255,258,259,262,
93;0;306;405;0;20,27,36,38,53,54,55,56,57,58,59,60,61,62,63,64,67,69,77,80,81,82,83,84,85,86,87,88,90,98,99,100,101,102,132,133,134,135,136,137,138,139,140,141,155,158,159,160,161,162,163,164,165,166,177,178,179,180,181,182,193,194,195,196,197,198,199,216,221,237,240,241,250,251,253,254,255,258,259,262,
93;1;405;520;0;20,27,36,38,53,54,55,56,57,58,59,60,61,62,63,64,67,69,77,80,81,82,83,84,85,86,87,88,90,98,99,100,101,102,132,133,134,135,136,137,138,139,140,141,155,158,159,160,161,162,163,164,165,166,177,178,179,180,181,182,193,194,195,196,197,198,199,216,221,237,240,241,250,251,253,254,255,258,259,262,
101;0;520;668;1;20,27,36,38,53,54,55,56,57,58,59,60,61,62,63,64,67,69,77,80,81,82,83,84,85,86,87,88,90,98,99,100,101,102,132,133,134,135,136,137,138,139,140,141,155,158,159,160,161,162,163,164,165,166,177,178,179,180,181,182,193,194,195,196,197,198,199,216,221,237,240,241,250,251,253,254,255,258,259,262,
101;1;668;690;1;20,27,36,38,53,54,55,56,57,58,59,60,61,62,63,64,67,69,77,80,81,82,83,84,85,86,87,88,90,98,99,100,101,102,132,133,134,135,136,137,138,139,140,141,155,158,159,160,161,162,163,164,165,166,177,178,179,180,181,182,193,194,195,196,197,198,199,216,221,237,240,241,250,251,253,254,255,258,259,262,
104;0;690;743;1;20,27,36,38,53,54,55,56,57,58,59,60,61,62,63,64,67,69,77,80,81,82,83,84,85,86,87,88,90,98,99,100,101,102,132,133,134,135,136,137,138,139,140,141,155,158,159,160,161,162,163,164,165,166,177,178,179,180,181,182,193,194,195,196,197,198,199,216,221,237,240,241,250,251,253,254,255,258,259,262,
104;1;743;913;1;20,27,36,38,53,54,55,56,57,58,59,60,61,62,63,64,67,69,77,80,81,82,83,84,85,86,87,88,90,98,99,100,101,102,132,133,134,135,136,137,138,139,140,141,155,158,159,160,161,162,163,164,165,166,177,178,179,180,181,182,193,194,195,196,197,198,199,216,221,237,240,241,250,251,253,254,255,258,259,262,
118;0;913;1087;0;20,27,36,38,53,54,55,56,57,58,59,60,61,62,63,64,67,69,77,80,81,82,83,84,85,86,87,88,90,98,99,100,101,102,132,133,134,135,136,137,138,139,140,141,155,158,159,160,161,162,163,164,165,166,177,178,179,180,181,182,193,194,195,196,197,198,199,216,221,237,240,241,250,251,253,254,255,258,259,262,
118;1;1087;1262;0;20,27,36,38,53,54,55,56,57,58,59,60,61,62,63,64,67,69,77,80,81,82,83,84,85,86,87,88,90,98,99,100,101,102,132,133,134,135,136,137,138,139,140,141,155,158,159,160,161,162,163,164,165,166,177,178,179,180,181,182,193,194,195,196,197,198,199,216,221,237,240,241,250,251,253,254,255,258,259,262,
13;0;1262;1359;0;20,27,36,38,53,54,55,56,57,58,59,60,61,62,63,64,67,69,77,80,81,82,83,84,85,86,87,88,90,98,99,100,101,102,132,133,134,135,136,137,138,139,140,141,155,158,159,160,161,162,163,164,165,166,177,178,179,180,181,182,193,194,195,196,197,198,199,216,221,237,240,241,250,251,253,254,255,258,259,262,
13;1;1359;1539;0;20,27,36,38,53,54,55,56,57,58,59,60,61,62,63,64,67,69,77,80,81,82,83,84,85,86,87,88,90,98,99,100,101,102,132,133,134,135,136,137,138,139,140,141,155,158,159,160,161,162,163,164,165,166,177,178,179,180,181,182,193,194,195,196,197,198,199,216,221,237,240,241,250,251,253,254,255,258,259,262,
88;0;1539;1598;0;20,27,36,38,53,54,55,56,57,58,59,60,61,62,63,64,67,69,77,80,81,82,83,84,85,86,87,88,90,98,99,100,101,102,132,133,134,135,136,137,138,139,140,141,155,158,159,160,161,162,163,164,165,166,177,178,179,180,181,182,193,194,195,196,197,198,199,216,221,237,240,241,250,251,253,254,255,258,259,262,
88;1;1598;1732;0;20,27,36,38,53,54,55,56,57,58,59,60,61,62,63,64,67,69,77,80,81,82,83,84,85,86,87,88,90,98,99,100,101,102,132,133,134,135,136,137,138,139,140,141,155,158,159,160,161,162,163,164,165,166,177,178,179,180,181,182,193,194,195,196,197,198,199,216,221,237,240,241,250,251,253,254,255,258,259,262,
130;0;1732;1863;0;20,27,36,38,53,54,55,56,57,58,59,60,61,62,63,64,67,69,77,80,81,82,83,84,85,86,87,88,90,98,99,100,101,102,132,133,134,135,136,137,138,139,140,141,155,158,159,160,161,162,163,164,165,166,177,178,179,180,181,182,193,194,195,196,197,198,199,216,221,237,240,241,250,251,253,254,255,258,259,262,
115;0;1863;1986;0;20,27,36,38,53,54,55,56,57,58,59,60,61,62,63,64,67,69,77,80,81,82,83,84,85,86,87,88,90,98,99,100,101,102,132,133,134,135,136,137,138,139,140,141,155,158,159,160,161,162,163,164,165,166,177,178,179,180,181,182,193,194,195,196,197,198,199,216,221,237,240,241,250,251,253,254,255,258,259,262,
27;0;1986;2091;0;20,27,36,38,53,54,55,56,57,58,59,60,61,62,63,64,67,69,77,80,81,82,83,84,85,86,87,88,90,98,99,100,101,102,132,133,134,135,136,137,138,139,140,141,155,158,159,160,161,162,163,164,165,166,177,178,179,180,181,182,193,194,195,196,197,198,199,216,221,237,240,241,250,251,253,254,255,258,259,262,
28;0;2091;2125;0;20,27,36,37,38,48,53,54,55,56,57,58,59,60,61,62,63,64,65,66,67,68,69,77,80,81,82,83,84,85,86,87,88,90,98,99,100,101,102,103,104,105,106,107,108,115,116,135,155,177,178,179,180,181,182,193,194,195,196,197,198,199,207,208,216,220,221,237,240,241,242,253,254,255,256,257,258,259,260,261,
28;1;2125;2269;0;20,27,36,37,38,48,53,54,55,56,57,58,59,60,61,62,63,64,65,66,67,68,69,77,80,81,82,83,84,85,86,87,88,90,98,99,100,101,102,103,104,105,106,107,108,115,116,135,155,177,178,179,180,181,182,193,194,195,196,197,198,199,207,208,216,220,221,237,240,241,242,253,254,255,256,257,258,259,260,261,
47;0;2269;2413;0;20,27,36,37,38,48,53,54,55,56,57,58,59,60,61,62,63,64,65,66,67,68,69,77,80,81,82,83,84,85,86,87,88,90,98,99,100,101,102,103,104,105,106,107,108,115,116,135,155,177,178,179,180,181,182,193,194,195,196,197,198,199,207,208,216,220,221,237,240,241,242,253,254,255,256,257,258,259,260,261,
25;0;2413;2497;0;20,27,36,37,38,48,53,54,55,56,57,58,59,60,61,62,63,64,65,66,67,68,69,77,80,81,82,83,84,85,86,87,88,90,98,99,100,101,102,103,104,105,106,107,108,115,116,135,155,177,178,179,180,181,182,193,194,195,196,197,198,199,207,208,216,220,221,237,240,241,242,253,254,255,256,257,258,259,260,261,
55;0;2497;2569;0;20,27,36,37,38,48,53,54,55,56,57,58,59,60,61,62,63,64,65,66,67,68,69,77,80,81,82,83,84,85,86,87,88,90,98,99,100,101,102,103,104,105,106,107,108,115,116,135,155,177,178,179,180,181,182,193,194,195,196,197,198,199,207,208,216,220,221,237,240,241,242,253,254,255,256,257,258,259,260,261,
105;0;2569;2635;0;20,27,36,37,38,48,53,54,55,56,57,58,59,60,61,62,63,64,65,66,67,68,69,77,80,81,82,83,84,85,86,87,88,90,98,99,100,101,102,103,104,105,106,107,108,115,116,135,155,177,178,179,180,181,182,193,194,195,196,197,198,199,207,208,216,220,221,237,240,241,242,253,254,255,256,257,258,259,260,261,
102;0;2635;2686;0;20,27,36,37,38,48,53,54,55,56,57,58,59,60,61,62,63,64,65,66,67,68,69,77,80,81,82,83,84,85,86,87,88,90,98,99,100,101,102,103,104,105,106,107,108,115,116,135,155,177,178,179,180,181,182,193,194,195,196,197,198,199,207,208,216,220,221,237,240,241,242,253,254,255,256,257,258,259,260,261,
45;0;2686;2725;0;20,27,36,37,38,48,53,54,55,56,57,58,59,60,61,62,63,64,65,66,67,68,69,77,80,81,82,83,84,85,86,87,88,90,98,99,100,101,102,103,104,105,106,107,108,115,116,135,155,177,178,179,180,181,182,193,194,195,196,197,198,199,207,208,216,220,221,237,240,241,242,253,254,255,256,257,258,259,260,261,
14;0;2725;2811;1;20,27,36,37,38,48,53,54,55,56,57,58,59,60,61,62,63,64,65,66,67,68,69,77,80,81,82,83,84,85,86,87,88,90,98,99,100,101,102,103,104,105,106,107,108,115,116,135,155,177,178,179,180,181,182,193,194,195,196,197,198,199,207,208,216,220,221,237,240,241,242,253,254,255,256,257,258,259,260,261,
14;1;2811;2962;1;20,27,36,37,38,48,53,54,55,56,57,58,59,60,61,62,63,64,65,66,67,68,69,77,80,81,82,83,84,85,86,87,88,90,98,99,100,101,102,103,104,105,106,107,108,115,116,135,155,177,178,179,180,181,182,193,194,195,196,197,198,199,207,208,216,220,221,237,240,241,242,253,254,255,256,257,258,259,260,261,
120;0;2962;3113;0;20,27,36,37,38,48,53,54,55,56,57,58,59,60,61,62,63,64,65,66,67,68,69,77,80,81,82,83,84,85,86,87,88,90,98,99,100,101,102,103,104,105,106,107,108,115,116,135,155,177,178,179,180,181,182,193,194,195,196,197,198,199,207,208,216,220,221,237,240,241,242,253,254,255,256,257,258,259,260,261,
76;0;3113;3234;1;20,27,36,37,38,48,53,54,55,56,57,58,59,60,61,62,63,64,65,66,67,68,69,77,80,81,82,83,84,85,86,87,88,90,98,99,100,101,102,103,104,105,106,107,108,115,116,135,155,177,178,179,180,181,182,193,194,195,196,197,198,199,207,208,216,220,221,237,240,241,242,253,254,255,256,257,258,259,260,261,
76;1;3234;3370;1;20,27,36,37,38,48,53,54,55,56,57,58,59,60,61,62,63,64,65,66,67,68,69,77,80,81,82,83,84,85,86,87,88,90,98,99,100,101,102,103,104,105,106,107,108,115,116,135,155,177,178,179,180,181,182,193,194,195,196,197,198,199,207,208,216,220,221,237,240,241,242,253,254,255,256,257,258,259,260,261,
Machine: 4
44;0;0;5;1;0,2,3,5,20,21,24,28,30,31,32,33,34,35,36,40,45,46,47,48,49,50,51,52,53,63,64,69,77,81,85,90,106,115,116,117,118,119,120,121,122,123,124,135,151,152,153,154,155,156,157,171,177,179,183,186,188,190,194,196,197,207,208,216,218,220,222,223,224,225,226,227,228,240,245,248,249,250,251,252,
44;1;5;44;1;0,2,3,5,20,21,24,28,30,31,32,33,34,35,36,40,45,46,47,48,49,50,51,52,53,63,64,69,77,81,85,90,106,115,116,117,118,119,120,121,122,123,124,135,151,152,153,154,155,156,157,171,177,179,183,186,188,190,194,196,197,207,208,216,218,220,222,223,224,225,226,227,228,240,245,248,249,250,251,252,
3;0;44;110;0;0,2,3,5,20,21,24,28,30,31,32,33,34,35,36,40,45,46,47,48,49,50,51,52,53,63,64,69,77,81,85,90,106,115,116,117,118,119,120,121,122,123,124,135,151,152,153,154,155,156,157,171,177,179,183,186,188,190,194,196,197,207,208,216,218,220,222,223,224,225,226,227,228,240,245,248,249,250,251,252,
3;1;110;152;0;0,2,3,5,20,21,24,28,30,31,32,33,34,35,36,40,45,46,47,48,49,50,51,52,53,63,64,69,77,81,85,90,106,115,116,117,118,119,120,121,122,123,124,135,151,152,153,154,155,156,157,171,177,179,183,186,188,190,194,196,197,207,208,216,218,220,222,223,224,225,226,227,228,240,245,248,249,250,251,252,
38;0;152;314;0;0,2,3,5,20,21,24,28,30,31,32,33,34,35,36,40,45,46,47,48,49,50,51,52,53,63,64,69,77,81,85,90,106,115,116,117,118,119,120,121,122,123,124,135,151,152,153,154,155,156,157,171,177,179,183,186,188,190,194,196,197,207,208,216,218,220,222,223,224,225,226,227,228,240,245,248,249,250,251,252,
38;1;314;390;0;0,2,3,5,20,21,24,28,30,31,32,33,34,35,36,40,45,46,47,48,49,50,51,52,53,63,64,69,77,81,85,90,106,115,116,117,118,119,120,121,122,123,124,135,151,152,153,154,155,156,157,171,177,179,183,186,188,190,194,196,197,207,208,216,218,220,222,223,224,225,226,227,228,240,245,248,249,250,251,252,
58;0;390;436;0;0,2,3,5,20,21,24,28,30,31,32,33,34,35,36,40,45,46,47,48,49,50,51,52,53,63,64,69,77,81,85,90,106,115,116,117,118,119,120,121,122,123,124,135,151,152,153,154,155,156,157,171,177,179,183,186,188,190,194,196,197,207,208,216,218,220,222,223,224,225,226,227,228,240,245,248,249,250,251,252,
58;1;436;513;0;0,2,3,5,20,21,24,28,30,31,32,33,34,35,36,40,45,46,47,48,49,50,51,52,53,63,64,69,77,81,85,90,106,115,116,117,118,119,120,121,122,123,124,135,151,152,153,154,155,156,157,171,177,179,183,186,188,190,194,196,197,207,208,216,218,220,222,223,224,225,226,227,228,240,245,248,249,250,251,252,
68;0;513;610;0;0,2,3,5,20,21,24,28,30,31,32,33,34,35,36,40,45,46,47,48,49,50,51,52,53,63,64,69,77,81,85,90,106,115,116,117,118,119,120,121,122,123,124,135,151,152,153,154,155,156,157,171,177,179,183,186,188,190,194,196,197,207,208,216,218,220,222,223,224,225,226,227,228,240,245,248,249,250,251,252,
68;1;610;772;0;0,2,3,5,20,21,24,28,30,31,32,33,34,35,36,40,45,46,47,48,49,50,51,52,53,63,64,69,77,81,85,90,106,115,116,117,118,119,120,121,122,123,124,135,151,152,153,154,155,156,157,171,177,179,183,186,188,190,194,196,197,207,208,216,218,220,222,223,224,225,226,227,228,240,245,248,249,250,251,252,
117;0;772;952;0;0,2,3,5,20,21,24,28,30,31,32,33,34,35,36,40,45,46,47,48,49,50,51,52,53,63,64,69,77,81,85,90,106,115,116,117,118,119,120,121,122,123,124,135,151,152,153,154,155,156,157,171,177,179,183,186,188,190,194,196,197,207,208,216,218,220,222,223,224,225,226,227,228,240,245,248,249,250,251,252,
122;0;952;1113;0;0,2,3,5,20,21,24,28,30,31,32,33,34,35,36,40,45,46,47,48,49,50,51,52,53,63,64,69,77,81,85,90,106,115,116,117,118,119,120,121,122,123,124,135,151,152,153,154,155,156,157,171,177,179,183,186,188,190,194,196,197,207,208,216,218,220,222,223,224,225,226,227,228,240,245,248,249,250,251,252,
95;0;1113;1250;0;0,2,3,5,20,21,24,28,30,31,32,33,34,35,36,40,45,46,47,48,49,50,51,52,53,63,64,69,77,81,85,90,106,115,116,117,118,119,120,121,122,123,124,135,151,152,153,154,155,156,157,171,177,179,183,186,188,190,194,196,197,207,208,216,218,220,222,223,224,225,226,227,228,240,245,248,249,250,251,252,
29;0;1250;1258;1;0,2,3,5,20,21,24,28,30,31,32,33,34,35,36,40,45,46,47,48,49,50,51,52,53,63,64,69,77,81,85,90,106,115,116,117,118,119,120,121,122,123,124,135,151,152,153,154,155,156,157,171,177,179,183,186,188,190,194,196,197,207,208,216,218,220,222,223,224,225,226,227,228,240,245,248,249,250,251,252,
29;1;1258;1302;1;0,2,3,5,20,21,24,28,30,31,32,33,34,35,36,40,45,46,47,48,49,50,51,52,53,63,64,69,77,81,85,90,106,115,116,117,118,119,120,121,122,123,124,135,151,152,153,154,155,156,157,171,177,179,183,186,188,190,194,196,197,207,208,216,218,220,222,223,224,225,226,227,228,240,245,248,249,250,251,252,
59;0;1302;1307;1;0,2,3,5,20,21,24,28,30,31,32,33,34,35,36,40,45,46,47,48,49,50,51,52,53,63,64,69,77,81,85,90,106,115,116,117,118,119,120,121,122,123,124,135,151,152,153,154,155,156,157,171,177,179,183,186,188,190,194,196,197,207,208,216,218,220,222,223,224,225,226,227,228,240,245,248,249,250,251,252,
59;1;1307;1431;1;0,2,3,5,20,21,24,28,30,31,32,33,34,35,36,40,45,46,47,48,49,50,51,52,53,63,64,69,77,81,85,90,106,115,116,117,118,119,120,121,122,123,124,135,151,152,153,154,155,156,157,171,177,179,183,186,188,190,194,196,197,207,208,216,218,220,222,223,224,225,226,227,228,240,245,248,249,250,251,252,
5;0;1431;1497;0;0,2,3,5,20,21,24,28,30,31,32,33,34,35,36,40,45,46,47,48,49,50,51,52,53,63,64,69,77,81,85,90,106,115,116,117,118,119,120,121,122,123,124,135,151,152,153,154,155,156,157,171,177,179,183,186,188,190,194,196,197,207,208,216,218,220,222,223,224,225,226,227,228,240,245,248,249,250,251,252,
111;0;1497;1626;1;0,2,3,5,20,21,24,28,30,31,32,33,34,35,36,40,45,46,47,48,49,50,51,52,53,63,64,69,77,81,85,90,106,115,116,117,118,119,120,121,122,123,124,135,151,152,153,154,155,156,157,171,177,179,183,186,188,190,194,196,197,207,208,216,218,220,222,223,224,225,226,227,228,240,245,248,249,250,251,252,
111;1;1626;1649;1;0,2,3,5,20,21,24,28,30,31,32,33,34,35,36,40,45,46,47,48,49,50,51,52,53,63,64,69,77,81,85,90,106,115,116,117,118,119,120,121,122,123,124,135,151,152,153,154,155,156,157,171,177,179,183,186,188,190,194,196,197,207,208,216,218,220,222,223,224,225,226,227,228,240,245,248,249,250,251,252,
20;0;1649;1722;0;0,2,3,5,20,21,24,28,30,31,32,33,34,35,36,40,45,46,47,48,49,50,51,52,53,63,64,69,77,81,85,90,106,115,116,117,118,119,120,121,122,123,124,135,151,152,153,154,155,156,157,171,177,179,183,186,188,190,194,196,197,207,208,216,218,220,222,223,224,225,226,227,228,240,245,248,249,250,251,252,
49;0;1722;1820;1;0,2,3,5,20,21,24,28,30,31,32,33,34,35,36,40,45,46,47,48,49,50,51,52,53,57,63,64,67,69,77,81,85,90,106,115,116,117,118,119,120,121,122,123,124,134,135,151,152,153,154,155,156,157,171,177,179,183,186,188,190,194,196,197,207,208,216,218,220,222,223,224,225,226,227,228,240,248,250,251,
49;1;1820;1893;1;0,2,3,5,20,21,24,28,30,31,32,33,34,35,36,40,45,46,47,48,49,50,51,52,53,57,63,64,67,69,77,81,85,90,106,115,116,117,118,119,120,121,122,123,124,134,135,151,152,153,154,155,156,157,171,177,179,183,186,188,190,194,196,197,207,208,216,218,220,222,223,224,225,226,227,228,240,248,250,251,
10;0;1893;1989;0;0,2,3,5,20,21,24,28,30,31,32,33,34,35,36,40,45,46,47,48,49,50,51,52,53,54,55,56,57,58,59,60,61,62,63,64,67,69,77,81,85,90,106,115,116,117,118,119,120,121,122,123,124,134,135,151,152,153,154,155,156,157,171,177,179,183,186,188,190,194,196,197,207,208,216,218,220,248,250,251,
72;0;1989;2133;0;0,2,3,5,20,21,24,28,30,31,32,33,34,35,36,40,45,46,47,48,49,50,51,52,53,54,55,56,57,58,59,60,61,62,63,64,67,69,77,81,85,90,106,115,116,117,118,119,120,121,122,123,124,134,135,151,152,153,154,155,156,157,171,177,179,183,186,188,190,194,196,197,207,208,216,218,220,248,250,251,
85;0;2133;2160;0;0,2,3,5,20,21,24,28,30,31,32,33,34,35,36,40,45,46,47,48,49,50,51,52,53,54,55,56,57,58,59,60,61,62,63,64,67,69,77,81,85,90,106,115,116,117,118,119,120,121,122,123,124,134,135,151,152,153,154,155,156,157,171,177,179,183,186,188,190,194,196,197,207,208,216,218,220,248,250,251,
31;0;2880;3027;1;0,2,3,5,20,21,24,28,30,31,32,33,34,35,36,40,45,46,47,48,49,50,51,52,53,54,55,56,57,58,59,60,61,62,63,64,67,69,77,81,85,90,106,115,116,117,118,119,120,121,122,123,124,134,135,151,152,153,154,155,156,157,171,177,179,183,186,188,190,193,194,195,196,197,198,199,207,216,250,251,
31;1;3027;3099;1;0,2,3,5,20,21,24,28,30,31,32,33,34,35,36,40,45,46,47,48,49,50,51,52,53,54,55,56,57,58,59,60,61,62,63,64,67,69,77,81,85,90,106,115,116,117,118,119,120,121,122,123,124,134,135,151,152,153,154,155,156,157,171,177,179,183,186,188,190,193,194,195,196,197,198,199,207,216,250,251,
39;0;3099;3172;1;0,2,3,5,20,21,24,28,30,31,32,33,34,35,36,38,40,45,46,47,48,49,50,51,52,53,54,55,56,57,58,59,60,61,62,63,64,67,69,77,81,85,90,100,103,104,105,106,107,108,115,116,117,118,119,120,121,122,123,124,134,135,151,152,153,154,155,156,157,171,177,179,183,186,188,190,193,216,250,251,
39;1;3172;3323;1;0,2,3,5,20,21,24,28,30,31,32,33,34,35,36,38,40,45,46,47,48,49,50,51,52,53,54,55,56,57,58,59,60,61,62,63,64,67,69,77,81,85,90,100,103,104,105,106,107,108,115,116,117,118,119,120,121,122,123,124,134,135,151,152,153,154,155,156,157,171,177,179,183,186,188,190,193,216,250,251,
103;0;3323;3457;0;0,2,3,5,20,21,24,28,30,31,32,33,34,35,36,38,40,45,46,47,48,49,50,51,52,53,54,55,56,57,58,59,60,61,62,63,64,67,69,77,81,85,90,98,99,100,101,102,103,104,105,106,107,108,115,116,117,118,119,120,121,122,123,124,134,135,151,152,153,154,155,156,157,170,193,216,246,247,250,251,
103;1;3457;3519;0;0,2,3,5,20,21,24,28,30,31,32,33,34,35,36,38,40,45,46,47,48,49,50,51,52,53,54,55,56,57,58,59,60,61,62,63,64,67,69,77,81,85,90,98,99,100,101,102,103,104,105,106,107,108,115,116,117,118,119,120,121,122,123,124,134,135,151,152,153,154,155,156,157,170,193,216,246,247,250,251,
51;0;3519;3668;1;0,2,3,5,20,21,24,28,30,31,32,33,34,35,36,38,40,45,46,47,48,49,50,51,52,53,54,55,56,57,58,59,60,61,62,63,64,67,69,77,81,82,84,85,90,98,99,100,101,102,103,104,105,106,107,108,115,116,117,118,119,120,121,122,123,124,134,135,151,152,153,154,155,156,157,191,193,216,250,251,
51;1;3668;3805;1;0,2,3,5,20,21,24,28,30,31,32,33,34,35,36,38,40,45,46,47,48,49,50,51,52,53,54,55,56,57,58,59,60,61,62,63,64,67,69,77,81,82,84,85,90,98,99,100,101,102,103,104,105,106,107,108,115,116,117,118,119,120,121,122,123,124,134,135,151,152,153,154,155,156,157,191,193,216,250,251,
86;0;3805;3979;1;0,2,3,5,20,21,24,28,30,31,32,33,34,35,36,38,40,45,46,47,48,49,50,51,52,53,54,55,56,57,58,59,60,61,62,63,64,67,69,77,81,82,84,85,90,98,99,100,101,102,103,104,105,106,107,108,115,116,117,118,119,120,121,122,123,124,134,135,151,152,153,154,155,156,157,191,193,216,250,251,
86;1;3979;4154;1;0,2,3,5,20,21,24,28,30,31,32,33,34,35,36,38,40,45,46,47,48,49,50,51,52,53,54,55,56,57,58,59,60,61,62,63,64,67,69,77,81,82,84,85,90,98,99,100,101,102,103,104,105,106,107,108,115,116,117,118,119,120,121,122,123,124,134,135,151,152,153,154,155,156,157,191,193,216,250,251,
Machine: 5
126;0;0;33;1;10,11,12,13,14,15,16,17,18,19,20,21,22,23,24,25,26,27,28,29,36,38,53,63,64,69,81,90,100,103,104,105,106,107,108,115,116,117,118,119,120,121,122,123,124,135,151,155,177,183,184,185,186,187,188,189,190,191,192,194,197,208,216,229,230,231,232,237,238,239,240,241,242,243,244,250,253,254,259,260,
126;1;33;67;1;10,11,12,13,14,15,16,17,18,19,20,21,22,23,24,25,26,27,28,29,36,38,53,63,64,69,81,90,100,103,104,105,106,107,108,115,116,117,118,119,120,121,122,123,124,135,151,155,177,183,184,185,186,187,188,189,190,191,192,194,197,208,216,229,230,231,232,237,238,239,240,241,242,243,244,250,253,254,259,260,
41;0;67;157;1;10,11,12,13,14,15,16,17,18,19,20,21,22,23,24,25,26,27,28,29,36,38,53,63,64,69,81,90,100,103,104,105,106,107,108,115,116,117,118,119,120,121,122,123,124,135,151,155,177,183,184,185,186,187,188,189,190,191,192,194,197,208,216,229,230,231,232,237,238,239,240,241,242,243,244,250,253,254,259,260,
41;1;157;191;1;10,11,12,13,14,15,16,17,18,19,20,21,22,23,24,25,26,27,28,29,36,38,53,63,64,69,81,90,100,103,104,105,106,107,108,115,116,117,118,119,120,121,122,123,124,135,151,155,177,183,184,185,186,187,188,189,190,191,192,194,197,208,216,229,230,231,232,237,238,239,240,241,242,243,244,250,253,254,259,260,
94;0;191;292;1;10,11,12,13,14,15,16,17,18,19,20,21,22,23,24,25,26,27,28,29,36,38,53,63,64,69,81,90,100,103,104,105,106,107,108,115,116,117,118,119,120,121,122,123,124,135,151,155,177,183,184,185,186,187,188,189,190,191,192,194,197,208,216,229,230,231,232,237,238,239,240,241,242,243,244,250,253,254,259,260,
94;1;292;337;1;10,11,12,13,14,15,16,17,18,19,20,21,22,23,24,25,26,27,28,29,36,38,53,63,64,69,81,90,100,103,104,105,106,107,108,115,116,117,118,119,120,121,122,123,124,135,151,155,177,183,184,185,186,187,188,189,190,191,192,194,197,208,216,229,230,231,232,237,238,239,240,241,242,243,244,250,253,254,259,260,
77;0;337;382;0;10,11,12,13,14,15,16,17,18,19,20,21,22,23,24,25,26,27,28,29,36,38,53,63,64,69,81,90,100,103,104,105,106,107,108,115,116,117,118,119,120,121,122,123,124,135,151,155,177,183,184,185,186,187,188,189,190,191,192,194,197,208,216,229,230,231,232,237,238,239,240,241,242,243,244,250,253,254,259,260,
64;0;382;472;1;10,11,12,13,14,15,16,17,18,19,20,21,22,23,24,25,26,27,28,29,36,38,53,63,64,69,81,90,100,103,104,105,106,107,108,115,116,117,118,119,120,121,122,123,124,135,151,155,177,183,184,185,186,187,188,189,190,191,192,194,197,208,216,229,230,231,232,237,238,239,240,241,242,243,244,250,253,254,259,260,
64;1;472;537;1;10,11,12,13,14,15,16,17,18,19,20,21,22,23,24,25,26,27,28,29,36,38,53,63,64,69,81,90,100,103,104,105,106,107,108,115,116,117,118,119,120,121,122,123,124,135,151,155,177,183,184,185,186,187,188,189,190,191,192,194,197,208,216,229,230,231,232,237,238,239,240,241,242,243,244,250,253,254,259,260,
2;0;537;709;1;10,11,12,13,14,15,16,17,18,19,20,21,22,23,24,25,26,27,28,29,36,38,53,63,64,69,81,90,100,103,104,105,106,107,108,115,116,117,118,119,120,121,122,123,124,135,151,155,177,183,184,185,186,187,188,189,190,191,192,194,197,208,216,229,230,231,232,237,238,239,240,241,242,243,244,250,253,254,259,260,
26;0;709;853;1;10,11,12,13,14,15,16,17,18,19,20,21,22,23,24,25,26,27,28,29,36,38,53,63,64,69,81,90,100,103,104,105,106,107,108,115,116,117,118,119,120,121,122,123,124,135,151,155,177,183,184,185,186,187,188,189,190,191,192,194,197,208,216,229,230,231,232,237,238,239,240,241,242,243,244,250,253,254,259,260,
26;1;853;894;1;10,11,12,13,14,15,16,17,18,19,20,21,22,23,24,25,26,27,28,29,36,38,53,63,64,69,81,90,100,103,104,105,106,107,108,115,116,117,118,119,120,121,122,123,124,135,151,155,177,183,184,185,186,187,188,189,190,191,192,194,197,208,216,229,230,231,232,237,238,239,240,241,242,243,244,250,253,254,259,260,
129;0;894;938;1;10,11,12,13,14,15,16,17,18,19,20,21,22,23,24,25,26,27,28,29,36,38,53,63,64,69,81,90,100,103,104,105,106,107,108,115,116,117,118,119,120,121,122,123,124,135,151,155,177,183,184,185,186,187,188,189,190,191,192,194,197,208,216,229,230,231,232,237,238,239,240,241,242,243,244,250,253,254,259,260,
129;1;938;1114;1;10,11,12,13,14,15,16,17,18,19,20,21,22,23,24,25,26,27,28,29,36,38,53,63,64,69,81,90,100,103,104,105,106,107,108,115,116,117,118,119,120,121,122,123,124,135,151,155,177,183,184,185,186,187,188,189,190,191,192,194,197,208,216,229,230,231,232,237,238,239,240,241,242,243,244,250,253,254,259,260,
54;0;1114;1251;1;10,11,12,13,14,15,16,17,18,19,20,21,22,23,24,25,26,27,28,29,36,38,53,63,64,69,81,90,100,103,104,105,106,107,108,115,116,117,118,119,120,121,122,123,124,135,151,155,177,183,184,185,186,187,188,189,190,191,192,194,197,208,216,229,230,231,232,237,238,239,240,241,242,243,244,250,253,254,259,260,
54;1;1251;1342;1;10,11,12,13,14,15,16,17,18,19,20,21,22,23,24,25,26,27,28,29,36,38,53,63,64,69,81,90,100,103,104,105,106,107,108,115,116,117,118,119,120,121,122,123,124,135,151,155,177,183,184,185,186,187,188,189,190,191,192,194,197,208,216,229,230,231,232,237,238,239,240,241,242,243,244,250,253,254,259,260,
71;0;1342;1440;1;10,11,12,13,14,15,16,17,18,19,20,21,22,23,24,25,26,27,28,29,36,38,53,63,64,69,81,90,100,103,104,105,106,107,108,115,116,117,118,119,120,121,122,123,124,135,151,155,177,183,184,185,186,187,188,189,190,191,192,194,197,208,216,229,230,231,232,237,238,239,240,241,242,243,244,250,253,254,259,260,
71;1;1440;1591;1;10,11,12,13,14,15,16,17,18,19,20,21,22,23,24,25,26,27,28,29,36,38,53,63,64,69,81,90,100,103,104,105,106,107,108,115,116,117,118,119,120,121,122,123,124,135,151,155,177,183,184,185,186,187,188,189,190,191,192,194,197,208,216,229,230,231,232,237,238,239,240,241,242,243,244,250,253,254,259,260,
16;0;1591;1756;1;10,11,12,13,14,15,16,17,18,19,20,21,22,23,24,25,26,27,28,29,36,38,53,63,64,69,81,90,100,103,104,105,106,107,108,115,116,117,118,119,120,121,122,123,124,135,151,155,177,183,184,185,186,187,188,189,190,191,192,194,197,208,216,229,230,231,232,237,238,239,240,241,242,243,244,250,253,254,259,260,
16;1;1756;1853;1;10,11,12,13,14,15,16,17,18,19,20,21,22,23,24,25,26,27,28,29,36,38,53,63,64,69,81,90,100,103,104,105,106,107,108,115,116,117,118,119,120,121,122,123,124,135,151,155,177,183,184,185,186,187,188,189,190,191,192,194,197,208,216,229,230,231,232,237,238,239,240,241,242,243,244,250,253,254,259,260,
91;0;1853;2016;1;10,11,12,13,14,15,16,17,18,19,20,21,22,23,24,25,26,27,28,29,36,38,53,54,63,64,66,69,81,82,84,85,90,100,102,103,104,105,106,107,108,109,110,111,112,113,114,115,135,137,142,143,144,145,146,147,148,149,150,151,158,159,160,161,162,163,164,165,166,191,208,216,229,230,231,232,233,234,235,236,
91;1;2016;2165;1;10,11,12,13,14,15,16,17,18,19,20,21,22,23,24,25,26,27,28,29,36,38,53,54,63,64,66,69,81,82,84,85,90,100,102,103,104,105,106,107,108,109,110,111,112,113,114,115,135,137,142,143,144,145,146,147,148,149,150,151,158,159,160,161,162,163,164,165,166,191,208,216,229,230,231,232,233,234,235,236,
43;0;2165;2207;0;10,11,12,13,14,15,16,17,18,19,20,21,22,23,24,25,26,27,28,29,36,38,53,54,63,64,66,69,81,82,84,85,90,100,102,103,104,105,106,107,108,109,110,111,112,113,114,115,135,137,142,143,144,145,146,147,148,149,150,151,158,159,160,161,162,163,164,165,166,191,208,216,229,230,231,232,233,234,235,236,
43;1;2207;2371;0;10,11,12,13,14,15,16,17,18,19,20,21,22,23,24,25,26,27,28,29,36,38,53,54,63,64,66,69,81,82,84,85,90,100,102,103,104,105,106,107,108,109,110,111,112,113,114,115,135,137,142,143,144,145,146,147,148,149,150,151,158,159,160,161,162,163,164,165,166,191,208,216,229,230,231,232,233,234,235,236,
65;0;2371;2535;0;10,11,12,13,14,15,16,17,18,19,20,21,22,23,24,25,26,27,28,29,36,38,53,54,63,64,66,69,81,82,84,85,90,100,102,103,104,105,106,107,108,109,110,111,112,113,114,115,135,137,142,143,144,145,146,147,148,149,150,151,158,159,160,161,162,163,164,165,166,191,208,216,229,230,231,232,233,234,235,236,
70;0;2535;2672;0;10,11,12,13,14,15,16,17,18,19,20,21,22,23,24,25,26,27,28,29,36,38,53,54,63,64,66,69,81,82,84,85,90,100,102,103,104,105,106,107,108,109,110,111,112,113,114,115,135,137,142,143,144,145,146,147,148,149,150,151,158,159,160,161,162,163,164,165,166,191,208,216,229,230,231,232,233,234,235,236,
15;0;2672;2803;0;10,11,12,13,14,15,16,17,18,19,20,21,22,23,24,25,26,27,28,29,36,38,53,54,63,64,66,69,81,82,84,85,90,100,102,103,104,105,106,107,108,109,110,111,112,113,114,115,135,137,142,143,144,145,146,147,148,149,150,151,158,159,160,161,162,163,164,165,166,191,208,216,229,230,231,232,233,234,235,236,
90;0;2803;2912;0;10,11,12,13,14,15,16,17,18,19,20,21,22,23,24,25,26,27,28,29,36,38,53,54,63,64,66,69,81,82,84,85,90,100,102,103,104,105,106,107,108,109,110,111,112,113,114,115,135,137,142,143,144,145,146,147,148,149,150,151,158,159,160,161,162,163,164,165,166,191,208,216,229,230,231,232,233,234,235,236,
80;0;2912;2989;0;10,11,12,13,14,15,16,17,18,19,20,21,22,23,24,25,26,27,28,29,36,38,53,54,57,63,64,66,67,69,81,82,84,85,90,100,102,103,104,105,106,107,108,109,110,111,112,113,114,115,135,137,142,143,144,145,146,147,148,149,150,151,158,159,160,161,162,163,164,165,166,191,208,216,229,230,231,232,233,234,
67;0;2989;3044;0;0,1,2,3,4,5,6,7,8,9,10,11,12,13,14,15,16,17,18,19,20,21,22,23,24,25,26,27,28,29,36,38,53,54,57,63,64,66,67,69,81,82,84,85,90,100,102,103,104,105,106,107,108,109,110,111,112,113,114,115,135,137,142,143,144,145,146,147,148,149,150,151,158,159,160,161,162,163,164,165,
7;0;3044;3075;0;0,1,2,3,4,5,6,7,8,9,10,11,12,13,14,15,16,17,18,19,20,21,22,23,24,25,26,27,28,29,36,38,53,54,55,56,57,58,59,60,61,62,63,64,66,67,69,81,82,84,85,90,100,102,103,104,105,106,107,108,109,110,111,112,113,114,115,135,137,142,143,144,145,146,147,148,149,150,151,158,
110;0;3075;3173;0;0,1,2,3,4,5,6,7,8,9,10,11,12,13,14,15,16,17,18,19,20,21,22,23,24,25,26,27,28,29,36,38,53,54,55,56,57,58,59,60,61,62,63,64,66,67,69,81,82,84,85,90,100,102,103,104,105,106,107,108,109,110,111,112,113,114,115,135,137,142,143,144,145,146,147,148,149,150,151,158,
END
fineshedJobsCount: 210
switchs: 206
switchsInstances: 14
unfineshedPriorityCount: 105
finalSolution: 2804
totalUnfineshed: 0
Time: 1
