./input/BaseInstances/6M1_n=130,r=0.6,t=165,v0.txt;./input/Processed/ToolSetInt.csv
7;720;1440
Machine: 0
11;0;0;36;1;0,1,2,3,4,5,6,7,8,9,10,11,12,13,14,15,16,17,18,19,20,21,22,23,24,25,26,27,28,29,30,36,38,53,54,55,56,57,58,59,60,61,62,63,64,67,69,80,81,82,83,84,85,86,87,88,90,98,99,100,101,102,103,104,105,106,107,108,135,137,151,154,157,158,159,160,161,162,163,164,
11;1;36;50;1;0,1,2,3,4,5,6,7,8,9,10,11,12,13,14,15,16,17,18,19,20,21,22,23,24,25,26,27,28,29,30,36,38,53,54,55,56,57,58,59,60,61,62,63,64,67,69,80,81,82,83,84,85,86,87,88,90,98,99,100,101,102,103,104,105,106,107,108,135,137,151,154,157,158,159,160,161,162,163,164,
24;0;50;110;1;0,1,2,3,4,5,6,7,8,9,10,11,12,13,14,15,16,17,18,19,20,21,22,23,24,25,26,27,28,29,30,36,38,53,54,55,56,57,58,59,60,61,62,63,64,67,69,80,81,82,83,84,85,86,87,88,90,98,99,100,101,102,103,104,105,106,107,108,135,137,151,154,157,158,159,160,161,162,163,164,
24;1;110;122;1;0,1,2,3,4,5,6,7,8,9,10,11,12,13,14,15,16,17,18,19,20,21,22,23,24,25,26,27,28,29,30,36,38,53,54,55,56,57,58,59,60,61,62,63,64,67,69,80,81,82,83,84,85,86,87,88,90,98,99,100,101,102,103,104,105,106,107,108,135,137,151,154,157,158,159,160,161,162,163,164,
13;0;122;273;0;0,1,2,3,4,5,6,7,8,9,10,11,12,13,14,15,16,17,18,19,20,21,22,23,24,25,26,27,28,29,30,36,38,53,54,55,56,57,58,59,60,61,62,63,64,67,69,80,81,82,83,84,85,86,87,88,90,98,99,100,101,102,103,104,105,106,107,108,135,137,151,154,157,158,159,160,161,162,163,164,
13;1;273;453;0;0,1,2,3,4,5,6,7,8,9,10,11,12,13,14,15,16,17,18,19,20,21,22,23,24,25,26,27,28,29,30,36,38,53,54,55,56,57,58,59,60,61,62,63,64,67,69,80,81,82,83,84,85,86,87,88,90,98,99,100,101,102,103,104,105,106,107,108,135,137,151,154,157,158,159,160,161,162,163,164,
28;0;453;601;0;0,1,2,3,4,5,6,7,8,9,10,11,12,13,14,15,16,17,18,19,20,21,22,23,24,25,26,27,28,29,30,36,38,53,54,55,56,57,58,59,60,61,62,63,64,67,69,80,81,82,83,84,85,86,87,88,90,98,99,100,101,102,103,104,105,106,107,108,135,137,151,154,157,158,159,160,161,162,163,164,
28;1;601;745;0;0,1,2,3,4,5,6,7,8,9,10,11,12,13,14,15,16,17,18,19,20,21,22,23,24,25,26,27,28,29,30,36,38,53,54,55,56,57,58,59,60,61,62,63,64,67,69,80,81,82,83,84,85,86,87,88,90,98,99,100,101,102,103,104,105,106,107,108,135,137,151,154,157,158,159,160,161,162,163,164,
33;0;745;809;0;0,1,2,3,4,5,6,7,8,9,10,11,12,13,14,15,16,17,18,19,20,21,22,23,24,25,26,27,28,29,30,36,38,53,54,55,56,57,58,59,60,61,62,63,64,67,69,80,81,82,83,84,85,86,87,88,90,98,99,100,101,102,103,104,105,106,107,108,135,137,151,154,157,158,159,160,161,162,163,164,
33;1;809;952;0;0,1,2,3,4,5,6,7,8,9,10,11,12,13,14,15,16,17,18,19,20,21,22,23,24,25,26,27,28,29,30,36,38,53,54,55,56,57,58,59,60,61,62,63,64,67,69,80,81,82,83,84,85,86,87,88,90,98,99,100,101,102,103,104,105,106,107,108,135,137,151,154,157,158,159,160,161,162,163,164,
50;0;952;1091;0;0,1,2,3,4,5,6,7,8,9,10,11,12,13,14,15,16,17,18,19,20,21,22,23,24,25,26,27,28,29,30,36,38,53,54,55,56,57,58,59,60,61,62,63,64,67,69,80,81,82,83,84,85,86,87,88,90,98,99,100,101,102,103,104,105,106,107,108,135,137,151,154,157,158,159,160,161,162,163,164,
25;0;1091;1175;0;0,1,2,3,4,5,6,7,8,9,10,11,12,13,14,15,16,17,18,19,20,21,22,23,24,25,26,27,28,29,30,36,38,53,54,55,56,57,58,59,60,61,62,63,64,67,69,80,81,82,83,84,85,86,87,88,90,98,99,100,101,102,103,104,105,106,107,108,135,137,151,154,157,158,159,160,161,162,163,164,
35;0;1175;1179;0;0,1,2,3,4,5,6,7,8,9,10,11,12,13,14,15,16,17,18,19,20,21,22,23,24,25,26,27,28,29,30,36,38,53,54,55,56,57,58,59,60,61,62,63,64,67,69,80,81,82,83,84,85,86,87,88,90,98,99,100,101,102,103,104,105,106,107,108,135,137,151,154,157,158,159,160,161,162,163,164,
26;0;1179;1245;1;0,1,2,3,4,5,6,7,8,9,10,11,12,13,14,15,16,17,18,19,20,21,22,23,24,25,26,27,28,29,30,36,38,53,54,55,56,57,58,59,60,61,62,63,64,67,69,80,81,82,83,84,85,86,87,88,90,98,99,100,101,102,103,104,105,106,107,108,135,137,151,154,157,158,159,160,161,162,163,164,
26;1;1245;1286;1;0,1,2,3,4,5,6,7,8,9,10,11,12,13,14,15,16,17,18,19,20,21,22,23,24,25,26,27,28,29,30,36,38,53,54,55,56,57,58,59,60,61,62,63,64,67,69,80,81,82,83,84,85,86,87,88,90,98,99,100,101,102,103,104,105,106,107,108,135,137,151,154,157,158,159,160,161,162,163,164,
69;0;1286;1366;1;0,1,2,3,4,5,6,7,8,9,10,11,12,13,14,15,16,17,18,19,20,21,22,23,24,25,26,27,28,29,30,36,38,53,54,55,56,57,58,59,60,61,62,63,64,67,69,80,81,82,83,84,85,86,87,88,90,98,99,100,101,102,103,104,105,106,107,108,135,137,151,154,157,158,159,160,161,162,163,164,
69;1;1366;1399;1;0,1,2,3,4,5,6,7,8,9,10,11,12,13,14,15,16,17,18,19,20,21,22,23,24,25,26,27,28,29,30,36,38,53,54,55,56,57,58,59,60,61,62,63,64,67,69,80,81,82,83,84,85,86,87,88,90,98,99,100,101,102,103,104,105,106,107,108,135,137,151,154,157,158,159,160,161,162,163,164,
21;0;1399;1440;1;0,1,2,3,4,5,6,7,8,9,10,11,12,13,14,15,16,17,18,19,20,21,22,23,24,25,26,27,28,29,30,36,38,53,54,55,56,57,58,59,60,61,62,63,64,67,69,80,81,82,83,84,85,86,87,88,90,98,99,100,101,102,103,104,105,106,107,108,135,137,151,154,157,158,159,160,161,162,163,164,
21;1;1440;1549;1;0,1,2,3,4,5,6,7,8,9,10,11,12,13,14,15,16,17,18,19,20,21,22,23,24,25,26,27,28,29,30,36,38,53,54,55,56,57,58,59,60,61,62,63,64,67,69,80,81,82,83,84,85,86,87,88,90,98,99,100,101,102,103,104,105,106,107,108,135,137,151,154,157,158,159,160,161,162,163,164,
2;0;1549;1721;1;0,1,2,3,4,5,6,7,8,9,10,11,12,13,14,15,16,17,18,19,20,21,22,23,24,25,26,27,28,29,30,36,38,53,54,55,56,57,58,59,60,61,62,63,64,67,69,80,81,82,83,84,85,86,87,88,90,98,99,100,101,102,103,104,105,106,107,108,135,137,151,154,157,158,159,160,161,162,163,164,
54;0;1721;1824;1;0,1,2,3,4,5,6,7,8,9,10,11,12,13,14,15,16,17,18,19,20,21,22,23,24,25,26,27,28,29,30,36,38,53,54,55,56,57,58,59,60,61,62,63,64,67,69,80,81,82,83,84,85,86,87,88,90,98,99,100,101,102,103,104,105,106,107,108,135,137,151,154,157,158,159,160,161,162,163,164,
54;1;1824;1915;1;0,1,2,3,4,5,6,7,8,9,10,11,12,13,14,15,16,17,18,19,20,21,22,23,24,25,26,27,28,29,30,36,38,53,54,55,56,57,58,59,60,61,62,63,64,67,69,80,81,82,83,84,85,86,87,88,90,98,99,100,101,102,103,104,105,106,107,108,135,137,151,154,157,158,159,160,161,162,163,164,
39;0;1915;1991;1;0,1,2,3,4,5,6,7,8,9,10,11,12,13,14,15,16,17,18,19,20,21,22,23,24,25,26,27,28,29,30,36,38,53,54,55,56,57,58,59,60,61,62,63,64,67,69,80,81,82,83,84,85,86,87,88,90,98,99,100,101,102,103,104,105,106,107,108,135,137,151,154,157,158,159,160,161,162,163,164,
39;1;1991;2142;1;0,1,2,3,4,5,6,7,8,9,10,11,12,13,14,15,16,17,18,19,20,21,22,23,24,25,26,27,28,29,30,36,38,53,54,55,56,57,58,59,60,61,62,63,64,67,69,80,81,82,83,84,85,86,87,88,90,98,99,100,101,102,103,104,105,106,107,108,135,137,151,154,157,158,159,160,161,162,163,164,
Machine: 1
41;0;0;18;1;0,1,2,3,4,5,6,7,8,9,10,20,24,26,30,31,32,33,34,35,36,37,38,48,53,54,55,56,57,58,59,60,61,62,63,64,65,66,67,68,69,81,82,84,85,90,100,103,104,105,106,107,108,120,132,133,134,135,136,137,138,139,140,141,142,143,144,145,146,147,148,149,150,151,152,153,154,155,156,157,
41;1;18;52;1;0,1,2,3,4,5,6,7,8,9,10,20,24,26,30,31,32,33,34,35,36,37,38,48,53,54,55,56,57,58,59,60,61,62,63,64,65,66,67,68,69,81,82,84,85,90,100,103,104,105,106,107,108,120,132,133,134,135,136,137,138,139,140,141,142,143,144,145,146,147,148,149,150,151,152,153,154,155,156,157,
48;0;52;157;0;0,1,2,3,4,5,6,7,8,9,10,20,24,26,30,31,32,33,34,35,36,37,38,48,53,54,55,56,57,58,59,60,61,62,63,64,65,66,67,68,69,81,82,84,85,90,100,103,104,105,106,107,108,120,132,133,134,135,136,137,138,139,140,141,142,143,144,145,146,147,148,149,150,151,152,153,154,155,156,157,
48;1;157;209;0;0,1,2,3,4,5,6,7,8,9,10,20,24,26,30,31,32,33,34,35,36,37,38,48,53,54,55,56,57,58,59,60,61,62,63,64,65,66,67,68,69,81,82,84,85,90,100,103,104,105,106,107,108,120,132,133,134,135,136,137,138,139,140,141,142,143,144,145,146,147,148,149,150,151,152,153,154,155,156,157,
75;0;209;324;0;0,1,2,3,4,5,6,7,8,9,10,20,24,26,30,31,32,33,34,35,36,37,38,48,53,54,55,56,57,58,59,60,61,62,63,64,65,66,67,68,69,81,82,84,85,90,100,103,104,105,106,107,108,120,132,133,134,135,136,137,138,139,140,141,142,143,144,145,146,147,148,149,150,151,152,153,154,155,156,157,
22;0;324;433;0;0,1,2,3,4,5,6,7,8,9,10,20,24,26,30,31,32,33,34,35,36,37,38,48,53,54,55,56,57,58,59,60,61,62,63,64,65,66,67,68,69,81,82,84,85,90,100,103,104,105,106,107,108,120,132,133,134,135,136,137,138,139,140,141,142,143,144,145,146,147,148,149,150,151,152,153,154,155,156,157,
18;0;433;602;0;0,1,2,3,4,5,6,7,8,9,10,20,24,26,30,31,32,33,34,35,36,37,38,48,53,54,55,56,57,58,59,60,61,62,63,64,65,66,67,68,69,81,82,84,85,90,100,103,104,105,106,107,108,120,132,133,134,135,136,137,138,139,140,141,142,143,144,145,146,147,148,149,150,151,152,153,154,155,156,157,
18;1;602;736;0;0,1,2,3,4,5,6,7,8,9,10,20,24,26,30,31,32,33,34,35,36,37,38,48,53,54,55,56,57,58,59,60,61,62,63,64,65,66,67,68,69,81,82,84,85,90,100,103,104,105,106,107,108,120,132,133,134,135,136,137,138,139,140,141,142,143,144,145,146,147,148,149,150,151,152,153,154,155,156,157,
3;0;736;867;0;0,1,2,3,4,5,6,7,8,9,10,20,24,26,30,31,32,33,34,35,36,37,38,48,53,54,55,56,57,58,59,60,61,62,63,64,65,66,67,68,69,81,82,84,85,90,100,103,104,105,106,107,108,120,132,133,134,135,136,137,138,139,140,141,142,143,144,145,146,147,148,149,150,151,152,153,154,155,156,157,
3;1;867;909;0;0,1,2,3,4,5,6,7,8,9,10,20,24,26,30,31,32,33,34,35,36,37,38,48,53,54,55,56,57,58,59,60,61,62,63,64,65,66,67,68,69,81,82,84,85,90,100,103,104,105,106,107,108,120,132,133,134,135,136,137,138,139,140,141,142,143,144,145,146,147,148,149,150,151,152,153,154,155,156,157,
20;0;909;982;0;0,1,2,3,4,5,6,7,8,9,10,20,24,26,30,31,32,33,34,35,36,37,38,48,53,54,55,56,57,58,59,60,61,62,63,64,65,66,67,68,69,81,82,84,85,90,100,103,104,105,106,107,108,120,132,133,134,135,136,137,138,139,140,141,142,143,144,145,146,147,148,149,150,151,152,153,154,155,156,157,
7;0;982;1013;0;0,1,2,3,4,5,6,7,8,9,10,20,24,26,30,31,32,33,34,35,36,37,38,48,53,54,55,56,57,58,59,60,61,62,63,64,65,66,67,68,69,81,82,84,85,90,100,103,104,105,106,107,108,120,132,133,134,135,136,137,138,139,140,141,142,143,144,145,146,147,148,149,150,151,152,153,154,155,156,157,
10;0;1013;1109;0;0,1,2,3,4,5,6,7,8,9,10,20,24,26,30,31,32,33,34,35,36,37,38,48,53,54,55,56,57,58,59,60,61,62,63,64,65,66,67,68,69,81,82,84,85,90,100,103,104,105,106,107,108,120,132,133,134,135,136,137,138,139,140,141,142,143,144,145,146,147,148,149,150,151,152,153,154,155,156,157,
51;0;1109;1113;1;0,1,2,3,4,5,6,7,8,9,10,20,24,26,30,31,32,33,34,35,36,37,38,48,53,54,55,56,57,58,59,60,61,62,63,64,65,66,67,68,69,81,82,84,85,90,100,103,104,105,106,107,108,120,132,133,134,135,136,137,138,139,140,141,142,143,144,145,146,147,148,149,150,151,152,153,154,155,156,157,
51;1;1113;1250;1;0,1,2,3,4,5,6,7,8,9,10,20,24,26,30,31,32,33,34,35,36,37,38,48,53,54,55,56,57,58,59,60,61,62,63,64,65,66,67,68,69,81,82,84,85,90,100,103,104,105,106,107,108,120,132,133,134,135,136,137,138,139,140,141,142,143,144,145,146,147,148,149,150,151,152,153,154,155,156,157,
44;0;1250;1413;1;0,1,2,3,4,5,6,7,8,9,10,20,24,26,30,31,32,33,34,35,36,37,38,48,53,54,55,56,57,58,59,60,61,62,63,64,65,66,67,68,69,81,82,84,85,90,100,103,104,105,106,107,108,120,132,133,134,135,136,137,138,139,140,141,142,143,144,145,146,147,148,149,150,151,152,153,154,155,156,157,
44;1;1413;1452;1;0,1,2,3,4,5,6,7,8,9,10,20,24,26,30,31,32,33,34,35,36,37,38,48,53,54,55,56,57,58,59,60,61,62,63,64,65,66,67,68,69,81,82,84,85,90,100,103,104,105,106,107,108,120,132,133,134,135,136,137,138,139,140,141,142,143,144,145,146,147,148,149,150,151,152,153,154,155,156,157,
76;0;1452;1524;1;0,1,2,3,4,5,6,7,8,9,10,20,24,26,30,31,32,33,34,35,36,37,38,48,53,54,55,56,57,58,59,60,61,62,63,64,65,66,67,68,69,81,82,84,85,90,100,103,104,105,106,107,108,120,132,133,134,135,136,137,138,139,140,141,142,143,144,145,146,147,148,149,150,151,152,153,154,155,156,157,
76;1;1524;1660;1;0,1,2,3,4,5,6,7,8,9,10,20,24,26,30,31,32,33,34,35,36,37,38,48,53,54,55,56,57,58,59,60,61,62,63,64,65,66,67,68,69,81,82,84,85,90,100,103,104,105,106,107,108,120,132,133,134,135,136,137,138,139,140,141,142,143,144,145,146,147,148,149,150,151,152,153,154,155,156,157,
14;0;1660;1740;1;0,1,2,3,4,5,6,7,8,9,10,20,24,26,30,31,32,33,34,35,36,37,38,48,53,54,55,56,57,58,59,60,61,62,63,64,65,66,67,68,69,81,82,84,85,90,100,103,104,105,106,107,108,120,132,133,134,135,136,137,138,139,140,141,142,143,144,145,146,147,148,149,150,151,152,153,154,155,156,157,
14;1;1740;1891;1;0,1,2,3,4,5,6,7,8,9,10,20,24,26,30,31,32,33,34,35,36,37,38,48,53,54,55,56,57,58,59,60,61,62,63,64,65,66,67,68,69,81,82,84,85,90,100,103,104,105,106,107,108,120,132,133,134,135,136,137,138,139,140,141,142,143,144,145,146,147,148,149,150,151,152,153,154,155,156,157,
19;0;1891;2062;1;0,1,2,3,4,5,6,7,8,9,10,20,24,26,30,31,32,33,34,35,36,37,38,48,53,54,55,56,57,58,59,60,61,62,63,64,65,66,67,68,69,81,82,84,85,90,100,103,104,105,106,107,108,120,132,133,134,135,136,137,138,139,140,141,142,143,144,145,146,147,148,149,150,151,152,153,154,155,156,157,
19;1;2062;2226;1;0,1,2,3,4,5,6,7,8,9,10,20,24,26,30,31,32,33,34,35,36,37,38,48,53,54,55,56,57,58,59,60,61,62,63,64,65,66,67,68,69,81,82,84,85,90,100,103,104,105,106,107,108,120,132,133,134,135,136,137,138,139,140,141,142,143,144,145,146,147,148,149,150,151,152,153,154,155,156,157,
Machine: 2
56;0;0;5;1;0,1,2,3,4,5,6,7,8,9,10,11,12,13,14,15,16,17,18,19,20,21,22,23,24,25,26,27,28,29,30,31,32,33,34,35,36,37,38,39,40,41,42,43,44,45,46,48,53,54,55,56,57,58,59,60,61,62,63,64,65,66,67,68,69,85,127,134,135,142,143,144,145,146,147,148,149,150,151,156,
56;1;5;109;1;0,1,2,3,4,5,6,7,8,9,10,11,12,13,14,15,16,17,18,19,20,21,22,23,24,25,26,27,28,29,30,31,32,33,34,35,36,37,38,39,40,41,42,43,44,45,46,48,53,54,55,56,57,58,59,60,61,62,63,64,65,66,67,68,69,85,127,134,135,142,143,144,145,146,147,148,149,150,151,156,
79;0;109;203;1;0,1,2,3,4,5,6,7,8,9,10,11,12,13,14,15,16,17,18,19,20,21,22,23,24,25,26,27,28,29,30,31,32,33,34,35,36,37,38,39,40,41,42,43,44,45,46,48,53,54,55,56,57,58,59,60,61,62,63,64,65,66,67,68,69,85,127,134,135,142,143,144,145,146,147,148,149,150,151,156,
79;1;203;224;1;0,1,2,3,4,5,6,7,8,9,10,11,12,13,14,15,16,17,18,19,20,21,22,23,24,25,26,27,28,29,30,31,32,33,34,35,36,37,38,39,40,41,42,43,44,45,46,48,53,54,55,56,57,58,59,60,61,62,63,64,65,66,67,68,69,85,127,134,135,142,143,144,145,146,147,148,149,150,151,156,
43;0;224;402;0;0,1,2,3,4,5,6,7,8,9,10,11,12,13,14,15,16,17,18,19,20,21,22,23,24,25,26,27,28,29,30,31,32,33,34,35,36,37,38,39,40,41,42,43,44,45,46,48,53,54,55,56,57,58,59,60,61,62,63,64,65,66,67,68,69,85,127,134,135,142,143,144,145,146,147,148,149,150,151,156,
43;1;402;566;0;0,1,2,3,4,5,6,7,8,9,10,11,12,13,14,15,16,17,18,19,20,21,22,23,24,25,26,27,28,29,30,31,32,33,34,35,36,37,38,39,40,41,42,43,44,45,46,48,53,54,55,56,57,58,59,60,61,62,63,64,65,66,67,68,69,85,127,134,135,142,143,144,145,146,147,148,149,150,151,156,
8;0;566;734;0;0,1,2,3,4,5,6,7,8,9,10,11,12,13,14,15,16,17,18,19,20,21,22,23,24,25,26,27,28,29,30,31,32,33,34,35,36,37,38,39,40,41,42,43,44,45,46,48,53,54,55,56,57,58,59,60,61,62,63,64,65,66,67,68,69,85,127,134,135,142,143,144,145,146,147,148,149,150,151,156,
8;1;734;870;0;0,1,2,3,4,5,6,7,8,9,10,11,12,13,14,15,16,17,18,19,20,21,22,23,24,25,26,27,28,29,30,31,32,33,34,35,36,37,38,39,40,41,42,43,44,45,46,48,53,54,55,56,57,58,59,60,61,62,63,64,65,66,67,68,69,85,127,134,135,142,143,144,145,146,147,148,149,150,151,156,
1;0;870;1009;0;0,1,2,3,4,5,6,7,8,9,10,11,12,13,14,15,16,17,18,19,20,21,22,23,24,25,26,27,28,29,30,31,32,33,34,35,36,37,38,39,40,41,42,43,44,45,46,48,53,54,55,56,57,58,59,60,61,62,63,64,65,66,67,68,69,85,127,134,135,142,143,144,145,146,147,148,149,150,151,156,
1;1;1009;1074;0;0,1,2,3,4,5,6,7,8,9,10,11,12,13,14,15,16,17,18,19,20,21,22,23,24,25,26,27,28,29,30,31,32,33,34,35,36,37,38,39,40,41,42,43,44,45,46,48,53,54,55,56,57,58,59,60,61,62,63,64,65,66,67,68,69,85,127,134,135,142,143,144,145,146,147,148,149,150,151,156,
65;0;1074;1238;0;0,1,2,3,4,5,6,7,8,9,10,11,12,13,14,15,16,17,18,19,20,21,22,23,24,25,26,27,28,29,30,31,32,33,34,35,36,37,38,39,40,41,42,43,44,45,46,48,53,54,55,56,57,58,59,60,61,62,63,64,65,66,67,68,69,85,127,134,135,142,143,144,145,146,147,148,149,150,151,156,
57;0;1238;1336;0;0,1,2,3,4,5,6,7,8,9,10,11,12,13,14,15,16,17,18,19,20,21,22,23,24,25,26,27,28,29,30,31,32,33,34,35,36,37,38,39,40,41,42,43,44,45,46,48,53,54,55,56,57,58,59,60,61,62,63,64,65,66,67,68,69,85,127,134,135,142,143,144,145,146,147,148,149,150,151,156,
63;0;1336;1478;0;0,1,2,3,4,5,6,7,8,9,10,11,12,13,14,15,16,17,18,19,20,21,22,23,24,25,26,27,28,29,30,31,32,33,34,35,36,37,38,39,40,41,42,43,44,45,46,48,53,54,55,56,57,58,59,60,61,62,63,64,65,66,67,68,69,85,127,134,135,142,143,144,145,146,147,148,149,150,151,156,
63;1;1478;1509;0;0,1,2,3,4,5,6,7,8,9,10,11,12,13,14,15,16,17,18,19,20,21,22,23,24,25,26,27,28,29,30,31,32,33,34,35,36,37,38,39,40,41,42,43,44,45,46,48,53,54,55,56,57,58,59,60,61,62,63,64,65,66,67,68,69,85,127,134,135,142,143,144,145,146,147,148,149,150,151,156,
72;0;1509;1653;0;0,1,2,3,4,5,6,7,8,9,10,11,12,13,14,15,16,17,18,19,20,21,22,23,24,25,26,27,28,29,30,31,32,33,34,35,36,37,38,39,40,41,42,43,44,45,46,48,53,54,55,56,57,58,59,60,61,62,63,64,65,66,67,68,69,85,127,134,135,142,143,144,145,146,147,148,149,150,151,156,
80;0;1653;1730;0;0,1,2,3,4,5,6,7,8,9,10,11,12,13,14,15,16,17,18,19,20,21,22,23,24,25,26,27,28,29,30,31,32,33,34,35,36,37,38,39,40,41,42,43,44,45,46,48,53,54,55,56,57,58,59,60,61,62,63,64,65,66,67,68,69,85,127,134,135,142,143,144,145,146,147,148,149,150,151,156,
67;0;1730;1785;0;0,1,2,3,4,5,6,7,8,9,10,11,12,13,14,15,16,17,18,19,20,21,22,23,24,25,26,27,28,29,30,31,32,33,34,35,36,37,38,39,40,41,42,43,44,45,46,48,53,54,55,56,57,58,59,60,61,62,63,64,65,66,67,68,69,85,127,134,135,142,143,144,145,146,147,148,149,150,151,156,
52;0;1785;1819;0;0,1,2,3,4,5,6,7,8,9,10,11,12,13,14,15,16,17,18,19,20,21,22,23,24,25,26,27,28,29,30,31,32,33,34,35,36,37,38,39,40,41,42,43,44,45,46,48,53,54,55,56,57,58,59,60,61,62,63,64,65,66,67,68,69,85,127,134,135,142,143,144,145,146,147,148,149,150,151,156,
4;0;1819;1995;1;0,1,2,3,4,5,6,7,8,9,10,11,12,13,14,15,16,17,18,19,20,21,22,23,24,25,26,27,28,29,30,31,32,33,34,35,36,37,38,39,40,41,42,43,44,45,46,48,53,54,55,56,57,58,59,60,61,62,63,64,65,66,67,68,69,85,127,134,135,142,143,144,145,146,147,148,149,150,151,156,
4;1;1995;2039;1;0,1,2,3,4,5,6,7,8,9,10,11,12,13,14,15,16,17,18,19,20,21,22,23,24,25,26,27,28,29,30,31,32,33,34,35,36,37,38,39,40,41,42,43,44,45,46,48,53,54,55,56,57,58,59,60,61,62,63,64,65,66,67,68,69,85,127,134,135,142,143,144,145,146,147,148,149,150,151,156,
49;0;2039;2202;1;0,1,2,3,4,5,6,7,8,9,10,11,12,13,14,15,16,17,18,19,20,21,22,23,24,25,26,27,28,29,30,31,32,33,34,35,36,37,38,39,40,41,42,43,44,45,46,48,53,54,55,56,57,58,59,60,61,62,63,64,65,66,67,68,69,85,127,134,135,142,143,144,145,146,147,148,149,150,151,156,
49;1;2202;2275;1;0,1,2,3,4,5,6,7,8,9,10,11,12,13,14,15,16,17,18,19,20,21,22,23,24,25,26,27,28,29,30,31,32,33,34,35,36,37,38,39,40,41,42,43,44,45,46,48,53,54,55,56,57,58,59,60,61,62,63,64,65,66,67,68,69,85,127,134,135,142,143,144,145,146,147,148,149,150,151,156,
Machine: 3
74;0;0;39;1;0,1,2,3,4,5,6,7,8,9,10,11,12,20,21,28,30,31,32,33,34,35,36,38,40,45,46,47,48,49,50,51,52,53,54,55,56,57,58,59,60,61,62,63,64,66,67,69,70,71,72,73,74,75,76,77,78,79,85,88,102,104,106,109,110,111,112,113,114,115,116,117,118,119,120,121,122,123,124,151,
74;1;39;81;1;0,1,2,3,4,5,6,7,8,9,10,11,12,20,21,28,30,31,32,33,34,35,36,38,40,45,46,47,48,49,50,51,52,53,54,55,56,57,58,59,60,61,62,63,64,66,67,69,70,71,72,73,74,75,76,77,78,79,85,88,102,104,106,109,110,111,112,113,114,115,116,117,118,119,120,121,122,123,124,151,
47;0;81;225;0;0,1,2,3,4,5,6,7,8,9,10,11,12,20,21,28,30,31,32,33,34,35,36,38,40,45,46,47,48,49,50,51,52,53,54,55,56,57,58,59,60,61,62,63,64,66,67,69,70,71,72,73,74,75,76,77,78,79,85,88,102,104,106,109,110,111,112,113,114,115,116,117,118,119,120,121,122,123,124,151,
30;0;225;356;0;0,1,2,3,4,5,6,7,8,9,10,11,12,20,21,28,30,31,32,33,34,35,36,38,40,45,46,47,48,49,50,51,52,53,54,55,56,57,58,59,60,61,62,63,64,66,67,69,70,71,72,73,74,75,76,77,78,79,85,88,102,104,106,109,110,111,112,113,114,115,116,117,118,119,120,121,122,123,124,151,
5;0;356;422;0;0,1,2,3,4,5,6,7,8,9,10,11,12,20,21,28,30,31,32,33,34,35,36,38,40,45,46,47,48,49,50,51,52,53,54,55,56,57,58,59,60,61,62,63,64,66,67,69,70,71,72,73,74,75,76,77,78,79,85,88,102,104,106,109,110,111,112,113,114,115,116,117,118,119,120,121,122,123,124,151,
16;0;422;427;1;0,1,2,3,4,5,6,7,8,9,10,11,12,20,21,28,30,31,32,33,34,35,36,38,40,45,46,47,48,49,50,51,52,53,54,55,56,57,58,59,60,61,62,63,64,66,67,69,70,71,72,73,74,75,76,77,78,79,85,88,102,104,106,109,110,111,112,113,114,115,116,117,118,119,120,121,122,123,124,151,
16;1;427;524;1;0,1,2,3,4,5,6,7,8,9,10,11,12,20,21,28,30,31,32,33,34,35,36,38,40,45,46,47,48,49,50,51,52,53,54,55,56,57,58,59,60,61,62,63,64,66,67,69,70,71,72,73,74,75,76,77,78,79,85,88,102,104,106,109,110,111,112,113,114,115,116,117,118,119,120,121,122,123,124,151,
29;0;524;590;1;0,1,2,3,4,5,6,7,8,9,10,11,12,20,21,28,30,31,32,33,34,35,36,38,40,45,46,47,48,49,50,51,52,53,54,55,56,57,58,59,60,61,62,63,64,66,67,69,70,71,72,73,74,75,76,77,78,79,85,88,102,104,106,109,110,111,112,113,114,115,116,117,118,119,120,121,122,123,124,151,
29;1;590;634;1;0,1,2,3,4,5,6,7,8,9,10,11,12,20,21,28,30,31,32,33,34,35,36,38,40,45,46,47,48,49,50,51,52,53,54,55,56,57,58,59,60,61,62,63,64,66,67,69,70,71,72,73,74,75,76,77,78,79,85,88,102,104,106,109,110,111,112,113,114,115,116,117,118,119,120,121,122,123,124,151,
66;0;634;648;1;0,1,2,3,4,5,6,7,8,9,10,11,12,20,21,28,30,31,32,33,34,35,36,38,40,45,46,47,48,49,50,51,52,53,54,55,56,57,58,59,60,61,62,63,64,66,67,69,70,71,72,73,74,75,76,77,78,79,85,88,102,104,106,109,110,111,112,113,114,115,116,117,118,119,120,121,122,123,124,151,
66;1;648;809;1;0,1,2,3,4,5,6,7,8,9,10,11,12,20,21,28,30,31,32,33,34,35,36,38,40,45,46,47,48,49,50,51,52,53,54,55,56,57,58,59,60,61,62,63,64,66,67,69,70,71,72,73,74,75,76,77,78,79,85,88,102,104,106,109,110,111,112,113,114,115,116,117,118,119,120,121,122,123,124,151,
38;0;809;978;0;0,1,2,3,4,5,6,7,8,9,10,11,12,20,21,28,30,31,32,33,34,35,36,38,40,45,46,47,48,49,50,51,52,53,54,55,56,57,58,59,60,61,62,63,64,66,67,69,70,71,72,73,74,75,76,77,78,79,85,88,102,104,106,109,110,111,112,113,114,115,116,117,118,119,120,121,122,123,124,151,
38;1;978;1054;0;0,1,2,3,4,5,6,7,8,9,10,11,12,20,21,28,30,31,32,33,34,35,36,38,40,45,46,47,48,49,50,51,52,53,54,55,56,57,58,59,60,61,62,63,64,66,67,69,70,71,72,73,74,75,76,77,78,79,85,88,102,104,106,109,110,111,112,113,114,115,116,117,118,119,120,121,122,123,124,151,
78;0;1054;1115;0;0,1,2,3,4,5,6,7,8,9,10,11,12,20,21,28,30,31,32,33,34,35,36,38,40,45,46,47,48,49,50,51,52,53,54,55,56,57,58,59,60,61,62,63,64,66,67,69,70,71,72,73,74,75,76,77,78,79,85,88,102,104,106,109,110,111,112,113,114,115,116,117,118,119,120,121,122,123,124,151,
78;1;1115;1276;0;0,1,2,3,4,5,6,7,8,9,10,11,12,20,21,28,30,31,32,33,34,35,36,38,40,45,46,47,48,49,50,51,52,53,54,55,56,57,58,59,60,61,62,63,64,66,67,69,70,71,72,73,74,75,76,77,78,79,85,88,102,104,106,109,110,111,112,113,114,115,116,117,118,119,120,121,122,123,124,151,
45;0;1276;1315;0;0,1,2,3,4,5,6,7,8,9,10,11,12,20,21,28,30,31,32,33,34,35,36,38,40,45,46,47,48,49,50,51,52,53,54,55,56,57,58,59,60,61,62,63,64,66,67,69,70,71,72,73,74,75,76,77,78,79,85,88,102,104,106,109,110,111,112,113,114,115,116,117,118,119,120,121,122,123,124,151,
23;0;1315;1465;0;0,1,2,3,4,5,6,7,8,9,10,11,12,20,21,28,30,31,32,33,34,35,36,38,40,45,46,47,48,49,50,51,52,53,54,55,56,57,58,59,60,61,62,63,64,66,67,69,70,71,72,73,74,75,76,77,78,79,85,88,102,104,106,109,110,111,112,113,114,115,116,117,118,119,120,121,122,123,124,151,
23;1;1465;1622;0;0,1,2,3,4,5,6,7,8,9,10,11,12,20,21,28,30,31,32,33,34,35,36,38,40,45,46,47,48,49,50,51,52,53,54,55,56,57,58,59,60,61,62,63,64,66,67,69,70,71,72,73,74,75,76,77,78,79,85,88,102,104,106,109,110,111,112,113,114,115,116,117,118,119,120,121,122,123,124,151,
40;0;1622;1786;0;0,1,2,3,4,5,6,7,8,9,10,11,12,20,21,28,30,31,32,33,34,35,36,38,40,45,46,47,48,49,50,51,52,53,54,55,56,57,58,59,60,61,62,63,64,66,67,69,70,71,72,73,74,75,76,77,78,79,85,88,102,104,106,109,110,111,112,113,114,115,116,117,118,119,120,121,122,123,124,151,
9;0;1786;1927;1;0,1,2,3,4,5,6,7,8,9,10,11,12,20,21,28,30,31,32,33,34,35,36,38,40,45,46,47,48,49,50,51,52,53,54,55,56,57,58,59,60,61,62,63,64,66,67,69,70,71,72,73,74,75,76,77,78,79,85,88,102,104,106,109,110,111,112,113,114,115,116,117,118,119,120,121,122,123,124,151,
9;1;1927;1990;1;0,1,2,3,4,5,6,7,8,9,10,11,12,20,21,28,30,31,32,33,34,35,36,38,40,45,46,47,48,49,50,51,52,53,54,55,56,57,58,59,60,61,62,63,64,66,67,69,70,71,72,73,74,75,76,77,78,79,85,88,102,104,106,109,110,111,112,113,114,115,116,117,118,119,120,121,122,123,124,151,
Machine: 4
31;0;0;39;1;0,1,2,3,4,5,6,7,8,9,10,11,12,13,14,15,16,17,18,19,20,21,22,23,24,25,26,27,28,29,30,33,36,38,53,54,57,63,64,66,67,69,77,81,85,89,90,91,92,93,94,95,96,97,100,101,102,103,104,105,106,107,108,109,110,111,112,113,114,115,116,125,126,127,128,129,130,131,135,155,
31;1;39;111;1;0,1,2,3,4,5,6,7,8,9,10,11,12,13,14,15,16,17,18,19,20,21,22,23,24,25,26,27,28,29,30,33,36,38,53,54,57,63,64,66,67,69,77,81,85,89,90,91,92,93,94,95,96,97,100,101,102,103,104,105,106,107,108,109,110,111,112,113,114,115,116,125,126,127,128,129,130,131,135,155,
6;0;111;208;1;0,1,2,3,4,5,6,7,8,9,10,11,12,13,14,15,16,17,18,19,20,21,22,23,24,25,26,27,28,29,30,33,36,38,53,54,57,63,64,66,67,69,77,81,85,89,90,91,92,93,94,95,96,97,100,101,102,103,104,105,106,107,108,109,110,111,112,113,114,115,116,125,126,127,128,129,130,131,135,155,
6;1;208;298;1;0,1,2,3,4,5,6,7,8,9,10,11,12,13,14,15,16,17,18,19,20,21,22,23,24,25,26,27,28,29,30,33,36,38,53,54,57,63,64,66,67,69,77,81,85,89,90,91,92,93,94,95,96,97,100,101,102,103,104,105,106,107,108,109,110,111,112,113,114,115,116,125,126,127,128,129,130,131,135,155,
68;0;298;382;0;0,1,2,3,4,5,6,7,8,9,10,11,12,13,14,15,16,17,18,19,20,21,22,23,24,25,26,27,28,29,30,33,36,38,53,54,57,63,64,66,67,69,77,81,85,89,90,91,92,93,94,95,96,97,100,101,102,103,104,105,106,107,108,109,110,111,112,113,114,115,116,125,126,127,128,129,130,131,135,155,
68;1;382;544;0;0,1,2,3,4,5,6,7,8,9,10,11,12,13,14,15,16,17,18,19,20,21,22,23,24,25,26,27,28,29,30,33,36,38,53,54,57,63,64,66,67,69,77,81,85,89,90,91,92,93,94,95,96,97,100,101,102,103,104,105,106,107,108,109,110,111,112,113,114,115,116,125,126,127,128,129,130,131,135,155,
60;0;544;709;0;0,1,2,3,4,5,6,7,8,9,10,11,12,13,14,15,16,17,18,19,20,21,22,23,24,25,26,27,28,29,30,33,36,38,53,54,57,63,64,66,67,69,77,81,85,89,90,91,92,93,94,95,96,97,100,101,102,103,104,105,106,107,108,109,110,111,112,113,114,115,116,125,126,127,128,129,130,131,135,155,
12;0;709;856;0;0,1,2,3,4,5,6,7,8,9,10,11,12,13,14,15,16,17,18,19,20,21,22,23,24,25,26,27,28,29,30,33,36,38,53,54,57,63,64,66,67,69,77,81,85,89,90,91,92,93,94,95,96,97,100,101,102,103,104,105,106,107,108,109,110,111,112,113,114,115,116,125,126,127,128,129,130,131,135,155,
15;0;856;987;0;0,1,2,3,4,5,6,7,8,9,10,11,12,13,14,15,16,17,18,19,20,21,22,23,24,25,26,27,28,29,30,33,36,38,53,54,57,63,64,66,67,69,77,81,85,89,90,91,92,93,94,95,96,97,100,101,102,103,104,105,106,107,108,109,110,111,112,113,114,115,116,125,126,127,128,129,130,131,135,155,
32;0;987;1091;0;0,1,2,3,4,5,6,7,8,9,10,11,12,13,14,15,16,17,18,19,20,21,22,23,24,25,26,27,28,29,30,33,36,38,53,54,57,63,64,66,67,69,77,81,85,89,90,91,92,93,94,95,96,97,100,101,102,103,104,105,106,107,108,109,110,111,112,113,114,115,116,125,126,127,128,129,130,131,135,155,
17;0;1091;1174;0;0,1,2,3,4,5,6,7,8,9,10,11,12,13,14,15,16,17,18,19,20,21,22,23,24,25,26,27,28,29,30,33,36,38,53,54,57,63,64,66,67,69,77,81,85,89,90,91,92,93,94,95,96,97,100,101,102,103,104,105,106,107,108,109,110,111,112,113,114,115,116,125,126,127,128,129,130,131,135,155,
42;0;1174;1245;0;0,1,2,3,4,5,6,7,8,9,10,11,12,13,14,15,16,17,18,19,20,21,22,23,24,25,26,27,28,29,30,33,36,38,53,54,57,63,64,66,67,69,77,81,85,89,90,91,92,93,94,95,96,97,100,101,102,103,104,105,106,107,108,109,110,111,112,113,114,115,116,125,126,127,128,129,130,131,135,155,
77;0;1245;1290;0;0,1,2,3,4,5,6,7,8,9,10,11,12,13,14,15,16,17,18,19,20,21,22,23,24,25,26,27,28,29,30,33,36,38,53,54,57,63,64,66,67,69,77,81,85,89,90,91,92,93,94,95,96,97,100,101,102,103,104,105,106,107,108,109,110,111,112,113,114,115,116,125,126,127,128,129,130,131,135,155,
59;0;1290;1373;1;0,1,2,3,4,5,6,7,8,9,10,11,12,13,14,15,16,17,18,19,20,21,22,23,24,25,26,27,28,29,30,33,36,38,53,54,57,63,64,66,67,69,77,81,85,89,90,91,92,93,94,95,96,97,100,101,102,103,104,105,106,107,108,109,110,111,112,113,114,115,116,125,126,127,128,129,130,131,135,155,
59;1;1373;1497;1;0,1,2,3,4,5,6,7,8,9,10,11,12,13,14,15,16,17,18,19,20,21,22,23,24,25,26,27,28,29,30,33,36,38,53,54,57,63,64,66,67,69,77,81,85,89,90,91,92,93,94,95,96,97,100,101,102,103,104,105,106,107,108,109,110,111,112,113,114,115,116,125,126,127,128,129,130,131,135,155,
64;0;1497;1654;1;0,1,2,3,4,5,6,7,8,9,10,11,12,13,14,15,16,17,18,19,20,21,22,23,24,25,26,27,28,29,30,33,36,38,53,54,57,63,64,66,67,69,77,81,85,89,90,91,92,93,94,95,96,97,100,101,102,103,104,105,106,107,108,109,110,111,112,113,114,115,116,125,126,127,128,129,130,131,135,155,
64;1;1654;1719;1;0,1,2,3,4,5,6,7,8,9,10,11,12,13,14,15,16,17,18,19,20,21,22,23,24,25,26,27,28,29,30,33,36,38,53,54,57,63,64,66,67,69,77,81,85,89,90,91,92,93,94,95,96,97,100,101,102,103,104,105,106,107,108,109,110,111,112,113,114,115,116,125,126,127,128,129,130,131,135,155,
71;0;1719;1884;1;0,1,2,3,4,5,6,7,8,9,10,11,12,13,14,15,16,17,18,19,20,21,22,23,24,25,26,27,28,29,30,33,36,38,53,54,57,63,64,66,67,69,77,81,85,89,90,91,92,93,94,95,96,97,100,101,102,103,104,105,106,107,108,109,110,111,112,113,114,115,116,125,126,127,128,129,130,131,135,155,
71;1;1884;2035;1;0,1,2,3,4,5,6,7,8,9,10,11,12,13,14,15,16,17,18,19,20,21,22,23,24,25,26,27,28,29,30,33,36,38,53,54,57,63,64,66,67,69,77,81,85,89,90,91,92,93,94,95,96,97,100,101,102,103,104,105,106,107,108,109,110,111,112,113,114,115,116,125,126,127,128,129,130,131,135,155,
Machine: 5
0;0;0;28;1;0,1,2,3,4,5,6,7,8,9,10,11,12,13,14,15,16,17,18,19,20,21,22,23,24,25,26,27,28,29,30,31,32,33,34,35,36,37,38,44,53,54,55,56,57,58,59,60,61,62,63,64,67,69,70,77,80,81,82,84,85,89,90,91,92,93,94,95,96,97,98,99,100,103,104,106,107,151,153,155,
0;1;28;83;1;0,1,2,3,4,5,6,7,8,9,10,11,12,13,14,15,16,17,18,19,20,21,22,23,24,25,26,27,28,29,30,31,32,33,34,35,36,37,38,44,53,54,55,56,57,58,59,60,61,62,63,64,67,69,70,77,80,81,82,84,85,89,90,91,92,93,94,95,96,97,98,99,100,103,104,106,107,151,153,155,
61;0;83;180;1;0,1,2,3,4,5,6,7,8,9,10,11,12,13,14,15,16,17,18,19,20,21,22,23,24,25,26,27,28,29,30,31,32,33,34,35,36,37,38,44,53,54,55,56,57,58,59,60,61,62,63,64,67,69,70,77,80,81,82,84,85,89,90,91,92,93,94,95,96,97,98,99,100,103,104,106,107,151,153,155,
61;1;180;270;1;0,1,2,3,4,5,6,7,8,9,10,11,12,13,14,15,16,17,18,19,20,21,22,23,24,25,26,27,28,29,30,31,32,33,34,35,36,37,38,44,53,54,55,56,57,58,59,60,61,62,63,64,67,69,70,77,80,81,82,84,85,89,90,91,92,93,94,95,96,97,98,99,100,103,104,106,107,151,153,155,
53;0;270;435;0;0,1,2,3,4,5,6,7,8,9,10,11,12,13,14,15,16,17,18,19,20,21,22,23,24,25,26,27,28,29,30,31,32,33,34,35,36,37,38,44,53,54,55,56,57,58,59,60,61,62,63,64,67,69,70,77,80,81,82,84,85,89,90,91,92,93,94,95,96,97,98,99,100,103,104,106,107,151,153,155,
53;1;435;495;0;0,1,2,3,4,5,6,7,8,9,10,11,12,13,14,15,16,17,18,19,20,21,22,23,24,25,26,27,28,29,30,31,32,33,34,35,36,37,38,44,53,54,55,56,57,58,59,60,61,62,63,64,67,69,70,77,80,81,82,84,85,89,90,91,92,93,94,95,96,97,98,99,100,103,104,106,107,151,153,155,
73;0;495;582;0;0,1,2,3,4,5,6,7,8,9,10,11,12,13,14,15,16,17,18,19,20,21,22,23,24,25,26,27,28,29,30,31,32,33,34,35,36,37,38,44,53,54,55,56,57,58,59,60,61,62,63,64,67,69,70,77,80,81,82,84,85,89,90,91,92,93,94,95,96,97,98,99,100,103,104,106,107,151,153,155,
73;1;582;666;0;0,1,2,3,4,5,6,7,8,9,10,11,12,13,14,15,16,17,18,19,20,21,22,23,24,25,26,27,28,29,30,31,32,33,34,35,36,37,38,44,53,54,55,56,57,58,59,60,61,62,63,64,67,69,70,77,80,81,82,84,85,89,90,91,92,93,94,95,96,97,98,99,100,103,104,106,107,151,153,155,
62;0;666;813;0;0,1,2,3,4,5,6,7,8,9,10,11,12,13,14,15,16,17,18,19,20,21,22,23,24,25,26,27,28,29,30,31,32,33,34,35,36,37,38,44,53,54,55,56,57,58,59,60,61,62,63,64,67,69,70,77,80,81,82,84,85,89,90,91,92,93,94,95,96,97,98,99,100,103,104,106,107,151,153,155,
70;0;813;950;0;0,1,2,3,4,5,6,7,8,9,10,11,12,13,14,15,16,17,18,19,20,21,22,23,24,25,26,27,28,29,30,31,32,33,34,35,36,37,38,44,53,54,55,56,57,58,59,60,61,62,63,64,67,69,70,77,80,81,82,84,85,89,90,91,92,93,94,95,96,97,98,99,100,103,104,106,107,151,153,155,
27;0;950;1055;0;0,1,2,3,4,5,6,7,8,9,10,11,12,13,14,15,16,17,18,19,20,21,22,23,24,25,26,27,28,29,30,31,32,33,34,35,36,37,38,44,53,54,55,56,57,58,59,60,61,62,63,64,67,69,70,77,80,81,82,84,85,89,90,91,92,93,94,95,96,97,98,99,100,103,104,106,107,151,153,155,
55;0;1055;1127;0;0,1,2,3,4,5,6,7,8,9,10,11,12,13,14,15,16,17,18,19,20,21,22,23,24,25,26,27,28,29,30,31,32,33,34,35,36,37,38,44,53,54,55,56,57,58,59,60,61,62,63,64,67,69,70,77,80,81,82,84,85,89,90,91,92,93,94,95,96,97,98,99,100,103,104,106,107,151,153,155,
37;0;1127;1177;0;0,1,2,3,4,5,6,7,8,9,10,11,12,13,14,15,16,17,18,19,20,21,22,23,24,25,26,27,28,29,30,31,32,33,34,35,36,37,38,44,53,54,55,56,57,58,59,60,61,62,63,64,67,69,70,77,80,81,82,84,85,89,90,91,92,93,94,95,96,97,98,99,100,103,104,106,107,151,153,155,
34;0;1177;1335;1;0,1,2,3,4,5,6,7,8,9,10,11,12,13,14,15,16,17,18,19,20,21,22,23,24,25,26,27,28,29,30,31,32,33,34,35,36,37,38,44,53,54,55,56,57,58,59,60,61,62,63,64,67,69,70,77,80,81,82,84,85,89,90,91,92,93,94,95,96,97,98,99,100,103,104,106,107,151,153,155,
34;1;1335;1384;1;0,1,2,3,4,5,6,7,8,9,10,11,12,13,14,15,16,17,18,19,20,21,22,23,24,25,26,27,28,29,30,31,32,33,34,35,36,37,38,44,53,54,55,56,57,58,59,60,61,62,63,64,67,69,70,77,80,81,82,84,85,89,90,91,92,93,94,95,96,97,98,99,100,103,104,106,107,151,153,155,
36;0;1384;1541;1;0,1,2,3,4,5,6,7,8,9,10,11,12,13,14,15,16,17,18,19,20,21,22,23,24,25,26,27,28,29,30,31,32,33,34,35,36,37,38,44,53,54,55,56,57,58,59,60,61,62,63,64,67,69,70,77,80,81,82,84,85,89,90,91,92,93,94,95,96,97,98,99,100,103,104,106,107,151,153,155,
36;1;1541;1640;1;0,1,2,3,4,5,6,7,8,9,10,11,12,13,14,15,16,17,18,19,20,21,22,23,24,25,26,27,28,29,30,31,32,33,34,35,36,37,38,44,53,54,55,56,57,58,59,60,61,62,63,64,67,69,70,77,80,81,82,84,85,89,90,91,92,93,94,95,96,97,98,99,100,103,104,106,107,151,153,155,
46;0;1640;1790;1;0,1,2,3,4,5,6,7,8,9,10,11,12,13,14,15,16,17,18,19,20,21,22,23,24,25,26,27,28,29,30,31,32,33,34,35,36,37,38,44,53,54,55,56,57,58,59,60,61,62,63,64,67,69,70,77,80,81,82,84,85,89,90,91,92,93,94,95,96,97,98,99,100,103,104,106,107,151,153,155,
46;1;1790;1960;1;0,1,2,3,4,5,6,7,8,9,10,11,12,13,14,15,16,17,18,19,20,21,22,23,24,25,26,27,28,29,30,31,32,33,34,35,36,37,38,44,53,54,55,56,57,58,59,60,61,62,63,64,67,69,70,77,80,81,82,84,85,89,90,91,92,93,94,95,96,97,98,99,100,103,104,106,107,151,153,155,
58;0;1960;1995;0;0,1,2,3,4,5,6,7,8,9,10,11,12,13,14,15,16,17,18,19,20,21,22,23,24,25,26,27,28,29,30,31,32,33,34,35,36,37,38,44,53,54,55,56,57,58,59,60,61,62,63,64,67,69,70,77,80,81,82,84,85,89,90,91,92,93,94,95,96,97,98,99,100,103,104,106,107,151,153,155,
58;1;1995;2072;0;0,1,2,3,4,5,6,7,8,9,10,11,12,13,14,15,16,17,18,19,20,21,22,23,24,25,26,27,28,29,30,31,32,33,34,35,36,37,38,44,53,54,55,56,57,58,59,60,61,62,63,64,67,69,70,77,80,81,82,84,85,89,90,91,92,93,94,95,96,97,98,99,100,103,104,106,107,151,153,155,
END
fineshedJobsCount: 130
switchs: 0
switchsInstances: 0
unfineshedPriorityCount: 65
finalSolution: 1950
totalUnfineshed: 0
Time: 0
