input/BeezaoRaw/IPMTC-II/instanceLarge932_m=6_n=200_l=40_c=30_s=1.PMTC;
16125;16125;1440
Machine: 0
14;0;0;43;1;0,1,2,3,4,7,10,11,12,13,14,15,16,17,18,19,20,22,23,24,25,27,28,29,30,33,34,37,38,39,
17;0;43;66;1;0,1,2,3,4,7,10,11,12,13,14,15,16,17,18,19,20,21,23,24,28,29,30,32,33,34,36,37,38,39,
1;0;66;107;1;0,1,2,3,4,7,8,10,11,12,13,14,15,16,17,18,19,20,21,23,24,26,28,30,34,35,36,37,38,39,
2;0;107;110;1;0,1,2,3,4,6,7,8,10,11,12,13,14,15,16,17,18,19,20,21,23,24,26,28,30,34,35,37,38,39,
19;0;110;152;1;0,1,2,3,4,6,7,8,10,11,12,13,15,16,17,18,19,21,22,23,24,26,28,29,30,31,33,34,35,38,
106;0;152;207;1;0,1,2,3,4,6,7,8,10,11,12,13,15,16,17,18,19,21,22,23,24,26,28,30,31,32,33,34,35,38,
5;0;207;256;1;0,1,2,3,6,7,8,9,11,12,13,16,17,18,19,21,22,23,24,25,26,27,28,30,31,32,33,34,35,38,
31;0;256;263;1;0,1,2,3,6,7,9,11,12,13,14,16,17,18,19,21,22,23,24,25,26,28,29,30,31,33,34,35,38,39,
22;0;263;319;1;0,1,2,3,4,6,7,11,12,13,14,15,18,19,20,21,22,23,24,25,26,28,29,30,31,32,33,35,38,39,
144;0;319;366;1;0,1,3,4,5,6,7,8,11,12,13,14,15,18,19,20,21,22,23,24,26,28,29,30,31,32,33,35,37,39,
149;0;366;419;1;0,1,3,4,5,6,7,8,9,10,12,13,14,15,16,18,19,20,21,26,27,29,30,32,33,34,35,36,37,39,
6;0;419;473;1;0,1,3,4,5,6,7,8,9,10,12,13,14,15,16,18,19,20,21,26,27,29,30,32,33,34,35,36,37,39,
178;0;473;513;1;0,1,2,3,4,5,6,7,8,10,11,12,14,15,16,17,18,19,20,21,22,23,24,26,27,29,30,32,37,39,
97;0;513;545;1;0,1,2,3,4,5,7,8,10,11,12,14,15,16,17,18,19,21,22,23,24,26,27,30,31,32,36,37,38,39,
8;0;545;603;1;0,1,2,3,4,5,7,8,9,10,11,12,15,16,17,19,21,22,23,25,26,27,28,31,32,34,36,37,38,39,
70;0;603;620;1;0,1,3,4,5,7,8,9,10,11,12,15,17,18,19,22,23,24,25,26,27,28,31,32,33,35,36,37,38,39,
41;0;620;657;1;0,1,3,4,5,6,7,8,10,11,12,14,17,18,19,20,22,23,25,27,28,30,31,32,33,35,36,37,38,39,
143;0;657;670;1;0,1,3,4,5,6,7,8,10,11,12,13,17,18,19,20,23,24,25,27,28,30,31,32,33,35,36,37,38,39,
79;0;670;727;1;0,1,2,4,5,6,7,8,10,11,12,13,17,18,19,20,21,23,24,27,28,29,30,31,32,35,36,37,38,39,
11;0;727;728;1;2,4,5,6,7,8,10,12,13,15,18,19,20,21,22,23,24,26,27,28,29,30,31,32,34,35,36,37,38,39,
142;0;728;779;1;1,2,4,5,6,7,9,10,11,12,13,16,18,19,20,22,23,24,25,26,27,28,29,31,34,35,36,37,38,39,
174;0;779;808;1;1,2,4,5,6,7,9,10,11,12,13,14,16,18,19,20,23,24,25,26,27,28,30,31,32,34,35,36,37,38,
13;0;808;856;1;2,4,5,6,9,10,11,12,13,14,15,16,18,19,20,21,23,24,25,26,27,28,30,31,32,33,34,35,37,38,
166;0;856;863;1;2,4,5,6,8,9,10,11,12,13,15,16,17,18,19,20,21,23,25,27,28,29,30,31,32,33,34,36,37,38,
185;0;863;884;1;0,1,2,3,4,5,6,7,8,9,10,12,13,15,16,18,19,20,21,23,25,27,28,29,32,33,34,36,38,39,
3;0;884;919;1;2,3,4,5,6,7,8,9,10,12,13,14,15,16,19,20,21,22,23,24,25,26,27,28,29,32,33,34,36,39,
18;0;919;951;1;2,3,5,6,7,8,9,10,12,13,14,15,16,17,19,20,22,23,24,25,26,27,29,30,31,32,33,34,36,39,
25;0;951;986;1;2,3,5,6,7,8,9,10,12,13,15,16,17,19,20,22,23,24,25,26,27,29,30,31,32,33,34,36,37,39,
64;0;986;1018;1;2,3,5,6,7,8,10,12,13,15,16,17,19,20,22,23,24,25,26,27,28,29,30,31,32,33,34,36,37,39,
58;0;1018;1024;1;1,2,3,4,5,6,7,8,10,13,15,16,19,20,21,22,23,24,25,26,27,28,30,32,33,34,36,37,38,39,
21;0;1024;1078;1;0,1,2,3,4,5,7,8,9,12,13,15,18,19,20,21,22,23,25,28,30,31,32,33,34,35,36,37,38,39,
164;0;1078;1092;1;1,3,4,5,7,8,9,10,12,13,14,15,18,19,20,21,22,23,25,26,28,30,31,32,33,34,35,36,37,39,
186;0;1092;1147;1;1,3,4,5,7,8,9,10,11,12,14,15,16,18,19,20,21,22,23,25,26,28,29,30,31,32,33,34,36,37,
139;0;1147;1174;1;0,1,2,3,4,5,7,8,9,10,11,12,14,15,16,18,19,20,21,23,25,26,28,29,30,32,33,34,36,37,
Machine: 1
0;0;0;59;1;0,1,2,3,4,5,6,8,9,10,12,13,14,15,16,18,19,20,22,25,26,27,29,30,31,32,35,36,38,39,
55;0;59;72;1;0,1,2,3,4,5,6,8,9,10,12,13,14,15,16,17,18,19,20,21,22,25,26,27,31,32,33,35,36,38,
24;0;72;110;1;0,1,2,3,4,6,8,9,10,12,13,15,16,17,19,20,21,22,24,25,26,27,28,31,32,33,35,36,37,38,
124;0;110;159;1;0,1,3,4,6,8,9,11,12,13,15,16,17,19,20,21,23,24,25,26,27,28,31,32,33,35,36,37,38,39,
32;0;159;184;1;0,1,3,4,6,7,8,9,11,12,13,14,15,16,19,20,21,23,24,25,26,28,29,31,33,34,35,37,38,39,
197;0;184;210;1;0,1,2,3,4,5,6,7,8,9,11,12,13,14,15,16,19,23,24,25,26,28,29,31,33,34,35,37,38,39,
102;0;210;253;1;0,1,2,3,4,5,6,7,8,9,11,12,13,14,15,16,19,23,24,25,26,28,29,30,31,33,34,35,38,39,
150;0;253;287;1;0,1,2,3,4,5,6,7,8,9,11,12,13,14,15,16,19,21,24,25,26,28,29,30,31,33,35,36,38,39,
26;0;287;335;1;0,1,2,3,4,5,6,7,8,9,10,11,12,14,15,16,17,19,21,24,26,28,30,31,32,33,35,36,38,39,
54;0;335;354;1;0,1,2,3,4,6,7,8,9,10,11,12,14,15,16,17,19,20,21,26,27,28,30,31,32,33,35,36,38,39,
76;0;354;376;1;0,1,3,4,7,8,9,10,11,12,13,14,15,16,17,19,20,21,22,24,25,26,27,30,31,32,33,34,35,38,
27;0;376;387;1;0,3,4,5,7,8,9,10,11,12,13,14,15,17,18,21,22,23,24,25,26,27,29,30,31,32,33,34,35,38,
30;0;387;430;1;0,3,4,5,6,8,9,10,11,12,13,14,15,17,18,21,22,23,24,25,26,29,30,31,32,33,34,35,36,38,
29;0;430;449;1;2,3,4,6,8,9,10,11,12,13,14,15,17,18,21,22,23,24,26,27,28,29,30,32,33,34,35,36,38,39,
117;0;449;450;1;2,3,6,8,9,10,11,12,13,14,15,17,18,21,22,23,24,26,27,28,29,30,32,33,34,35,36,37,38,39,
123;0;450;473;1;1,2,3,6,8,11,12,13,16,17,19,20,21,22,23,24,25,26,28,29,30,31,32,33,34,35,36,37,38,39,
65;0;473;517;1;1,2,5,6,7,8,11,12,13,16,17,19,20,21,22,23,24,25,26,28,29,30,31,32,33,34,35,36,38,39,
34;0;517;569;1;1,2,5,6,7,8,11,12,13,16,17,19,20,21,22,23,24,25,26,28,29,30,31,32,33,34,35,36,38,39,
91;0;569;578;1;1,2,5,6,7,8,11,12,13,14,16,17,19,20,21,22,23,24,25,26,28,29,30,31,32,33,34,35,36,38,
15;0;578;624;1;0,1,2,6,7,8,10,11,12,13,14,16,17,20,21,22,23,24,25,26,27,28,29,31,32,33,34,35,36,38,
146;0;624;640;1;0,1,2,3,4,6,7,8,9,10,11,12,13,14,17,20,21,22,23,24,26,27,28,29,31,32,33,34,35,36,
36;0;640;680;1;0,1,2,3,4,5,7,8,9,10,12,13,15,17,18,19,20,21,22,23,24,26,27,28,29,30,32,33,35,37,
134;0;680;736;1;0,1,2,3,4,5,7,8,9,10,12,13,14,15,19,20,22,23,24,26,27,28,29,30,31,33,35,36,37,39,
199;0;736;759;1;0,1,2,3,4,5,6,8,9,10,12,13,14,15,19,20,23,24,25,26,27,28,29,30,31,32,33,36,37,39,
132;0;759;783;1;0,1,2,3,4,5,6,8,9,10,11,15,16,17,18,19,20,23,24,25,26,27,28,29,30,31,32,36,37,39,
153;0;783;785;1;0,1,2,4,5,6,8,9,10,11,15,17,18,19,20,21,23,24,25,26,27,28,29,30,31,32,34,36,37,39,
40;0;785;821;1;1,2,4,5,6,8,9,10,11,13,14,17,18,19,21,23,24,25,26,27,28,29,30,31,32,33,34,36,37,38,
42;0;821;831;1;0,1,2,4,5,6,7,8,9,10,11,12,13,16,17,18,19,21,23,24,26,27,28,29,30,31,32,33,34,38,
140;0;831;843;1;0,1,2,3,4,5,6,7,8,9,10,11,12,13,16,17,18,19,21,23,24,26,27,28,29,30,31,32,33,34,
51;0;843;868;1;0,1,2,3,5,6,7,8,9,10,11,12,13,14,15,16,19,21,22,23,27,28,30,31,32,33,34,36,37,39,
43;0;868;877;1;0,1,2,3,5,6,7,8,9,10,11,13,14,15,16,21,22,23,25,27,28,30,31,32,33,34,35,36,37,39,
154;0;877;903;1;1,2,3,5,6,7,8,9,11,13,14,15,16,18,21,23,24,25,27,28,29,30,31,32,33,34,35,36,37,39,
71;0;903;954;1;1,2,3,5,7,8,9,11,13,14,15,16,17,18,20,21,23,24,26,27,29,30,31,32,33,34,36,37,38,39,
44;0;954;981;1;1,2,3,5,7,8,9,11,13,14,15,16,17,18,20,21,23,24,26,27,29,30,31,32,33,34,36,37,38,39,
Machine: 2
47;0;0;32;1;0,1,2,3,4,6,7,8,9,11,12,14,16,17,18,20,21,22,25,26,27,29,30,32,33,34,35,37,38,39,
112;0;32;43;1;1,2,3,4,6,7,9,10,11,12,13,14,16,18,21,22,25,26,27,28,29,30,31,32,33,34,35,37,38,39,
126;0;43;59;1;0,1,2,4,5,6,7,8,9,10,11,12,13,14,18,21,22,24,25,26,27,28,29,30,32,33,34,35,37,38,
100;0;59;84;1;0,1,2,4,5,6,7,8,10,11,12,13,15,18,19,21,22,24,25,26,27,28,29,30,32,33,34,35,37,38,
135;0;84;123;1;0,1,2,5,7,10,11,12,13,15,17,18,20,21,22,23,24,25,26,27,28,29,30,32,33,34,35,37,38,39,
49;0;123;143;1;0,1,2,5,7,10,11,13,14,15,16,17,18,20,21,22,23,24,26,27,28,29,32,33,34,35,36,37,38,39,
50;0;143;158;1;1,2,3,4,5,7,9,10,11,12,13,14,15,16,18,19,20,21,23,25,27,28,29,30,32,33,34,37,38,39,
93;0;158;160;1;1,2,3,4,5,7,8,9,11,12,13,14,15,16,17,18,19,20,21,22,28,29,30,32,33,34,35,37,38,39,
158;0;160;165;1;1,2,3,4,5,6,7,8,9,11,13,14,15,16,17,18,19,20,22,28,29,30,31,32,33,34,35,37,38,39,
52;0;165;195;1;1,2,4,5,6,7,8,9,11,13,14,15,16,17,19,20,22,26,27,28,29,30,31,32,33,34,35,37,38,39,
53;0;195;225;1;0,2,4,6,7,8,9,10,11,13,14,15,16,17,19,20,22,24,26,27,28,29,30,32,33,34,35,37,38,39,
39;0;225;255;1;0,2,4,6,7,8,9,10,11,13,14,15,16,17,19,20,22,23,24,28,29,30,32,33,34,35,36,37,38,39,
56;0;255;284;1;0,1,2,4,5,6,7,9,10,11,13,14,15,17,18,19,20,23,24,28,29,30,32,33,34,35,36,37,38,39,
59;0;284;329;1;0,1,2,4,5,6,7,9,10,11,13,15,17,19,20,21,23,24,25,28,29,31,32,33,34,35,36,37,38,39,
77;0;329;385;1;0,1,2,3,6,7,9,10,11,12,13,15,16,17,20,22,24,25,27,28,29,30,31,32,33,34,35,36,38,39,
84;0;385;433;1;0,1,2,3,4,6,7,8,10,11,13,15,16,17,19,20,22,23,26,27,28,29,30,31,32,33,34,35,36,38,
128;0;433;484;1;0,2,3,4,6,7,8,9,10,11,13,16,17,19,20,22,23,24,25,26,27,28,31,32,33,34,35,36,37,39,
74;0;484;523;1;0,2,3,4,5,6,7,9,10,12,13,15,16,17,20,21,22,23,24,25,26,27,28,29,30,31,34,35,36,39,
66;0;523;548;1;0,1,2,3,4,5,6,7,9,10,12,13,14,16,17,20,22,23,24,25,26,27,28,29,30,31,34,35,36,39,
156;0;548;603;1;0,1,2,3,4,6,7,9,10,12,13,14,16,17,20,22,23,24,25,26,27,28,29,30,31,34,35,36,37,39,
68;0;603;627;1;0,1,3,4,6,7,8,9,10,11,12,13,14,16,17,18,19,20,24,25,26,27,28,29,30,31,34,35,36,37,
165;0;627;630;1;0,1,3,4,6,7,8,9,10,11,12,13,14,16,17,18,19,24,25,26,27,28,30,31,32,33,34,36,37,38,
94;0;630;674;1;0,1,3,4,6,7,8,9,10,11,12,13,14,16,17,18,19,21,22,24,25,27,28,30,31,32,33,36,38,39,
125;0;674;715;1;0,1,2,3,5,6,7,8,9,10,11,12,14,16,17,18,19,20,21,22,24,25,26,27,28,30,33,34,36,39,
69;0;715;734;1;0,1,2,3,5,6,7,9,10,11,12,14,15,16,17,18,19,20,21,22,23,24,26,27,28,32,33,34,36,39,
195;0;734;784;1;0,1,3,6,7,9,10,12,14,15,16,17,18,19,20,21,22,23,24,26,27,28,29,32,33,34,36,37,38,39,
16;0;784;786;1;0,1,3,6,7,9,10,12,14,15,16,17,18,19,20,21,23,24,25,26,27,28,32,33,34,35,36,37,38,39,
46;0;786;805;1;0,1,2,3,6,7,8,9,10,12,13,16,17,18,19,21,23,24,25,26,27,28,31,32,33,34,35,36,38,39,
82;0;805;817;1;0,1,2,3,4,6,7,8,9,12,13,16,17,18,19,21,22,23,24,25,27,28,31,32,33,34,35,36,38,39,
98;0;817;832;1;0,1,2,3,4,6,7,8,9,12,13,14,16,18,19,21,22,23,24,27,28,30,31,32,33,34,35,36,38,39,
194;0;832;855;1;0,1,2,3,4,5,6,7,8,9,12,13,14,16,18,19,21,22,24,27,28,29,30,31,32,34,35,36,37,38,
129;0;855;901;1;0,1,2,3,4,5,6,7,8,9,12,13,14,16,18,19,21,22,24,25,27,28,29,30,31,34,35,36,37,38,
107;0;901;931;1;0,1,4,5,6,7,8,9,12,13,14,15,16,18,19,20,21,24,25,26,28,30,31,33,34,35,36,37,38,39,
Machine: 3
114;0;0;16;1;0,1,3,5,6,7,8,9,10,11,12,13,14,15,16,18,19,20,22,23,24,26,27,30,33,34,35,37,38,39,
45;0;16;42;1;1,3,5,6,7,8,9,10,11,12,13,14,15,16,18,20,22,23,24,26,27,28,30,31,32,34,35,37,38,39,
133;0;42;79;1;3,4,5,6,7,8,11,12,13,14,15,16,17,18,20,22,23,24,25,26,27,28,29,30,31,32,34,35,37,38,
176;0;79;80;1;3,4,5,6,8,11,12,13,14,15,16,17,18,20,21,22,23,24,25,26,27,28,29,30,31,32,34,35,37,38,
7;0;80;131;1;2,3,4,5,8,11,12,14,15,16,17,18,20,22,23,24,25,26,27,28,29,30,31,32,33,34,35,36,37,38,
145;0;131;164;1;0,2,3,4,5,8,12,14,15,16,17,18,20,22,23,25,26,27,28,29,30,31,32,33,34,35,36,37,38,39,
162;0;164;177;1;0,2,4,5,6,7,8,12,13,14,15,17,18,20,22,23,25,26,27,28,29,30,31,32,33,34,35,36,37,38,
99;0;177;227;1;0,2,4,5,6,7,11,12,13,14,15,17,18,20,21,22,23,26,27,28,29,30,31,32,33,34,35,36,37,38,
179;0;227;240;1;0,2,3,4,5,6,7,11,13,14,15,17,18,20,21,22,23,26,27,28,29,30,31,32,33,34,35,36,37,38,
86;0;240;247;1;2,3,5,6,7,8,11,13,14,15,17,18,20,21,22,23,25,26,27,28,30,31,32,33,34,35,36,37,38,39,
108;0;247;297;1;3,5,6,7,8,10,11,13,14,15,17,18,19,20,21,22,23,25,26,27,28,30,31,32,34,35,36,37,38,39,
75;0;297;349;1;3,5,6,7,8,9,10,11,13,14,15,18,19,20,21,22,23,25,26,27,28,30,31,32,34,35,36,37,38,39,
130;0;349;391;1;1,3,5,6,7,9,10,11,13,14,15,18,19,20,21,22,23,25,26,27,28,29,30,31,32,34,35,36,37,38,
78;0;391;443;1;0,1,2,3,7,9,10,11,13,14,15,16,18,19,21,22,23,24,26,27,29,30,31,32,34,35,36,37,38,39,
160;0;443;467;1;0,1,2,3,4,7,9,10,11,12,13,14,16,17,18,19,21,22,23,24,27,29,30,31,32,34,35,36,38,39,
88;0;467;502;1;0,1,2,3,4,5,7,9,10,11,13,14,16,17,18,19,21,22,23,24,27,29,30,31,32,34,35,36,38,39,
67;0;502;535;1;0,1,2,3,4,5,7,8,9,10,13,14,15,18,19,21,22,23,24,25,27,29,31,32,34,35,36,37,38,39,
38;0;535;586;1;0,1,2,3,4,5,7,8,10,13,14,15,18,19,21,22,23,24,25,26,27,29,31,32,34,35,36,37,38,39,
62;0;586;606;1;1,2,3,4,5,7,8,10,12,13,14,15,18,19,21,22,24,25,26,27,28,29,31,32,34,35,36,37,38,39,
167;0;606;616;1;1,2,3,4,5,7,8,10,11,12,13,14,16,18,19,21,22,25,26,27,28,29,31,32,34,35,36,37,38,39,
90;0;616;632;1;0,1,2,3,4,5,7,8,10,11,12,13,14,16,18,19,21,22,25,26,28,29,31,32,33,34,35,36,37,38,
115;0;632;657;1;0,1,2,3,4,5,7,8,9,10,11,12,14,16,17,18,19,20,22,23,25,29,31,32,33,34,35,36,37,38,
23;0;657;707;1;0,1,2,3,4,5,7,8,9,10,11,12,14,15,16,17,18,19,20,23,24,25,26,29,31,32,35,37,38,39,
92;0;707;741;1;0,1,2,3,4,5,6,7,8,9,10,12,14,15,16,17,18,19,20,23,24,25,26,27,29,32,35,37,38,39,
152;0;741;750;1;0,1,2,3,4,6,7,8,9,10,12,14,15,16,17,18,19,20,21,23,24,25,26,27,29,32,34,35,37,38,
28;0;750;784;1;0,1,2,3,4,6,7,8,9,10,12,13,14,15,16,18,19,20,21,23,24,25,26,27,29,32,34,35,37,38,
180;0;784;787;1;0,1,2,3,4,6,7,8,9,10,12,13,14,15,16,18,20,21,22,23,24,25,26,27,28,29,34,37,38,39,
196;0;787;837;1;0,2,3,5,6,8,9,10,11,12,13,14,15,16,17,18,20,21,22,23,25,27,28,29,31,34,35,37,38,39,
137;0;837;879;1;1,2,3,5,6,8,9,10,11,12,13,14,15,17,18,20,21,23,25,27,28,29,30,31,33,34,35,37,38,39,
193;0;879;889;1;1,2,3,5,6,7,8,9,10,11,12,14,15,17,18,19,20,21,23,26,27,28,29,30,31,33,35,37,38,39,
96;0;889;937;1;1,2,3,4,5,6,7,8,9,10,11,12,14,15,17,18,20,21,22,23,26,27,28,29,30,33,35,37,38,39,
81;0;937;978;1;1,2,3,5,6,7,8,9,10,11,12,14,17,18,20,21,22,23,25,26,28,29,30,33,34,35,36,37,38,39,
116;0;978;1023;1;0,1,2,3,5,6,7,8,9,10,11,12,14,17,18,20,21,22,23,25,26,28,29,30,33,34,35,36,37,38,
Machine: 4
85;0;0;45;1;0,1,2,4,7,9,11,12,13,14,15,16,17,18,19,22,23,25,26,27,28,29,31,32,34,35,36,37,38,39,
105;0;45;92;1;0,2,4,7,11,12,13,14,15,16,17,18,19,21,22,23,24,26,27,28,29,30,31,32,33,34,35,36,38,39,
57;0;92;135;1;0,1,2,3,4,5,6,10,11,12,13,14,15,16,17,19,21,22,23,26,27,28,30,31,32,33,34,35,36,38,
48;0;135;168;1;1,2,3,4,5,6,9,10,11,13,14,15,16,17,19,20,22,23,26,28,29,30,32,33,34,35,36,37,38,39,
188;0;168;223;1;1,2,4,5,6,7,9,10,11,12,13,14,15,16,19,20,22,23,24,25,28,29,30,32,33,34,35,36,38,39,
170;0;223;241;1;2,4,5,6,7,8,9,10,11,12,13,14,15,16,19,20,22,23,24,25,28,29,30,31,32,34,35,36,38,39,
9;0;241;262;1;0,1,2,3,4,5,6,7,8,9,10,11,12,13,14,15,16,18,19,20,22,23,24,27,29,30,31,34,38,39,
104;0;262;299;1;1,2,3,4,5,6,8,9,10,11,12,13,14,15,16,18,20,21,22,24,26,29,31,33,34,35,36,37,38,39,
131;0;299;345;1;0,1,2,3,5,6,8,9,10,11,12,13,14,16,18,20,21,22,23,24,25,26,29,30,33,34,35,36,38,39,
4;0;345;351;1;0,1,2,3,5,7,8,9,10,11,12,13,14,16,17,18,19,20,21,22,23,24,25,26,30,32,34,35,38,39,
119;0;351;369;1;1,2,3,5,7,8,9,10,11,12,13,14,16,17,19,20,22,23,24,25,26,28,29,30,32,33,34,35,38,39,
120;0;369;404;1;1,3,4,5,6,7,8,9,10,11,12,14,16,17,19,20,22,23,24,25,26,27,28,29,30,32,34,35,37,39,
122;0;404;407;1;3,4,5,6,7,8,9,10,11,13,14,16,17,18,19,20,21,23,24,25,26,27,28,29,30,31,35,36,37,39,
181;0;407;459;1;2,3,4,5,6,7,8,9,10,11,13,14,16,17,18,19,20,21,23,24,25,26,27,28,29,30,36,37,38,39,
109;0;459;462;1;0,2,4,5,6,7,8,9,10,11,13,16,17,18,19,20,21,23,24,25,26,27,28,29,30,34,36,37,38,39,
127;0;462;512;1;0,1,2,4,6,7,8,9,10,11,12,13,16,17,18,19,22,23,24,25,26,27,28,29,30,32,33,34,36,37,
33;0;512;561;1;0,1,2,4,6,7,8,9,10,11,12,13,16,17,18,19,22,23,24,26,27,28,29,30,32,33,34,35,36,37,
35;0;561;620;1;1,2,3,4,6,7,8,9,10,11,12,16,17,18,19,22,23,24,26,27,28,29,30,31,32,33,34,35,36,37,
110;0;620;664;1;2,3,4,5,6,7,8,9,11,15,16,17,18,19,20,22,24,26,27,28,29,30,31,32,33,34,35,36,37,39,
177;0;664;723;1;1,2,3,4,5,6,8,11,13,15,16,17,19,20,21,22,23,24,25,26,27,28,29,30,31,32,33,36,37,39,
141;0;723;735;1;0,1,2,3,4,5,6,8,10,11,13,15,16,17,19,20,21,22,23,24,25,26,28,29,30,31,33,36,37,39,
103;0;735;776;1;0,2,3,4,5,6,8,9,10,11,12,13,14,15,16,17,18,19,20,21,22,23,24,25,26,29,31,33,37,39,
136;0;776;816;1;0,2,3,4,5,6,8,9,10,11,12,13,14,15,16,17,19,20,21,22,23,24,25,28,29,31,33,34,36,37,
183;0;816;828;1;0,1,2,3,4,5,6,8,9,10,11,12,13,14,15,16,17,19,20,21,22,23,24,29,31,33,34,35,36,37,
189;0;828;874;1;0,1,2,3,4,5,6,8,10,11,12,13,14,15,16,17,19,20,21,22,23,24,27,29,31,33,34,36,37,39,
175;0;874;903;1;0,1,2,3,4,5,6,7,8,12,14,15,16,17,18,19,20,21,22,23,24,27,29,30,31,33,34,36,37,39,
72;0;903;905;1;0,1,2,3,4,5,6,7,8,12,14,15,16,17,18,19,20,21,22,23,24,27,29,30,31,32,34,37,38,39,
172;0;905;945;1;0,3,5,7,8,9,10,12,14,15,17,18,20,21,22,23,24,25,26,27,28,29,31,32,33,35,36,37,38,39,
95;0;945;979;1;0,3,5,6,8,9,10,12,13,14,15,17,18,19,21,22,23,25,26,27,29,30,31,32,33,35,36,37,38,39,
192;0;979;1036;1;0,1,2,3,4,5,6,8,9,12,13,14,15,17,18,19,21,22,23,25,26,29,30,31,33,35,36,37,38,39,
73;0;1036;1061;1;0,1,3,4,5,6,7,8,11,12,13,14,15,17,18,19,20,22,24,25,26,29,30,31,33,35,36,37,38,39,
138;0;1061;1073;1;0,1,3,4,5,6,7,8,10,11,12,13,14,15,17,18,19,20,22,24,25,26,30,31,32,33,34,35,38,39,
198;0;1073;1095;1;0,1,2,3,4,5,6,7,8,10,11,12,13,14,15,17,18,19,22,24,25,26,28,30,31,32,33,34,35,38,
Machine: 5
121;0;0;30;1;2,3,4,6,7,8,9,10,11,13,15,16,19,20,21,22,25,27,28,29,30,31,32,33,34,35,36,37,38,39,
111;0;30;84;1;2,3,4,6,7,8,9,10,11,13,15,16,19,20,21,22,25,27,28,29,30,31,32,33,34,35,36,37,38,39,
83;0;84;126;1;3,4,5,6,7,8,9,10,11,12,13,15,16,17,18,19,20,21,22,25,26,27,28,29,30,31,32,34,35,39,
151;0;126;181;1;0,3,4,5,6,7,8,10,11,12,13,15,16,17,18,19,20,21,22,25,26,27,28,29,30,32,34,35,37,39,
101;0;181;208;1;0,3,4,5,6,7,8,10,11,12,13,14,15,16,17,18,20,21,22,24,25,26,27,28,29,30,32,35,37,39,
10;0;208;262;1;0,3,4,5,6,7,8,10,11,12,13,14,15,16,17,18,20,21,22,23,24,25,26,27,28,29,30,32,37,39,
159;0;262;293;1;0,1,3,4,5,6,8,10,12,13,14,15,16,17,18,20,21,22,23,24,25,26,28,29,30,33,34,37,38,39,
20;0;293;309;1;1,3,4,5,6,8,9,10,12,13,14,15,16,17,18,20,21,22,23,24,25,26,28,29,30,31,33,34,37,38,
12;0;309;359;1;1,3,4,5,6,9,10,12,13,14,16,17,18,19,20,21,22,23,24,25,26,28,29,30,31,33,34,37,38,39,
147;0;359;415;1;1,3,4,5,6,9,10,12,13,14,16,18,19,20,21,22,23,24,25,26,28,29,30,31,33,34,35,37,38,39,
37;0;415;465;1;1,3,4,5,6,7,9,10,12,13,14,15,16,18,19,20,22,23,24,25,26,27,28,29,30,31,33,35,37,39,
63;0;465;488;1;1,3,4,5,6,7,9,10,11,12,13,14,15,16,18,19,20,22,23,24,25,26,27,28,29,30,31,33,35,39,
148;0;488;542;1;1,3,4,5,7,9,10,11,12,13,14,15,16,18,19,20,22,23,24,25,26,27,28,29,30,31,33,34,35,39,
173;0;542;565;1;0,1,4,5,7,8,9,10,11,14,15,16,18,19,20,22,23,24,25,26,27,28,29,30,31,33,34,35,36,39,
168;0;565;596;1;1,4,5,7,8,9,10,11,14,15,16,17,18,19,20,21,22,23,24,25,27,28,29,30,31,33,34,35,36,39,
89;0;596;623;1;1,2,4,5,7,8,9,11,14,15,16,17,18,19,20,21,22,23,24,25,27,28,29,30,31,33,34,35,36,39,
171;0;623;625;1;0,1,2,3,4,5,8,11,12,13,14,15,16,17,18,19,21,22,23,24,25,27,28,29,30,33,34,35,38,39,
87;0;625;663;1;0,1,2,3,4,5,6,8,11,13,14,15,16,17,19,21,22,23,24,25,26,27,28,29,32,33,34,35,38,39,
163;0;663;672;1;0,1,2,3,4,5,6,8,9,11,13,14,15,16,17,19,20,21,22,23,24,25,26,28,29,32,33,34,38,39,
182;0;672;715;1;0,1,3,4,6,7,8,9,10,11,13,14,15,16,17,18,19,21,22,23,24,28,29,31,32,34,36,37,38,39,
155;0;715;759;1;0,1,3,4,6,8,9,10,11,12,13,14,15,16,17,18,19,21,22,23,24,27,28,29,32,34,36,37,38,39,
80;0;759;808;1;0,1,2,4,5,6,8,9,10,11,12,13,14,15,16,17,18,19,21,22,23,24,28,29,30,32,34,36,37,38,
184;0;808;812;1;0,1,2,4,5,6,8,9,10,11,12,13,14,15,16,17,18,19,23,25,28,29,30,32,34,35,36,37,38,39,
169;0;812;866;1;0,1,2,4,5,6,8,9,10,12,13,14,15,16,17,18,19,21,22,23,24,25,27,28,29,30,34,36,38,39,
61;0;866;921;1;0,1,2,4,5,6,8,9,10,12,13,14,15,16,17,18,19,20,21,22,23,24,25,27,28,29,30,31,34,36,
190;0;921;957;1;0,1,2,4,5,6,8,9,10,12,14,15,16,17,18,19,20,21,22,23,24,25,27,29,30,31,33,34,36,37,
187;0;957;991;1;0,1,2,4,5,6,7,9,10,12,14,15,16,17,18,19,20,21,23,24,25,27,28,29,31,32,33,34,36,38,
191;0;991;1035;1;0,1,2,3,4,5,6,10,12,13,14,15,16,17,18,19,20,21,23,24,25,26,29,31,32,33,34,35,36,38,
60;0;1035;1066;1;0,1,3,4,6,8,10,11,12,13,14,15,16,17,18,19,20,21,23,24,25,26,27,30,31,33,34,36,38,39,
161;0;1066;1118;1;0,1,3,4,6,8,11,12,13,14,15,16,17,18,19,20,22,23,24,25,26,27,28,30,31,33,36,37,38,39,
157;0;1118;1153;1;0,1,2,3,6,8,11,12,13,14,15,16,17,18,19,20,22,24,25,27,28,29,30,31,33,34,35,37,38,39,
118;0;1153;1209;1;0,1,3,5,6,7,8,9,11,13,14,15,16,18,19,20,21,22,24,25,27,28,29,31,33,34,35,36,38,39,
113;0;1209;1230;1;0,1,3,5,6,7,8,9,10,12,13,15,16,17,18,22,25,26,27,28,29,30,31,33,34,35,36,37,38,39,
END
fineshedJobsCount: 200
switchs: 600
switchsInstances: 190
unfineshedPriorityCount: 0
totalUnfineshed: 0
criticalMachineSwitchs: 93
criticalMachineTime: 1230
Final Solution: -600
Time: 19565
