input/BeezaoRaw/IPMTC-II/instanceLarge948_m=6_n=200_l=40_c=30_s=2.PMTC;
2235;2235;1440
Machine: 0
14;0;0;13;1;0,1,2,3,4,7,10,11,12,13,14,15,16,17,18,19,20,22,23,24,25,27,28,29,30,33,34,37,38,39,
17;0;13;54;1;0,1,2,3,4,7,10,11,12,13,14,15,16,17,18,19,20,21,23,24,28,29,30,32,33,34,36,37,38,39,
1;0;54;74;1;0,1,2,3,4,7,8,10,11,12,13,14,15,16,17,18,19,20,21,23,24,26,28,30,34,35,36,37,38,39,
2;0;74;100;1;0,1,2,3,4,6,7,8,10,11,12,13,14,15,16,17,18,19,20,21,23,24,26,28,30,34,35,37,38,39,
19;0;100;132;1;0,1,2,3,4,6,7,8,10,11,12,13,15,16,17,18,19,21,22,23,24,26,28,29,30,31,33,34,35,38,
106;0;132;185;1;0,1,2,3,4,6,7,8,10,11,12,13,15,16,17,18,19,21,22,23,24,26,28,30,31,32,33,34,35,38,
5;0;185;222;1;0,1,2,3,6,7,8,9,11,12,13,16,17,18,19,21,22,23,24,25,26,27,28,30,31,32,33,34,35,38,
31;0;222;229;1;0,1,2,3,6,7,9,11,12,13,14,16,17,18,19,21,22,23,24,25,26,28,29,30,31,33,34,35,38,39,
22;0;229;263;1;0,1,2,3,4,6,7,11,12,13,14,15,18,19,20,21,22,23,24,25,26,28,29,30,31,32,33,35,38,39,
144;0;263;299;1;0,1,3,4,5,6,7,8,11,12,13,14,15,18,19,20,21,22,23,24,26,28,29,30,31,32,33,35,37,39,
149;0;299;328;1;0,1,3,4,5,6,7,8,9,10,12,13,14,15,16,18,19,20,21,26,27,29,30,32,33,34,35,36,37,39,
6;0;328;351;1;0,1,3,4,5,6,7,8,9,10,12,13,14,15,16,18,19,20,21,26,27,29,30,32,33,34,35,36,37,39,
178;0;351;389;1;0,1,2,3,4,5,6,7,8,10,11,12,14,15,16,17,18,19,20,21,22,23,24,26,27,29,30,32,37,39,
97;0;389;435;1;0,1,2,3,4,5,7,8,10,11,12,14,15,16,17,18,19,21,22,23,24,26,27,30,31,32,36,37,38,39,
8;0;435;448;1;0,1,2,3,4,5,7,8,9,10,11,12,15,16,17,19,21,22,23,25,26,27,28,31,32,34,36,37,38,39,
70;0;448;483;1;0,1,3,4,5,7,8,9,10,11,12,15,17,18,19,22,23,24,25,26,27,28,31,32,33,35,36,37,38,39,
41;0;483;539;1;0,1,3,4,5,6,7,8,10,11,12,14,17,18,19,20,22,23,25,27,28,30,31,32,33,35,36,37,38,39,
143;0;539;581;1;0,1,3,4,5,6,7,8,10,11,12,13,17,18,19,20,23,24,25,27,28,30,31,32,33,35,36,37,38,39,
79;0;581;603;1;0,1,2,4,5,6,7,8,10,11,12,13,17,18,19,20,21,23,24,27,28,29,30,31,32,35,36,37,38,39,
11;0;603;623;1;2,4,5,6,7,8,10,12,13,15,18,19,20,21,22,23,24,26,27,28,29,30,31,32,34,35,36,37,38,39,
142;0;623;659;1;1,2,4,5,6,7,9,10,11,12,13,16,18,19,20,22,23,24,25,26,27,28,29,31,34,35,36,37,38,39,
174;0;659;680;1;1,2,4,5,6,7,9,10,11,12,13,14,16,18,19,20,23,24,25,26,27,28,30,31,32,34,35,36,37,38,
13;0;680;715;1;2,4,5,6,9,10,11,12,13,14,15,16,18,19,20,21,23,24,25,26,27,28,30,31,32,33,34,35,37,38,
166;0;715;760;1;2,4,5,6,8,9,10,11,12,13,15,16,17,18,19,20,21,23,25,27,28,29,30,31,32,33,34,36,37,38,
185;0;760;781;1;0,1,2,3,4,5,6,7,8,9,10,12,13,15,16,18,19,20,21,23,25,27,28,29,32,33,34,36,38,39,
3;0;781;837;1;2,3,4,5,6,7,8,9,10,12,13,14,15,16,19,20,21,22,23,24,25,26,27,28,29,32,33,34,36,39,
18;0;837;848;1;2,3,5,6,7,8,9,10,12,13,14,15,16,17,19,20,22,23,24,25,26,27,29,30,31,32,33,34,36,39,
25;0;848;849;1;2,3,5,6,7,8,9,10,12,13,15,16,17,19,20,22,23,24,25,26,27,29,30,31,32,33,34,36,37,39,
64;0;849;899;1;2,3,5,6,7,8,10,12,13,15,16,17,19,20,22,23,24,25,26,27,28,29,30,31,32,33,34,36,37,39,
58;0;899;934;1;1,2,3,4,5,6,7,8,10,13,15,16,19,20,21,22,23,24,25,26,27,28,30,32,33,34,36,37,38,39,
21;0;934;992;1;0,1,2,3,4,5,7,8,9,12,13,15,18,19,20,21,22,23,25,28,30,31,32,33,34,35,36,37,38,39,
164;0;992;994;1;1,3,4,5,7,8,9,10,12,13,14,15,18,19,20,21,22,23,25,26,28,30,31,32,33,34,35,36,37,39,
186;0;994;1003;1;1,3,4,5,7,8,9,10,11,12,14,15,16,18,19,20,21,22,23,25,26,28,29,30,31,32,33,34,36,37,
139;0;1003;1035;1;0,1,2,3,4,5,7,8,9,10,11,12,14,15,16,18,19,20,21,23,25,26,28,29,30,32,33,34,36,37,
Machine: 1
0;0;0;57;1;0,1,2,3,4,5,6,8,9,10,12,13,14,15,16,18,19,20,22,25,26,27,29,30,31,32,35,36,38,39,
55;0;57;85;1;0,1,2,3,4,5,6,8,9,10,12,13,14,15,16,17,18,19,20,21,22,25,26,27,31,32,33,35,36,38,
24;0;85;108;1;0,1,2,3,4,6,8,9,10,12,13,15,16,17,19,20,21,22,24,25,26,27,28,31,32,33,35,36,37,38,
124;0;108;167;1;0,1,3,4,6,8,9,11,12,13,15,16,17,19,20,21,23,24,25,26,27,28,31,32,33,35,36,37,38,39,
32;0;167;179;1;0,1,3,4,6,7,8,9,11,12,13,14,15,16,19,20,21,23,24,25,26,28,29,31,33,34,35,37,38,39,
197;0;179;199;1;0,1,2,3,4,5,6,7,8,9,11,12,13,14,15,16,19,23,24,25,26,28,29,31,33,34,35,37,38,39,
102;0;199;232;1;0,1,2,3,4,5,6,7,8,9,11,12,13,14,15,16,19,23,24,25,26,28,29,30,31,33,34,35,38,39,
150;0;232;284;1;0,1,2,3,4,5,6,7,8,9,11,12,13,14,15,16,19,21,24,25,26,28,29,30,31,33,35,36,38,39,
26;0;284;339;1;0,1,2,3,4,5,6,7,8,9,10,11,12,14,15,16,17,19,21,24,26,28,30,31,32,33,35,36,38,39,
54;0;339;395;1;0,1,2,3,4,6,7,8,9,10,11,12,14,15,16,17,19,20,21,26,27,28,30,31,32,33,35,36,38,39,
76;0;395;417;1;0,1,3,4,7,8,9,10,11,12,13,14,15,16,17,19,20,21,22,24,25,26,27,30,31,32,33,34,35,38,
27;0;417;453;1;0,3,4,5,7,8,9,10,11,12,13,14,15,17,18,21,22,23,24,25,26,27,29,30,31,32,33,34,35,38,
30;0;453;502;1;0,3,4,5,6,8,9,10,11,12,13,14,15,17,18,21,22,23,24,25,26,29,30,31,32,33,34,35,36,38,
29;0;502;529;1;2,3,4,6,8,9,10,11,12,13,14,15,17,18,21,22,23,24,26,27,28,29,30,32,33,34,35,36,38,39,
117;0;529;557;1;2,3,6,8,9,10,11,12,13,14,15,17,18,21,22,23,24,26,27,28,29,30,32,33,34,35,36,37,38,39,
123;0;557;586;1;1,2,3,6,8,11,12,13,16,17,19,20,21,22,23,24,25,26,28,29,30,31,32,33,34,35,36,37,38,39,
65;0;586;622;1;1,2,5,6,7,8,11,12,13,16,17,19,20,21,22,23,24,25,26,28,29,30,31,32,33,34,35,36,38,39,
34;0;622;661;1;1,2,5,6,7,8,11,12,13,16,17,19,20,21,22,23,24,25,26,28,29,30,31,32,33,34,35,36,38,39,
91;0;661;694;1;1,2,5,6,7,8,11,12,13,14,16,17,19,20,21,22,23,24,25,26,28,29,30,31,32,33,34,35,36,38,
15;0;694;719;1;0,1,2,6,7,8,10,11,12,13,14,16,17,20,21,22,23,24,25,26,27,28,29,31,32,33,34,35,36,38,
146;0;719;757;1;0,1,2,3,4,6,7,8,9,10,11,12,13,14,17,20,21,22,23,24,26,27,28,29,31,32,33,34,35,36,
36;0;757;799;1;0,1,2,3,4,5,7,8,9,10,12,13,15,17,18,19,20,21,22,23,24,26,27,28,29,30,32,33,35,37,
134;0;799;845;1;0,1,2,3,4,5,7,8,9,10,12,13,14,15,19,20,22,23,24,26,27,28,29,30,31,33,35,36,37,39,
199;0;845;889;1;0,1,2,3,4,5,6,8,9,10,12,13,14,15,19,20,23,24,25,26,27,28,29,30,31,32,33,36,37,39,
132;0;889;891;1;0,1,2,3,4,5,6,8,9,10,11,15,16,17,18,19,20,23,24,25,26,27,28,29,30,31,32,36,37,39,
153;0;891;894;1;0,1,2,4,5,6,8,9,10,11,15,17,18,19,20,21,23,24,25,26,27,28,29,30,31,32,34,36,37,39,
40;0;894;910;1;1,2,4,5,6,8,9,10,11,13,14,17,18,19,21,23,24,25,26,27,28,29,30,31,32,33,34,36,37,38,
42;0;910;911;1;0,1,2,4,5,6,7,8,9,10,11,12,13,16,17,18,19,21,23,24,26,27,28,29,30,31,32,33,34,38,
140;0;911;959;1;0,1,2,3,4,5,6,7,8,9,10,11,12,13,16,17,18,19,21,23,24,26,27,28,29,30,31,32,33,34,
51;0;959;972;1;0,1,2,3,5,6,7,8,9,10,11,12,13,14,15,16,19,21,22,23,27,28,30,31,32,33,34,36,37,39,
43;0;972;979;1;0,1,2,3,5,6,7,8,9,10,11,13,14,15,16,21,22,23,25,27,28,30,31,32,33,34,35,36,37,39,
154;0;979;1018;1;1,2,3,5,6,7,8,9,11,13,14,15,16,18,21,23,24,25,27,28,29,30,31,32,33,34,35,36,37,39,
71;0;1018;1026;1;1,2,3,5,7,8,9,11,13,14,15,16,17,18,20,21,23,24,26,27,29,30,31,32,33,34,36,37,38,39,
44;0;1026;1037;1;1,2,3,5,7,8,9,11,13,14,15,16,17,18,20,21,23,24,26,27,29,30,31,32,33,34,36,37,38,39,
Machine: 2
47;0;0;1;1;0,1,2,3,4,6,7,8,9,11,12,14,16,17,18,20,21,22,25,26,27,29,30,32,33,34,35,37,38,39,
112;0;1;38;1;1,2,3,4,6,7,9,10,11,12,13,14,16,18,21,22,25,26,27,28,29,30,31,32,33,34,35,37,38,39,
126;0;38;83;1;0,1,2,4,5,6,7,8,9,10,11,12,13,14,18,21,22,24,25,26,27,28,29,30,32,33,34,35,37,38,
100;0;83;142;1;0,1,2,4,5,6,7,8,10,11,12,13,15,18,19,21,22,24,25,26,27,28,29,30,32,33,34,35,37,38,
135;0;142;199;1;0,1,2,5,7,10,11,12,13,15,17,18,20,21,22,23,24,25,26,27,28,29,30,32,33,34,35,37,38,39,
49;0;199;203;1;0,1,2,5,7,10,11,13,14,15,16,17,18,20,21,22,23,24,26,27,28,29,32,33,34,35,36,37,38,39,
50;0;203;247;1;1,2,3,4,5,7,9,10,11,12,13,14,15,16,18,19,20,21,23,25,27,28,29,30,32,33,34,37,38,39,
93;0;247;250;1;1,2,3,4,5,7,8,9,11,12,13,14,15,16,17,18,19,20,21,22,28,29,30,32,33,34,35,37,38,39,
158;0;250;284;1;1,2,3,4,5,6,7,8,9,11,13,14,15,16,17,18,19,20,22,28,29,30,31,32,33,34,35,37,38,39,
52;0;284;304;1;1,2,4,5,6,7,8,9,11,13,14,15,16,17,19,20,22,26,27,28,29,30,31,32,33,34,35,37,38,39,
53;0;304;350;1;0,2,4,6,7,8,9,10,11,13,14,15,16,17,19,20,22,24,26,27,28,29,30,32,33,34,35,37,38,39,
39;0;350;363;1;0,2,4,6,7,8,9,10,11,13,14,15,16,17,19,20,22,23,24,28,29,30,32,33,34,35,36,37,38,39,
56;0;363;400;1;0,1,2,4,5,6,7,9,10,11,13,14,15,17,18,19,20,23,24,28,29,30,32,33,34,35,36,37,38,39,
59;0;400;435;1;0,1,2,4,5,6,7,9,10,11,13,15,17,19,20,21,23,24,25,28,29,31,32,33,34,35,36,37,38,39,
77;0;435;465;1;0,1,2,3,6,7,9,10,11,12,13,15,16,17,20,22,24,25,27,28,29,30,31,32,33,34,35,36,38,39,
84;0;465;468;1;0,1,2,3,4,6,7,8,10,11,13,15,16,17,19,20,22,23,26,27,28,29,30,31,32,33,34,35,36,38,
128;0;468;520;1;0,2,3,4,6,7,8,9,10,11,13,16,17,19,20,22,23,24,25,26,27,28,31,32,33,34,35,36,37,39,
74;0;520;534;1;0,2,3,4,5,6,7,9,10,12,13,15,16,17,20,21,22,23,24,25,26,27,28,29,30,31,34,35,36,39,
66;0;534;584;1;0,1,2,3,4,5,6,7,9,10,12,13,14,16,17,20,22,23,24,25,26,27,28,29,30,31,34,35,36,39,
156;0;584;606;1;0,1,2,3,4,6,7,9,10,12,13,14,16,17,20,22,23,24,25,26,27,28,29,30,31,34,35,36,37,39,
68;0;606;607;1;0,1,3,4,6,7,8,9,10,11,12,13,14,16,17,18,19,20,24,25,26,27,28,29,30,31,34,35,36,37,
165;0;607;643;1;0,1,3,4,6,7,8,9,10,11,12,13,14,16,17,18,19,24,25,26,27,28,30,31,32,33,34,36,37,38,
94;0;643;674;1;0,1,3,4,6,7,8,9,10,11,12,13,14,16,17,18,19,21,22,24,25,27,28,30,31,32,33,36,38,39,
125;0;674;719;1;0,1,2,3,5,6,7,8,9,10,11,12,14,16,17,18,19,20,21,22,24,25,26,27,28,30,33,34,36,39,
69;0;719;761;1;0,1,2,3,5,6,7,9,10,11,12,14,15,16,17,18,19,20,21,22,23,24,26,27,28,32,33,34,36,39,
195;0;761;789;1;0,1,3,6,7,9,10,12,14,15,16,17,18,19,20,21,22,23,24,26,27,28,29,32,33,34,36,37,38,39,
16;0;789;832;1;0,1,3,6,7,9,10,12,14,15,16,17,18,19,20,21,23,24,25,26,27,28,32,33,34,35,36,37,38,39,
46;0;832;845;1;0,1,2,3,6,7,8,9,10,12,13,16,17,18,19,21,23,24,25,26,27,28,31,32,33,34,35,36,38,39,
82;0;845;903;1;0,1,2,3,4,6,7,8,9,12,13,16,17,18,19,21,22,23,24,25,27,28,31,32,33,34,35,36,38,39,
98;0;903;914;1;0,1,2,3,4,6,7,8,9,12,13,14,16,18,19,21,22,23,24,27,28,30,31,32,33,34,35,36,38,39,
194;0;914;961;1;0,1,2,3,4,5,6,7,8,9,12,13,14,16,18,19,21,22,24,27,28,29,30,31,32,34,35,36,37,38,
129;0;961;1006;1;0,1,2,3,4,5,6,7,8,9,12,13,14,16,18,19,21,22,24,25,27,28,29,30,31,34,35,36,37,38,
107;0;1006;1008;1;0,1,4,5,6,7,8,9,12,13,14,15,16,18,19,20,21,24,25,26,28,30,31,33,34,35,36,37,38,39,
Machine: 3
114;0;0;11;1;0,1,3,5,6,7,8,9,10,11,12,13,14,15,16,18,19,20,22,23,24,26,27,30,33,34,35,37,38,39,
45;0;11;35;1;1,3,5,6,7,8,9,10,11,12,13,14,15,16,18,20,22,23,24,26,27,28,30,31,32,34,35,37,38,39,
133;0;35;42;1;3,4,5,6,7,8,11,12,13,14,15,16,17,18,20,22,23,24,25,26,27,28,29,30,31,32,34,35,37,38,
176;0;42;79;1;3,4,5,6,8,11,12,13,14,15,16,17,18,20,21,22,23,24,25,26,27,28,29,30,31,32,34,35,37,38,
7;0;79;120;1;2,3,4,5,8,11,12,14,15,16,17,18,20,22,23,24,25,26,27,28,29,30,31,32,33,34,35,36,37,38,
145;0;120;148;1;0,2,3,4,5,8,12,14,15,16,17,18,20,22,23,25,26,27,28,29,30,31,32,33,34,35,36,37,38,39,
162;0;148;193;1;0,2,4,5,6,7,8,12,13,14,15,17,18,20,22,23,25,26,27,28,29,30,31,32,33,34,35,36,37,38,
99;0;193;226;1;0,2,4,5,6,7,11,12,13,14,15,17,18,20,21,22,23,26,27,28,29,30,31,32,33,34,35,36,37,38,
179;0;226;257;1;0,2,3,4,5,6,7,11,13,14,15,17,18,20,21,22,23,26,27,28,29,30,31,32,33,34,35,36,37,38,
86;0;257;279;1;2,3,5,6,7,8,11,13,14,15,17,18,20,21,22,23,25,26,27,28,30,31,32,33,34,35,36,37,38,39,
108;0;279;313;1;3,5,6,7,8,10,11,13,14,15,17,18,19,20,21,22,23,25,26,27,28,30,31,32,34,35,36,37,38,39,
75;0;313;334;1;3,5,6,7,8,9,10,11,13,14,15,18,19,20,21,22,23,25,26,27,28,30,31,32,34,35,36,37,38,39,
130;0;334;354;1;1,3,5,6,7,9,10,11,13,14,15,18,19,20,21,22,23,25,26,27,28,29,30,31,32,34,35,36,37,38,
78;0;354;377;1;0,1,2,3,7,9,10,11,13,14,15,16,18,19,21,22,23,24,26,27,29,30,31,32,34,35,36,37,38,39,
160;0;377;405;1;0,1,2,3,4,7,9,10,11,12,13,14,16,17,18,19,21,22,23,24,27,29,30,31,32,34,35,36,38,39,
88;0;405;409;1;0,1,2,3,4,5,7,9,10,11,13,14,16,17,18,19,21,22,23,24,27,29,30,31,32,34,35,36,38,39,
67;0;409;433;1;0,1,2,3,4,5,7,8,9,10,13,14,15,18,19,21,22,23,24,25,27,29,31,32,34,35,36,37,38,39,
38;0;433;488;1;0,1,2,3,4,5,7,8,10,13,14,15,18,19,21,22,23,24,25,26,27,29,31,32,34,35,36,37,38,39,
62;0;488;539;1;1,2,3,4,5,7,8,10,12,13,14,15,18,19,21,22,24,25,26,27,28,29,31,32,34,35,36,37,38,39,
167;0;539;568;1;1,2,3,4,5,7,8,10,11,12,13,14,16,18,19,21,22,25,26,27,28,29,31,32,34,35,36,37,38,39,
90;0;568;576;1;0,1,2,3,4,5,7,8,10,11,12,13,14,16,18,19,21,22,25,26,28,29,31,32,33,34,35,36,37,38,
115;0;576;586;1;0,1,2,3,4,5,7,8,9,10,11,12,14,16,17,18,19,20,22,23,25,29,31,32,33,34,35,36,37,38,
23;0;586;644;1;0,1,2,3,4,5,7,8,9,10,11,12,14,15,16,17,18,19,20,23,24,25,26,29,31,32,35,37,38,39,
92;0;644;669;1;0,1,2,3,4,5,6,7,8,9,10,12,14,15,16,17,18,19,20,23,24,25,26,27,29,32,35,37,38,39,
152;0;669;681;1;0,1,2,3,4,6,7,8,9,10,12,14,15,16,17,18,19,20,21,23,24,25,26,27,29,32,34,35,37,38,
28;0;681;696;1;0,1,2,3,4,6,7,8,9,10,12,13,14,15,16,18,19,20,21,23,24,25,26,27,29,32,34,35,37,38,
180;0;696;746;1;0,1,2,3,4,6,7,8,9,10,12,13,14,15,16,18,20,21,22,23,24,25,26,27,28,29,34,37,38,39,
196;0;746;802;1;0,2,3,5,6,8,9,10,11,12,13,14,15,16,17,18,20,21,22,23,25,27,28,29,31,34,35,37,38,39,
137;0;802;825;1;1,2,3,5,6,8,9,10,11,12,13,14,15,17,18,20,21,23,25,27,28,29,30,31,33,34,35,37,38,39,
193;0;825;835;1;1,2,3,5,6,7,8,9,10,11,12,14,15,17,18,19,20,21,23,26,27,28,29,30,31,33,35,37,38,39,
96;0;835;845;1;1,2,3,4,5,6,7,8,9,10,11,12,14,15,17,18,20,21,22,23,26,27,28,29,30,33,35,37,38,39,
81;0;845;903;1;1,2,3,5,6,7,8,9,10,11,12,14,17,18,20,21,22,23,25,26,28,29,30,33,34,35,36,37,38,39,
116;0;903;911;1;0,1,2,3,5,6,7,8,9,10,11,12,14,17,18,20,21,22,23,25,26,28,29,30,33,34,35,36,37,38,
Machine: 4
85;0;0;40;1;0,1,2,4,7,9,11,12,13,14,15,16,17,18,19,22,23,25,26,27,28,29,31,32,34,35,36,37,38,39,
105;0;40;92;1;0,2,4,7,11,12,13,14,15,16,17,18,19,21,22,23,24,26,27,28,29,30,31,32,33,34,35,36,38,39,
57;0;92;149;1;0,1,2,3,4,5,6,10,11,12,13,14,15,16,17,19,21,22,23,26,27,28,30,31,32,33,34,35,36,38,
48;0;149;207;1;1,2,3,4,5,6,9,10,11,13,14,15,16,17,19,20,22,23,26,28,29,30,32,33,34,35,36,37,38,39,
188;0;207;240;1;1,2,4,5,6,7,9,10,11,12,13,14,15,16,19,20,22,23,24,25,28,29,30,32,33,34,35,36,38,39,
170;0;240;246;1;2,4,5,6,7,8,9,10,11,12,13,14,15,16,19,20,22,23,24,25,28,29,30,31,32,34,35,36,38,39,
9;0;246;254;1;0,1,2,3,4,5,6,7,8,9,10,11,12,13,14,15,16,18,19,20,22,23,24,27,29,30,31,34,38,39,
104;0;254;257;1;1,2,3,4,5,6,8,9,10,11,12,13,14,15,16,18,20,21,22,24,26,29,31,33,34,35,36,37,38,39,
131;0;257;297;1;0,1,2,3,5,6,8,9,10,11,12,13,14,16,18,20,21,22,23,24,25,26,29,30,33,34,35,36,38,39,
4;0;297;324;1;0,1,2,3,5,7,8,9,10,11,12,13,14,16,17,18,19,20,21,22,23,24,25,26,30,32,34,35,38,39,
119;0;324;347;1;1,2,3,5,7,8,9,10,11,12,13,14,16,17,19,20,22,23,24,25,26,28,29,30,32,33,34,35,38,39,
120;0;347;387;1;1,3,4,5,6,7,8,9,10,11,12,14,16,17,19,20,22,23,24,25,26,27,28,29,30,32,34,35,37,39,
122;0;387;437;1;3,4,5,6,7,8,9,10,11,13,14,16,17,18,19,20,21,23,24,25,26,27,28,29,30,31,35,36,37,39,
181;0;437;455;1;2,3,4,5,6,7,8,9,10,11,13,14,16,17,18,19,20,21,23,24,25,26,27,28,29,30,36,37,38,39,
109;0;455;462;1;0,2,4,5,6,7,8,9,10,11,13,16,17,18,19,20,21,23,24,25,26,27,28,29,30,34,36,37,38,39,
127;0;462;472;1;0,1,2,4,6,7,8,9,10,11,12,13,16,17,18,19,22,23,24,25,26,27,28,29,30,32,33,34,36,37,
33;0;472;474;1;0,1,2,4,6,7,8,9,10,11,12,13,16,17,18,19,22,23,24,26,27,28,29,30,32,33,34,35,36,37,
35;0;474;486;1;1,2,3,4,6,7,8,9,10,11,12,16,17,18,19,22,23,24,26,27,28,29,30,31,32,33,34,35,36,37,
110;0;486;505;1;2,3,4,5,6,7,8,9,11,15,16,17,18,19,20,22,24,26,27,28,29,30,31,32,33,34,35,36,37,39,
177;0;505;522;1;1,2,3,4,5,6,8,11,13,15,16,17,19,20,21,22,23,24,25,26,27,28,29,30,31,32,33,36,37,39,
141;0;522;529;1;0,1,2,3,4,5,6,8,10,11,13,15,16,17,19,20,21,22,23,24,25,26,28,29,30,31,33,36,37,39,
103;0;529;567;1;0,2,3,4,5,6,8,9,10,11,12,13,14,15,16,17,18,19,20,21,22,23,24,25,26,29,31,33,37,39,
136;0;567;575;1;0,2,3,4,5,6,8,9,10,11,12,13,14,15,16,17,19,20,21,22,23,24,25,28,29,31,33,34,36,37,
183;0;575;612;1;0,1,2,3,4,5,6,8,9,10,11,12,13,14,15,16,17,19,20,21,22,23,24,29,31,33,34,35,36,37,
189;0;612;637;1;0,1,2,3,4,5,6,8,10,11,12,13,14,15,16,17,19,20,21,22,23,24,27,29,31,33,34,36,37,39,
175;0;637;693;1;0,1,2,3,4,5,6,7,8,12,14,15,16,17,18,19,20,21,22,23,24,27,29,30,31,33,34,36,37,39,
72;0;693;712;1;0,1,2,3,4,5,6,7,8,12,14,15,16,17,18,19,20,21,22,23,24,27,29,30,31,32,34,37,38,39,
172;0;712;737;1;0,3,5,7,8,9,10,12,14,15,17,18,20,21,22,23,24,25,26,27,28,29,31,32,33,35,36,37,38,39,
95;0;737;770;1;0,3,5,6,8,9,10,12,13,14,15,17,18,19,21,22,23,25,26,27,29,30,31,32,33,35,36,37,38,39,
192;0;770;778;1;0,1,2,3,4,5,6,8,9,12,13,14,15,17,18,19,21,22,23,25,26,29,30,31,33,35,36,37,38,39,
73;0;778;798;1;0,1,3,4,5,6,7,8,11,12,13,14,15,17,18,19,20,22,24,25,26,29,30,31,33,35,36,37,38,39,
138;0;798;836;1;0,1,3,4,5,6,7,8,10,11,12,13,14,15,17,18,19,20,22,24,25,26,30,31,32,33,34,35,38,39,
198;0;836;855;1;0,1,2,3,4,5,6,7,8,10,11,12,13,14,15,17,18,19,22,24,25,26,28,30,31,32,33,34,35,38,
Machine: 5
121;0;0;3;1;2,3,4,6,7,8,9,10,11,13,15,16,19,20,21,22,25,27,28,29,30,31,32,33,34,35,36,37,38,39,
111;0;3;9;1;2,3,4,6,7,8,9,10,11,13,15,16,19,20,21,22,25,27,28,29,30,31,32,33,34,35,36,37,38,39,
83;0;9;11;1;3,4,5,6,7,8,9,10,11,12,13,15,16,17,18,19,20,21,22,25,26,27,28,29,30,31,32,34,35,39,
151;0;11;24;1;0,3,4,5,6,7,8,10,11,12,13,15,16,17,18,19,20,21,22,25,26,27,28,29,30,32,34,35,37,39,
101;0;24;30;1;0,3,4,5,6,7,8,10,11,12,13,14,15,16,17,18,20,21,22,24,25,26,27,28,29,30,32,35,37,39,
10;0;30;77;1;0,3,4,5,6,7,8,10,11,12,13,14,15,16,17,18,20,21,22,23,24,25,26,27,28,29,30,32,37,39,
159;0;77;97;1;0,1,3,4,5,6,8,10,12,13,14,15,16,17,18,20,21,22,23,24,25,26,28,29,30,33,34,37,38,39,
20;0;97;132;1;1,3,4,5,6,8,9,10,12,13,14,15,16,17,18,20,21,22,23,24,25,26,28,29,30,31,33,34,37,38,
12;0;132;143;1;1,3,4,5,6,9,10,12,13,14,16,17,18,19,20,21,22,23,24,25,26,28,29,30,31,33,34,37,38,39,
147;0;143;180;1;1,3,4,5,6,9,10,12,13,14,16,18,19,20,21,22,23,24,25,26,28,29,30,31,33,34,35,37,38,39,
37;0;180;236;1;1,3,4,5,6,7,9,10,12,13,14,15,16,18,19,20,22,23,24,25,26,27,28,29,30,31,33,35,37,39,
63;0;236;263;1;1,3,4,5,6,7,9,10,11,12,13,14,15,16,18,19,20,22,23,24,25,26,27,28,29,30,31,33,35,39,
148;0;263;292;1;1,3,4,5,7,9,10,11,12,13,14,15,16,18,19,20,22,23,24,25,26,27,28,29,30,31,33,34,35,39,
173;0;292;344;1;0,1,4,5,7,8,9,10,11,14,15,16,18,19,20,22,23,24,25,26,27,28,29,30,31,33,34,35,36,39,
168;0;344;398;1;1,4,5,7,8,9,10,11,14,15,16,17,18,19,20,21,22,23,24,25,27,28,29,30,31,33,34,35,36,39,
89;0;398;456;1;1,2,4,5,7,8,9,11,14,15,16,17,18,19,20,21,22,23,24,25,27,28,29,30,31,33,34,35,36,39,
171;0;456;495;1;0,1,2,3,4,5,8,11,12,13,14,15,16,17,18,19,21,22,23,24,25,27,28,29,30,33,34,35,38,39,
87;0;495;543;1;0,1,2,3,4,5,6,8,11,13,14,15,16,17,19,21,22,23,24,25,26,27,28,29,32,33,34,35,38,39,
163;0;543;585;1;0,1,2,3,4,5,6,8,9,11,13,14,15,16,17,19,20,21,22,23,24,25,26,28,29,32,33,34,38,39,
182;0;585;610;1;0,1,3,4,6,7,8,9,10,11,13,14,15,16,17,18,19,21,22,23,24,28,29,31,32,34,36,37,38,39,
155;0;610;643;1;0,1,3,4,6,8,9,10,11,12,13,14,15,16,17,18,19,21,22,23,24,27,28,29,32,34,36,37,38,39,
80;0;643;688;1;0,1,2,4,5,6,8,9,10,11,12,13,14,15,16,17,18,19,21,22,23,24,28,29,30,32,34,36,37,38,
184;0;688;721;1;0,1,2,4,5,6,8,9,10,11,12,13,14,15,16,17,18,19,23,25,28,29,30,32,34,35,36,37,38,39,
169;0;721;731;1;0,1,2,4,5,6,8,9,10,12,13,14,15,16,17,18,19,21,22,23,24,25,27,28,29,30,34,36,38,39,
61;0;731;789;1;0,1,2,4,5,6,8,9,10,12,13,14,15,16,17,18,19,20,21,22,23,24,25,27,28,29,30,31,34,36,
190;0;789;843;1;0,1,2,4,5,6,8,9,10,12,14,15,16,17,18,19,20,21,22,23,24,25,27,29,30,31,33,34,36,37,
187;0;843;890;1;0,1,2,4,5,6,7,9,10,12,14,15,16,17,18,19,20,21,23,24,25,27,28,29,31,32,33,34,36,38,
191;0;890;925;1;0,1,2,3,4,5,6,10,12,13,14,15,16,17,18,19,20,21,23,24,25,26,29,31,32,33,34,35,36,38,
60;0;925;951;1;0,1,3,4,6,8,10,11,12,13,14,15,16,17,18,19,20,21,23,24,25,26,27,30,31,33,34,36,38,39,
161;0;951;952;1;0,1,3,4,6,8,11,12,13,14,15,16,17,18,19,20,22,23,24,25,26,27,28,30,31,33,36,37,38,39,
157;0;952;986;1;0,1,2,3,6,8,11,12,13,14,15,16,17,18,19,20,22,24,25,27,28,29,30,31,33,34,35,37,38,39,
118;0;986;998;1;0,1,3,5,6,7,8,9,11,13,14,15,16,18,19,20,21,22,24,25,27,28,29,31,33,34,35,36,38,39,
113;0;998;1049;1;0,1,3,5,6,7,8,9,10,12,13,15,16,17,18,22,25,26,27,28,29,30,31,33,34,35,36,37,38,39,
END
fineshedJobsCount: 200
switchs: 600
switchsInstances: 190
unfineshedPriorityCount: 0
totalUnfineshed: 0
criticalMachineSwitchs: 93
criticalMachineTime: 1049
Final Solution: -600
Time: 18920
