input/BeezaoRaw/IPMTC-II/instanceLarge952_m=6_n=200_l=40_c=30_s=0.PMTC;
7635;7635;1440
Machine: 0
14;0;0;22;1;0,1,2,3,4,7,10,11,12,13,14,15,16,17,18,19,20,22,23,24,25,27,28,29,30,33,34,37,38,39,
17;0;22;28;1;0,1,2,3,4,7,10,11,12,13,14,15,16,17,18,19,20,21,23,24,28,29,30,32,33,34,36,37,38,39,
1;0;28;63;1;0,1,2,3,4,7,8,10,11,12,13,14,15,16,17,18,19,20,21,23,24,26,28,30,34,35,36,37,38,39,
2;0;63;81;1;0,1,2,3,4,6,7,8,10,11,12,13,14,15,16,17,18,19,20,21,23,24,26,28,30,34,35,37,38,39,
19;0;81;93;1;0,1,2,3,4,6,7,8,10,11,12,13,15,16,17,18,19,21,22,23,24,26,28,29,30,31,33,34,35,38,
106;0;93;100;1;0,1,2,3,4,6,7,8,10,11,12,13,15,16,17,18,19,21,22,23,24,26,28,30,31,32,33,34,35,38,
5;0;100;149;1;0,1,2,3,6,7,8,9,11,12,13,16,17,18,19,21,22,23,24,25,26,27,28,30,31,32,33,34,35,38,
31;0;149;154;1;0,1,2,3,6,7,9,11,12,13,14,16,17,18,19,21,22,23,24,25,26,28,29,30,31,33,34,35,38,39,
22;0;154;183;1;0,1,2,3,4,6,7,11,12,13,14,15,18,19,20,21,22,23,24,25,26,28,29,30,31,32,33,35,38,39,
144;0;183;188;1;0,1,3,4,5,6,7,8,11,12,13,14,15,18,19,20,21,22,23,24,26,28,29,30,31,32,33,35,37,39,
149;0;188;198;1;0,1,3,4,5,6,7,8,9,10,12,13,14,15,16,18,19,20,21,26,27,29,30,32,33,34,35,36,37,39,
6;0;198;221;1;0,1,3,4,5,6,7,8,9,10,12,13,14,15,16,18,19,20,21,26,27,29,30,32,33,34,35,36,37,39,
178;0;221;266;1;0,1,2,3,4,5,6,7,8,10,11,12,14,15,16,17,18,19,20,21,22,23,24,26,27,29,30,32,37,39,
97;0;266;297;1;0,1,2,3,4,5,7,8,10,11,12,14,15,16,17,18,19,21,22,23,24,26,27,30,31,32,36,37,38,39,
8;0;297;349;1;0,1,2,3,4,5,7,8,9,10,11,12,15,16,17,19,21,22,23,25,26,27,28,31,32,34,36,37,38,39,
70;0;349;388;1;0,1,3,4,5,7,8,9,10,11,12,15,17,18,19,22,23,24,25,26,27,28,31,32,33,35,36,37,38,39,
41;0;388;447;1;0,1,3,4,5,6,7,8,10,11,12,14,17,18,19,20,22,23,25,27,28,30,31,32,33,35,36,37,38,39,
143;0;447;480;1;0,1,3,4,5,6,7,8,10,11,12,13,17,18,19,20,23,24,25,27,28,30,31,32,33,35,36,37,38,39,
79;0;480;492;1;0,1,2,4,5,6,7,8,10,11,12,13,17,18,19,20,21,23,24,27,28,29,30,31,32,35,36,37,38,39,
11;0;492;501;1;2,4,5,6,7,8,10,12,13,15,18,19,20,21,22,23,24,26,27,28,29,30,31,32,34,35,36,37,38,39,
142;0;501;559;1;1,2,4,5,6,7,9,10,11,12,13,16,18,19,20,22,23,24,25,26,27,28,29,31,34,35,36,37,38,39,
174;0;559;584;1;1,2,4,5,6,7,9,10,11,12,13,14,16,18,19,20,23,24,25,26,27,28,30,31,32,34,35,36,37,38,
13;0;584;590;1;2,4,5,6,9,10,11,12,13,14,15,16,18,19,20,21,23,24,25,26,27,28,30,31,32,33,34,35,37,38,
166;0;590;619;1;2,4,5,6,8,9,10,11,12,13,15,16,17,18,19,20,21,23,25,27,28,29,30,31,32,33,34,36,37,38,
185;0;619;671;1;0,1,2,3,4,5,6,7,8,9,10,12,13,15,16,18,19,20,21,23,25,27,28,29,32,33,34,36,38,39,
3;0;671;701;1;2,3,4,5,6,7,8,9,10,12,13,14,15,16,19,20,21,22,23,24,25,26,27,28,29,32,33,34,36,39,
18;0;701;745;1;2,3,5,6,7,8,9,10,12,13,14,15,16,17,19,20,22,23,24,25,26,27,29,30,31,32,33,34,36,39,
25;0;745;799;1;2,3,5,6,7,8,9,10,12,13,15,16,17,19,20,22,23,24,25,26,27,29,30,31,32,33,34,36,37,39,
64;0;799;822;1;2,3,5,6,7,8,10,12,13,15,16,17,19,20,22,23,24,25,26,27,28,29,30,31,32,33,34,36,37,39,
58;0;822;867;1;1,2,3,4,5,6,7,8,10,13,15,16,19,20,21,22,23,24,25,26,27,28,30,32,33,34,36,37,38,39,
21;0;867;925;1;0,1,2,3,4,5,7,8,9,12,13,15,18,19,20,21,22,23,25,28,30,31,32,33,34,35,36,37,38,39,
164;0;925;967;1;1,3,4,5,7,8,9,10,12,13,14,15,18,19,20,21,22,23,25,26,28,30,31,32,33,34,35,36,37,39,
186;0;967;979;1;1,3,4,5,7,8,9,10,11,12,14,15,16,18,19,20,21,22,23,25,26,28,29,30,31,32,33,34,36,37,
139;0;979;1015;1;0,1,2,3,4,5,7,8,9,10,11,12,14,15,16,18,19,20,21,23,25,26,28,29,30,32,33,34,36,37,
Machine: 1
0;0;0;57;1;0,1,2,3,4,5,6,8,9,10,12,13,14,15,16,18,19,20,22,25,26,27,29,30,31,32,35,36,38,39,
55;0;57;108;1;0,1,2,3,4,5,6,8,9,10,12,13,14,15,16,17,18,19,20,21,22,25,26,27,31,32,33,35,36,38,
24;0;108;140;1;0,1,2,3,4,6,8,9,10,12,13,15,16,17,19,20,21,22,24,25,26,27,28,31,32,33,35,36,37,38,
124;0;140;174;1;0,1,3,4,6,8,9,11,12,13,15,16,17,19,20,21,23,24,25,26,27,28,31,32,33,35,36,37,38,39,
32;0;174;196;1;0,1,3,4,6,7,8,9,11,12,13,14,15,16,19,20,21,23,24,25,26,28,29,31,33,34,35,37,38,39,
197;0;196;209;1;0,1,2,3,4,5,6,7,8,9,11,12,13,14,15,16,19,23,24,25,26,28,29,31,33,34,35,37,38,39,
102;0;209;240;1;0,1,2,3,4,5,6,7,8,9,11,12,13,14,15,16,19,23,24,25,26,28,29,30,31,33,34,35,38,39,
150;0;240;259;1;0,1,2,3,4,5,6,7,8,9,11,12,13,14,15,16,19,21,24,25,26,28,29,30,31,33,35,36,38,39,
26;0;259;289;1;0,1,2,3,4,5,6,7,8,9,10,11,12,14,15,16,17,19,21,24,26,28,30,31,32,33,35,36,38,39,
54;0;289;337;1;0,1,2,3,4,6,7,8,9,10,11,12,14,15,16,17,19,20,21,26,27,28,30,31,32,33,35,36,38,39,
76;0;337;341;1;0,1,3,4,7,8,9,10,11,12,13,14,15,16,17,19,20,21,22,24,25,26,27,30,31,32,33,34,35,38,
27;0;341;379;1;0,3,4,5,7,8,9,10,11,12,13,14,15,17,18,21,22,23,24,25,26,27,29,30,31,32,33,34,35,38,
30;0;379;435;1;0,3,4,5,6,8,9,10,11,12,13,14,15,17,18,21,22,23,24,25,26,29,30,31,32,33,34,35,36,38,
29;0;435;468;1;2,3,4,6,8,9,10,11,12,13,14,15,17,18,21,22,23,24,26,27,28,29,30,32,33,34,35,36,38,39,
117;0;468;489;1;2,3,6,8,9,10,11,12,13,14,15,17,18,21,22,23,24,26,27,28,29,30,32,33,34,35,36,37,38,39,
123;0;489;504;1;1,2,3,6,8,11,12,13,16,17,19,20,21,22,23,24,25,26,28,29,30,31,32,33,34,35,36,37,38,39,
65;0;504;546;1;1,2,5,6,7,8,11,12,13,16,17,19,20,21,22,23,24,25,26,28,29,30,31,32,33,34,35,36,38,39,
34;0;546;591;1;1,2,5,6,7,8,11,12,13,16,17,19,20,21,22,23,24,25,26,28,29,30,31,32,33,34,35,36,38,39,
91;0;591;614;1;1,2,5,6,7,8,11,12,13,14,16,17,19,20,21,22,23,24,25,26,28,29,30,31,32,33,34,35,36,38,
15;0;614;661;1;0,1,2,6,7,8,10,11,12,13,14,16,17,20,21,22,23,24,25,26,27,28,29,31,32,33,34,35,36,38,
146;0;661;710;1;0,1,2,3,4,6,7,8,9,10,11,12,13,14,17,20,21,22,23,24,26,27,28,29,31,32,33,34,35,36,
36;0;710;766;1;0,1,2,3,4,5,7,8,9,10,12,13,15,17,18,19,20,21,22,23,24,26,27,28,29,30,32,33,35,37,
134;0;766;779;1;0,1,2,3,4,5,7,8,9,10,12,13,14,15,19,20,22,23,24,26,27,28,29,30,31,33,35,36,37,39,
199;0;779;794;1;0,1,2,3,4,5,6,8,9,10,12,13,14,15,19,20,23,24,25,26,27,28,29,30,31,32,33,36,37,39,
132;0;794;825;1;0,1,2,3,4,5,6,8,9,10,11,15,16,17,18,19,20,23,24,25,26,27,28,29,30,31,32,36,37,39,
153;0;825;846;1;0,1,2,4,5,6,8,9,10,11,15,17,18,19,20,21,23,24,25,26,27,28,29,30,31,32,34,36,37,39,
40;0;846;896;1;1,2,4,5,6,8,9,10,11,13,14,17,18,19,21,23,24,25,26,27,28,29,30,31,32,33,34,36,37,38,
42;0;896;939;1;0,1,2,4,5,6,7,8,9,10,11,12,13,16,17,18,19,21,23,24,26,27,28,29,30,31,32,33,34,38,
140;0;939;973;1;0,1,2,3,4,5,6,7,8,9,10,11,12,13,16,17,18,19,21,23,24,26,27,28,29,30,31,32,33,34,
51;0;973;1019;1;0,1,2,3,5,6,7,8,9,10,11,12,13,14,15,16,19,21,22,23,27,28,30,31,32,33,34,36,37,39,
43;0;1019;1039;1;0,1,2,3,5,6,7,8,9,10,11,13,14,15,16,21,22,23,25,27,28,30,31,32,33,34,35,36,37,39,
154;0;1039;1097;1;1,2,3,5,6,7,8,9,11,13,14,15,16,18,21,23,24,25,27,28,29,30,31,32,33,34,35,36,37,39,
71;0;1097;1099;1;1,2,3,5,7,8,9,11,13,14,15,16,17,18,20,21,23,24,26,27,29,30,31,32,33,34,36,37,38,39,
44;0;1099;1121;1;1,2,3,5,7,8,9,11,13,14,15,16,17,18,20,21,23,24,26,27,29,30,31,32,33,34,36,37,38,39,
Machine: 2
47;0;0;23;1;0,1,2,3,4,6,7,8,9,11,12,14,16,17,18,20,21,22,25,26,27,29,30,32,33,34,35,37,38,39,
112;0;23;36;1;1,2,3,4,6,7,9,10,11,12,13,14,16,18,21,22,25,26,27,28,29,30,31,32,33,34,35,37,38,39,
126;0;36;67;1;0,1,2,4,5,6,7,8,9,10,11,12,13,14,18,21,22,24,25,26,27,28,29,30,32,33,34,35,37,38,
100;0;67;108;1;0,1,2,4,5,6,7,8,10,11,12,13,15,18,19,21,22,24,25,26,27,28,29,30,32,33,34,35,37,38,
135;0;108;128;1;0,1,2,5,7,10,11,12,13,15,17,18,20,21,22,23,24,25,26,27,28,29,30,32,33,34,35,37,38,39,
49;0;128;144;1;0,1,2,5,7,10,11,13,14,15,16,17,18,20,21,22,23,24,26,27,28,29,32,33,34,35,36,37,38,39,
50;0;144;154;1;1,2,3,4,5,7,9,10,11,12,13,14,15,16,18,19,20,21,23,25,27,28,29,30,32,33,34,37,38,39,
93;0;154;209;1;1,2,3,4,5,7,8,9,11,12,13,14,15,16,17,18,19,20,21,22,28,29,30,32,33,34,35,37,38,39,
158;0;209;256;1;1,2,3,4,5,6,7,8,9,11,13,14,15,16,17,18,19,20,22,28,29,30,31,32,33,34,35,37,38,39,
52;0;256;286;1;1,2,4,5,6,7,8,9,11,13,14,15,16,17,19,20,22,26,27,28,29,30,31,32,33,34,35,37,38,39,
53;0;286;300;1;0,2,4,6,7,8,9,10,11,13,14,15,16,17,19,20,22,24,26,27,28,29,30,32,33,34,35,37,38,39,
39;0;300;306;1;0,2,4,6,7,8,9,10,11,13,14,15,16,17,19,20,22,23,24,28,29,30,32,33,34,35,36,37,38,39,
56;0;306;315;1;0,1,2,4,5,6,7,9,10,11,13,14,15,17,18,19,20,23,24,28,29,30,32,33,34,35,36,37,38,39,
59;0;315;369;1;0,1,2,4,5,6,7,9,10,11,13,15,17,19,20,21,23,24,25,28,29,31,32,33,34,35,36,37,38,39,
77;0;369;426;1;0,1,2,3,6,7,9,10,11,12,13,15,16,17,20,22,24,25,27,28,29,30,31,32,33,34,35,36,38,39,
84;0;426;466;1;0,1,2,3,4,6,7,8,10,11,13,15,16,17,19,20,22,23,26,27,28,29,30,31,32,33,34,35,36,38,
128;0;466;505;1;0,2,3,4,6,7,8,9,10,11,13,16,17,19,20,22,23,24,25,26,27,28,31,32,33,34,35,36,37,39,
74;0;505;550;1;0,2,3,4,5,6,7,9,10,12,13,15,16,17,20,21,22,23,24,25,26,27,28,29,30,31,34,35,36,39,
66;0;550;566;1;0,1,2,3,4,5,6,7,9,10,12,13,14,16,17,20,22,23,24,25,26,27,28,29,30,31,34,35,36,39,
156;0;566;610;1;0,1,2,3,4,6,7,9,10,12,13,14,16,17,20,22,23,24,25,26,27,28,29,30,31,34,35,36,37,39,
68;0;610;635;1;0,1,3,4,6,7,8,9,10,11,12,13,14,16,17,18,19,20,24,25,26,27,28,29,30,31,34,35,36,37,
165;0;635;661;1;0,1,3,4,6,7,8,9,10,11,12,13,14,16,17,18,19,24,25,26,27,28,30,31,32,33,34,36,37,38,
94;0;661;713;1;0,1,3,4,6,7,8,9,10,11,12,13,14,16,17,18,19,21,22,24,25,27,28,30,31,32,33,36,38,39,
125;0;713;756;1;0,1,2,3,5,6,7,8,9,10,11,12,14,16,17,18,19,20,21,22,24,25,26,27,28,30,33,34,36,39,
69;0;756;793;1;0,1,2,3,5,6,7,9,10,11,12,14,15,16,17,18,19,20,21,22,23,24,26,27,28,32,33,34,36,39,
195;0;793;832;1;0,1,3,6,7,9,10,12,14,15,16,17,18,19,20,21,22,23,24,26,27,28,29,32,33,34,36,37,38,39,
16;0;832;860;1;0,1,3,6,7,9,10,12,14,15,16,17,18,19,20,21,23,24,25,26,27,28,32,33,34,35,36,37,38,39,
46;0;860;904;1;0,1,2,3,6,7,8,9,10,12,13,16,17,18,19,21,23,24,25,26,27,28,31,32,33,34,35,36,38,39,
82;0;904;918;1;0,1,2,3,4,6,7,8,9,12,13,16,17,18,19,21,22,23,24,25,27,28,31,32,33,34,35,36,38,39,
98;0;918;955;1;0,1,2,3,4,6,7,8,9,12,13,14,16,18,19,21,22,23,24,27,28,30,31,32,33,34,35,36,38,39,
194;0;955;1012;1;0,1,2,3,4,5,6,7,8,9,12,13,14,16,18,19,21,22,24,27,28,29,30,31,32,34,35,36,37,38,
129;0;1012;1060;1;0,1,2,3,4,5,6,7,8,9,12,13,14,16,18,19,21,22,24,25,27,28,29,30,31,34,35,36,37,38,
107;0;1060;1100;1;0,1,4,5,6,7,8,9,12,13,14,15,16,18,19,20,21,24,25,26,28,30,31,33,34,35,36,37,38,39,
Machine: 3
114;0;0;15;1;0,1,3,5,6,7,8,9,10,11,12,13,14,15,16,18,19,20,22,23,24,26,27,30,33,34,35,37,38,39,
45;0;15;34;1;1,3,5,6,7,8,9,10,11,12,13,14,15,16,18,20,22,23,24,26,27,28,30,31,32,34,35,37,38,39,
133;0;34;48;1;3,4,5,6,7,8,11,12,13,14,15,16,17,18,20,22,23,24,25,26,27,28,29,30,31,32,34,35,37,38,
176;0;48;79;1;3,4,5,6,8,11,12,13,14,15,16,17,18,20,21,22,23,24,25,26,27,28,29,30,31,32,34,35,37,38,
7;0;79;96;1;2,3,4,5,8,11,12,14,15,16,17,18,20,22,23,24,25,26,27,28,29,30,31,32,33,34,35,36,37,38,
145;0;96;121;1;0,2,3,4,5,8,12,14,15,16,17,18,20,22,23,25,26,27,28,29,30,31,32,33,34,35,36,37,38,39,
162;0;121;146;1;0,2,4,5,6,7,8,12,13,14,15,17,18,20,22,23,25,26,27,28,29,30,31,32,33,34,35,36,37,38,
99;0;146;183;1;0,2,4,5,6,7,11,12,13,14,15,17,18,20,21,22,23,26,27,28,29,30,31,32,33,34,35,36,37,38,
179;0;183;204;1;0,2,3,4,5,6,7,11,13,14,15,17,18,20,21,22,23,26,27,28,29,30,31,32,33,34,35,36,37,38,
86;0;204;252;1;2,3,5,6,7,8,11,13,14,15,17,18,20,21,22,23,25,26,27,28,30,31,32,33,34,35,36,37,38,39,
108;0;252;305;1;3,5,6,7,8,10,11,13,14,15,17,18,19,20,21,22,23,25,26,27,28,30,31,32,34,35,36,37,38,39,
75;0;305;353;1;3,5,6,7,8,9,10,11,13,14,15,18,19,20,21,22,23,25,26,27,28,30,31,32,34,35,36,37,38,39,
130;0;353;407;1;1,3,5,6,7,9,10,11,13,14,15,18,19,20,21,22,23,25,26,27,28,29,30,31,32,34,35,36,37,38,
78;0;407;414;1;0,1,2,3,7,9,10,11,13,14,15,16,18,19,21,22,23,24,26,27,29,30,31,32,34,35,36,37,38,39,
160;0;414;453;1;0,1,2,3,4,7,9,10,11,12,13,14,16,17,18,19,21,22,23,24,27,29,30,31,32,34,35,36,38,39,
88;0;453;458;1;0,1,2,3,4,5,7,9,10,11,13,14,16,17,18,19,21,22,23,24,27,29,30,31,32,34,35,36,38,39,
67;0;458;517;1;0,1,2,3,4,5,7,8,9,10,13,14,15,18,19,21,22,23,24,25,27,29,31,32,34,35,36,37,38,39,
38;0;517;522;1;0,1,2,3,4,5,7,8,10,13,14,15,18,19,21,22,23,24,25,26,27,29,31,32,34,35,36,37,38,39,
62;0;522;577;1;1,2,3,4,5,7,8,10,12,13,14,15,18,19,21,22,24,25,26,27,28,29,31,32,34,35,36,37,38,39,
167;0;577;630;1;1,2,3,4,5,7,8,10,11,12,13,14,16,18,19,21,22,25,26,27,28,29,31,32,34,35,36,37,38,39,
90;0;630;675;1;0,1,2,3,4,5,7,8,10,11,12,13,14,16,18,19,21,22,25,26,28,29,31,32,33,34,35,36,37,38,
115;0;675;728;1;0,1,2,3,4,5,7,8,9,10,11,12,14,16,17,18,19,20,22,23,25,29,31,32,33,34,35,36,37,38,
23;0;728;774;1;0,1,2,3,4,5,7,8,9,10,11,12,14,15,16,17,18,19,20,23,24,25,26,29,31,32,35,37,38,39,
92;0;774;802;1;0,1,2,3,4,5,6,7,8,9,10,12,14,15,16,17,18,19,20,23,24,25,26,27,29,32,35,37,38,39,
152;0;802;827;1;0,1,2,3,4,6,7,8,9,10,12,14,15,16,17,18,19,20,21,23,24,25,26,27,29,32,34,35,37,38,
28;0;827;864;1;0,1,2,3,4,6,7,8,9,10,12,13,14,15,16,18,19,20,21,23,24,25,26,27,29,32,34,35,37,38,
180;0;864;903;1;0,1,2,3,4,6,7,8,9,10,12,13,14,15,16,18,20,21,22,23,24,25,26,27,28,29,34,37,38,39,
196;0;903;944;1;0,2,3,5,6,8,9,10,11,12,13,14,15,16,17,18,20,21,22,23,25,27,28,29,31,34,35,37,38,39,
137;0;944;960;1;1,2,3,5,6,8,9,10,11,12,13,14,15,17,18,20,21,23,25,27,28,29,30,31,33,34,35,37,38,39,
193;0;960;973;1;1,2,3,5,6,7,8,9,10,11,12,14,15,17,18,19,20,21,23,26,27,28,29,30,31,33,35,37,38,39,
96;0;973;979;1;1,2,3,4,5,6,7,8,9,10,11,12,14,15,17,18,20,21,22,23,26,27,28,29,30,33,35,37,38,39,
81;0;979;1027;1;1,2,3,5,6,7,8,9,10,11,12,14,17,18,20,21,22,23,25,26,28,29,30,33,34,35,36,37,38,39,
116;0;1027;1062;1;0,1,2,3,5,6,7,8,9,10,11,12,14,17,18,20,21,22,23,25,26,28,29,30,33,34,35,36,37,38,
Machine: 4
85;0;0;27;1;0,1,2,4,7,9,11,12,13,14,15,16,17,18,19,22,23,25,26,27,28,29,31,32,34,35,36,37,38,39,
105;0;27;69;1;0,2,4,7,11,12,13,14,15,16,17,18,19,21,22,23,24,26,27,28,29,30,31,32,33,34,35,36,38,39,
57;0;69;89;1;0,1,2,3,4,5,6,10,11,12,13,14,15,16,17,19,21,22,23,26,27,28,30,31,32,33,34,35,36,38,
48;0;89;135;1;1,2,3,4,5,6,9,10,11,13,14,15,16,17,19,20,22,23,26,28,29,30,32,33,34,35,36,37,38,39,
188;0;135;152;1;1,2,4,5,6,7,9,10,11,12,13,14,15,16,19,20,22,23,24,25,28,29,30,32,33,34,35,36,38,39,
170;0;152;202;1;2,4,5,6,7,8,9,10,11,12,13,14,15,16,19,20,22,23,24,25,28,29,30,31,32,34,35,36,38,39,
9;0;202;248;1;0,1,2,3,4,5,6,7,8,9,10,11,12,13,14,15,16,18,19,20,22,23,24,27,29,30,31,34,38,39,
104;0;248;274;1;1,2,3,4,5,6,8,9,10,11,12,13,14,15,16,18,20,21,22,24,26,29,31,33,34,35,36,37,38,39,
131;0;274;311;1;0,1,2,3,5,6,8,9,10,11,12,13,14,16,18,20,21,22,23,24,25,26,29,30,33,34,35,36,38,39,
4;0;311;357;1;0,1,2,3,5,7,8,9,10,11,12,13,14,16,17,18,19,20,21,22,23,24,25,26,30,32,34,35,38,39,
119;0;357;401;1;1,2,3,5,7,8,9,10,11,12,13,14,16,17,19,20,22,23,24,25,26,28,29,30,32,33,34,35,38,39,
120;0;401;453;1;1,3,4,5,6,7,8,9,10,11,12,14,16,17,19,20,22,23,24,25,26,27,28,29,30,32,34,35,37,39,
122;0;453;505;1;3,4,5,6,7,8,9,10,11,13,14,16,17,18,19,20,21,23,24,25,26,27,28,29,30,31,35,36,37,39,
181;0;505;531;1;2,3,4,5,6,7,8,9,10,11,13,14,16,17,18,19,20,21,23,24,25,26,27,28,29,30,36,37,38,39,
109;0;531;566;1;0,2,4,5,6,7,8,9,10,11,13,16,17,18,19,20,21,23,24,25,26,27,28,29,30,34,36,37,38,39,
127;0;566;599;1;0,1,2,4,6,7,8,9,10,11,12,13,16,17,18,19,22,23,24,25,26,27,28,29,30,32,33,34,36,37,
33;0;599;616;1;0,1,2,4,6,7,8,9,10,11,12,13,16,17,18,19,22,23,24,26,27,28,29,30,32,33,34,35,36,37,
35;0;616;650;1;1,2,3,4,6,7,8,9,10,11,12,16,17,18,19,22,23,24,26,27,28,29,30,31,32,33,34,35,36,37,
110;0;650;651;1;2,3,4,5,6,7,8,9,11,15,16,17,18,19,20,22,24,26,27,28,29,30,31,32,33,34,35,36,37,39,
177;0;651;697;1;1,2,3,4,5,6,8,11,13,15,16,17,19,20,21,22,23,24,25,26,27,28,29,30,31,32,33,36,37,39,
141;0;697;713;1;0,1,2,3,4,5,6,8,10,11,13,15,16,17,19,20,21,22,23,24,25,26,28,29,30,31,33,36,37,39,
103;0;713;726;1;0,2,3,4,5,6,8,9,10,11,12,13,14,15,16,17,18,19,20,21,22,23,24,25,26,29,31,33,37,39,
136;0;726;747;1;0,2,3,4,5,6,8,9,10,11,12,13,14,15,16,17,19,20,21,22,23,24,25,28,29,31,33,34,36,37,
183;0;747;798;1;0,1,2,3,4,5,6,8,9,10,11,12,13,14,15,16,17,19,20,21,22,23,24,29,31,33,34,35,36,37,
189;0;798;818;1;0,1,2,3,4,5,6,8,10,11,12,13,14,15,16,17,19,20,21,22,23,24,27,29,31,33,34,36,37,39,
175;0;818;876;1;0,1,2,3,4,5,6,7,8,12,14,15,16,17,18,19,20,21,22,23,24,27,29,30,31,33,34,36,37,39,
72;0;876;922;1;0,1,2,3,4,5,6,7,8,12,14,15,16,17,18,19,20,21,22,23,24,27,29,30,31,32,34,37,38,39,
172;0;922;981;1;0,3,5,7,8,9,10,12,14,15,17,18,20,21,22,23,24,25,26,27,28,29,31,32,33,35,36,37,38,39,
95;0;981;993;1;0,3,5,6,8,9,10,12,13,14,15,17,18,19,21,22,23,25,26,27,29,30,31,32,33,35,36,37,38,39,
192;0;993;1045;1;0,1,2,3,4,5,6,8,9,12,13,14,15,17,18,19,21,22,23,25,26,29,30,31,33,35,36,37,38,39,
73;0;1045;1065;1;0,1,3,4,5,6,7,8,11,12,13,14,15,17,18,19,20,22,24,25,26,29,30,31,33,35,36,37,38,39,
138;0;1065;1067;1;0,1,3,4,5,6,7,8,10,11,12,13,14,15,17,18,19,20,22,24,25,26,30,31,32,33,34,35,38,39,
198;0;1067;1100;1;0,1,2,3,4,5,6,7,8,10,11,12,13,14,15,17,18,19,22,24,25,26,28,30,31,32,33,34,35,38,
Machine: 5
121;0;0;45;1;2,3,4,6,7,8,9,10,11,13,15,16,19,20,21,22,25,27,28,29,30,31,32,33,34,35,36,37,38,39,
111;0;45;97;1;2,3,4,6,7,8,9,10,11,13,15,16,19,20,21,22,25,27,28,29,30,31,32,33,34,35,36,37,38,39,
83;0;97;145;1;3,4,5,6,7,8,9,10,11,12,13,15,16,17,18,19,20,21,22,25,26,27,28,29,30,31,32,34,35,39,
151;0;145;164;1;0,3,4,5,6,7,8,10,11,12,13,15,16,17,18,19,20,21,22,25,26,27,28,29,30,32,34,35,37,39,
101;0;164;219;1;0,3,4,5,6,7,8,10,11,12,13,14,15,16,17,18,20,21,22,24,25,26,27,28,29,30,32,35,37,39,
10;0;219;247;1;0,3,4,5,6,7,8,10,11,12,13,14,15,16,17,18,20,21,22,23,24,25,26,27,28,29,30,32,37,39,
159;0;247;281;1;0,1,3,4,5,6,8,10,12,13,14,15,16,17,18,20,21,22,23,24,25,26,28,29,30,33,34,37,38,39,
20;0;281;340;1;1,3,4,5,6,8,9,10,12,13,14,15,16,17,18,20,21,22,23,24,25,26,28,29,30,31,33,34,37,38,
12;0;340;359;1;1,3,4,5,6,9,10,12,13,14,16,17,18,19,20,21,22,23,24,25,26,28,29,30,31,33,34,37,38,39,
147;0;359;400;1;1,3,4,5,6,9,10,12,13,14,16,18,19,20,21,22,23,24,25,26,28,29,30,31,33,34,35,37,38,39,
37;0;400;449;1;1,3,4,5,6,7,9,10,12,13,14,15,16,18,19,20,22,23,24,25,26,27,28,29,30,31,33,35,37,39,
63;0;449;462;1;1,3,4,5,6,7,9,10,11,12,13,14,15,16,18,19,20,22,23,24,25,26,27,28,29,30,31,33,35,39,
148;0;462;497;1;1,3,4,5,7,9,10,11,12,13,14,15,16,18,19,20,22,23,24,25,26,27,28,29,30,31,33,34,35,39,
173;0;497;516;1;0,1,4,5,7,8,9,10,11,14,15,16,18,19,20,22,23,24,25,26,27,28,29,30,31,33,34,35,36,39,
168;0;516;519;1;1,4,5,7,8,9,10,11,14,15,16,17,18,19,20,21,22,23,24,25,27,28,29,30,31,33,34,35,36,39,
89;0;519;543;1;1,2,4,5,7,8,9,11,14,15,16,17,18,19,20,21,22,23,24,25,27,28,29,30,31,33,34,35,36,39,
171;0;543;551;1;0,1,2,3,4,5,8,11,12,13,14,15,16,17,18,19,21,22,23,24,25,27,28,29,30,33,34,35,38,39,
87;0;551;572;1;0,1,2,3,4,5,6,8,11,13,14,15,16,17,19,21,22,23,24,25,26,27,28,29,32,33,34,35,38,39,
163;0;572;574;1;0,1,2,3,4,5,6,8,9,11,13,14,15,16,17,19,20,21,22,23,24,25,26,28,29,32,33,34,38,39,
182;0;574;608;1;0,1,3,4,6,7,8,9,10,11,13,14,15,16,17,18,19,21,22,23,24,28,29,31,32,34,36,37,38,39,
155;0;608;663;1;0,1,3,4,6,8,9,10,11,12,13,14,15,16,17,18,19,21,22,23,24,27,28,29,32,34,36,37,38,39,
80;0;663;711;1;0,1,2,4,5,6,8,9,10,11,12,13,14,15,16,17,18,19,21,22,23,24,28,29,30,32,34,36,37,38,
184;0;711;751;1;0,1,2,4,5,6,8,9,10,11,12,13,14,15,16,17,18,19,23,25,28,29,30,32,34,35,36,37,38,39,
169;0;751;789;1;0,1,2,4,5,6,8,9,10,12,13,14,15,16,17,18,19,21,22,23,24,25,27,28,29,30,34,36,38,39,
61;0;789;819;1;0,1,2,4,5,6,8,9,10,12,13,14,15,16,17,18,19,20,21,22,23,24,25,27,28,29,30,31,34,36,
190;0;819;822;1;0,1,2,4,5,6,8,9,10,12,14,15,16,17,18,19,20,21,22,23,24,25,27,29,30,31,33,34,36,37,
187;0;822;839;1;0,1,2,4,5,6,7,9,10,12,14,15,16,17,18,19,20,21,23,24,25,27,28,29,31,32,33,34,36,38,
191;0;839;890;1;0,1,2,3,4,5,6,10,12,13,14,15,16,17,18,19,20,21,23,24,25,26,29,31,32,33,34,35,36,38,
60;0;890;899;1;0,1,3,4,6,8,10,11,12,13,14,15,16,17,18,19,20,21,23,24,25,26,27,30,31,33,34,36,38,39,
161;0;899;907;1;0,1,3,4,6,8,11,12,13,14,15,16,17,18,19,20,22,23,24,25,26,27,28,30,31,33,36,37,38,39,
157;0;907;954;1;0,1,2,3,6,8,11,12,13,14,15,16,17,18,19,20,22,24,25,27,28,29,30,31,33,34,35,37,38,39,
118;0;954;959;1;0,1,3,5,6,7,8,9,11,13,14,15,16,18,19,20,21,22,24,25,27,28,29,31,33,34,35,36,38,39,
113;0;959;1018;1;0,1,3,5,6,7,8,9,10,12,13,15,16,17,18,22,25,26,27,28,29,30,31,33,34,35,36,37,38,39,
END
fineshedJobsCount: 200
switchs: 600
switchsInstances: 190
unfineshedPriorityCount: 0
totalUnfineshed: 0
criticalMachineSwitchs: 97
criticalMachineTime: 1121
Final Solution: -600
Time: 18764
