input/BeezaoRaw/IPMTC-II/instanceLarge960_m=6_n=200_l=40_c=30_s=2.PMTC;
2200;2200;1440
Machine: 0
14;0;0;48;1;0,1,2,3,4,7,10,11,12,13,14,15,16,17,18,19,20,22,23,24,25,27,28,29,30,33,34,37,38,39,
17;0;48;57;1;0,1,2,3,4,7,10,11,12,13,14,15,16,17,18,19,20,21,23,24,28,29,30,32,33,34,36,37,38,39,
1;0;57;71;1;0,1,2,3,4,7,8,10,11,12,13,14,15,16,17,18,19,20,21,23,24,26,28,30,34,35,36,37,38,39,
2;0;71;72;1;0,1,2,3,4,6,7,8,10,11,12,13,14,15,16,17,18,19,20,21,23,24,26,28,30,34,35,37,38,39,
19;0;72;101;1;0,1,2,3,4,6,7,8,10,11,12,13,15,16,17,18,19,21,22,23,24,26,28,29,30,31,33,34,35,38,
106;0;101;113;1;0,1,2,3,4,6,7,8,10,11,12,13,15,16,17,18,19,21,22,23,24,26,28,30,31,32,33,34,35,38,
5;0;113;157;1;0,1,2,3,6,7,8,9,11,12,13,16,17,18,19,21,22,23,24,25,26,27,28,30,31,32,33,34,35,38,
31;0;157;165;1;0,1,2,3,6,7,9,11,12,13,14,16,17,18,19,21,22,23,24,25,26,28,29,30,31,33,34,35,38,39,
22;0;165;203;1;0,1,2,3,4,6,7,11,12,13,14,15,18,19,20,21,22,23,24,25,26,28,29,30,31,32,33,35,38,39,
144;0;203;236;1;0,1,3,4,5,6,7,8,11,12,13,14,15,18,19,20,21,22,23,24,26,28,29,30,31,32,33,35,37,39,
149;0;236;295;1;0,1,3,4,5,6,7,8,9,10,12,13,14,15,16,18,19,20,21,26,27,29,30,32,33,34,35,36,37,39,
6;0;295;301;1;0,1,3,4,5,6,7,8,9,10,12,13,14,15,16,18,19,20,21,26,27,29,30,32,33,34,35,36,37,39,
178;0;301;308;1;0,1,2,3,4,5,6,7,8,10,11,12,14,15,16,17,18,19,20,21,22,23,24,26,27,29,30,32,37,39,
97;0;308;349;1;0,1,2,3,4,5,7,8,10,11,12,14,15,16,17,18,19,21,22,23,24,26,27,30,31,32,36,37,38,39,
8;0;349;384;1;0,1,2,3,4,5,7,8,9,10,11,12,15,16,17,19,21,22,23,25,26,27,28,31,32,34,36,37,38,39,
70;0;384;399;1;0,1,3,4,5,7,8,9,10,11,12,15,17,18,19,22,23,24,25,26,27,28,31,32,33,35,36,37,38,39,
41;0;399;407;1;0,1,3,4,5,6,7,8,10,11,12,14,17,18,19,20,22,23,25,27,28,30,31,32,33,35,36,37,38,39,
143;0;407;464;1;0,1,3,4,5,6,7,8,10,11,12,13,17,18,19,20,23,24,25,27,28,30,31,32,33,35,36,37,38,39,
79;0;464;479;1;0,1,2,4,5,6,7,8,10,11,12,13,17,18,19,20,21,23,24,27,28,29,30,31,32,35,36,37,38,39,
11;0;479;529;1;2,4,5,6,7,8,10,12,13,15,18,19,20,21,22,23,24,26,27,28,29,30,31,32,34,35,36,37,38,39,
142;0;529;535;1;1,2,4,5,6,7,9,10,11,12,13,16,18,19,20,22,23,24,25,26,27,28,29,31,34,35,36,37,38,39,
174;0;535;547;1;1,2,4,5,6,7,9,10,11,12,13,14,16,18,19,20,23,24,25,26,27,28,30,31,32,34,35,36,37,38,
13;0;547;570;1;2,4,5,6,9,10,11,12,13,14,15,16,18,19,20,21,23,24,25,26,27,28,30,31,32,33,34,35,37,38,
166;0;570;598;1;2,4,5,6,8,9,10,11,12,13,15,16,17,18,19,20,21,23,25,27,28,29,30,31,32,33,34,36,37,38,
185;0;598;616;1;0,1,2,3,4,5,6,7,8,9,10,12,13,15,16,18,19,20,21,23,25,27,28,29,32,33,34,36,38,39,
3;0;616;641;1;2,3,4,5,6,7,8,9,10,12,13,14,15,16,19,20,21,22,23,24,25,26,27,28,29,32,33,34,36,39,
18;0;641;700;1;2,3,5,6,7,8,9,10,12,13,14,15,16,17,19,20,22,23,24,25,26,27,29,30,31,32,33,34,36,39,
25;0;700;713;1;2,3,5,6,7,8,9,10,12,13,15,16,17,19,20,22,23,24,25,26,27,29,30,31,32,33,34,36,37,39,
64;0;713;767;1;2,3,5,6,7,8,10,12,13,15,16,17,19,20,22,23,24,25,26,27,28,29,30,31,32,33,34,36,37,39,
58;0;767;813;1;1,2,3,4,5,6,7,8,10,13,15,16,19,20,21,22,23,24,25,26,27,28,30,32,33,34,36,37,38,39,
21;0;813;849;1;0,1,2,3,4,5,7,8,9,12,13,15,18,19,20,21,22,23,25,28,30,31,32,33,34,35,36,37,38,39,
164;0;849;875;1;1,3,4,5,7,8,9,10,12,13,14,15,18,19,20,21,22,23,25,26,28,30,31,32,33,34,35,36,37,39,
186;0;875;917;1;1,3,4,5,7,8,9,10,11,12,14,15,16,18,19,20,21,22,23,25,26,28,29,30,31,32,33,34,36,37,
139;0;917;956;1;0,1,2,3,4,5,7,8,9,10,11,12,14,15,16,18,19,20,21,23,25,26,28,29,30,32,33,34,36,37,
Machine: 1
0;0;0;17;1;0,1,2,3,4,5,6,8,9,10,12,13,14,15,16,18,19,20,22,25,26,27,29,30,31,32,35,36,38,39,
55;0;17;41;1;0,1,2,3,4,5,6,8,9,10,12,13,14,15,16,17,18,19,20,21,22,25,26,27,31,32,33,35,36,38,
24;0;41;60;1;0,1,2,3,4,6,8,9,10,12,13,15,16,17,19,20,21,22,24,25,26,27,28,31,32,33,35,36,37,38,
124;0;60;97;1;0,1,3,4,6,8,9,11,12,13,15,16,17,19,20,21,23,24,25,26,27,28,31,32,33,35,36,37,38,39,
32;0;97;114;1;0,1,3,4,6,7,8,9,11,12,13,14,15,16,19,20,21,23,24,25,26,28,29,31,33,34,35,37,38,39,
197;0;114;128;1;0,1,2,3,4,5,6,7,8,9,11,12,13,14,15,16,19,23,24,25,26,28,29,31,33,34,35,37,38,39,
102;0;128;178;1;0,1,2,3,4,5,6,7,8,9,11,12,13,14,15,16,19,23,24,25,26,28,29,30,31,33,34,35,38,39,
150;0;178;206;1;0,1,2,3,4,5,6,7,8,9,11,12,13,14,15,16,19,21,24,25,26,28,29,30,31,33,35,36,38,39,
26;0;206;259;1;0,1,2,3,4,5,6,7,8,9,10,11,12,14,15,16,17,19,21,24,26,28,30,31,32,33,35,36,38,39,
54;0;259;263;1;0,1,2,3,4,6,7,8,9,10,11,12,14,15,16,17,19,20,21,26,27,28,30,31,32,33,35,36,38,39,
76;0;263;310;1;0,1,3,4,7,8,9,10,11,12,13,14,15,16,17,19,20,21,22,24,25,26,27,30,31,32,33,34,35,38,
27;0;310;343;1;0,3,4,5,7,8,9,10,11,12,13,14,15,17,18,21,22,23,24,25,26,27,29,30,31,32,33,34,35,38,
30;0;343;355;1;0,3,4,5,6,8,9,10,11,12,13,14,15,17,18,21,22,23,24,25,26,29,30,31,32,33,34,35,36,38,
29;0;355;392;1;2,3,4,6,8,9,10,11,12,13,14,15,17,18,21,22,23,24,26,27,28,29,30,32,33,34,35,36,38,39,
117;0;392;406;1;2,3,6,8,9,10,11,12,13,14,15,17,18,21,22,23,24,26,27,28,29,30,32,33,34,35,36,37,38,39,
123;0;406;449;1;1,2,3,6,8,11,12,13,16,17,19,20,21,22,23,24,25,26,28,29,30,31,32,33,34,35,36,37,38,39,
65;0;449;450;1;1,2,5,6,7,8,11,12,13,16,17,19,20,21,22,23,24,25,26,28,29,30,31,32,33,34,35,36,38,39,
34;0;450;451;1;1,2,5,6,7,8,11,12,13,16,17,19,20,21,22,23,24,25,26,28,29,30,31,32,33,34,35,36,38,39,
91;0;451;484;1;1,2,5,6,7,8,11,12,13,14,16,17,19,20,21,22,23,24,25,26,28,29,30,31,32,33,34,35,36,38,
15;0;484;519;1;0,1,2,6,7,8,10,11,12,13,14,16,17,20,21,22,23,24,25,26,27,28,29,31,32,33,34,35,36,38,
146;0;519;569;1;0,1,2,3,4,6,7,8,9,10,11,12,13,14,17,20,21,22,23,24,26,27,28,29,31,32,33,34,35,36,
36;0;569;580;1;0,1,2,3,4,5,7,8,9,10,12,13,15,17,18,19,20,21,22,23,24,26,27,28,29,30,32,33,35,37,
134;0;580;604;1;0,1,2,3,4,5,7,8,9,10,12,13,14,15,19,20,22,23,24,26,27,28,29,30,31,33,35,36,37,39,
199;0;604;630;1;0,1,2,3,4,5,6,8,9,10,12,13,14,15,19,20,23,24,25,26,27,28,29,30,31,32,33,36,37,39,
132;0;630;675;1;0,1,2,3,4,5,6,8,9,10,11,15,16,17,18,19,20,23,24,25,26,27,28,29,30,31,32,36,37,39,
153;0;675;713;1;0,1,2,4,5,6,8,9,10,11,15,17,18,19,20,21,23,24,25,26,27,28,29,30,31,32,34,36,37,39,
40;0;713;740;1;1,2,4,5,6,8,9,10,11,13,14,17,18,19,21,23,24,25,26,27,28,29,30,31,32,33,34,36,37,38,
42;0;740;756;1;0,1,2,4,5,6,7,8,9,10,11,12,13,16,17,18,19,21,23,24,26,27,28,29,30,31,32,33,34,38,
140;0;756;777;1;0,1,2,3,4,5,6,7,8,9,10,11,12,13,16,17,18,19,21,23,24,26,27,28,29,30,31,32,33,34,
51;0;777;831;1;0,1,2,3,5,6,7,8,9,10,11,12,13,14,15,16,19,21,22,23,27,28,30,31,32,33,34,36,37,39,
43;0;831;836;1;0,1,2,3,5,6,7,8,9,10,11,13,14,15,16,21,22,23,25,27,28,30,31,32,33,34,35,36,37,39,
154;0;836;854;1;1,2,3,5,6,7,8,9,11,13,14,15,16,18,21,23,24,25,27,28,29,30,31,32,33,34,35,36,37,39,
71;0;854;871;1;1,2,3,5,7,8,9,11,13,14,15,16,17,18,20,21,23,24,26,27,29,30,31,32,33,34,36,37,38,39,
44;0;871;905;1;1,2,3,5,7,8,9,11,13,14,15,16,17,18,20,21,23,24,26,27,29,30,31,32,33,34,36,37,38,39,
Machine: 2
47;0;0;57;1;0,1,2,3,4,6,7,8,9,11,12,14,16,17,18,20,21,22,25,26,27,29,30,32,33,34,35,37,38,39,
112;0;57;107;1;1,2,3,4,6,7,9,10,11,12,13,14,16,18,21,22,25,26,27,28,29,30,31,32,33,34,35,37,38,39,
126;0;107;148;1;0,1,2,4,5,6,7,8,9,10,11,12,13,14,18,21,22,24,25,26,27,28,29,30,32,33,34,35,37,38,
100;0;148;165;1;0,1,2,4,5,6,7,8,10,11,12,13,15,18,19,21,22,24,25,26,27,28,29,30,32,33,34,35,37,38,
135;0;165;211;1;0,1,2,5,7,10,11,12,13,15,17,18,20,21,22,23,24,25,26,27,28,29,30,32,33,34,35,37,38,39,
49;0;211;259;1;0,1,2,5,7,10,11,13,14,15,16,17,18,20,21,22,23,24,26,27,28,29,32,33,34,35,36,37,38,39,
50;0;259;314;1;1,2,3,4,5,7,9,10,11,12,13,14,15,16,18,19,20,21,23,25,27,28,29,30,32,33,34,37,38,39,
93;0;314;351;1;1,2,3,4,5,7,8,9,11,12,13,14,15,16,17,18,19,20,21,22,28,29,30,32,33,34,35,37,38,39,
158;0;351;404;1;1,2,3,4,5,6,7,8,9,11,13,14,15,16,17,18,19,20,22,28,29,30,31,32,33,34,35,37,38,39,
52;0;404;457;1;1,2,4,5,6,7,8,9,11,13,14,15,16,17,19,20,22,26,27,28,29,30,31,32,33,34,35,37,38,39,
53;0;457;489;1;0,2,4,6,7,8,9,10,11,13,14,15,16,17,19,20,22,24,26,27,28,29,30,32,33,34,35,37,38,39,
39;0;489;507;1;0,2,4,6,7,8,9,10,11,13,14,15,16,17,19,20,22,23,24,28,29,30,32,33,34,35,36,37,38,39,
56;0;507;516;1;0,1,2,4,5,6,7,9,10,11,13,14,15,17,18,19,20,23,24,28,29,30,32,33,34,35,36,37,38,39,
59;0;516;567;1;0,1,2,4,5,6,7,9,10,11,13,15,17,19,20,21,23,24,25,28,29,31,32,33,34,35,36,37,38,39,
77;0;567;612;1;0,1,2,3,6,7,9,10,11,12,13,15,16,17,20,22,24,25,27,28,29,30,31,32,33,34,35,36,38,39,
84;0;612;660;1;0,1,2,3,4,6,7,8,10,11,13,15,16,17,19,20,22,23,26,27,28,29,30,31,32,33,34,35,36,38,
128;0;660;686;1;0,2,3,4,6,7,8,9,10,11,13,16,17,19,20,22,23,24,25,26,27,28,31,32,33,34,35,36,37,39,
74;0;686;739;1;0,2,3,4,5,6,7,9,10,12,13,15,16,17,20,21,22,23,24,25,26,27,28,29,30,31,34,35,36,39,
66;0;739;769;1;0,1,2,3,4,5,6,7,9,10,12,13,14,16,17,20,22,23,24,25,26,27,28,29,30,31,34,35,36,39,
156;0;769;804;1;0,1,2,3,4,6,7,9,10,12,13,14,16,17,20,22,23,24,25,26,27,28,29,30,31,34,35,36,37,39,
68;0;804;810;1;0,1,3,4,6,7,8,9,10,11,12,13,14,16,17,18,19,20,24,25,26,27,28,29,30,31,34,35,36,37,
165;0;810;816;1;0,1,3,4,6,7,8,9,10,11,12,13,14,16,17,18,19,24,25,26,27,28,30,31,32,33,34,36,37,38,
94;0;816;855;1;0,1,3,4,6,7,8,9,10,11,12,13,14,16,17,18,19,21,22,24,25,27,28,30,31,32,33,36,38,39,
125;0;855;867;1;0,1,2,3,5,6,7,8,9,10,11,12,14,16,17,18,19,20,21,22,24,25,26,27,28,30,33,34,36,39,
69;0;867;899;1;0,1,2,3,5,6,7,9,10,11,12,14,15,16,17,18,19,20,21,22,23,24,26,27,28,32,33,34,36,39,
195;0;899;906;1;0,1,3,6,7,9,10,12,14,15,16,17,18,19,20,21,22,23,24,26,27,28,29,32,33,34,36,37,38,39,
16;0;906;922;1;0,1,3,6,7,9,10,12,14,15,16,17,18,19,20,21,23,24,25,26,27,28,32,33,34,35,36,37,38,39,
46;0;922;960;1;0,1,2,3,6,7,8,9,10,12,13,16,17,18,19,21,23,24,25,26,27,28,31,32,33,34,35,36,38,39,
82;0;960;997;1;0,1,2,3,4,6,7,8,9,12,13,16,17,18,19,21,22,23,24,25,27,28,31,32,33,34,35,36,38,39,
98;0;997;1027;1;0,1,2,3,4,6,7,8,9,12,13,14,16,18,19,21,22,23,24,27,28,30,31,32,33,34,35,36,38,39,
194;0;1027;1043;1;0,1,2,3,4,5,6,7,8,9,12,13,14,16,18,19,21,22,24,27,28,29,30,31,32,34,35,36,37,38,
129;0;1043;1088;1;0,1,2,3,4,5,6,7,8,9,12,13,14,16,18,19,21,22,24,25,27,28,29,30,31,34,35,36,37,38,
107;0;1088;1125;1;0,1,4,5,6,7,8,9,12,13,14,15,16,18,19,20,21,24,25,26,28,30,31,33,34,35,36,37,38,39,
Machine: 3
114;0;0;12;1;0,1,3,5,6,7,8,9,10,11,12,13,14,15,16,18,19,20,22,23,24,26,27,30,33,34,35,37,38,39,
45;0;12;20;1;1,3,5,6,7,8,9,10,11,12,13,14,15,16,18,20,22,23,24,26,27,28,30,31,32,34,35,37,38,39,
133;0;20;60;1;3,4,5,6,7,8,11,12,13,14,15,16,17,18,20,22,23,24,25,26,27,28,29,30,31,32,34,35,37,38,
176;0;60;79;1;3,4,5,6,8,11,12,13,14,15,16,17,18,20,21,22,23,24,25,26,27,28,29,30,31,32,34,35,37,38,
7;0;79;106;1;2,3,4,5,8,11,12,14,15,16,17,18,20,22,23,24,25,26,27,28,29,30,31,32,33,34,35,36,37,38,
145;0;106;107;1;0,2,3,4,5,8,12,14,15,16,17,18,20,22,23,25,26,27,28,29,30,31,32,33,34,35,36,37,38,39,
162;0;107;165;1;0,2,4,5,6,7,8,12,13,14,15,17,18,20,22,23,25,26,27,28,29,30,31,32,33,34,35,36,37,38,
99;0;165;171;1;0,2,4,5,6,7,11,12,13,14,15,17,18,20,21,22,23,26,27,28,29,30,31,32,33,34,35,36,37,38,
179;0;171;197;1;0,2,3,4,5,6,7,11,13,14,15,17,18,20,21,22,23,26,27,28,29,30,31,32,33,34,35,36,37,38,
86;0;197;245;1;2,3,5,6,7,8,11,13,14,15,17,18,20,21,22,23,25,26,27,28,30,31,32,33,34,35,36,37,38,39,
108;0;245;289;1;3,5,6,7,8,10,11,13,14,15,17,18,19,20,21,22,23,25,26,27,28,30,31,32,34,35,36,37,38,39,
75;0;289;348;1;3,5,6,7,8,9,10,11,13,14,15,18,19,20,21,22,23,25,26,27,28,30,31,32,34,35,36,37,38,39,
130;0;348;396;1;1,3,5,6,7,9,10,11,13,14,15,18,19,20,21,22,23,25,26,27,28,29,30,31,32,34,35,36,37,38,
78;0;396;425;1;0,1,2,3,7,9,10,11,13,14,15,16,18,19,21,22,23,24,26,27,29,30,31,32,34,35,36,37,38,39,
160;0;425;454;1;0,1,2,3,4,7,9,10,11,12,13,14,16,17,18,19,21,22,23,24,27,29,30,31,32,34,35,36,38,39,
88;0;454;456;1;0,1,2,3,4,5,7,9,10,11,13,14,16,17,18,19,21,22,23,24,27,29,30,31,32,34,35,36,38,39,
67;0;456;504;1;0,1,2,3,4,5,7,8,9,10,13,14,15,18,19,21,22,23,24,25,27,29,31,32,34,35,36,37,38,39,
38;0;504;528;1;0,1,2,3,4,5,7,8,10,13,14,15,18,19,21,22,23,24,25,26,27,29,31,32,34,35,36,37,38,39,
62;0;528;535;1;1,2,3,4,5,7,8,10,12,13,14,15,18,19,21,22,24,25,26,27,28,29,31,32,34,35,36,37,38,39,
167;0;535;541;1;1,2,3,4,5,7,8,10,11,12,13,14,16,18,19,21,22,25,26,27,28,29,31,32,34,35,36,37,38,39,
90;0;541;566;1;0,1,2,3,4,5,7,8,10,11,12,13,14,16,18,19,21,22,25,26,28,29,31,32,33,34,35,36,37,38,
115;0;566;606;1;0,1,2,3,4,5,7,8,9,10,11,12,14,16,17,18,19,20,22,23,25,29,31,32,33,34,35,36,37,38,
23;0;606;629;1;0,1,2,3,4,5,7,8,9,10,11,12,14,15,16,17,18,19,20,23,24,25,26,29,31,32,35,37,38,39,
92;0;629;660;1;0,1,2,3,4,5,6,7,8,9,10,12,14,15,16,17,18,19,20,23,24,25,26,27,29,32,35,37,38,39,
152;0;660;711;1;0,1,2,3,4,6,7,8,9,10,12,14,15,16,17,18,19,20,21,23,24,25,26,27,29,32,34,35,37,38,
28;0;711;751;1;0,1,2,3,4,6,7,8,9,10,12,13,14,15,16,18,19,20,21,23,24,25,26,27,29,32,34,35,37,38,
180;0;751;756;1;0,1,2,3,4,6,7,8,9,10,12,13,14,15,16,18,20,21,22,23,24,25,26,27,28,29,34,37,38,39,
196;0;756;764;1;0,2,3,5,6,8,9,10,11,12,13,14,15,16,17,18,20,21,22,23,25,27,28,29,31,34,35,37,38,39,
137;0;764;782;1;1,2,3,5,6,8,9,10,11,12,13,14,15,17,18,20,21,23,25,27,28,29,30,31,33,34,35,37,38,39,
193;0;782;841;1;1,2,3,5,6,7,8,9,10,11,12,14,15,17,18,19,20,21,23,26,27,28,29,30,31,33,35,37,38,39,
96;0;841;850;1;1,2,3,4,5,6,7,8,9,10,11,12,14,15,17,18,20,21,22,23,26,27,28,29,30,33,35,37,38,39,
81;0;850;892;1;1,2,3,5,6,7,8,9,10,11,12,14,17,18,20,21,22,23,25,26,28,29,30,33,34,35,36,37,38,39,
116;0;892;950;1;0,1,2,3,5,6,7,8,9,10,11,12,14,17,18,20,21,22,23,25,26,28,29,30,33,34,35,36,37,38,
Machine: 4
85;0;0;10;1;0,1,2,4,7,9,11,12,13,14,15,16,17,18,19,22,23,25,26,27,28,29,31,32,34,35,36,37,38,39,
105;0;10;56;1;0,2,4,7,11,12,13,14,15,16,17,18,19,21,22,23,24,26,27,28,29,30,31,32,33,34,35,36,38,39,
57;0;56;68;1;0,1,2,3,4,5,6,10,11,12,13,14,15,16,17,19,21,22,23,26,27,28,30,31,32,33,34,35,36,38,
48;0;68;109;1;1,2,3,4,5,6,9,10,11,13,14,15,16,17,19,20,22,23,26,28,29,30,32,33,34,35,36,37,38,39,
188;0;109;144;1;1,2,4,5,6,7,9,10,11,12,13,14,15,16,19,20,22,23,24,25,28,29,30,32,33,34,35,36,38,39,
170;0;144;191;1;2,4,5,6,7,8,9,10,11,12,13,14,15,16,19,20,22,23,24,25,28,29,30,31,32,34,35,36,38,39,
9;0;191;242;1;0,1,2,3,4,5,6,7,8,9,10,11,12,13,14,15,16,18,19,20,22,23,24,27,29,30,31,34,38,39,
104;0;242;299;1;1,2,3,4,5,6,8,9,10,11,12,13,14,15,16,18,20,21,22,24,26,29,31,33,34,35,36,37,38,39,
131;0;299;336;1;0,1,2,3,5,6,8,9,10,11,12,13,14,16,18,20,21,22,23,24,25,26,29,30,33,34,35,36,38,39,
4;0;336;383;1;0,1,2,3,5,7,8,9,10,11,12,13,14,16,17,18,19,20,21,22,23,24,25,26,30,32,34,35,38,39,
119;0;383;408;1;1,2,3,5,7,8,9,10,11,12,13,14,16,17,19,20,22,23,24,25,26,28,29,30,32,33,34,35,38,39,
120;0;408;461;1;1,3,4,5,6,7,8,9,10,11,12,14,16,17,19,20,22,23,24,25,26,27,28,29,30,32,34,35,37,39,
122;0;461;475;1;3,4,5,6,7,8,9,10,11,13,14,16,17,18,19,20,21,23,24,25,26,27,28,29,30,31,35,36,37,39,
181;0;475;477;1;2,3,4,5,6,7,8,9,10,11,13,14,16,17,18,19,20,21,23,24,25,26,27,28,29,30,36,37,38,39,
109;0;477;478;1;0,2,4,5,6,7,8,9,10,11,13,16,17,18,19,20,21,23,24,25,26,27,28,29,30,34,36,37,38,39,
127;0;478;514;1;0,1,2,4,6,7,8,9,10,11,12,13,16,17,18,19,22,23,24,25,26,27,28,29,30,32,33,34,36,37,
33;0;514;562;1;0,1,2,4,6,7,8,9,10,11,12,13,16,17,18,19,22,23,24,26,27,28,29,30,32,33,34,35,36,37,
35;0;562;574;1;1,2,3,4,6,7,8,9,10,11,12,16,17,18,19,22,23,24,26,27,28,29,30,31,32,33,34,35,36,37,
110;0;574;607;1;2,3,4,5,6,7,8,9,11,15,16,17,18,19,20,22,24,26,27,28,29,30,31,32,33,34,35,36,37,39,
177;0;607;634;1;1,2,3,4,5,6,8,11,13,15,16,17,19,20,21,22,23,24,25,26,27,28,29,30,31,32,33,36,37,39,
141;0;634;644;1;0,1,2,3,4,5,6,8,10,11,13,15,16,17,19,20,21,22,23,24,25,26,28,29,30,31,33,36,37,39,
103;0;644;669;1;0,2,3,4,5,6,8,9,10,11,12,13,14,15,16,17,18,19,20,21,22,23,24,25,26,29,31,33,37,39,
136;0;669;695;1;0,2,3,4,5,6,8,9,10,11,12,13,14,15,16,17,19,20,21,22,23,24,25,28,29,31,33,34,36,37,
183;0;695;713;1;0,1,2,3,4,5,6,8,9,10,11,12,13,14,15,16,17,19,20,21,22,23,24,29,31,33,34,35,36,37,
189;0;713;718;1;0,1,2,3,4,5,6,8,10,11,12,13,14,15,16,17,19,20,21,22,23,24,27,29,31,33,34,36,37,39,
175;0;718;771;1;0,1,2,3,4,5,6,7,8,12,14,15,16,17,18,19,20,21,22,23,24,27,29,30,31,33,34,36,37,39,
72;0;771;786;1;0,1,2,3,4,5,6,7,8,12,14,15,16,17,18,19,20,21,22,23,24,27,29,30,31,32,34,37,38,39,
172;0;786;800;1;0,3,5,7,8,9,10,12,14,15,17,18,20,21,22,23,24,25,26,27,28,29,31,32,33,35,36,37,38,39,
95;0;800;856;1;0,3,5,6,8,9,10,12,13,14,15,17,18,19,21,22,23,25,26,27,29,30,31,32,33,35,36,37,38,39,
192;0;856;913;1;0,1,2,3,4,5,6,8,9,12,13,14,15,17,18,19,21,22,23,25,26,29,30,31,33,35,36,37,38,39,
73;0;913;944;1;0,1,3,4,5,6,7,8,11,12,13,14,15,17,18,19,20,22,24,25,26,29,30,31,33,35,36,37,38,39,
138;0;944;976;1;0,1,3,4,5,6,7,8,10,11,12,13,14,15,17,18,19,20,22,24,25,26,30,31,32,33,34,35,38,39,
198;0;976;1007;1;0,1,2,3,4,5,6,7,8,10,11,12,13,14,15,17,18,19,22,24,25,26,28,30,31,32,33,34,35,38,
Machine: 5
121;0;0;42;1;2,3,4,6,7,8,9,10,11,13,15,16,19,20,21,22,25,27,28,29,30,31,32,33,34,35,36,37,38,39,
111;0;42;73;1;2,3,4,6,7,8,9,10,11,13,15,16,19,20,21,22,25,27,28,29,30,31,32,33,34,35,36,37,38,39,
83;0;73;109;1;3,4,5,6,7,8,9,10,11,12,13,15,16,17,18,19,20,21,22,25,26,27,28,29,30,31,32,34,35,39,
151;0;109;110;1;0,3,4,5,6,7,8,10,11,12,13,15,16,17,18,19,20,21,22,25,26,27,28,29,30,32,34,35,37,39,
101;0;110;128;1;0,3,4,5,6,7,8,10,11,12,13,14,15,16,17,18,20,21,22,24,25,26,27,28,29,30,32,35,37,39,
10;0;128;162;1;0,3,4,5,6,7,8,10,11,12,13,14,15,16,17,18,20,21,22,23,24,25,26,27,28,29,30,32,37,39,
159;0;162;175;1;0,1,3,4,5,6,8,10,12,13,14,15,16,17,18,20,21,22,23,24,25,26,28,29,30,33,34,37,38,39,
20;0;175;227;1;1,3,4,5,6,8,9,10,12,13,14,15,16,17,18,20,21,22,23,24,25,26,28,29,30,31,33,34,37,38,
12;0;227;236;1;1,3,4,5,6,9,10,12,13,14,16,17,18,19,20,21,22,23,24,25,26,28,29,30,31,33,34,37,38,39,
147;0;236;270;1;1,3,4,5,6,9,10,12,13,14,16,18,19,20,21,22,23,24,25,26,28,29,30,31,33,34,35,37,38,39,
37;0;270;279;1;1,3,4,5,6,7,9,10,12,13,14,15,16,18,19,20,22,23,24,25,26,27,28,29,30,31,33,35,37,39,
63;0;279;289;1;1,3,4,5,6,7,9,10,11,12,13,14,15,16,18,19,20,22,23,24,25,26,27,28,29,30,31,33,35,39,
148;0;289;341;1;1,3,4,5,7,9,10,11,12,13,14,15,16,18,19,20,22,23,24,25,26,27,28,29,30,31,33,34,35,39,
173;0;341;361;1;0,1,4,5,7,8,9,10,11,14,15,16,18,19,20,22,23,24,25,26,27,28,29,30,31,33,34,35,36,39,
168;0;361;364;1;1,4,5,7,8,9,10,11,14,15,16,17,18,19,20,21,22,23,24,25,27,28,29,30,31,33,34,35,36,39,
89;0;364;379;1;1,2,4,5,7,8,9,11,14,15,16,17,18,19,20,21,22,23,24,25,27,28,29,30,31,33,34,35,36,39,
171;0;379;426;1;0,1,2,3,4,5,8,11,12,13,14,15,16,17,18,19,21,22,23,24,25,27,28,29,30,33,34,35,38,39,
87;0;426;451;1;0,1,2,3,4,5,6,8,11,13,14,15,16,17,19,21,22,23,24,25,26,27,28,29,32,33,34,35,38,39,
163;0;451;489;1;0,1,2,3,4,5,6,8,9,11,13,14,15,16,17,19,20,21,22,23,24,25,26,28,29,32,33,34,38,39,
182;0;489;526;1;0,1,3,4,6,7,8,9,10,11,13,14,15,16,17,18,19,21,22,23,24,28,29,31,32,34,36,37,38,39,
155;0;526;547;1;0,1,3,4,6,8,9,10,11,12,13,14,15,16,17,18,19,21,22,23,24,27,28,29,32,34,36,37,38,39,
80;0;547;558;1;0,1,2,4,5,6,8,9,10,11,12,13,14,15,16,17,18,19,21,22,23,24,28,29,30,32,34,36,37,38,
184;0;558;579;1;0,1,2,4,5,6,8,9,10,11,12,13,14,15,16,17,18,19,23,25,28,29,30,32,34,35,36,37,38,39,
169;0;579;590;1;0,1,2,4,5,6,8,9,10,12,13,14,15,16,17,18,19,21,22,23,24,25,27,28,29,30,34,36,38,39,
61;0;590;640;1;0,1,2,4,5,6,8,9,10,12,13,14,15,16,17,18,19,20,21,22,23,24,25,27,28,29,30,31,34,36,
190;0;640;660;1;0,1,2,4,5,6,8,9,10,12,14,15,16,17,18,19,20,21,22,23,24,25,27,29,30,31,33,34,36,37,
187;0;660;667;1;0,1,2,4,5,6,7,9,10,12,14,15,16,17,18,19,20,21,23,24,25,27,28,29,31,32,33,34,36,38,
191;0;667;723;1;0,1,2,3,4,5,6,10,12,13,14,15,16,17,18,19,20,21,23,24,25,26,29,31,32,33,34,35,36,38,
60;0;723;730;1;0,1,3,4,6,8,10,11,12,13,14,15,16,17,18,19,20,21,23,24,25,26,27,30,31,33,34,36,38,39,
161;0;730;743;1;0,1,3,4,6,8,11,12,13,14,15,16,17,18,19,20,22,23,24,25,26,27,28,30,31,33,36,37,38,39,
157;0;743;780;1;0,1,2,3,6,8,11,12,13,14,15,16,17,18,19,20,22,24,25,27,28,29,30,31,33,34,35,37,38,39,
118;0;780;833;1;0,1,3,5,6,7,8,9,11,13,14,15,16,18,19,20,21,22,24,25,27,28,29,31,33,34,35,36,38,39,
113;0;833;853;1;0,1,3,5,6,7,8,9,10,12,13,15,16,17,18,22,25,26,27,28,29,30,31,33,34,35,36,37,38,39,
END
fineshedJobsCount: 200
switchs: 600
switchsInstances: 190
unfineshedPriorityCount: 0
totalUnfineshed: 0
criticalMachineSwitchs: 108
criticalMachineTime: 1125
Final Solution: -600
Time: 18743
