./input/BaseInstances/2M1_n=376,r=0.5,t=650,v0.txt;./input/Processed/ToolSetInt.csv
7;720;1440
Machine: 0
189;0;0;77;1;2,3,4,14,16,18,25,26,69,81,82,83,84,85,86,87,88,89,90,91,92,93,94,95,96,97,131,132,166,167,168,169,170,171,172,212,306,332,333,334,335,336,337,338,339,340,341,342,343,344,371,400,401,402,427,488,489,490,491,492,493,494,495,496,497,498,499,500,501,502,503,504,505,506,536,603,604,605,606,607,
189;1;77;130;1;2,3,4,14,16,18,25,26,69,81,82,83,84,85,86,87,88,89,90,91,92,93,94,95,96,97,131,132,166,167,168,169,170,171,172,212,306,332,333,334,335,336,337,338,339,340,341,342,343,344,371,400,401,402,427,488,489,490,491,492,493,494,495,496,497,498,499,500,501,502,503,504,505,506,536,603,604,605,606,607,
243;0;130;250;0;2,3,4,14,16,18,25,26,69,81,82,83,84,85,86,87,88,89,90,91,92,93,94,95,96,97,131,132,166,167,168,169,170,171,172,212,306,332,333,334,335,336,337,338,339,340,341,342,343,344,371,400,401,402,427,488,489,490,491,492,493,494,495,496,497,498,499,500,501,502,503,504,505,506,536,603,604,605,606,607,
243;1;250;418;0;2,3,4,14,16,18,25,26,69,81,82,83,84,85,86,87,88,89,90,91,92,93,94,95,96,97,131,132,166,167,168,169,170,171,172,212,306,332,333,334,335,336,337,338,339,340,341,342,343,344,371,400,401,402,427,488,489,490,491,492,493,494,495,496,497,498,499,500,501,502,503,504,505,506,536,603,604,605,606,607,
162;0;418;437;0;2,3,4,14,16,18,25,26,69,81,82,83,84,85,86,87,88,89,90,91,92,93,94,95,96,97,131,132,166,167,168,169,170,171,172,212,306,332,333,334,335,336,337,338,339,340,341,342,343,344,371,400,401,402,427,488,489,490,491,492,493,494,495,496,497,498,499,500,501,502,503,504,505,506,536,603,604,605,606,607,
107;0;437;442;0;2,3,4,14,16,18,25,26,69,81,82,83,84,85,86,87,88,89,90,91,92,93,94,95,96,97,131,132,166,167,168,169,170,171,172,212,306,332,333,334,335,336,337,338,339,340,341,342,343,344,371,400,401,402,427,488,489,490,491,492,493,494,495,496,497,498,499,500,501,502,503,504,505,506,536,603,604,605,606,607,
107;1;442;556;0;2,3,4,14,16,18,25,26,69,81,82,83,84,85,86,87,88,89,90,91,92,93,94,95,96,97,131,132,166,167,168,169,170,171,172,212,306,332,333,334,335,336,337,338,339,340,341,342,343,344,371,400,401,402,427,488,489,490,491,492,493,494,495,496,497,498,499,500,501,502,503,504,505,506,536,603,604,605,606,607,
128;0;556;597;1;2,3,4,14,16,18,25,26,69,81,82,83,84,85,86,87,88,89,90,91,92,93,94,95,96,97,131,132,166,167,168,169,170,171,172,212,306,332,333,334,335,336,337,338,339,340,341,342,343,344,371,400,401,402,427,488,489,490,491,492,493,494,495,496,497,498,499,500,501,502,503,504,505,506,536,603,604,605,606,607,
219;0;597;613;0;2,3,4,14,16,18,25,26,69,81,82,83,84,85,86,87,88,89,90,91,92,93,94,95,96,97,131,132,166,167,168,169,170,171,172,212,306,332,333,334,335,336,337,338,339,340,341,342,343,344,371,400,401,402,427,488,489,490,491,492,493,494,495,496,497,498,499,500,501,502,503,504,505,506,536,603,604,605,606,607,
219;1;613;781;0;2,3,4,14,16,18,25,26,69,81,82,83,84,85,86,87,88,89,90,91,92,93,94,95,96,97,131,132,166,167,168,169,170,171,172,212,306,332,333,334,335,336,337,338,339,340,341,342,343,344,371,400,401,402,427,488,489,490,491,492,493,494,495,496,497,498,499,500,501,502,503,504,505,506,536,603,604,605,606,607,
157;0;781;864;1;2,3,4,14,16,18,25,26,69,81,82,83,84,85,86,87,88,89,90,91,92,93,94,95,96,97,131,132,166,167,168,169,170,171,172,212,306,332,333,334,335,336,337,338,339,340,341,342,343,344,371,400,401,402,427,488,489,490,491,492,493,494,495,496,497,498,499,500,501,502,503,504,505,506,536,603,604,605,606,607,
157;1;864;917;1;2,3,4,14,16,18,25,26,69,81,82,83,84,85,86,87,88,89,90,91,92,93,94,95,96,97,131,132,166,167,168,169,170,171,172,212,306,332,333,334,335,336,337,338,339,340,341,342,343,344,371,400,401,402,427,488,489,490,491,492,493,494,495,496,497,498,499,500,501,502,503,504,505,506,536,603,604,605,606,607,
205;0;917;969;1;2,3,4,14,16,18,25,26,69,81,82,83,84,85,86,87,88,89,90,91,92,93,94,95,96,97,131,132,166,167,168,169,170,171,172,212,306,332,333,334,335,336,337,338,339,340,341,342,343,344,371,400,401,402,427,488,489,490,491,492,493,494,495,496,497,498,499,500,501,502,503,504,505,506,536,603,604,605,606,607,
205;1;969;1083;1;2,3,4,14,16,18,25,26,69,81,82,83,84,85,86,87,88,89,90,91,92,93,94,95,96,97,131,132,166,167,168,169,170,171,172,212,306,332,333,334,335,336,337,338,339,340,341,342,343,344,371,400,401,402,427,488,489,490,491,492,493,494,495,496,497,498,499,500,501,502,503,504,505,506,536,603,604,605,606,607,
198;0;1083;1087;0;2,3,4,14,16,18,25,26,69,81,82,83,84,85,86,87,88,89,90,91,92,93,94,95,96,97,131,132,166,167,168,169,170,171,172,212,306,332,333,334,335,336,337,338,339,340,341,342,343,344,371,400,401,402,427,488,489,490,491,492,493,494,495,496,497,498,499,500,501,502,503,504,505,506,536,603,604,605,606,607,
235;0;1087;1103;0;2,3,4,14,16,18,25,26,69,81,82,83,84,85,86,87,88,89,90,91,92,93,94,95,96,97,131,132,166,167,168,169,170,171,172,212,306,332,333,334,335,336,337,338,339,340,341,342,343,344,371,400,401,402,427,488,489,490,491,492,493,494,495,496,497,498,499,500,501,502,503,504,505,506,536,603,604,605,606,607,
235;1;1103;1122;0;2,3,4,14,16,18,25,26,69,81,82,83,84,85,86,87,88,89,90,91,92,93,94,95,96,97,131,132,166,167,168,169,170,171,172,212,306,332,333,334,335,336,337,338,339,340,341,342,343,344,371,400,401,402,427,488,489,490,491,492,493,494,495,496,497,498,499,500,501,502,503,504,505,506,536,603,604,605,606,607,
195;0;1122;1237;0;2,3,4,14,16,18,25,26,69,81,82,83,84,85,86,87,88,89,90,91,92,93,94,95,96,97,131,132,166,167,168,169,170,171,172,212,306,332,333,334,335,336,337,338,339,340,341,342,343,344,371,400,401,402,427,488,489,490,491,492,493,494,495,496,497,498,499,500,501,502,503,504,505,506,536,603,604,605,606,607,
195;1;1237;1290;0;2,3,4,14,16,18,25,26,69,81,82,83,84,85,86,87,88,89,90,91,92,93,94,95,96,97,131,132,166,167,168,169,170,171,172,212,306,332,333,334,335,336,337,338,339,340,341,342,343,344,371,400,401,402,427,488,489,490,491,492,493,494,495,496,497,498,499,500,501,502,503,504,505,506,536,603,604,605,606,607,
216;0;1290;1294;1;2,3,4,14,16,18,25,26,69,81,82,83,84,85,86,87,88,89,90,91,92,93,94,95,96,97,131,132,166,167,168,169,170,171,172,212,306,332,333,334,335,336,337,338,339,340,341,342,343,344,371,400,401,402,427,488,489,490,491,492,493,494,495,496,497,498,499,500,501,502,503,504,505,506,536,603,604,605,606,607,
79;0;1294;1355;0;2,3,4,14,16,18,25,26,69,81,82,83,84,85,86,87,88,89,90,91,92,93,94,95,96,97,131,132,166,167,168,169,170,171,172,212,306,332,333,334,335,336,337,338,339,340,341,342,343,344,371,400,401,402,427,488,489,490,491,492,493,494,495,496,497,498,499,500,501,502,503,504,505,506,536,603,604,605,606,607,
79;1;1355;1523;0;2,3,4,14,16,18,25,26,69,81,82,83,84,85,86,87,88,89,90,91,92,93,94,95,96,97,131,132,166,167,168,169,170,171,172,212,306,332,333,334,335,336,337,338,339,340,341,342,343,344,371,400,401,402,427,488,489,490,491,492,493,494,495,496,497,498,499,500,501,502,503,504,505,506,536,603,604,605,606,607,
7;0;1523;1627;0;2,3,4,14,16,18,25,26,69,81,82,83,84,85,86,87,88,89,90,91,92,93,94,95,96,97,131,132,166,167,168,169,170,171,172,212,306,332,333,334,335,336,337,338,339,340,341,342,343,344,371,400,401,402,427,488,489,490,491,492,493,494,495,496,497,498,499,500,501,502,503,504,505,506,536,603,604,605,606,607,
7;1;1627;1672;0;2,3,4,14,16,18,25,26,69,81,82,83,84,85,86,87,88,89,90,91,92,93,94,95,96,97,131,132,166,167,168,169,170,171,172,212,306,332,333,334,335,336,337,338,339,340,341,342,343,344,371,400,401,402,427,488,489,490,491,492,493,494,495,496,497,498,499,500,501,502,503,504,505,506,536,603,604,605,606,607,
160;0;1672;1676;1;2,3,4,14,16,18,25,26,69,81,82,83,84,85,86,87,88,89,90,91,92,93,94,95,96,97,131,132,166,167,168,169,170,171,172,212,306,332,333,334,335,336,337,338,339,340,341,342,343,344,371,400,401,402,427,488,489,490,491,492,493,494,495,496,497,498,499,500,501,502,503,504,505,506,536,603,604,605,606,607,
196;0;1676;1721;1;2,3,4,14,16,18,25,26,69,81,82,83,84,85,86,87,88,89,90,91,92,93,94,95,96,97,131,132,166,167,168,169,170,171,172,212,306,332,333,334,335,336,337,338,339,340,341,342,343,344,371,400,401,402,427,488,489,490,491,492,493,494,495,496,497,498,499,500,501,502,503,504,505,506,536,603,604,605,606,607,
185;0;1721;1881;1;2,3,4,14,16,18,25,26,69,81,82,83,84,85,86,87,88,89,90,91,92,93,94,95,96,97,131,132,166,167,168,169,170,171,172,212,306,332,333,334,335,336,337,338,339,340,341,342,343,344,371,400,401,402,427,488,489,490,491,492,493,494,495,496,497,498,499,500,501,502,503,504,505,506,536,603,604,605,606,607,
185;1;1881;2049;1;2,3,4,14,16,18,25,26,69,81,82,83,84,85,86,87,88,89,90,91,92,93,94,95,96,97,131,132,166,167,168,169,170,171,172,212,306,332,333,334,335,336,337,338,339,340,341,342,343,344,371,400,401,402,427,488,489,490,491,492,493,494,495,496,497,498,499,500,501,502,503,504,505,506,536,603,604,605,606,607,
146;0;2049;2083;0;2,3,4,14,16,18,25,26,69,81,82,83,84,85,86,87,88,89,90,91,92,93,94,95,96,97,131,132,166,167,168,169,170,171,172,212,306,332,333,334,335,336,337,338,339,340,341,342,343,344,371,400,401,402,427,488,489,490,491,492,493,494,495,496,497,498,499,500,501,502,503,504,505,506,536,603,604,605,606,607,
154;0;2083;2251;0;0,1,2,3,4,5,6,7,8,9,10,11,12,13,14,15,16,17,18,25,26,69,76,81,82,83,84,85,86,87,88,89,90,91,92,93,94,95,96,97,131,132,166,167,168,169,172,212,231,306,332,333,334,335,336,337,338,339,340,341,342,343,344,371,400,401,402,529,530,531,532,533,534,535,536,603,604,605,606,607,
87;0;2251;2285;0;0,1,2,3,4,5,6,7,8,9,10,11,12,13,14,15,16,17,18,25,26,69,76,81,82,83,84,85,86,87,88,89,90,91,92,93,94,95,96,97,131,132,166,167,168,169,172,212,231,306,332,333,334,335,336,337,338,339,340,341,342,343,344,371,400,401,402,529,530,531,532,533,534,535,536,603,604,605,606,607,
87;1;2285;2339;0;0,1,2,3,4,5,6,7,8,9,10,11,12,13,14,15,16,17,18,25,26,69,76,81,82,83,84,85,86,87,88,89,90,91,92,93,94,95,96,97,131,132,166,167,168,169,172,212,231,306,332,333,334,335,336,337,338,339,340,341,342,343,344,371,400,401,402,529,530,531,532,533,534,535,536,603,604,605,606,607,
176;0;2339;2343;1;0,1,2,3,4,5,6,7,8,9,10,11,12,13,14,15,16,17,18,25,26,69,76,81,82,83,84,85,86,87,88,89,90,91,92,93,94,95,96,97,131,132,166,167,168,169,172,212,231,306,332,333,334,335,336,337,338,339,340,341,342,343,344,371,400,401,402,529,530,531,532,533,534,535,536,603,604,605,606,607,
32;0;2343;2511;1;0,1,2,3,4,5,6,7,8,9,10,11,12,13,14,15,16,17,18,25,26,69,76,81,82,83,84,85,86,87,88,89,90,91,92,93,94,95,96,97,131,132,166,167,168,169,172,212,231,306,332,333,334,335,336,337,338,339,340,341,342,343,344,371,400,401,402,529,530,531,532,533,534,535,536,603,604,605,606,607,
138;0;2511;2515;0;0,1,2,3,4,5,6,7,8,9,10,11,12,13,14,15,16,17,18,25,26,69,76,81,82,83,84,85,86,87,88,89,90,91,92,93,94,95,96,97,131,132,166,167,168,169,172,212,231,306,332,333,334,335,336,337,338,339,340,341,342,343,344,371,400,401,402,529,530,531,532,533,534,535,536,603,604,605,606,607,
12;0;2515;2556;1;0,1,2,3,4,5,6,7,8,9,10,11,12,13,14,15,16,17,18,25,26,69,76,81,82,83,84,85,86,87,88,89,90,91,92,93,94,95,96,97,131,132,166,167,168,169,172,212,231,306,332,333,334,335,336,337,338,339,340,341,342,343,344,371,400,401,402,529,530,531,532,533,534,535,536,603,604,605,606,607,
174;0;2556;2601;0;0,1,2,3,4,5,6,7,8,9,10,11,12,13,14,15,16,17,18,25,26,69,76,81,82,83,84,85,86,87,88,89,90,91,92,93,94,95,96,97,131,132,166,167,168,169,172,212,231,306,332,333,334,335,336,337,338,339,340,341,342,343,344,371,400,401,402,529,530,531,532,533,534,535,536,603,604,605,606,607,
83;0;2601;2640;0;0,1,2,3,4,5,6,7,8,9,10,11,12,13,14,15,16,17,18,25,26,69,76,81,82,83,84,85,86,87,88,89,90,91,92,93,94,95,96,97,131,132,166,167,168,169,172,212,231,306,332,333,334,335,336,337,338,339,340,341,342,343,344,371,400,401,402,529,530,531,532,533,534,535,536,603,604,605,606,607,
83;1;2640;2694;0;0,1,2,3,4,5,6,7,8,9,10,11,12,13,14,15,16,17,18,25,26,69,76,81,82,83,84,85,86,87,88,89,90,91,92,93,94,95,96,97,131,132,166,167,168,169,172,212,231,306,332,333,334,335,336,337,338,339,340,341,342,343,344,371,400,401,402,529,530,531,532,533,534,535,536,603,604,605,606,607,
73;0;2694;2756;1;0,1,2,3,4,5,6,7,8,9,10,11,12,13,14,15,16,17,18,25,26,69,76,81,82,83,84,85,86,87,88,89,90,91,92,93,94,95,96,97,131,132,166,167,168,169,172,212,231,306,332,333,334,335,336,337,338,339,340,341,342,343,344,371,400,401,402,529,530,531,532,533,534,535,536,603,604,605,606,607,
73;1;2756;2924;1;0,1,2,3,4,5,6,7,8,9,10,11,12,13,14,15,16,17,18,25,26,69,76,81,82,83,84,85,86,87,88,89,90,91,92,93,94,95,96,97,131,132,166,167,168,169,172,212,231,306,332,333,334,335,336,337,338,339,340,341,342,343,344,371,400,401,402,529,530,531,532,533,534,535,536,603,604,605,606,607,
70;0;2924;2928;0;0,1,2,3,4,5,6,7,8,9,10,11,12,13,14,15,16,17,18,25,26,69,76,81,82,83,84,85,86,87,88,89,90,91,92,93,94,95,96,97,131,132,166,167,168,169,172,212,231,306,332,333,334,335,336,337,338,339,340,341,342,343,344,371,400,401,402,529,530,531,532,533,534,535,536,603,604,605,606,607,
182;0;2928;2981;0;0,1,2,3,4,5,6,7,8,9,10,11,12,13,14,15,16,17,18,25,26,69,76,81,82,83,84,85,86,87,88,89,90,91,92,93,94,95,96,97,131,132,166,167,168,169,172,212,231,306,332,333,334,335,336,337,338,339,340,341,342,343,344,371,400,401,402,529,530,531,532,533,534,535,536,603,604,605,606,607,
158;0;2981;3035;0;0,1,2,3,4,5,6,7,8,9,10,11,12,13,14,15,16,17,18,25,26,69,76,81,82,83,84,85,86,87,88,89,90,91,92,93,94,95,96,97,131,132,166,167,168,169,172,212,231,306,332,333,334,335,336,337,338,339,340,341,342,343,344,371,400,401,402,529,530,531,532,533,534,535,536,603,604,605,606,607,
186;0;3035;3089;0;0,1,2,3,4,5,6,7,8,9,10,11,12,13,14,15,16,17,18,25,26,69,76,81,82,83,84,85,86,87,88,89,90,91,92,93,94,95,96,97,131,132,166,167,168,169,172,212,231,306,332,333,334,335,336,337,338,339,340,341,342,343,344,371,400,401,402,529,530,531,532,533,534,535,536,603,604,605,606,607,
130;0;3089;3142;0;0,1,2,3,4,5,6,7,8,9,10,11,12,13,14,15,16,17,18,25,26,69,76,81,82,83,84,85,86,87,88,89,90,91,92,93,94,95,96,97,131,132,166,167,168,169,172,212,231,306,332,333,334,335,336,337,338,339,340,341,342,343,344,371,400,401,402,529,530,531,532,533,534,535,536,603,604,605,606,607,
0;0;3142;3219;1;0,1,2,3,4,5,6,7,8,9,10,11,12,13,14,15,16,17,18,25,26,69,76,81,82,83,84,85,86,87,88,89,90,91,92,93,94,95,96,97,131,132,166,167,168,169,172,212,231,306,332,333,334,335,336,337,338,339,340,341,342,343,344,371,400,401,402,529,530,531,532,533,534,535,536,603,604,605,606,607,
0;1;3219;3287;1;0,1,2,3,4,5,6,7,8,9,10,11,12,13,14,15,16,17,18,25,26,69,76,81,82,83,84,85,86,87,88,89,90,91,92,93,94,95,96,97,131,132,166,167,168,169,172,212,231,306,332,333,334,335,336,337,338,339,340,341,342,343,344,371,400,401,402,529,530,531,532,533,534,535,536,603,604,605,606,607,
120;0;3287;3291;1;0,1,2,3,4,5,6,7,8,9,10,11,12,13,14,15,16,17,18,25,26,69,76,81,82,83,84,85,86,87,88,89,90,91,92,93,94,95,96,97,131,132,166,167,168,169,172,212,231,306,332,333,334,335,336,337,338,339,340,341,342,343,344,371,400,401,402,529,530,531,532,533,534,535,536,603,604,605,606,607,
164;0;3291;3459;1;0,1,2,3,4,5,6,7,8,9,10,11,12,13,14,15,16,17,18,25,26,69,76,81,82,83,84,85,86,87,88,89,90,91,92,93,94,95,96,97,131,132,166,167,168,169,172,212,231,306,332,333,334,335,336,337,338,339,340,341,342,343,344,371,400,401,402,529,530,531,532,533,534,535,536,603,604,605,606,607,
59;0;3459;3491;0;0,1,2,3,4,5,6,7,8,9,10,11,12,13,14,15,16,17,18,25,26,69,76,81,82,83,84,85,86,87,88,89,90,91,92,93,94,95,96,97,131,132,166,167,168,169,172,212,231,306,332,333,334,335,336,337,338,339,340,341,342,343,344,371,400,401,402,529,530,531,532,533,534,535,536,603,604,605,606,607,
59;1;3491;3536;0;0,1,2,3,4,5,6,7,8,9,10,11,12,13,14,15,16,17,18,25,26,69,76,81,82,83,84,85,86,87,88,89,90,91,92,93,94,95,96,97,131,132,166,167,168,169,172,212,231,306,332,333,334,335,336,337,338,339,340,341,342,343,344,371,400,401,402,529,530,531,532,533,534,535,536,603,604,605,606,607,
5;0;3536;3622;1;3,4,5,14,16,18,25,26,52,53,54,55,56,57,58,59,60,61,62,63,64,65,66,67,68,69,76,81,82,83,84,85,86,87,88,89,90,91,92,93,94,95,96,97,123,131,132,166,167,168,169,172,231,274,322,323,324,325,326,327,328,329,330,331,332,333,334,335,336,337,529,530,531,532,533,534,535,612,613,614,
5;1;3622;3769;1;3,4,5,14,16,18,25,26,52,53,54,55,56,57,58,59,60,61,62,63,64,65,66,67,68,69,76,81,82,83,84,85,86,87,88,89,90,91,92,93,94,95,96,97,123,131,132,166,167,168,169,172,231,274,322,323,324,325,326,327,328,329,330,331,332,333,334,335,336,337,529,530,531,532,533,534,535,612,613,614,
29;0;3769;3789;1;3,4,5,14,16,18,25,26,52,53,54,55,56,57,58,59,60,61,62,63,64,65,66,67,68,69,76,81,82,83,84,85,86,87,88,89,90,91,92,93,94,95,96,97,123,131,132,166,167,168,169,172,231,274,322,323,324,325,326,327,328,329,330,331,332,333,334,335,336,337,529,530,531,532,533,534,535,612,613,614,
29;1;3789;3954;1;3,4,5,14,16,18,25,26,52,53,54,55,56,57,58,59,60,61,62,63,64,65,66,67,68,69,76,81,82,83,84,85,86,87,88,89,90,91,92,93,94,95,96,97,123,131,132,166,167,168,169,172,231,274,322,323,324,325,326,327,328,329,330,331,332,333,334,335,336,337,529,530,531,532,533,534,535,612,613,614,
218;0;3954;4008;0;3,4,5,14,16,18,25,26,52,53,54,55,56,57,58,59,60,61,62,63,64,65,66,67,68,69,76,81,82,83,84,85,86,87,88,89,90,91,92,93,94,95,96,97,123,131,132,166,167,168,169,172,231,274,322,323,324,325,326,327,328,329,330,331,332,333,334,335,336,337,529,530,531,532,533,534,535,612,613,614,
76;0;4008;4053;1;3,4,5,14,16,18,25,26,52,53,54,55,56,57,58,59,60,61,62,63,64,65,66,67,68,69,76,81,82,83,84,85,86,87,88,89,90,91,92,93,94,95,96,97,123,131,132,166,167,168,169,172,231,274,322,323,324,325,326,327,328,329,330,331,332,333,334,335,336,337,529,530,531,532,533,534,535,612,613,614,
152;0;4053;4071;1;3,4,5,14,16,18,25,26,52,53,54,55,56,57,58,59,60,61,62,63,64,65,66,67,68,69,76,81,82,83,84,85,86,87,88,89,90,91,92,93,94,95,96,97,123,131,132,166,167,168,169,172,231,274,322,323,324,325,326,327,328,329,330,331,332,333,334,335,336,337,529,530,531,532,533,534,535,612,613,614,
148;0;4071;4125;1;3,4,5,14,16,18,25,26,52,53,54,55,56,57,58,59,60,61,62,63,64,65,66,67,68,69,76,81,82,83,84,85,86,87,88,89,90,91,92,93,94,95,96,97,123,131,132,166,167,168,169,172,231,274,322,323,324,325,326,327,328,329,330,331,332,333,334,335,336,337,529,530,531,532,533,534,535,612,613,614,
25;0;4125;4235;1;3,4,5,14,16,18,25,26,52,53,54,55,56,57,58,59,60,61,62,63,64,65,66,67,68,69,76,81,82,83,84,85,86,87,88,89,90,91,92,93,94,95,96,97,123,131,132,166,167,168,169,172,231,274,322,323,324,325,326,327,328,329,330,331,332,333,334,335,336,337,529,530,531,532,533,534,535,612,613,614,
25;1;4235;4365;1;3,4,5,14,16,18,25,26,52,53,54,55,56,57,58,59,60,61,62,63,64,65,66,67,68,69,76,81,82,83,84,85,86,87,88,89,90,91,92,93,94,95,96,97,123,131,132,166,167,168,169,172,231,274,322,323,324,325,326,327,328,329,330,331,332,333,334,335,336,337,529,530,531,532,533,534,535,612,613,614,
80;0;4365;4381;1;4,5,14,16,25,26,52,53,54,55,56,57,58,59,60,61,62,63,64,65,66,67,68,69,76,86,88,89,98,110,111,112,115,123,129,131,132,166,167,168,169,172,250,264,269,271,274,282,287,288,292,299,323,332,333,334,335,337,345,346,347,348,349,350,351,352,353,354,355,356,357,358,359,360,361,362,535,612,613,614,
188;0;4381;4495;1;4,5,14,16,25,26,52,53,54,55,56,57,58,59,60,61,62,63,64,65,66,67,68,69,76,86,88,89,98,110,111,112,115,123,129,131,132,166,167,168,169,172,250,264,269,271,274,282,287,288,292,299,323,332,333,334,335,337,345,346,347,348,349,350,351,352,353,354,355,356,357,358,359,360,361,362,535,612,613,614,
161;0;4495;4656;1;4,5,14,16,25,26,52,53,54,55,56,57,58,59,60,69,76,86,88,98,110,111,112,115,123,129,131,132,166,167,168,169,172,250,264,269,271,274,282,287,288,292,299,323,332,333,334,335,337,345,346,347,348,349,350,351,352,353,354,355,356,357,358,359,360,361,362,422,458,535,572,573,574,575,576,577,578,612,613,614,
161;1;4656;4717;1;4,5,14,16,25,26,52,53,54,55,56,57,58,59,60,69,76,86,88,98,110,111,112,115,123,129,131,132,166,167,168,169,172,250,264,269,271,274,282,287,288,292,299,323,332,333,334,335,337,345,346,347,348,349,350,351,352,353,354,355,356,357,358,359,360,361,362,422,458,535,572,573,574,575,576,577,578,612,613,614,
131;0;4717;4756;0;4,5,14,16,25,26,52,53,54,55,56,57,58,59,60,69,76,86,88,98,110,111,112,115,123,129,131,132,166,167,168,169,172,250,264,269,271,274,282,287,288,292,299,323,332,333,334,335,337,345,346,347,348,349,350,351,352,353,354,355,356,357,358,359,360,361,362,422,458,535,572,573,574,575,576,577,578,612,613,614,
131;1;4756;4886;0;4,5,14,16,25,26,52,53,54,55,56,57,58,59,60,69,76,86,88,98,110,111,112,115,123,129,131,132,166,167,168,169,172,250,264,269,271,274,282,287,288,292,299,323,332,333,334,335,337,345,346,347,348,349,350,351,352,353,354,355,356,357,358,359,360,361,362,422,458,535,572,573,574,575,576,577,578,612,613,614,
224;0;4886;4902;1;4,5,14,16,25,26,52,53,54,55,56,57,58,59,60,69,76,86,88,98,110,111,112,115,123,129,131,132,166,167,168,169,172,250,264,269,271,274,282,287,288,292,299,323,332,333,334,335,337,345,346,347,348,349,350,351,352,353,354,355,356,357,358,359,360,361,362,422,458,535,572,573,574,575,576,577,578,612,613,614,
37;0;4902;4934;1;4,5,14,16,25,26,52,53,54,55,56,57,58,59,60,69,76,86,88,98,110,111,112,115,123,129,131,132,166,167,168,169,172,250,264,269,271,274,282,287,288,292,299,323,332,333,334,335,337,345,346,347,348,349,350,351,352,353,354,355,356,357,358,359,360,361,362,422,458,535,572,573,574,575,576,577,578,612,613,614,
37;1;4934;4950;1;4,5,14,16,25,26,52,53,54,55,56,57,58,59,60,69,76,86,88,98,110,111,112,115,123,129,131,132,166,167,168,169,172,250,264,269,271,274,282,287,288,292,299,323,332,333,334,335,337,345,346,347,348,349,350,351,352,353,354,355,356,357,358,359,360,361,362,422,458,535,572,573,574,575,576,577,578,612,613,614,
249;0;4950;5019;1;4,5,14,16,25,26,52,53,54,55,56,57,58,59,60,69,76,86,88,98,110,111,112,115,123,129,131,132,166,167,168,169,172,250,264,269,271,274,282,287,288,292,299,323,332,333,334,335,337,345,346,347,348,349,350,351,352,353,354,355,356,357,358,359,360,361,362,422,458,535,572,573,574,575,576,577,578,612,613,614,
249;1;5019;5037;1;4,5,14,16,25,26,52,53,54,55,56,57,58,59,60,69,76,86,88,98,110,111,112,115,123,129,131,132,166,167,168,169,172,250,264,269,271,274,282,287,288,292,299,323,332,333,334,335,337,345,346,347,348,349,350,351,352,353,354,355,356,357,358,359,360,361,362,422,458,535,572,573,574,575,576,577,578,612,613,614,
220;0;5037;5048;1;4,5,14,16,25,26,46,47,48,49,53,55,56,57,58,60,69,70,71,72,73,74,75,76,77,78,79,80,86,88,123,131,132,139,166,167,168,169,170,171,172,212,221,282,288,323,332,333,334,335,337,403,404,422,458,476,535,536,537,538,539,540,541,542,572,573,574,575,576,577,578,612,613,614,615,616,617,618,619,620,
147;0;5048;5125;0;4,5,14,16,25,26,46,47,48,49,53,55,56,57,58,60,69,70,71,72,73,74,75,76,77,78,79,80,86,88,123,131,132,139,166,167,168,169,170,171,172,212,221,282,288,323,332,333,334,335,337,403,404,422,458,476,535,536,537,538,539,540,541,542,572,573,574,575,576,577,578,612,613,614,615,616,617,618,619,620,
147;1;5125;5159;0;4,5,14,16,25,26,46,47,48,49,53,55,56,57,58,60,69,70,71,72,73,74,75,76,77,78,79,80,86,88,123,131,132,139,166,167,168,169,170,171,172,212,221,282,288,323,332,333,334,335,337,403,404,422,458,476,535,536,537,538,539,540,541,542,572,573,574,575,576,577,578,612,613,614,615,616,617,618,619,620,
230;0;5159;5163;0;4,5,14,16,25,26,46,47,48,49,53,55,56,57,58,60,69,70,71,72,73,74,75,76,77,78,79,80,86,88,123,131,132,139,166,167,168,169,170,171,172,212,221,282,288,323,332,333,334,335,337,403,404,422,458,476,535,536,537,538,539,540,541,542,572,573,574,575,576,577,578,612,613,614,615,616,617,618,619,620,
10;0;5163;5197;0;4,5,14,16,25,26,46,47,48,49,53,55,56,57,58,60,69,70,71,72,73,74,75,76,77,78,79,80,86,88,123,131,132,139,166,167,168,169,170,171,172,212,221,282,288,323,332,333,334,335,337,403,404,422,458,476,535,536,537,538,539,540,541,542,572,573,574,575,576,577,578,612,613,614,615,616,617,618,619,620,
246;0;5197;5238;0;4,5,14,16,25,26,46,47,48,49,53,55,56,57,58,60,69,70,71,72,73,74,75,76,77,78,79,80,86,88,123,131,132,139,166,167,168,169,170,171,172,212,221,282,288,323,332,333,334,335,337,403,404,422,458,476,535,536,537,538,539,540,541,542,572,573,574,575,576,577,578,612,613,614,615,616,617,618,619,620,
192;0;5238;5242;1;4,5,14,16,25,26,46,47,48,49,53,55,56,57,58,60,69,70,71,72,73,74,75,76,77,78,79,80,86,88,123,131,132,139,166,167,168,169,170,171,172,212,221,282,288,323,332,333,334,335,337,403,404,422,458,476,535,536,537,538,539,540,541,542,572,573,574,575,576,577,578,612,613,614,615,616,617,618,619,620,
127;0;5242;5380;0;4,5,14,16,25,26,46,47,48,49,53,55,56,57,58,60,69,70,71,72,73,74,75,76,77,78,79,80,86,88,123,131,132,139,166,167,168,169,170,171,172,212,221,282,288,323,332,333,334,335,337,403,404,422,458,476,535,536,537,538,539,540,541,542,572,573,574,575,576,577,578,612,613,614,615,616,617,618,619,620,
127;1;5380;5414;0;4,5,14,16,25,26,46,47,48,49,53,55,56,57,58,60,69,70,71,72,73,74,75,76,77,78,79,80,86,88,123,131,132,139,166,167,168,169,170,171,172,212,221,282,288,323,332,333,334,335,337,403,404,422,458,476,535,536,537,538,539,540,541,542,572,573,574,575,576,577,578,612,613,614,615,616,617,618,619,620,
117;0;5414;5447;1;4,5,14,16,25,26,46,47,48,49,53,55,56,57,58,60,69,70,71,72,73,74,75,76,77,78,79,80,86,88,123,131,132,139,166,167,168,169,170,171,172,212,221,282,288,323,332,333,334,335,337,403,404,422,458,476,535,536,537,538,539,540,541,542,572,573,574,575,576,577,578,612,613,614,615,616,617,618,619,620,
117;1;5447;5458;1;4,5,14,16,25,26,46,47,48,49,53,55,56,57,58,60,69,70,71,72,73,74,75,76,77,78,79,80,86,88,123,131,132,139,166,167,168,169,170,171,172,212,221,282,288,323,332,333,334,335,337,403,404,422,458,476,535,536,537,538,539,540,541,542,572,573,574,575,576,577,578,612,613,614,615,616,617,618,619,620,
239;0;5458;5554;0;4,5,14,16,25,26,46,47,48,49,53,55,56,57,58,60,69,70,71,72,73,74,75,76,77,78,79,80,86,88,123,131,132,139,166,167,168,169,170,171,172,212,221,282,288,323,332,333,334,335,337,403,404,422,458,476,535,536,537,538,539,540,541,542,572,573,574,575,576,577,578,612,613,614,615,616,617,618,619,620,
239;1;5554;5607;0;4,5,14,16,25,26,46,47,48,49,53,55,56,57,58,60,69,70,71,72,73,74,75,76,77,78,79,80,86,88,123,131,132,139,166,167,168,169,170,171,172,212,221,282,288,323,332,333,334,335,337,403,404,422,458,476,535,536,537,538,539,540,541,542,572,573,574,575,576,577,578,612,613,614,615,616,617,618,619,620,
112;0;5607;5757;1;4,5,14,16,25,26,46,47,48,49,53,55,56,57,58,60,69,70,71,72,73,74,75,76,77,78,79,80,86,88,123,131,132,139,166,167,168,169,170,171,172,212,221,282,288,323,332,333,334,335,337,403,404,422,458,476,535,536,537,538,539,540,541,542,572,573,574,575,576,577,578,612,613,614,615,616,617,618,619,620,
86;0;5757;5807;0;4,5,14,16,25,26,46,47,48,49,53,55,56,57,58,60,69,70,71,72,73,74,75,76,77,78,79,80,86,88,123,131,132,139,166,167,168,169,170,171,172,212,221,282,288,323,332,333,334,335,337,403,404,422,458,476,535,536,537,538,539,540,541,542,572,573,574,575,576,577,578,612,613,614,615,616,617,618,619,620,
173;0;5807;5846;1;4,5,14,16,25,26,46,47,48,49,53,55,56,57,58,60,69,70,71,72,73,74,75,76,77,78,79,80,86,88,123,131,132,139,166,167,168,169,170,171,172,212,221,282,288,323,332,333,334,335,337,403,404,422,458,476,535,536,537,538,539,540,541,542,572,573,574,575,576,577,578,612,613,614,615,616,617,618,619,620,
173;1;5846;5887;1;4,5,14,16,25,26,46,47,48,49,53,55,56,57,58,60,69,70,71,72,73,74,75,76,77,78,79,80,86,88,123,131,132,139,166,167,168,169,170,171,172,212,221,282,288,323,332,333,334,335,337,403,404,422,458,476,535,536,537,538,539,540,541,542,572,573,574,575,576,577,578,612,613,614,615,616,617,618,619,620,
124;0;5887;6037;1;4,5,14,16,25,26,46,47,48,49,53,55,56,57,58,60,69,70,71,72,73,74,75,76,77,78,79,80,86,88,123,131,132,139,166,167,168,169,170,171,172,212,221,282,288,323,332,333,334,335,337,403,404,422,458,476,535,536,537,538,539,540,541,542,572,573,574,575,576,577,578,612,613,614,615,616,617,618,619,620,
212;0;6037;6151;1;4,5,14,16,25,26,46,47,48,49,53,55,56,57,58,60,69,70,71,72,73,74,75,76,77,78,79,80,86,88,123,131,132,139,166,167,168,169,170,171,172,212,221,282,288,323,332,333,334,335,337,403,404,422,458,476,535,536,537,538,539,540,541,542,572,573,574,575,576,577,578,612,613,614,615,616,617,618,619,620,
2;0;6151;6162;1;4,5,14,16,25,26,46,47,48,49,53,55,56,57,58,60,69,70,71,72,73,74,75,76,77,78,79,80,86,88,123,131,132,139,166,167,168,169,170,171,172,212,221,282,288,323,332,333,334,335,337,403,404,422,458,476,535,536,537,538,539,540,541,542,572,573,574,575,576,577,578,612,613,614,615,616,617,618,619,620,
118;0;6162;6223;0;4,5,14,16,25,26,46,47,48,49,53,55,56,57,58,60,69,70,71,72,73,74,75,76,77,78,79,80,86,88,123,131,132,139,166,167,168,169,170,171,172,212,221,282,288,323,332,333,334,335,337,403,404,422,458,476,535,536,537,538,539,540,541,542,572,573,574,575,576,577,578,612,613,614,615,616,617,618,619,620,
97;0;6223;6315;1;4,5,14,16,25,26,46,47,48,49,53,55,56,57,58,60,69,70,71,72,73,74,75,76,77,78,79,80,86,88,123,131,132,139,166,167,168,169,170,171,172,212,221,282,288,323,332,333,334,335,337,403,404,422,458,476,535,536,537,538,539,540,541,542,572,573,574,575,576,577,578,612,613,614,615,616,617,618,619,620,
97;1;6315;6465;1;4,5,14,16,25,26,46,47,48,49,53,55,56,57,58,60,69,70,71,72,73,74,75,76,77,78,79,80,86,88,123,131,132,139,166,167,168,169,170,171,172,212,221,282,288,323,332,333,334,335,337,403,404,422,458,476,535,536,537,538,539,540,541,542,572,573,574,575,576,577,578,612,613,614,615,616,617,618,619,620,
101;0;6465;6471;1;16,25,26,46,47,48,49,53,55,56,57,58,60,69,70,71,72,73,74,75,76,77,123,131,132,172,212,282,288,323,332,333,334,335,363,381,382,383,403,404,458,476,480,481,482,483,484,485,486,487,545,546,547,548,549,550,551,552,553,554,555,556,557,558,559,560,561,562,563,564,565,566,567,568,569,570,571,612,613,614,
101;1;6471;6488;1;16,25,26,46,47,48,49,53,55,56,57,58,60,69,70,71,72,73,74,75,76,77,123,131,132,172,212,282,288,323,332,333,334,335,363,381,382,383,403,404,458,476,480,481,482,483,484,485,486,487,545,546,547,548,549,550,551,552,553,554,555,556,557,558,559,560,561,562,563,564,565,566,567,568,569,570,571,612,613,614,
180;0;6488;6577;1;16,25,26,46,47,48,49,53,55,56,57,58,60,69,70,71,72,73,74,75,76,77,123,131,132,172,212,282,288,323,332,333,334,335,363,381,382,383,403,404,458,476,480,481,482,483,484,485,486,487,545,546,547,548,549,550,551,552,553,554,555,556,557,558,559,560,561,562,563,564,565,566,567,568,569,570,571,612,613,614,
103;0;6577;6701;0;16,25,26,46,47,48,49,53,55,56,57,58,60,69,70,71,72,73,74,75,76,77,123,131,132,172,212,282,288,323,332,333,334,335,363,381,382,383,403,404,458,476,480,481,482,483,484,485,486,487,545,546,547,548,549,550,551,552,553,554,555,556,557,558,559,560,561,562,563,564,565,566,567,568,569,570,571,612,613,614,
103;1;6701;6742;0;16,25,26,46,47,48,49,53,55,56,57,58,60,69,70,71,72,73,74,75,76,77,123,131,132,172,212,282,288,323,332,333,334,335,363,381,382,383,403,404,458,476,480,481,482,483,484,485,486,487,545,546,547,548,549,550,551,552,553,554,555,556,557,558,559,560,561,562,563,564,565,566,567,568,569,570,571,612,613,614,
84;0;6742;6753;1;16,25,26,46,47,48,49,53,55,56,57,58,60,69,70,71,72,73,74,75,76,77,123,131,132,172,212,282,288,323,332,333,334,335,363,381,382,383,403,404,458,476,480,481,482,483,484,485,486,487,545,546,547,548,549,550,551,552,553,554,555,556,557,558,559,560,561,562,563,564,565,566,567,568,569,570,571,612,613,614,
93;0;6753;6786;1;16,25,26,46,47,48,49,53,55,56,57,58,60,69,70,71,72,73,74,75,76,77,123,131,132,172,212,282,288,323,332,333,334,335,363,381,382,383,403,404,458,476,480,481,482,483,484,485,486,487,545,546,547,548,549,550,551,552,553,554,555,556,557,558,559,560,561,562,563,564,565,566,567,568,569,570,571,612,613,614,
93;1;6786;6839;1;16,25,26,46,47,48,49,53,55,56,57,58,60,69,70,71,72,73,74,75,76,77,123,131,132,172,212,282,288,323,332,333,334,335,363,381,382,383,403,404,458,476,480,481,482,483,484,485,486,487,545,546,547,548,549,550,551,552,553,554,555,556,557,558,559,560,561,562,563,564,565,566,567,568,569,570,571,612,613,614,
19;0;6839;6940;0;16,25,26,46,47,48,49,53,55,56,57,58,60,69,70,71,72,73,74,75,76,77,123,131,132,172,212,282,288,323,332,333,334,335,363,381,382,383,403,404,458,476,480,481,482,483,484,485,486,487,545,546,547,548,549,550,551,552,553,554,555,556,557,558,559,560,561,562,563,564,565,566,567,568,569,570,571,612,613,614,
19;1;6940;6951;0;16,25,26,46,47,48,49,53,55,56,57,58,60,69,70,71,72,73,74,75,76,77,123,131,132,172,212,282,288,323,332,333,334,335,363,381,382,383,403,404,458,476,480,481,482,483,484,485,486,487,545,546,547,548,549,550,551,552,553,554,555,556,557,558,559,560,561,562,563,564,565,566,567,568,569,570,571,612,613,614,
165;0;6951;7034;1;16,25,26,46,47,48,49,53,55,56,57,58,60,69,70,71,72,73,74,75,76,77,123,131,132,172,212,282,288,323,332,333,334,335,363,381,382,383,403,404,458,476,480,481,482,483,484,485,486,487,545,546,547,548,549,550,551,552,553,554,555,556,557,558,559,560,561,562,563,564,565,566,567,568,569,570,571,612,613,614,
165;1;7034;7045;1;16,25,26,46,47,48,49,53,55,56,57,58,60,69,70,71,72,73,74,75,76,77,123,131,132,172,212,282,288,323,332,333,334,335,363,381,382,383,403,404,458,476,480,481,482,483,484,485,486,487,545,546,547,548,549,550,551,552,553,554,555,556,557,558,559,560,561,562,563,564,565,566,567,568,569,570,571,612,613,614,
75;0;7045;7155;0;16,25,26,46,47,48,49,53,55,56,57,58,60,69,70,71,72,73,74,75,76,77,123,131,132,172,212,282,288,323,332,333,334,335,363,381,382,383,403,404,458,476,480,481,482,483,484,485,486,487,545,546,547,548,549,550,551,552,553,554,555,556,557,558,559,560,561,562,563,564,565,566,567,568,569,570,571,612,613,614,
75;1;7155;7166;0;16,25,26,46,47,48,49,53,55,56,57,58,60,69,70,71,72,73,74,75,76,77,123,131,132,172,212,282,288,323,332,333,334,335,363,381,382,383,403,404,458,476,480,481,482,483,484,485,486,487,545,546,547,548,549,550,551,552,553,554,555,556,557,558,559,560,561,562,563,564,565,566,567,568,569,570,571,612,613,614,
42;0;7166;7207;0;16,25,26,46,47,48,49,53,55,56,57,58,60,69,70,71,72,73,74,75,76,77,123,131,132,172,212,282,288,323,332,333,334,335,363,381,382,383,403,404,458,476,480,481,482,483,484,485,486,487,545,546,547,548,549,550,551,552,553,554,555,556,557,558,559,560,561,562,563,564,565,566,567,568,569,570,571,612,613,614,
232;0;7207;7246;1;16,19,20,21,22,23,24,25,26,27,28,29,30,31,32,33,34,35,36,37,38,39,40,41,42,43,44,45,53,55,56,57,58,60,131,132,172,212,282,288,332,333,363,381,382,383,403,404,458,476,545,546,547,548,549,550,551,552,553,554,555,556,557,558,559,560,561,562,563,564,565,566,567,568,569,570,571,612,613,614,
114;0;7246;7285;0;16,19,20,21,22,23,24,25,26,27,28,29,30,31,32,33,34,35,36,37,38,39,40,41,42,43,44,45,53,55,56,57,58,60,131,132,172,212,282,288,332,333,363,381,382,383,403,404,458,476,545,546,547,548,549,550,551,552,553,554,555,556,557,558,559,560,561,562,563,564,565,566,567,568,569,570,571,612,613,614,
85;0;7285;7460;1;16,19,20,21,22,23,24,25,26,27,28,29,30,31,32,33,34,35,36,37,38,39,40,41,42,43,44,45,53,55,56,57,58,60,131,132,172,212,282,288,332,333,363,381,382,383,403,404,458,476,545,546,547,548,549,550,551,552,553,554,555,556,557,558,559,560,561,562,563,564,565,566,567,568,569,570,571,612,613,614,
85;1;7460;7501;1;16,19,20,21,22,23,24,25,26,27,28,29,30,31,32,33,34,35,36,37,38,39,40,41,42,43,44,45,53,55,56,57,58,60,131,132,172,212,282,288,332,333,363,381,382,383,403,404,458,476,545,546,547,548,549,550,551,552,553,554,555,556,557,558,559,560,561,562,563,564,565,566,567,568,569,570,571,612,613,614,
245;0;7501;7537;1;16,19,20,21,22,23,24,25,26,27,28,29,30,31,32,33,34,35,36,37,38,39,40,41,42,43,44,45,53,55,56,57,58,60,131,132,172,212,282,288,332,333,363,381,382,383,403,404,458,476,545,546,547,548,549,550,551,552,553,554,555,556,557,558,559,560,561,562,563,564,565,566,567,568,569,570,571,612,613,614,
245;1;7537;7554;1;16,19,20,21,22,23,24,25,26,27,28,29,30,31,32,33,34,35,36,37,38,39,40,41,42,43,44,45,53,55,56,57,58,60,131,132,172,212,282,288,332,333,363,381,382,383,403,404,458,476,545,546,547,548,549,550,551,552,553,554,555,556,557,558,559,560,561,562,563,564,565,566,567,568,569,570,571,612,613,614,
129;0;7554;7695;1;16,19,20,21,22,23,24,25,26,27,28,29,30,31,32,33,34,35,36,37,38,39,40,41,42,43,44,45,53,55,56,57,58,60,131,132,172,212,282,288,332,333,363,381,382,383,403,404,458,476,545,546,547,548,549,550,551,552,553,554,555,556,557,558,559,560,561,562,563,564,565,566,567,568,569,570,571,612,613,614,
129;1;7695;7748;1;16,19,20,21,22,23,24,25,26,27,28,29,30,31,32,33,34,35,36,37,38,39,40,41,42,43,44,45,53,55,56,57,58,60,131,132,172,212,282,288,332,333,363,381,382,383,403,404,458,476,545,546,547,548,549,550,551,552,553,554,555,556,557,558,559,560,561,562,563,564,565,566,567,568,569,570,571,612,613,614,
204;0;7748;7837;1;16,19,20,21,22,23,24,25,26,27,28,29,30,31,32,33,34,35,36,37,38,39,40,41,42,43,44,45,53,55,56,57,58,60,131,132,172,212,282,288,332,333,363,381,382,383,403,404,458,476,545,546,547,548,549,550,551,552,553,554,555,556,557,558,559,560,561,562,563,564,565,566,567,568,569,570,571,612,613,614,
99;0;7837;7874;0;16,19,20,21,22,23,24,25,26,27,28,29,30,31,32,33,34,35,36,37,38,39,40,41,42,43,44,45,50,51,53,55,56,57,58,60,131,132,172,205,212,282,288,306,307,308,309,318,363,369,370,371,372,373,374,375,376,377,378,379,380,381,382,383,384,545,546,547,548,549,550,551,552,553,554,555,556,612,613,614,
99;1;7874;7966;0;16,19,20,21,22,23,24,25,26,27,28,29,30,31,32,33,34,35,36,37,38,39,40,41,42,43,44,45,50,51,53,55,56,57,58,60,131,132,172,205,212,282,288,306,307,308,309,318,363,369,370,371,372,373,374,375,376,377,378,379,380,381,382,383,384,545,546,547,548,549,550,551,552,553,554,555,556,612,613,614,
105;0;7966;8136;1;16,19,20,21,22,23,24,25,26,27,28,29,30,31,32,33,34,35,36,37,38,39,40,41,42,43,44,45,50,51,53,55,56,57,58,60,131,132,172,205,212,282,288,306,307,308,309,318,363,369,370,371,372,373,374,375,376,377,378,379,380,381,382,383,384,545,546,547,548,549,550,551,552,553,554,555,556,612,613,614,
105;1;8136;8225;1;16,19,20,21,22,23,24,25,26,27,28,29,30,31,32,33,34,35,36,37,38,39,40,41,42,43,44,45,50,51,53,55,56,57,58,60,131,132,172,205,212,282,288,306,307,308,309,318,363,369,370,371,372,373,374,375,376,377,378,379,380,381,382,383,384,545,546,547,548,549,550,551,552,553,554,555,556,612,613,614,
1;0;8225;8359;0;16,19,20,21,22,23,24,25,26,27,28,29,30,31,32,33,34,35,36,37,38,39,40,41,42,43,44,45,50,51,53,55,56,57,58,60,131,132,172,205,212,282,288,306,307,308,309,318,363,369,370,371,372,373,374,375,376,377,378,379,380,381,382,383,384,545,546,547,548,549,550,551,552,553,554,555,556,612,613,614,
1;1;8359;8398;0;16,19,20,21,22,23,24,25,26,27,28,29,30,31,32,33,34,35,36,37,38,39,40,41,42,43,44,45,50,51,53,55,56,57,58,60,131,132,172,205,212,282,288,306,307,308,309,318,363,369,370,371,372,373,374,375,376,377,378,379,380,381,382,383,384,545,546,547,548,549,550,551,552,553,554,555,556,612,613,614,
31;0;8398;8427;0;16,19,20,21,22,23,24,25,26,27,28,29,30,31,32,33,34,35,36,37,38,39,40,41,42,43,44,45,50,51,53,55,56,57,58,60,131,132,172,205,212,282,288,306,307,308,309,318,363,369,370,371,372,373,374,375,376,377,378,379,380,381,382,383,384,545,546,547,548,549,550,551,552,553,554,555,556,612,613,614,
31;1;8427;8455;0;16,19,20,21,22,23,24,25,26,27,28,29,30,31,32,33,34,35,36,37,38,39,40,41,42,43,44,45,50,51,53,55,56,57,58,60,131,132,172,205,212,282,288,306,307,308,309,318,363,369,370,371,372,373,374,375,376,377,378,379,380,381,382,383,384,545,546,547,548,549,550,551,552,553,554,555,556,612,613,614,
3;0;8455;8497;0;16,19,20,21,22,23,24,25,26,27,28,29,30,31,32,33,34,35,36,37,38,39,40,41,42,43,44,45,50,51,53,55,56,57,58,60,131,132,172,205,212,282,288,306,307,308,309,318,363,369,370,371,372,373,374,375,376,377,378,379,380,381,382,383,384,545,546,547,548,549,550,551,552,553,554,555,556,612,613,614,
3;1;8497;8525;0;16,19,20,21,22,23,24,25,26,27,28,29,30,31,32,33,34,35,36,37,38,39,40,41,42,43,44,45,50,51,53,55,56,57,58,60,131,132,172,205,212,282,288,306,307,308,309,318,363,369,370,371,372,373,374,375,376,377,378,379,380,381,382,383,384,545,546,547,548,549,550,551,552,553,554,555,556,612,613,614,
221;0;8525;8683;1;16,19,20,21,22,23,24,25,26,27,28,29,30,31,32,33,34,35,36,37,38,39,40,41,42,43,44,45,50,51,53,55,56,57,58,60,131,132,172,205,212,282,288,306,307,308,309,318,363,369,370,371,372,373,374,375,376,377,378,379,380,381,382,383,384,545,546,547,548,549,550,551,552,553,554,555,556,612,613,614,
221;1;8683;8701;1;16,19,20,21,22,23,24,25,26,27,28,29,30,31,32,33,34,35,36,37,38,39,40,41,42,43,44,45,50,51,53,55,56,57,58,60,131,132,172,205,212,282,288,306,307,308,309,318,363,369,370,371,372,373,374,375,376,377,378,379,380,381,382,383,384,545,546,547,548,549,550,551,552,553,554,555,556,612,613,614,
24;0;8701;8802;1;16,19,20,21,22,23,24,25,26,27,28,29,30,31,32,33,34,35,36,37,38,39,40,41,42,43,44,45,50,51,53,55,56,57,58,60,131,132,172,205,212,282,288,306,307,308,309,318,363,369,370,371,372,373,374,375,376,377,378,379,380,381,382,383,384,545,546,547,548,549,550,551,552,553,554,555,556,612,613,614,
57;0;8802;8976;1;16,19,20,21,22,23,24,25,26,27,28,29,30,31,32,33,34,35,36,37,38,39,40,41,42,43,44,45,50,51,53,55,56,57,58,60,131,132,172,205,212,282,288,306,307,308,309,318,363,369,370,371,372,373,374,375,376,377,378,379,380,381,382,383,384,545,546,547,548,549,550,551,552,553,554,555,556,612,613,614,
57;1;8976;9077;1;16,19,20,21,22,23,24,25,26,27,28,29,30,31,32,33,34,35,36,37,38,39,40,41,42,43,44,45,50,51,53,55,56,57,58,60,131,132,172,205,212,282,288,306,307,308,309,318,363,369,370,371,372,373,374,375,376,377,378,379,380,381,382,383,384,545,546,547,548,549,550,551,552,553,554,555,556,612,613,614,
28;0;9077;9105;1;16,19,20,21,22,23,24,25,26,27,28,29,30,31,32,33,34,35,36,37,38,39,40,41,42,43,44,45,50,51,53,55,56,57,58,60,131,132,172,205,212,282,288,306,307,308,309,318,363,369,370,371,372,373,374,375,376,377,378,379,380,381,382,383,384,545,546,547,548,549,550,551,552,553,554,555,556,612,613,614,
226;0;9105;9133;0;16,19,20,21,22,23,24,25,26,27,28,29,30,31,32,33,34,35,36,37,38,39,40,41,42,43,44,45,50,51,53,55,56,57,58,60,131,132,172,205,212,282,288,306,307,308,309,318,363,369,370,371,372,373,374,375,376,377,378,379,380,381,382,383,384,545,546,547,548,549,550,551,552,553,554,555,556,612,613,614,
23;0;9133;9195;0;16,19,20,21,22,23,24,25,26,27,28,29,30,31,32,33,34,35,36,37,38,39,40,41,42,43,44,45,50,51,53,55,56,57,58,60,131,132,172,205,212,282,288,306,307,308,309,318,363,369,370,371,372,373,374,375,376,377,378,379,380,381,382,383,384,545,546,547,548,549,550,551,552,553,554,555,556,612,613,614,
23;1;9195;9236;0;16,19,20,21,22,23,24,25,26,27,28,29,30,31,32,33,34,35,36,37,38,39,40,41,42,43,44,45,50,51,53,55,56,57,58,60,131,132,172,205,212,282,288,306,307,308,309,318,363,369,370,371,372,373,374,375,376,377,378,379,380,381,382,383,384,545,546,547,548,549,550,551,552,553,554,555,556,612,613,614,
90;0;9236;9264;0;16,19,20,21,22,23,24,25,26,27,28,29,30,31,32,33,34,35,36,37,38,39,40,41,42,43,44,45,50,51,53,55,56,57,58,60,131,132,172,205,212,282,288,306,307,308,309,318,363,369,370,371,372,373,374,375,376,377,378,379,380,381,382,383,384,545,546,547,548,549,550,551,552,553,554,555,556,612,613,614,
175;0;9264;9314;0;16,19,20,21,22,23,24,25,26,27,28,29,30,31,32,33,34,35,36,37,38,39,40,41,42,43,44,45,50,51,53,55,56,57,58,60,131,132,172,205,212,282,288,306,307,308,309,318,363,369,370,371,372,373,374,375,376,377,378,379,380,381,382,383,384,545,546,547,548,549,550,551,552,553,554,555,556,612,613,614,
175;1;9314;9353;0;16,19,20,21,22,23,24,25,26,27,28,29,30,31,32,33,34,35,36,37,38,39,40,41,42,43,44,45,50,51,53,55,56,57,58,60,131,132,172,205,212,282,288,306,307,308,309,318,363,369,370,371,372,373,374,375,376,377,378,379,380,381,382,383,384,545,546,547,548,549,550,551,552,553,554,555,556,612,613,614,
119;0;9353;9406;0;16,25,26,52,53,54,55,56,57,58,59,60,61,62,63,64,65,66,67,68,98,110,111,112,115,129,173,174,175,176,177,178,179,205,212,250,264,269,271,274,282,287,288,292,299,306,307,308,309,318,345,346,347,348,349,350,351,352,353,354,355,356,357,358,359,360,361,362,363,545,546,547,548,549,550,551,552,553,554,555,
119;1;9406;9553;0;16,25,26,52,53,54,55,56,57,58,59,60,61,62,63,64,65,66,67,68,98,110,111,112,115,129,173,174,175,176,177,178,179,205,212,250,264,269,271,274,282,287,288,292,299,306,307,308,309,318,345,346,347,348,349,350,351,352,353,354,355,356,357,358,359,360,361,362,363,545,546,547,548,549,550,551,552,553,554,555,
33;0;9553;9602;1;16,25,26,52,53,54,55,56,57,58,59,60,61,62,63,64,65,66,67,68,98,110,111,112,115,129,173,174,175,176,177,178,179,205,212,250,264,269,271,274,282,287,288,292,299,306,307,308,309,318,345,346,347,348,349,350,351,352,353,354,355,356,357,358,359,360,361,362,363,545,546,547,548,549,550,551,552,553,554,555,
33;1;9602;9618;1;16,25,26,52,53,54,55,56,57,58,59,60,61,62,63,64,65,66,67,68,98,110,111,112,115,129,173,174,175,176,177,178,179,205,212,250,264,269,271,274,282,287,288,292,299,306,307,308,309,318,345,346,347,348,349,350,351,352,353,354,355,356,357,358,359,360,361,362,363,545,546,547,548,549,550,551,552,553,554,555,
4;0;9618;9748;1;16,25,26,52,53,54,55,56,57,58,59,60,61,62,63,64,65,66,67,68,98,110,111,112,115,129,173,174,175,176,177,178,179,205,212,250,264,269,271,274,282,287,288,292,299,306,307,308,309,318,345,346,347,348,349,350,351,352,353,354,355,356,357,358,359,360,361,362,363,545,546,547,548,549,550,551,552,553,554,555,
13;0;9748;9825;1;16,25,26,52,53,54,55,56,57,58,59,60,61,62,63,64,65,66,67,68,98,110,111,112,115,129,173,174,175,176,177,178,179,205,212,250,264,269,271,274,282,287,288,292,299,306,307,308,309,318,345,346,347,348,349,350,351,352,353,354,355,356,357,358,359,360,361,362,363,545,546,547,548,549,550,551,552,553,554,555,
13;1;9825;9931;1;16,25,26,52,53,54,55,56,57,58,59,60,61,62,63,64,65,66,67,68,98,110,111,112,115,129,173,174,175,176,177,178,179,205,212,250,264,269,271,274,282,287,288,292,299,306,307,308,309,318,345,346,347,348,349,350,351,352,353,354,355,356,357,358,359,360,361,362,363,545,546,547,548,549,550,551,552,553,554,555,
48;0;9931;10078;1;16,25,26,52,53,54,55,56,57,58,59,60,61,62,63,64,65,66,67,68,98,110,111,112,115,129,173,174,175,176,177,178,179,205,212,250,264,269,271,274,282,287,288,292,299,306,307,308,309,318,345,346,347,348,349,350,351,352,353,354,355,356,357,358,359,360,361,362,363,545,546,547,548,549,550,551,552,553,554,555,
Machine: 1
144;0;0;4;1;0,1,2,3,4,5,6,7,8,9,10,11,12,13,14,15,16,17,18,26,52,53,54,57,58,60,98,110,111,112,128,131,132,133,134,135,137,138,140,189,256,257,258,259,260,261,262,268,269,271,272,275,276,282,294,318,319,320,321,371,385,386,387,388,389,400,401,402,545,546,547,548,549,550,551,552,553,554,555,556,
209;0;4;167;1;0,1,2,3,4,5,6,7,8,9,10,11,12,13,14,15,16,17,18,26,52,53,54,57,58,60,98,110,111,112,128,131,132,133,134,135,137,138,140,189,256,257,258,259,260,261,262,268,269,271,272,275,276,282,294,318,319,320,321,371,385,386,387,388,389,400,401,402,545,546,547,548,549,550,551,552,553,554,555,556,
209;1;167;256;1;0,1,2,3,4,5,6,7,8,9,10,11,12,13,14,15,16,17,18,26,52,53,54,57,58,60,98,110,111,112,128,131,132,133,134,135,137,138,140,189,256,257,258,259,260,261,262,268,269,271,272,275,276,282,294,318,319,320,321,371,385,386,387,388,389,400,401,402,545,546,547,548,549,550,551,552,553,554,555,556,
41;0;256;349;1;0,1,2,3,4,5,6,7,8,9,10,11,12,13,14,15,16,17,18,26,52,53,54,57,58,60,98,110,111,112,128,131,132,133,134,135,137,138,140,189,256,257,258,259,260,261,262,268,269,271,272,275,276,282,294,318,319,320,321,371,385,386,387,388,389,400,401,402,545,546,547,548,549,550,551,552,553,554,555,556,
41;1;349;353;1;0,1,2,3,4,5,6,7,8,9,10,11,12,13,14,15,16,17,18,26,52,53,54,57,58,60,98,110,111,112,128,131,132,133,134,135,137,138,140,189,256,257,258,259,260,261,262,268,269,271,272,275,276,282,294,318,319,320,321,371,385,386,387,388,389,400,401,402,545,546,547,548,549,550,551,552,553,554,555,556,
69;0;353;406;1;0,1,2,3,4,5,6,7,8,9,10,11,12,13,14,15,16,17,18,26,52,53,54,57,58,60,98,110,111,112,128,131,132,133,134,135,137,138,140,189,256,257,258,259,260,261,262,268,269,271,272,275,276,282,294,318,319,320,321,371,385,386,387,388,389,400,401,402,545,546,547,548,549,550,551,552,553,554,555,556,
69;1;406;564;1;0,1,2,3,4,5,6,7,8,9,10,11,12,13,14,15,16,17,18,26,52,53,54,57,58,60,98,110,111,112,128,131,132,133,134,135,137,138,140,189,256,257,258,259,260,261,262,268,269,271,272,275,276,282,294,318,319,320,321,371,385,386,387,388,389,400,401,402,545,546,547,548,549,550,551,552,553,554,555,556,
200;0;564;722;1;0,1,2,3,4,5,6,7,8,9,10,11,12,13,14,15,16,17,18,26,52,53,54,57,58,60,98,110,111,112,128,131,132,133,134,135,137,138,140,189,256,257,258,259,260,261,262,268,269,271,272,275,276,282,294,318,319,320,321,371,385,386,387,388,389,400,401,402,545,546,547,548,549,550,551,552,553,554,555,556,
96;0;722;811;1;0,1,2,3,4,5,6,7,8,9,10,11,12,13,14,15,16,17,18,26,52,53,54,57,58,60,98,110,111,112,128,131,132,133,134,135,137,138,140,189,256,257,258,259,260,261,262,268,269,271,272,275,276,282,294,318,319,320,321,371,385,386,387,388,389,400,401,402,545,546,547,548,549,550,551,552,553,554,555,556,
52;0;811;969;1;0,1,2,3,4,5,6,7,8,9,10,11,12,13,14,15,16,17,18,26,52,53,54,57,58,60,98,110,111,112,128,131,132,133,134,135,137,138,140,189,256,257,258,259,260,261,262,268,269,271,272,275,276,282,294,318,319,320,321,371,385,386,387,388,389,400,401,402,545,546,547,548,549,550,551,552,553,554,555,556,
49;0;969;1129;1;0,1,2,3,4,5,6,7,8,9,10,11,12,13,14,15,16,17,18,26,52,53,54,57,58,60,98,110,111,112,128,131,132,133,134,135,137,138,140,189,256,257,258,259,260,261,262,268,269,271,272,275,276,282,294,318,319,320,321,371,385,386,387,388,389,400,401,402,545,546,547,548,549,550,551,552,553,554,555,556,
49;1;1129;1133;1;0,1,2,3,4,5,6,7,8,9,10,11,12,13,14,15,16,17,18,26,52,53,54,57,58,60,98,110,111,112,128,131,132,133,134,135,137,138,140,189,256,257,258,259,260,261,262,268,269,271,272,275,276,282,294,318,319,320,321,371,385,386,387,388,389,400,401,402,545,546,547,548,549,550,551,552,553,554,555,556,
116;0;1133;1201;1;0,1,2,3,4,5,6,7,8,9,10,11,12,13,14,15,16,17,18,26,52,53,54,57,58,60,98,110,111,112,128,131,132,133,134,135,137,138,140,189,256,257,258,259,260,261,262,268,269,271,272,275,276,282,294,318,319,320,321,371,385,386,387,388,389,400,401,402,545,546,547,548,549,550,551,552,553,554,555,556,
136;0;1201;1225;1;0,1,2,3,4,5,6,7,8,9,10,11,12,13,14,15,16,17,18,26,52,53,54,57,58,60,98,110,111,112,128,131,132,133,134,135,137,138,140,189,256,257,258,259,260,261,262,268,269,271,272,275,276,282,294,318,319,320,321,371,385,386,387,388,389,400,401,402,545,546,547,548,549,550,551,552,553,554,555,556,
227;0;1225;1256;0;0,1,2,3,4,5,6,7,8,9,10,11,12,13,14,15,16,17,18,26,52,53,54,57,58,60,98,110,111,112,128,131,132,133,134,135,137,138,140,189,256,257,258,259,260,261,262,268,269,271,272,275,276,282,294,318,319,320,321,371,385,386,387,388,389,400,401,402,545,546,547,548,549,550,551,552,553,554,555,556,
227;1;1256;1430;0;0,1,2,3,4,5,6,7,8,9,10,11,12,13,14,15,16,17,18,26,52,53,54,57,58,60,98,110,111,112,128,131,132,133,134,135,137,138,140,189,256,257,258,259,260,261,262,268,269,271,272,275,276,282,294,318,319,320,321,371,385,386,387,388,389,400,401,402,545,546,547,548,549,550,551,552,553,554,555,556,
140;0;1430;1519;1;0,1,2,3,4,5,6,7,8,9,10,11,12,13,14,15,16,17,18,26,52,53,54,57,58,60,98,110,111,112,128,131,132,133,134,135,137,138,140,189,256,257,258,259,260,261,262,268,269,271,272,275,276,282,294,318,319,320,321,371,385,386,387,388,389,400,401,402,545,546,547,548,549,550,551,552,553,554,555,556,
169;0;1519;1583;1;0,1,2,3,4,5,6,7,8,9,10,11,12,13,14,15,16,17,18,26,52,53,54,57,58,60,98,110,111,112,128,131,132,133,134,135,137,138,140,189,256,257,258,259,260,261,262,268,269,271,272,275,276,282,294,318,319,320,321,371,385,386,387,388,389,400,401,402,545,546,547,548,549,550,551,552,553,554,555,556,
169;1;1583;1672;1;0,1,2,3,4,5,6,7,8,9,10,11,12,13,14,15,16,17,18,26,52,53,54,57,58,60,98,110,111,112,128,131,132,133,134,135,137,138,140,189,256,257,258,259,260,261,262,268,269,271,272,275,276,282,294,318,319,320,321,371,385,386,387,388,389,400,401,402,545,546,547,548,549,550,551,552,553,554,555,556,
44;0;1672;1802;1;0,1,2,3,4,5,6,7,8,9,10,11,12,13,14,15,16,17,18,26,52,53,54,57,58,60,98,110,111,112,128,131,132,133,134,135,137,138,140,189,256,257,258,259,260,261,262,268,269,271,272,275,276,282,294,318,319,320,321,371,385,386,387,388,389,400,401,402,545,546,547,548,549,550,551,552,553,554,555,556,
81;0;1802;1848;1;0,2,12,15,16,18,26,52,53,54,57,58,60,98,110,111,112,123,128,131,132,133,134,135,137,138,140,189,251,256,257,258,259,260,261,262,268,269,271,272,275,276,280,282,294,312,318,366,371,385,386,387,388,389,507,508,509,510,511,512,513,514,515,516,517,518,519,520,521,522,523,524,525,526,527,528,545,546,547,548,
81;1;1848;2000;1;0,2,12,15,16,18,26,52,53,54,57,58,60,98,110,111,112,123,128,131,132,133,134,135,137,138,140,189,251,256,257,258,259,260,261,262,268,269,271,272,275,276,280,282,294,312,318,366,371,385,386,387,388,389,507,508,509,510,511,512,513,514,515,516,517,518,519,520,521,522,523,524,525,526,527,528,545,546,547,548,
248;0;2000;2025;1;12,18,26,52,53,54,57,58,60,98,99,100,101,102,103,104,105,106,107,108,109,110,111,112,123,128,131,132,133,134,135,137,138,140,189,245,246,247,248,249,250,251,252,253,254,255,256,257,258,259,260,261,262,268,269,271,272,275,276,280,282,294,312,318,366,371,507,508,509,510,511,512,513,514,515,516,517,518,519,520,
17;0;2025;2186;1;12,26,57,98,99,100,101,102,103,104,105,106,107,108,109,110,111,112,113,114,115,116,117,118,119,120,121,122,123,124,125,126,127,128,129,130,131,132,133,134,135,137,138,140,190,245,246,247,248,249,250,251,252,253,254,255,256,257,258,259,260,261,262,296,310,311,312,313,314,315,316,317,318,371,448,449,450,451,452,453,
17;1;2186;2210;1;12,26,57,98,99,100,101,102,103,104,105,106,107,108,109,110,111,112,113,114,115,116,117,118,119,120,121,122,123,124,125,126,127,128,129,130,131,132,133,134,135,137,138,140,190,245,246,247,248,249,250,251,252,253,254,255,256,257,258,259,260,261,262,296,310,311,312,313,314,315,316,317,318,371,448,449,450,451,452,453,
16;0;2210;2235;1;12,26,57,98,99,100,101,102,103,104,105,106,107,108,109,110,111,112,113,114,115,116,117,118,119,120,121,122,123,124,125,126,127,128,129,130,131,132,133,134,135,137,138,140,190,245,246,247,248,249,250,251,252,253,254,255,256,257,258,259,260,261,262,296,310,311,312,313,314,315,316,317,318,371,448,449,450,451,452,453,
213;0;2235;2315;1;12,26,57,98,99,100,101,102,103,104,105,106,107,108,109,110,111,112,113,114,115,116,117,118,119,120,121,122,123,124,125,126,127,128,129,130,131,132,133,134,135,137,138,140,190,245,246,247,248,249,250,251,252,253,254,255,256,257,258,259,260,261,262,296,310,311,312,313,314,315,316,317,318,371,448,449,450,451,452,453,
213;1;2315;2421;1;12,26,57,98,99,100,101,102,103,104,105,106,107,108,109,110,111,112,113,114,115,116,117,118,119,120,121,122,123,124,125,126,127,128,129,130,131,132,133,134,135,137,138,140,190,245,246,247,248,249,250,251,252,253,254,255,256,257,258,259,260,261,262,296,310,311,312,313,314,315,316,317,318,371,448,449,450,451,452,453,
126;0;2421;2445;0;12,26,57,98,99,100,101,102,103,104,105,106,107,108,109,110,111,112,113,114,115,116,117,118,119,120,121,122,123,124,125,126,127,128,129,130,131,132,133,134,135,137,138,140,190,245,246,247,248,249,250,251,252,253,254,255,256,257,258,259,260,261,262,296,310,311,312,313,314,315,316,317,318,371,448,449,450,451,452,453,
66;0;2445;2562;0;12,26,57,98,99,100,101,102,103,104,105,106,107,108,109,110,111,112,113,114,115,116,117,118,119,120,121,122,123,124,125,126,127,128,129,130,131,132,133,134,135,137,138,140,190,245,246,247,248,249,250,251,252,253,254,255,256,257,258,259,260,261,262,296,310,311,312,313,314,315,316,317,318,371,448,449,450,451,452,453,
53;0;2562;2594;1;12,26,57,98,99,100,101,102,103,104,105,106,107,108,109,110,111,112,113,114,115,116,117,118,119,120,121,122,123,124,125,126,127,128,129,130,131,132,133,134,135,137,138,140,190,245,246,247,248,249,250,251,252,253,254,255,256,257,258,259,260,261,262,296,310,311,312,313,314,315,316,317,318,371,448,449,450,451,452,453,
53;1;2594;2754;1;12,26,57,98,99,100,101,102,103,104,105,106,107,108,109,110,111,112,113,114,115,116,117,118,119,120,121,122,123,124,125,126,127,128,129,130,131,132,133,134,135,137,138,140,190,245,246,247,248,249,250,251,252,253,254,255,256,257,258,259,260,261,262,296,310,311,312,313,314,315,316,317,318,371,448,449,450,451,452,453,
197;0;2754;2905;1;12,26,57,98,99,100,101,102,103,104,105,106,107,108,109,110,111,112,113,114,115,116,117,118,119,120,121,122,123,124,125,126,127,128,129,130,131,132,133,134,135,137,138,140,190,245,246,247,248,249,250,251,252,253,254,255,256,257,258,259,260,261,262,296,310,311,312,313,314,315,316,317,318,371,448,449,450,451,452,453,
197;1;2905;3022;1;12,26,57,98,99,100,101,102,103,104,105,106,107,108,109,110,111,112,113,114,115,116,117,118,119,120,121,122,123,124,125,126,127,128,129,130,131,132,133,134,135,137,138,140,190,245,246,247,248,249,250,251,252,253,254,255,256,257,258,259,260,261,262,296,310,311,312,313,314,315,316,317,318,371,448,449,450,451,452,453,
36;0;3022;3182;1;12,26,57,98,99,100,101,102,103,104,105,106,107,108,109,110,111,112,113,114,115,116,117,118,119,120,121,122,123,124,125,126,127,128,129,130,131,132,133,134,135,137,138,140,190,245,246,247,248,249,250,251,252,253,254,255,256,257,258,259,260,261,262,296,310,311,312,313,314,315,316,317,318,371,448,449,450,451,452,453,
91;0;3182;3320;0;12,26,57,98,99,100,101,102,103,104,105,106,107,108,109,110,111,112,113,114,115,116,117,118,119,120,121,122,123,124,125,126,127,128,129,130,131,132,133,134,135,137,138,140,190,245,246,247,248,249,250,251,252,253,254,255,256,257,258,259,260,296,310,311,312,313,314,315,316,317,318,371,448,449,450,451,452,453,543,544,
91;1;3320;3385;0;12,26,57,98,99,100,101,102,103,104,105,106,107,108,109,110,111,112,113,114,115,116,117,118,119,120,121,122,123,124,125,126,127,128,129,130,131,132,133,134,135,137,138,140,190,245,246,247,248,249,250,251,252,253,254,255,256,257,258,259,260,296,310,311,312,313,314,315,316,317,318,371,448,449,450,451,452,453,543,544,
225;0;3385;3542;1;46,47,48,49,98,99,100,101,102,103,104,105,106,107,108,109,110,111,112,113,114,115,116,117,118,119,120,121,122,123,124,125,126,127,128,129,130,190,296,310,311,312,313,314,315,316,318,369,370,371,372,373,374,375,376,377,378,379,380,381,382,383,384,441,442,443,444,445,446,447,448,449,450,451,452,453,608,609,610,611,
225;1;3542;3648;1;46,47,48,49,98,99,100,101,102,103,104,105,106,107,108,109,110,111,112,113,114,115,116,117,118,119,120,121,122,123,124,125,126,127,128,129,130,190,296,310,311,312,313,314,315,316,318,369,370,371,372,373,374,375,376,377,378,379,380,381,382,383,384,441,442,443,444,445,446,447,448,449,450,451,452,453,608,609,610,611,
104;0;3648;3740;1;46,47,48,49,98,99,100,101,102,103,104,105,106,107,108,109,110,111,112,113,114,115,116,117,118,119,120,121,122,123,124,125,126,127,128,129,130,190,296,310,311,312,313,314,315,316,318,369,370,371,372,373,374,375,376,377,378,379,380,381,382,383,384,441,442,443,444,445,446,447,448,449,450,451,452,453,608,609,610,611,
56;0;3740;3874;1;46,47,48,49,98,99,100,101,102,103,104,105,106,107,108,109,110,111,112,113,114,115,116,117,118,119,120,121,122,123,124,125,126,127,128,129,130,190,296,310,311,312,313,314,315,316,318,369,370,371,372,373,374,375,376,377,378,379,380,381,382,383,384,441,442,443,444,445,446,447,448,449,450,451,452,453,608,609,610,611,
242;0;3874;3991;0;46,47,48,49,98,99,100,101,102,103,104,105,106,107,108,109,110,111,112,113,114,115,116,117,118,119,120,121,122,123,124,125,126,127,128,129,130,190,296,310,311,312,313,314,315,316,318,369,370,371,372,373,374,375,376,377,378,379,380,381,382,383,384,441,442,443,444,445,446,447,448,449,450,451,452,453,608,609,610,611,
237;0;3991;3999;1;46,47,48,49,98,99,100,101,102,103,104,105,106,107,108,109,110,111,112,113,114,115,116,117,118,119,120,121,122,123,124,125,126,127,128,129,130,190,296,310,311,312,313,314,315,316,318,369,370,371,372,373,374,375,376,377,378,379,380,381,382,383,384,441,442,443,444,445,446,447,448,449,450,451,452,453,608,609,610,611,
237;1;3999;4167;1;46,47,48,49,98,99,100,101,102,103,104,105,106,107,108,109,110,111,112,113,114,115,116,117,118,119,120,121,122,123,124,125,126,127,128,129,130,190,296,310,311,312,313,314,315,316,318,369,370,371,372,373,374,375,376,377,378,379,380,381,382,383,384,441,442,443,444,445,446,447,448,449,450,451,452,453,608,609,610,611,
71;0;4167;4215;0;46,47,48,49,98,99,100,101,102,103,104,105,106,107,108,109,110,111,112,113,114,115,116,117,118,119,120,121,122,123,124,125,126,127,128,129,130,190,296,310,311,312,313,314,315,316,318,369,370,371,372,373,374,375,376,377,378,379,380,381,382,383,384,441,442,443,444,445,446,447,448,449,450,451,452,453,608,609,610,611,
71;1;4215;4226;0;46,47,48,49,98,99,100,101,102,103,104,105,106,107,108,109,110,111,112,113,114,115,116,117,118,119,120,121,122,123,124,125,126,127,128,129,130,190,296,310,311,312,313,314,315,316,318,369,370,371,372,373,374,375,376,377,378,379,380,381,382,383,384,441,442,443,444,445,446,447,448,449,450,451,452,453,608,609,610,611,
8;0;4226;4332;1;46,47,48,49,98,99,100,101,102,103,104,105,106,107,108,109,110,111,112,113,114,115,116,117,118,119,120,121,122,123,124,125,126,127,128,129,130,190,296,310,311,312,313,314,315,316,318,369,370,371,372,373,374,375,376,377,378,379,380,381,382,383,384,441,442,443,444,445,446,447,448,449,450,451,452,453,608,609,610,611,
113;0;4332;4392;1;46,47,48,49,98,99,100,101,102,103,104,105,106,107,108,109,110,111,112,113,114,115,116,117,118,119,120,121,122,123,124,125,126,127,128,129,130,190,296,310,311,312,313,314,315,316,318,369,370,371,372,373,374,375,376,377,378,379,380,381,382,383,384,441,442,443,444,445,446,447,448,449,450,451,452,453,608,609,610,611,
113;1;4392;4484;1;46,47,48,49,98,99,100,101,102,103,104,105,106,107,108,109,110,111,112,113,114,115,116,117,118,119,120,121,122,123,124,125,126,127,128,129,130,190,296,310,311,312,313,314,315,316,318,369,370,371,372,373,374,375,376,377,378,379,380,381,382,383,384,441,442,443,444,445,446,447,448,449,450,451,452,453,608,609,610,611,
65;0;4484;4573;1;46,47,48,49,98,99,100,101,102,103,104,105,106,107,108,109,110,111,112,113,114,115,116,117,118,119,120,121,122,123,124,125,126,127,128,129,130,190,296,310,311,312,313,314,315,316,318,369,370,371,372,373,374,375,376,377,378,379,380,381,382,383,384,441,442,443,444,445,446,447,448,449,450,451,452,453,608,609,610,611,
65;1;4573;4690;1;46,47,48,49,98,99,100,101,102,103,104,105,106,107,108,109,110,111,112,113,114,115,116,117,118,119,120,121,122,123,124,125,126,127,128,129,130,190,296,310,311,312,313,314,315,316,318,369,370,371,372,373,374,375,376,377,378,379,380,381,382,383,384,441,442,443,444,445,446,447,448,449,450,451,452,453,608,609,610,611,
133;0;4690;4788;1;46,47,48,49,98,99,100,101,102,103,104,105,106,107,108,109,110,111,112,113,114,115,116,117,118,119,120,121,122,123,124,125,126,127,128,129,130,190,296,310,311,312,313,314,315,316,318,369,370,371,372,373,374,375,376,377,378,379,380,381,382,383,384,441,442,443,444,445,446,447,448,449,450,451,452,453,608,609,610,611,
133;1;4788;4956;1;46,47,48,49,98,99,100,101,102,103,104,105,106,107,108,109,110,111,112,113,114,115,116,117,118,119,120,121,122,123,124,125,126,127,128,129,130,190,296,310,311,312,313,314,315,316,318,369,370,371,372,373,374,375,376,377,378,379,380,381,382,383,384,441,442,443,444,445,446,447,448,449,450,451,452,453,608,609,610,611,
64;0;4956;4967;1;46,47,48,49,98,99,100,101,102,103,104,105,106,107,108,109,110,111,112,113,114,115,116,117,118,119,120,121,122,123,124,125,126,127,128,129,130,190,296,310,311,312,313,314,315,316,318,369,370,371,372,373,374,375,376,377,378,379,380,381,382,383,384,441,442,443,444,445,446,447,448,449,450,451,452,453,608,609,610,611,
149;0;4967;5068;1;46,47,48,49,98,99,100,101,102,103,104,105,106,107,108,109,110,111,112,113,114,115,116,117,118,119,120,121,122,123,124,125,126,127,128,129,130,190,296,310,311,312,313,314,315,316,317,318,369,370,371,372,373,374,375,376,377,378,379,380,381,382,383,384,441,442,443,444,445,446,447,448,449,450,451,452,453,608,609,610,
149;1;5068;5160;1;46,47,48,49,98,99,100,101,102,103,104,105,106,107,108,109,110,111,112,113,114,115,116,117,118,119,120,121,122,123,124,125,126,127,128,129,130,190,296,310,311,312,313,314,315,316,317,318,369,370,371,372,373,374,375,376,377,378,379,380,381,382,383,384,441,442,443,444,445,446,447,448,449,450,451,452,453,608,609,610,
11;0;5160;5204;0;46,47,48,49,98,99,100,101,102,103,104,105,106,107,108,109,110,111,112,113,114,115,116,117,118,119,120,121,122,123,124,125,126,127,128,129,130,190,296,310,311,312,313,314,315,316,317,318,369,370,371,372,373,374,375,376,377,378,379,380,381,382,383,384,441,442,443,444,445,446,447,448,449,450,451,452,453,608,609,610,
11;1;5204;5310;0;46,47,48,49,98,99,100,101,102,103,104,105,106,107,108,109,110,111,112,113,114,115,116,117,118,119,120,121,122,123,124,125,126,127,128,129,130,190,296,310,311,312,313,314,315,316,317,318,369,370,371,372,373,374,375,376,377,378,379,380,381,382,383,384,441,442,443,444,445,446,447,448,449,450,451,452,453,608,609,610,
68;0;5310;5470;1;46,47,48,49,98,99,100,101,102,103,104,105,106,107,108,109,110,111,112,113,114,115,116,117,118,119,120,121,122,123,124,125,126,127,128,129,130,190,296,310,311,312,313,314,315,316,317,318,369,370,371,372,373,374,375,376,377,378,379,380,381,382,383,384,441,442,443,444,445,446,447,448,449,450,451,452,453,608,609,610,
143;0;5470;5543;0;46,47,48,49,98,99,100,101,102,103,104,105,106,107,108,109,110,111,112,113,114,115,116,117,118,119,120,121,122,123,124,125,126,127,128,129,130,190,296,310,311,312,313,314,315,316,317,318,369,370,371,372,373,374,375,376,377,378,379,380,381,382,383,384,441,442,443,444,445,446,447,448,449,450,451,452,453,608,609,610,
143;1;5543;5635;0;46,47,48,49,98,99,100,101,102,103,104,105,106,107,108,109,110,111,112,113,114,115,116,117,118,119,120,121,122,123,124,125,126,127,128,129,130,190,296,310,311,312,313,314,315,316,317,318,369,370,371,372,373,374,375,376,377,378,379,380,381,382,383,384,441,442,443,444,445,446,447,448,449,450,451,452,453,608,609,610,
60;0;5635;5741;1;46,47,48,49,98,99,100,101,102,103,104,105,106,107,108,109,110,111,112,113,114,115,116,117,118,119,120,121,122,123,124,125,126,127,128,129,130,190,296,310,311,312,313,314,315,316,317,318,369,370,371,372,373,374,375,376,377,378,379,380,381,382,383,384,441,442,443,444,445,446,447,448,449,450,451,452,453,608,609,610,
168;0;5760;5779;1;46,47,48,49,98,99,100,101,102,103,104,105,106,107,108,109,110,111,112,113,114,119,123,126,127,128,190,296,310,311,312,313,314,315,316,317,318,369,370,371,372,373,374,375,376,377,378,379,380,381,382,383,384,427,441,442,443,444,445,446,447,488,489,490,491,492,493,494,495,496,497,498,499,500,501,502,503,504,505,506,
77;0;5779;5947;1;46,47,48,49,98,99,100,101,102,103,104,105,106,107,108,109,110,111,112,113,114,119,123,126,127,128,190,296,310,311,312,313,314,315,316,317,318,369,370,371,372,373,374,375,376,377,378,379,380,381,382,383,384,427,441,442,443,444,445,446,447,488,489,490,491,492,493,494,495,496,497,498,499,500,501,502,503,504,505,506,
77;1;5947;5966;1;46,47,48,49,98,99,100,101,102,103,104,105,106,107,108,109,110,111,112,113,114,119,123,126,127,128,190,296,310,311,312,313,314,315,316,317,318,369,370,371,372,373,374,375,376,377,378,379,380,381,382,383,384,427,441,442,443,444,445,446,447,488,489,490,491,492,493,494,495,496,497,498,499,500,501,502,503,504,505,506,
121;0;5966;6005;1;98,99,100,101,102,103,104,105,106,107,108,109,110,111,112,119,123,126,127,128,190,296,310,311,312,313,314,315,316,318,369,370,371,372,373,374,375,376,377,378,379,380,381,382,383,384,390,427,441,442,443,444,445,446,447,558,579,580,581,582,583,584,585,586,587,588,589,590,591,592,593,594,595,596,597,598,599,600,601,602,
121;1;6005;6183;1;98,99,100,101,102,103,104,105,106,107,108,109,110,111,112,119,123,126,127,128,190,296,310,311,312,313,314,315,316,318,369,370,371,372,373,374,375,376,377,378,379,380,381,382,383,384,390,427,441,442,443,444,445,446,447,558,579,580,581,582,583,584,585,586,587,588,589,590,591,592,593,594,595,596,597,598,599,600,601,602,
141;0;6183;6236;1;12,26,98,99,100,101,102,103,104,105,110,111,112,119,123,128,131,132,133,134,135,136,137,138,139,140,141,142,143,144,145,146,147,148,149,150,151,152,153,154,155,156,157,158,159,160,161,162,163,164,165,190,296,312,318,369,370,371,372,373,374,375,376,377,378,379,380,381,382,383,384,390,427,441,442,443,444,445,446,447,
141;1;6236;6310;1;12,26,98,99,100,101,102,103,104,105,110,111,112,119,123,128,131,132,133,134,135,136,137,138,139,140,141,142,143,144,145,146,147,148,149,150,151,152,153,154,155,156,157,158,159,160,161,162,163,164,165,190,296,312,318,369,370,371,372,373,374,375,376,377,378,379,380,381,382,383,384,390,427,441,442,443,444,445,446,447,
163;0;6310;6464;0;12,26,98,110,128,131,132,133,134,135,136,137,138,139,140,141,142,143,144,145,146,147,148,149,150,151,152,153,154,155,156,157,158,159,160,161,162,163,164,165,173,174,175,176,177,178,179,190,205,212,306,307,308,309,318,369,370,371,372,373,374,375,376,377,378,379,380,381,382,383,384,390,427,441,442,443,444,445,446,447,
163;1;6464;6538;0;12,26,98,110,128,131,132,133,134,135,136,137,138,139,140,141,142,143,144,145,146,147,148,149,150,151,152,153,154,155,156,157,158,159,160,161,162,163,164,165,173,174,175,176,177,178,179,190,205,212,306,307,308,309,318,369,370,371,372,373,374,375,376,377,378,379,380,381,382,383,384,390,427,441,442,443,444,445,446,447,
134;0;6538;6612;0;12,26,98,110,128,131,132,133,134,135,136,137,138,139,140,141,142,143,144,145,146,147,148,149,150,151,152,153,154,155,156,157,158,159,160,161,162,163,164,165,173,174,175,176,177,178,179,190,205,212,306,307,308,309,318,369,370,371,372,373,374,375,376,377,378,379,380,381,382,383,384,390,427,441,442,443,444,445,446,447,
201;0;6612;6626;1;12,26,98,110,128,131,132,133,134,135,136,137,138,139,140,141,142,143,144,145,146,147,148,149,150,151,152,153,154,155,156,157,158,159,160,161,162,163,164,165,173,174,175,176,177,178,179,190,205,212,306,307,308,309,318,369,370,371,372,373,374,375,376,377,378,379,380,381,382,383,384,390,427,441,442,443,444,445,446,447,
201;1;6626;6727;1;12,26,98,110,128,131,132,133,134,135,136,137,138,139,140,141,142,143,144,145,146,147,148,149,150,151,152,153,154,155,156,157,158,159,160,161,162,163,164,165,173,174,175,176,177,178,179,190,205,212,306,307,308,309,318,369,370,371,372,373,374,375,376,377,378,379,380,381,382,383,384,390,427,441,442,443,444,445,446,447,
35;0;6727;6771;0;12,26,98,110,128,131,132,133,134,135,136,137,138,139,140,141,142,143,144,145,146,147,148,149,150,151,152,153,154,155,156,157,158,159,160,161,162,163,164,165,173,174,175,176,177,178,179,190,205,212,306,307,308,309,318,369,370,371,372,373,374,375,376,377,378,379,380,381,382,383,384,390,427,441,442,443,444,445,446,447,
35;1;6771;6863;0;12,26,98,110,128,131,132,133,134,135,136,137,138,139,140,141,142,143,144,145,146,147,148,149,150,151,152,153,154,155,156,157,158,159,160,161,162,163,164,165,173,174,175,176,177,178,179,190,205,212,306,307,308,309,318,369,370,371,372,373,374,375,376,377,378,379,380,381,382,383,384,390,427,441,442,443,444,445,446,447,
217;0;6863;7023;1;12,26,98,110,128,131,132,133,134,135,136,137,138,139,140,141,142,143,144,145,146,147,148,149,150,151,152,153,154,155,156,157,158,159,160,161,162,163,164,165,173,174,175,176,177,178,179,190,205,212,306,307,308,309,318,369,370,371,372,373,374,375,376,377,378,379,380,381,382,383,384,390,427,441,442,443,444,445,446,447,
217;1;7023;7115;1;12,26,98,110,128,131,132,133,134,135,136,137,138,139,140,141,142,143,144,145,146,147,148,149,150,151,152,153,154,155,156,157,158,159,160,161,162,163,164,165,173,174,175,176,177,178,179,190,205,212,306,307,308,309,318,369,370,371,372,373,374,375,376,377,378,379,380,381,382,383,384,390,427,441,442,443,444,445,446,447,
229;0;7115;7267;1;12,26,98,110,128,131,132,133,134,135,136,137,138,139,140,141,142,143,144,145,146,147,148,149,150,151,152,153,154,155,156,157,158,159,160,161,162,163,164,165,173,174,175,176,177,178,179,190,205,212,306,307,308,309,318,369,370,371,372,373,374,375,376,377,378,379,380,381,382,383,384,390,427,441,442,443,444,445,446,447,
229;1;7267;7373;1;12,26,98,110,128,131,132,133,134,135,136,137,138,139,140,141,142,143,144,145,146,147,148,149,150,151,152,153,154,155,156,157,158,159,160,161,162,163,164,165,173,174,175,176,177,178,179,190,205,212,306,307,308,309,318,369,370,371,372,373,374,375,376,377,378,379,380,381,382,383,384,390,427,441,442,443,444,445,446,447,
145;0;7373;7513;1;12,26,98,110,128,131,132,133,134,135,136,137,138,139,140,141,142,143,144,145,146,147,148,149,150,151,152,153,154,155,156,157,158,159,160,161,162,163,164,165,173,174,175,176,177,178,179,190,205,212,306,307,308,309,318,369,370,371,372,373,374,375,376,377,378,379,380,381,382,383,384,390,427,441,442,443,444,445,446,447,
145;1;7513;7614;1;12,26,98,110,128,131,132,133,134,135,136,137,138,139,140,141,142,143,144,145,146,147,148,149,150,151,152,153,154,155,156,157,158,159,160,161,162,163,164,165,173,174,175,176,177,178,179,190,205,212,306,307,308,309,318,369,370,371,372,373,374,375,376,377,378,379,380,381,382,383,384,390,427,441,442,443,444,445,446,447,
208;0;7614;7715;1;12,26,98,110,128,131,132,133,134,135,136,137,138,139,140,141,142,143,144,145,146,147,148,149,150,151,152,153,154,155,156,157,158,159,160,161,162,163,164,165,173,174,175,176,177,178,179,190,205,212,306,307,308,309,318,369,370,371,372,373,374,375,376,377,378,379,380,381,382,383,384,390,427,441,442,443,444,445,446,447,
47;0;7715;7756;0;12,26,98,110,128,131,132,133,134,135,136,137,138,139,140,141,142,143,144,145,146,147,148,149,150,151,152,153,154,155,156,157,158,159,160,161,162,163,164,165,173,174,175,176,177,178,179,190,205,212,306,307,308,309,318,369,370,371,372,373,374,375,376,377,378,379,380,381,382,383,384,390,427,441,442,443,444,445,446,447,
47;1;7756;7862;0;12,26,98,110,128,131,132,133,134,135,136,137,138,139,140,141,142,143,144,145,146,147,148,149,150,151,152,153,154,155,156,157,158,159,160,161,162,163,164,165,173,174,175,176,177,178,179,190,205,212,306,307,308,309,318,369,370,371,372,373,374,375,376,377,378,379,380,381,382,383,384,390,427,441,442,443,444,445,446,447,
247;0;7862;7884;0;12,26,55,56,57,58,59,60,61,62,63,64,65,66,67,68,98,128,131,132,133,134,135,136,137,138,139,140,141,142,143,144,145,146,147,148,149,150,151,152,153,154,155,156,157,158,159,160,161,162,163,164,165,173,174,175,176,177,178,179,190,205,212,390,441,442,443,444,445,446,447,476,535,536,537,538,539,540,541,542,
247;1;7884;8031;0;12,26,55,56,57,58,59,60,61,62,63,64,65,66,67,68,98,128,131,132,133,134,135,136,137,138,139,140,141,142,143,144,145,146,147,148,149,150,151,152,153,154,155,156,157,158,159,160,161,162,163,164,165,173,174,175,176,177,178,179,190,205,212,390,441,442,443,444,445,446,447,476,535,536,537,538,539,540,541,542,
231;0;8031;8091;0;12,26,55,56,57,58,59,60,61,62,63,64,65,66,67,68,98,128,131,132,133,134,135,136,137,138,139,140,141,142,143,144,145,146,147,148,149,150,151,152,153,154,155,156,157,158,159,160,161,162,163,164,165,173,174,175,176,177,178,179,190,205,212,390,441,442,443,444,445,446,447,476,535,536,537,538,539,540,541,542,
231;1;8091;8197;0;12,26,55,56,57,58,59,60,61,62,63,64,65,66,67,68,98,128,131,132,133,134,135,136,137,138,139,140,141,142,143,144,145,146,147,148,149,150,151,152,153,154,155,156,157,158,159,160,161,162,163,164,165,173,174,175,176,177,178,179,190,205,212,390,441,442,443,444,445,446,447,476,535,536,537,538,539,540,541,542,
177;0;8197;8231;1;12,26,55,56,57,58,59,60,61,62,63,64,65,66,67,68,98,128,131,132,133,134,135,136,137,138,139,140,141,142,143,144,145,146,147,148,149,150,151,152,153,154,155,156,157,158,159,160,161,162,163,164,165,173,174,175,176,177,178,179,190,205,212,390,441,442,443,444,445,446,447,476,535,536,537,538,539,540,541,542,
177;1;8231;8365;1;12,26,55,56,57,58,59,60,61,62,63,64,65,66,67,68,98,128,131,132,133,134,135,136,137,138,139,140,141,142,143,144,145,146,147,148,149,150,151,152,153,154,155,156,157,158,159,160,161,162,163,164,165,173,174,175,176,177,178,179,190,205,212,390,441,442,443,444,445,446,447,476,535,536,537,538,539,540,541,542,
153;0;8365;8528;1;12,26,55,56,57,58,59,60,61,62,63,64,65,66,67,68,98,128,131,132,133,134,135,136,137,138,139,140,141,142,143,144,145,146,147,148,149,150,151,152,153,154,155,156,157,158,159,160,161,162,163,164,165,173,174,175,176,177,178,179,190,205,212,390,441,442,443,444,445,446,447,476,535,536,537,538,539,540,541,542,
153;1;8528;8578;1;12,26,55,56,57,58,59,60,61,62,63,64,65,66,67,68,98,128,131,132,133,134,135,136,137,138,139,140,141,142,143,144,145,146,147,148,149,150,151,152,153,154,155,156,157,158,159,160,161,162,163,164,165,173,174,175,176,177,178,179,190,205,212,390,441,442,443,444,445,446,447,476,535,536,537,538,539,540,541,542,
21;0;8578;8666;1;12,26,55,56,57,58,59,60,61,62,63,64,65,66,67,68,98,128,131,132,133,134,135,136,137,138,139,140,141,142,143,144,145,146,147,148,149,150,151,152,153,154,155,156,157,158,159,160,161,162,163,164,165,173,174,175,176,177,178,179,190,205,212,390,441,442,443,444,445,446,447,476,535,536,537,538,539,540,541,542,
21;1;8666;8772;1;12,26,55,56,57,58,59,60,61,62,63,64,65,66,67,68,98,128,131,132,133,134,135,136,137,138,139,140,141,142,143,144,145,146,147,148,149,150,151,152,153,154,155,156,157,158,159,160,161,162,163,164,165,173,174,175,176,177,178,179,190,205,212,390,441,442,443,444,445,446,447,476,535,536,537,538,539,540,541,542,
89;0;8772;8908;1;12,26,55,56,57,58,59,60,61,62,63,64,65,66,67,68,98,128,131,132,133,134,135,136,137,138,139,140,141,142,143,144,145,146,147,148,149,150,151,152,153,154,155,156,157,158,159,160,161,162,163,164,165,173,174,175,176,177,178,179,190,205,212,390,441,442,443,444,445,446,447,476,535,536,537,538,539,540,541,542,
89;1;8908;9042;1;12,26,55,56,57,58,59,60,61,62,63,64,65,66,67,68,98,128,131,132,133,134,135,136,137,138,139,140,141,142,143,144,145,146,147,148,149,150,151,152,153,154,155,156,157,158,159,160,161,162,163,164,165,173,174,175,176,177,178,179,190,205,212,390,441,442,443,444,445,446,447,476,535,536,537,538,539,540,541,542,
184;0;9042;9189;1;12,26,55,56,57,58,59,60,61,62,63,64,65,66,67,68,98,128,131,132,133,134,135,136,137,138,139,140,141,142,143,144,145,146,147,148,149,150,151,152,153,154,155,156,157,158,159,160,161,162,163,164,165,173,174,175,176,177,178,179,190,205,212,390,441,442,443,444,445,446,447,476,535,536,537,538,539,540,541,542,
181;0;9189;9295;1;12,26,55,56,57,58,59,60,61,62,71,73,98,128,131,132,133,134,135,136,137,138,139,140,141,142,143,144,145,146,147,148,149,150,151,152,153,154,155,156,157,158,159,160,161,162,163,164,165,172,180,190,205,212,221,265,269,271,272,275,288,292,294,299,390,391,392,393,394,395,396,397,398,399,615,616,617,618,619,620,
181;1;9295;9408;1;12,26,55,56,57,58,59,60,61,62,71,73,98,128,131,132,133,134,135,136,137,138,139,140,141,142,143,144,145,146,147,148,149,150,151,152,153,154,155,156,157,158,159,160,161,162,163,164,165,172,180,190,205,212,221,265,269,271,272,275,288,292,294,299,390,391,392,393,394,395,396,397,398,399,615,616,617,618,619,620,
88;0;9408;9521;1;12,26,55,56,57,58,59,60,61,62,71,73,98,128,131,132,133,134,135,136,137,138,139,140,141,142,143,144,145,146,147,148,149,150,151,152,153,154,155,156,157,158,159,160,161,162,163,164,165,172,180,190,205,212,221,265,269,271,272,275,288,292,294,299,390,391,392,393,394,395,396,397,398,399,615,616,617,618,619,620,
9;0;9521;9581;1;12,26,55,56,57,58,59,60,61,62,71,73,98,128,131,132,133,134,135,136,137,138,139,140,141,142,143,144,145,146,147,148,149,150,151,152,153,154,155,156,157,158,159,160,161,162,163,164,165,172,180,190,205,212,221,265,269,271,272,275,288,292,294,299,390,391,392,393,394,395,396,397,398,399,615,616,617,618,619,620,
9;1;9581;9655;1;12,26,55,56,57,58,59,60,61,62,71,73,98,128,131,132,133,134,135,136,137,138,139,140,141,142,143,144,145,146,147,148,149,150,151,152,153,154,155,156,157,158,159,160,161,162,163,164,165,172,180,190,205,212,221,265,269,271,272,275,288,292,294,299,390,391,392,393,394,395,396,397,398,399,615,616,617,618,619,620,
45;0;9655;9733;1;12,26,55,56,57,58,59,60,61,62,71,73,98,128,131,132,133,134,135,136,137,138,139,140,141,142,143,144,145,146,147,148,149,150,151,152,153,154,155,156,157,158,159,160,161,162,163,164,165,172,180,190,205,212,221,265,269,271,272,275,288,292,294,299,390,391,392,393,394,395,396,397,398,399,615,616,617,618,619,620,
45;1;9733;9846;1;12,26,55,56,57,58,59,60,61,62,71,73,98,128,131,132,133,134,135,136,137,138,139,140,141,142,143,144,145,146,147,148,149,150,151,152,153,154,155,156,157,158,159,160,161,162,163,164,165,172,180,190,205,212,221,265,269,271,272,275,288,292,294,299,390,391,392,393,394,395,396,397,398,399,615,616,617,618,619,620,
183;0;9846;9920;0;12,26,55,56,57,58,59,60,61,62,71,73,98,128,131,132,133,134,135,136,137,138,139,140,141,142,143,144,145,146,147,148,149,150,151,152,153,154,155,156,157,158,159,160,161,162,163,164,165,172,180,190,205,212,221,265,269,271,272,275,288,292,294,299,390,391,392,393,394,395,396,397,398,399,615,616,617,618,619,620,
183;1;9920;9924;0;12,26,55,56,57,58,59,60,61,62,71,73,98,128,131,132,133,134,135,136,137,138,139,140,141,142,143,144,145,146,147,148,149,150,151,152,153,154,155,156,157,158,159,160,161,162,163,164,165,172,180,190,205,212,221,265,269,271,272,275,288,292,294,299,390,391,392,393,394,395,396,397,398,399,615,616,617,618,619,620,
61;0;9924;10015;1;12,26,55,56,57,58,59,60,61,62,71,73,98,128,131,132,133,134,135,136,137,138,139,140,141,142,143,144,145,146,147,148,149,150,151,152,153,154,155,156,157,158,159,160,161,162,163,164,165,172,180,190,205,212,221,265,269,271,272,275,288,292,294,299,390,391,392,393,394,395,396,397,398,399,615,616,617,618,619,620,
61;1;10015;10056;1;12,26,55,56,57,58,59,60,61,62,71,73,98,128,131,132,133,134,135,136,137,138,139,140,141,142,143,144,145,146,147,148,149,150,151,152,153,154,155,156,157,158,159,160,161,162,163,164,165,172,180,190,205,212,221,265,269,271,272,275,288,292,294,299,390,391,392,393,394,395,396,397,398,399,615,616,617,618,619,620,
END
fineshedJobsCount: 259
switchs: 526
switchsInstances: 21
unfineshedPriorityCount: 25
totalUnfineshed: 117
criticalMachineSwitchs: 266
criticalMachineTime: 10078
Final Solution: 6284
Time: 593269
