./input/BaseInstances/2M1_n=209,r=0.5,t=361,v0.txt;./input/Processed/ToolSetInt.csv
7;720;1440
Machine: 0
137;0;0;89;1;30,31,32,33,35,49,50,51,52,53,54,55,56,57,58,59,60,61,62,63,64,65,96,97,141,145,146,147,148,149,150,151,152,153,154,155,156,157,158,159,160,161,162,163,164,165,166,167,168,169,170,171,172,173,174,175,176,177,178,179,180,181,183,187,188,189,190,191,192,193,194,195,200,201,202,241,242,243,359,360,
137;1;89;254;1;30,31,32,33,35,49,50,51,52,53,54,55,56,57,58,59,60,61,62,63,64,65,96,97,141,145,146,147,148,149,150,151,152,153,154,155,156,157,158,159,160,161,162,163,164,165,166,167,168,169,170,171,172,173,174,175,176,177,178,179,180,181,183,187,188,189,190,191,192,193,194,195,200,201,202,241,242,243,359,360,
64;0;254;265;1;30,31,32,33,35,49,50,51,52,53,54,55,56,57,58,59,60,61,62,63,64,65,96,97,141,145,146,147,148,149,150,151,152,153,154,155,156,157,158,159,160,161,162,163,164,165,166,167,168,169,170,171,172,173,174,175,176,177,178,179,180,181,183,187,188,189,190,191,192,193,194,195,200,201,202,241,242,243,359,360,
41;0;265;310;1;30,31,32,33,35,49,50,51,52,53,54,55,56,57,58,59,60,61,62,63,64,65,96,97,141,145,146,147,148,149,150,151,152,153,154,155,156,157,158,159,160,161,162,163,164,165,166,167,168,169,170,171,172,173,174,175,176,177,178,179,180,181,183,187,188,189,190,191,192,193,194,195,200,201,202,241,242,243,359,360,
41;1;310;314;1;30,31,32,33,35,49,50,51,52,53,54,55,56,57,58,59,60,61,62,63,64,65,96,97,141,145,146,147,148,149,150,151,152,153,154,155,156,157,158,159,160,161,162,163,164,165,166,167,168,169,170,171,172,173,174,175,176,177,178,179,180,181,183,187,188,189,190,191,192,193,194,195,200,201,202,241,242,243,359,360,
47;0;314;378;0;30,31,32,33,35,49,50,51,52,53,54,55,56,57,58,59,60,61,62,63,64,65,96,97,141,145,146,147,148,149,150,151,152,153,154,155,156,157,158,159,160,161,162,163,164,165,166,167,168,169,170,171,172,173,174,175,176,177,178,179,180,181,183,187,188,189,190,191,192,193,194,195,200,201,202,241,242,243,359,360,
47;1;378;484;0;30,31,32,33,35,49,50,51,52,53,54,55,56,57,58,59,60,61,62,63,64,65,96,97,141,145,146,147,148,149,150,151,152,153,154,155,156,157,158,159,160,161,162,163,164,165,166,167,168,169,170,171,172,173,174,175,176,177,178,179,180,181,183,187,188,189,190,191,192,193,194,195,200,201,202,241,242,243,359,360,
80;0;484;500;1;30,31,32,33,35,49,50,51,52,53,54,55,56,57,58,59,60,61,62,63,64,65,96,97,141,145,146,147,148,149,150,151,152,153,154,155,156,157,158,159,160,161,162,163,164,165,166,167,168,169,170,171,172,173,174,175,176,177,178,179,180,181,183,187,188,189,190,191,192,193,194,195,200,201,202,241,242,243,359,360,
60;0;500;606;1;30,31,32,33,35,49,50,51,52,53,54,55,56,57,58,59,60,61,62,63,64,65,96,97,141,145,146,147,148,149,150,151,152,153,154,155,156,157,158,159,160,161,162,163,164,165,166,167,168,169,170,171,172,173,174,175,176,177,178,179,180,181,183,187,188,189,190,191,192,193,194,195,200,201,202,241,242,243,359,360,
52;0;606;764;1;30,31,32,33,35,49,50,51,52,53,54,55,56,57,58,59,60,61,62,63,64,65,96,97,141,145,146,147,148,149,150,151,152,153,154,155,156,157,158,159,160,161,162,163,164,165,166,167,168,169,170,171,172,173,174,175,176,177,178,179,180,181,183,187,188,189,190,191,192,193,194,195,200,201,202,241,242,243,359,360,
21;0;764;805;1;30,31,32,33,35,49,50,51,52,53,54,55,56,57,58,59,60,61,62,63,64,65,96,97,141,145,146,147,148,149,150,151,152,153,154,155,156,157,158,159,160,161,162,163,164,165,166,167,168,169,170,171,172,173,174,175,176,177,178,179,180,181,183,187,188,189,190,191,192,193,194,195,200,201,202,241,242,243,359,360,
21;1;805;911;1;30,31,32,33,35,49,50,51,52,53,54,55,56,57,58,59,60,61,62,63,64,65,96,97,141,145,146,147,148,149,150,151,152,153,154,155,156,157,158,159,160,161,162,163,164,165,166,167,168,169,170,171,172,173,174,175,176,177,178,179,180,181,183,187,188,189,190,191,192,193,194,195,200,201,202,241,242,243,359,360,
33;0;911;999;1;30,31,32,33,35,49,50,51,52,53,54,55,56,57,58,59,60,61,62,63,64,65,96,97,141,145,146,147,148,149,150,151,152,153,154,155,156,157,158,159,160,161,162,163,164,165,166,167,168,169,170,171,172,173,174,175,176,177,178,179,180,181,183,187,188,189,190,191,192,193,194,195,200,201,202,241,242,243,359,360,
33;1;999;1015;1;30,31,32,33,35,49,50,51,52,53,54,55,56,57,58,59,60,61,62,63,64,65,96,97,141,145,146,147,148,149,150,151,152,153,154,155,156,157,158,159,160,161,162,163,164,165,166,167,168,169,170,171,172,173,174,175,176,177,178,179,180,181,183,187,188,189,190,191,192,193,194,195,200,201,202,241,242,243,359,360,
31;0;1015;1169;0;30,31,32,33,35,49,50,51,52,53,54,55,56,57,58,59,60,61,62,63,64,65,96,97,141,145,146,147,148,149,150,151,152,153,154,155,156,157,158,159,160,161,162,163,164,165,166,167,168,169,170,171,172,173,174,175,176,177,178,179,180,181,183,187,188,189,190,191,192,193,194,195,200,201,202,241,242,243,359,360,
31;1;1169;1197;0;30,31,32,33,35,49,50,51,52,53,54,55,56,57,58,59,60,61,62,63,64,65,96,97,141,145,146,147,148,149,150,151,152,153,154,155,156,157,158,159,160,161,162,163,164,165,166,167,168,169,170,171,172,173,174,175,176,177,178,179,180,181,183,187,188,189,190,191,192,193,194,195,200,201,202,241,242,243,359,360,
117;0;1197;1358;1;30,31,32,33,35,49,50,51,52,53,54,55,56,57,58,59,60,61,62,63,64,65,96,97,141,145,146,147,148,149,150,151,152,153,154,155,156,157,158,159,160,161,162,163,164,165,166,167,168,169,170,171,172,173,174,175,176,177,178,179,180,181,183,187,188,189,190,191,192,193,194,195,200,201,202,241,242,243,359,360,
117;1;1358;1369;1;30,31,32,33,35,49,50,51,52,53,54,55,56,57,58,59,60,61,62,63,64,65,96,97,141,145,146,147,148,149,150,151,152,153,154,155,156,157,158,159,160,161,162,163,164,165,166,167,168,169,170,171,172,173,174,175,176,177,178,179,180,181,183,187,188,189,190,191,192,193,194,195,200,201,202,241,242,243,359,360,
55;0;1369;1484;0;30,31,32,33,35,49,50,51,52,53,54,55,56,57,58,59,60,61,62,63,64,65,96,97,141,145,146,147,148,149,150,151,152,153,154,155,156,157,158,159,160,161,162,163,164,165,166,167,168,169,170,171,172,173,174,175,176,177,178,179,180,181,183,187,188,189,190,191,192,193,194,195,200,201,202,241,242,243,359,360,
55;1;1484;1606;0;30,31,32,33,35,49,50,51,52,53,54,55,56,57,58,59,60,61,62,63,64,65,96,97,141,145,146,147,148,149,150,151,152,153,154,155,156,157,158,159,160,161,162,163,164,165,166,167,168,169,170,171,172,173,174,175,176,177,178,179,180,181,183,187,188,189,190,191,192,193,194,195,200,201,202,241,242,243,359,360,
71;0;1606;1610;0;30,31,32,33,35,49,50,51,52,53,54,55,56,57,58,59,60,61,62,63,64,65,96,97,141,145,146,147,148,149,150,151,152,153,154,155,156,157,158,159,160,161,162,163,164,165,166,167,168,169,170,171,172,173,174,175,176,177,178,179,180,181,183,187,188,189,190,191,192,193,194,195,200,201,202,241,242,243,359,360,
71;1;1610;1621;0;30,31,32,33,35,49,50,51,52,53,54,55,56,57,58,59,60,61,62,63,64,65,96,97,141,145,146,147,148,149,150,151,152,153,154,155,156,157,158,159,160,161,162,163,164,165,166,167,168,169,170,171,172,173,174,175,176,177,178,179,180,181,183,187,188,189,190,191,192,193,194,195,200,201,202,241,242,243,359,360,
68;0;1621;1781;1;30,31,32,33,35,49,50,51,52,53,54,55,56,57,58,59,60,61,62,63,64,65,96,97,141,145,146,147,148,149,150,151,152,153,154,155,156,157,158,159,160,161,162,163,164,165,166,167,168,169,170,171,172,173,174,175,176,177,178,179,180,181,183,187,188,189,190,191,192,193,194,195,200,201,202,241,242,243,359,360,
13;0;1781;1945;1;30,31,32,33,35,49,50,51,52,53,54,55,56,57,58,59,60,61,62,63,64,65,96,97,141,145,146,147,148,149,150,151,152,153,154,155,156,157,158,159,160,161,162,163,164,165,166,167,168,169,170,171,172,173,174,175,176,177,178,179,180,181,183,187,188,189,190,191,192,193,194,195,200,201,202,241,242,243,359,360,
13;1;1945;2051;1;30,31,32,33,35,49,50,51,52,53,54,55,56,57,58,59,60,61,62,63,64,65,96,97,141,145,146,147,148,149,150,151,152,153,154,155,156,157,158,159,160,161,162,163,164,165,166,167,168,169,170,171,172,173,174,175,176,177,178,179,180,181,183,187,188,189,190,191,192,193,194,195,200,201,202,241,242,243,359,360,
45;0;2051;2176;1;30,31,32,33,35,49,50,51,52,53,54,55,56,57,58,59,60,61,62,63,64,65,96,97,141,145,146,147,148,149,150,151,152,153,154,155,156,157,158,159,160,161,162,163,164,165,166,167,168,169,170,171,172,173,174,175,176,177,178,179,180,181,183,187,188,189,190,191,192,193,194,195,200,201,202,241,242,243,359,360,
45;1;2176;2289;1;30,31,32,33,35,49,50,51,52,53,54,55,56,57,58,59,60,61,62,63,64,65,96,97,141,145,146,147,148,149,150,151,152,153,154,155,156,157,158,159,160,161,162,163,164,165,166,167,168,169,170,171,172,173,174,175,176,177,178,179,180,181,183,187,188,189,190,191,192,193,194,195,200,201,202,241,242,243,359,360,
3;0;2289;2401;0;30,31,32,33,35,49,50,51,52,53,54,55,56,57,58,59,60,61,62,63,64,65,96,97,141,145,146,147,148,149,150,151,152,153,154,155,156,157,158,159,160,161,162,163,164,165,166,167,168,169,170,171,172,173,174,175,176,177,178,179,180,181,183,187,188,189,190,191,192,193,194,195,200,201,202,241,242,243,359,360,
3;1;2401;2429;0;30,31,32,33,35,49,50,51,52,53,54,55,56,57,58,59,60,61,62,63,64,65,96,97,141,145,146,147,148,149,150,151,152,153,154,155,156,157,158,159,160,161,162,163,164,165,166,167,168,169,170,171,172,173,174,175,176,177,178,179,180,181,183,187,188,189,190,191,192,193,194,195,200,201,202,241,242,243,359,360,
20;0;2429;2551;1;30,31,32,33,35,49,50,51,52,53,54,55,56,57,58,59,60,61,62,63,64,65,96,97,141,145,146,147,148,149,150,151,152,153,154,155,156,157,158,159,160,161,162,163,164,165,166,167,168,169,170,171,172,173,174,175,176,177,178,179,180,181,183,187,188,189,190,191,192,193,194,195,200,201,202,241,242,243,359,360,
2;0;2551;2562;1;30,31,32,33,35,49,50,51,52,53,54,55,56,57,58,59,60,61,62,63,64,65,96,97,141,145,146,147,148,149,150,151,152,153,154,155,156,157,158,159,160,161,162,163,164,165,166,167,168,169,170,171,172,173,174,175,176,177,178,179,180,181,183,187,188,189,190,191,192,193,194,195,200,201,202,241,242,243,359,360,
11;0;2562;2570;0;30,31,32,33,35,49,50,51,52,53,54,55,56,57,58,59,60,61,62,63,64,65,96,97,141,145,146,147,148,149,150,151,152,153,154,155,156,157,158,159,160,161,162,163,164,165,166,167,168,169,170,171,172,173,174,175,176,177,178,179,180,181,183,187,188,189,190,191,192,193,194,195,200,201,202,241,242,243,359,360,
11;1;2570;2676;0;30,31,32,33,35,49,50,51,52,53,54,55,56,57,58,59,60,61,62,63,64,65,96,97,141,145,146,147,148,149,150,151,152,153,154,155,156,157,158,159,160,161,162,163,164,165,166,167,168,169,170,171,172,173,174,175,176,177,178,179,180,181,183,187,188,189,190,191,192,193,194,195,200,201,202,241,242,243,359,360,
66;0;2676;2793;0;30,31,32,33,35,49,50,51,52,53,54,55,56,57,58,59,60,61,62,63,64,65,96,97,141,145,146,147,148,149,150,151,152,153,154,155,156,157,158,159,160,161,162,163,164,165,166,167,168,169,170,171,172,173,174,175,176,177,178,179,180,181,183,187,188,189,190,191,192,193,194,195,200,201,202,241,242,243,359,360,
133;0;2793;2913;1;30,31,32,33,35,49,50,51,52,53,54,55,56,57,58,59,60,61,62,63,64,65,96,97,141,145,146,147,148,149,150,151,152,153,154,155,156,157,158,159,160,161,162,163,164,165,166,167,168,169,170,171,172,173,174,175,176,177,178,179,180,181,183,187,188,189,190,191,192,193,194,195,200,201,202,241,242,243,359,360,
133;1;2913;3081;1;30,31,32,33,35,49,50,51,52,53,54,55,56,57,58,59,60,61,62,63,64,65,96,97,141,145,146,147,148,149,150,151,152,153,154,155,156,157,158,159,160,161,162,163,164,165,166,167,168,169,170,171,172,173,174,175,176,177,178,179,180,181,183,187,188,189,190,191,192,193,194,195,200,201,202,241,242,243,359,360,
120;0;3081;3085;1;30,31,32,33,35,49,50,51,52,53,54,55,56,57,58,59,60,61,62,63,64,65,96,97,141,145,146,147,148,149,150,151,152,153,154,155,156,157,158,159,160,161,162,163,164,165,166,167,168,169,170,171,172,173,174,175,176,177,178,179,180,181,183,187,188,189,190,191,192,193,194,195,200,201,202,241,242,243,359,360,
29;0;3085;3233;1;30,31,32,33,35,49,50,51,52,53,54,55,56,57,58,59,60,61,62,63,64,65,96,97,141,145,146,147,148,149,150,151,152,153,154,155,156,157,158,159,160,161,162,163,164,165,166,167,168,169,170,171,172,173,174,175,176,177,178,179,180,181,183,187,188,189,190,191,192,193,194,195,200,201,202,241,242,243,359,360,
29;1;3233;3398;1;30,31,32,33,35,49,50,51,52,53,54,55,56,57,58,59,60,61,62,63,64,65,96,97,141,145,146,147,148,149,150,151,152,153,154,155,156,157,158,159,160,161,162,163,164,165,166,167,168,169,170,171,172,173,174,175,176,177,178,179,180,181,183,187,188,189,190,191,192,193,194,195,200,201,202,241,242,243,359,360,
36;0;3398;3558;1;30,31,32,33,35,49,50,51,52,53,54,55,56,57,58,59,60,61,62,63,64,65,96,97,141,145,146,147,148,149,150,151,152,153,154,155,156,157,158,159,160,161,162,163,164,165,166,167,168,169,170,171,172,173,174,175,176,177,178,179,180,181,183,187,188,189,190,191,192,193,194,195,200,201,202,241,242,243,359,360,
26;0;3558;3718;0;30,31,32,33,35,49,50,51,52,53,54,55,56,57,58,59,60,61,62,63,64,65,66,67,96,141,146,147,148,152,154,155,157,158,163,165,170,171,175,177,183,184,185,187,188,189,190,191,192,193,194,195,200,201,202,203,204,239,240,241,242,243,270,271,272,273,274,290,291,292,293,294,295,296,297,298,299,300,301,302,
111;0;3718;3876;0;30,31,32,33,35,49,50,51,52,53,54,55,56,57,58,59,60,61,62,63,64,65,66,67,96,141,146,147,148,152,154,155,157,158,163,165,170,171,175,177,183,184,185,187,188,189,190,191,192,193,194,195,200,201,202,203,204,239,240,241,242,243,270,271,272,273,274,290,291,292,293,294,295,296,297,298,299,300,301,302,
111;1;3876;4010;0;30,31,32,33,35,49,50,51,52,53,54,55,56,57,58,59,60,61,62,63,64,65,66,67,96,141,146,147,148,152,154,155,157,158,163,165,170,171,175,177,183,184,185,187,188,189,190,191,192,193,194,195,200,201,202,203,204,239,240,241,242,243,270,271,272,273,274,290,291,292,293,294,295,296,297,298,299,300,301,302,
30;0;4010;4124;0;30,31,32,33,35,49,50,51,52,53,54,55,56,57,58,59,60,61,62,63,64,65,66,67,96,141,146,147,148,152,154,155,157,158,163,165,170,171,175,177,183,184,185,187,188,189,190,191,192,193,194,195,200,201,202,203,204,239,240,241,242,243,270,271,272,273,274,290,291,292,293,294,295,296,297,298,299,300,301,302,
85;0;4124;4286;1;30,31,32,33,35,49,50,51,52,53,54,55,56,57,58,59,60,61,62,63,64,65,66,67,96,141,146,147,148,152,154,155,157,158,163,165,170,171,175,177,183,184,185,187,188,189,190,191,192,193,194,195,200,201,202,203,204,239,240,241,242,243,270,271,272,273,274,290,291,292,293,294,295,296,297,298,299,300,301,302,
85;1;4286;4327;1;30,31,32,33,35,49,50,51,52,53,54,55,56,57,58,59,60,61,62,63,64,65,66,67,96,141,146,147,148,152,154,155,157,158,163,165,170,171,175,177,183,184,185,187,188,189,190,191,192,193,194,195,200,201,202,203,204,239,240,241,242,243,270,271,272,273,274,290,291,292,293,294,295,296,297,298,299,300,301,302,
65;0;4327;4442;1;30,31,32,33,35,49,50,51,52,53,54,55,56,57,58,59,60,61,62,63,64,65,66,67,96,141,146,147,148,152,154,155,157,158,163,165,170,171,175,177,183,184,185,187,188,189,190,191,192,193,194,195,200,201,202,203,204,239,240,241,242,243,270,271,272,273,274,290,291,292,293,294,295,296,297,298,299,300,301,302,
65;1;4442;4559;1;30,31,32,33,35,49,50,51,52,53,54,55,56,57,58,59,60,61,62,63,64,65,66,67,96,141,146,147,148,152,154,155,157,158,163,165,170,171,175,177,183,184,185,187,188,189,190,191,192,193,194,195,200,201,202,203,204,239,240,241,242,243,270,271,272,273,274,290,291,292,293,294,295,296,297,298,299,300,301,302,
37;0;4559;4655;1;30,31,32,33,35,49,50,51,52,53,54,55,56,57,58,59,60,61,62,63,64,65,66,67,96,141,146,147,148,152,154,155,157,158,163,165,170,171,175,177,183,184,185,187,188,189,190,191,192,193,194,195,200,201,202,203,204,239,240,241,242,243,270,271,272,273,274,290,291,292,293,294,295,296,297,298,299,300,301,302,
37;1;4655;4671;1;30,31,32,33,35,49,50,51,52,53,54,55,56,57,58,59,60,61,62,63,64,65,66,67,96,141,146,147,148,152,154,155,157,158,163,165,170,171,175,177,183,184,185,187,188,189,190,191,192,193,194,195,200,201,202,203,204,239,240,241,242,243,270,271,272,273,274,290,291,292,293,294,295,296,297,298,299,300,301,302,
108;0;4671;4823;1;30,31,32,33,35,49,50,51,52,53,54,55,56,57,58,59,60,61,62,63,64,65,66,67,96,141,146,147,148,152,154,155,157,158,163,165,170,171,175,177,183,184,185,187,188,189,190,191,192,193,194,195,200,201,202,203,204,239,240,241,242,243,270,271,272,273,274,290,291,292,293,294,295,296,297,298,299,300,301,302,
75;0;4823;4884;0;30,31,32,33,35,49,50,51,52,53,54,55,56,57,58,59,60,61,62,63,64,65,66,67,96,141,146,147,148,152,154,155,157,158,163,165,170,171,175,177,183,184,185,187,188,189,190,191,192,193,194,195,200,201,202,203,204,239,240,241,242,243,270,271,272,273,274,290,291,292,293,294,295,296,297,298,299,300,301,302,
75;1;4884;4895;0;30,31,32,33,35,49,50,51,52,53,54,55,56,57,58,59,60,61,62,63,64,65,66,67,96,141,146,147,148,152,154,155,157,158,163,165,170,171,175,177,183,184,185,187,188,189,190,191,192,193,194,195,200,201,202,203,204,239,240,241,242,243,270,271,272,273,274,290,291,292,293,294,295,296,297,298,299,300,301,302,
62;0;4895;5029;0;30,31,32,33,35,49,50,51,52,53,54,55,56,57,58,59,60,61,62,63,64,65,66,67,96,141,146,147,148,152,154,155,157,158,163,165,170,171,175,177,183,184,185,187,188,189,190,191,192,193,194,195,200,201,202,203,204,239,240,241,242,243,270,271,272,273,274,290,291,292,293,294,295,296,297,298,299,300,301,302,
61;0;5029;5117;1;30,31,32,33,35,49,50,51,52,53,54,55,56,57,58,59,60,61,62,63,64,65,66,67,96,141,146,147,148,152,154,155,157,158,163,165,170,171,175,177,183,184,185,187,188,189,190,191,192,193,194,195,200,201,202,203,204,239,240,241,242,243,270,271,272,273,274,290,291,292,293,294,295,296,297,298,299,300,301,302,
61;1;5117;5158;1;30,31,32,33,35,49,50,51,52,53,54,55,56,57,58,59,60,61,62,63,64,65,66,67,96,141,146,147,148,152,154,155,157,158,163,165,170,171,175,177,183,184,185,187,188,189,190,191,192,193,194,195,200,201,202,203,204,239,240,241,242,243,270,271,272,273,274,290,291,292,293,294,295,296,297,298,299,300,301,302,
19;0;5158;5278;0;30,31,32,33,35,49,50,51,52,53,54,55,56,57,58,59,60,61,62,63,64,65,66,67,96,141,146,147,148,152,154,155,157,158,163,165,170,171,175,177,183,184,185,187,188,189,190,191,192,193,194,195,200,201,202,203,204,239,240,241,242,243,270,271,272,273,274,290,291,292,293,294,295,296,297,298,299,300,301,302,
19;1;5278;5289;0;30,31,32,33,35,49,50,51,52,53,54,55,56,57,58,59,60,61,62,63,64,65,66,67,96,141,146,147,148,152,154,155,157,158,163,165,170,171,175,177,183,184,185,187,188,189,190,191,192,193,194,195,200,201,202,203,204,239,240,241,242,243,270,271,272,273,274,290,291,292,293,294,295,296,297,298,299,300,301,302,
102;0;5289;5423;0;30,31,32,33,35,49,50,51,52,53,54,55,56,57,58,59,60,61,62,63,64,65,66,67,96,141,146,147,148,152,154,155,157,158,163,165,170,171,175,177,183,184,185,187,188,189,190,191,192,193,194,195,200,201,202,203,204,239,240,241,242,243,270,271,272,273,274,290,291,292,293,294,295,296,297,298,299,300,301,302,
129;0;5423;5554;1;30,31,32,33,35,49,50,51,52,53,54,55,56,57,58,59,60,61,62,63,64,65,66,67,96,141,146,147,148,152,154,155,157,158,163,165,170,171,175,177,183,184,185,187,188,189,190,191,192,193,194,195,200,201,202,203,204,239,240,241,242,243,270,271,272,273,274,290,291,292,293,294,295,296,297,298,299,300,301,302,
129;1;5554;5607;1;30,31,32,33,35,49,50,51,52,53,54,55,56,57,58,59,60,61,62,63,64,65,66,67,96,141,146,147,148,152,154,155,157,158,163,165,170,171,175,177,183,184,185,187,188,189,190,191,192,193,194,195,200,201,202,203,204,239,240,241,242,243,270,271,272,273,274,290,291,292,293,294,295,296,297,298,299,300,301,302,
88;0;5607;5720;1;30,31,32,33,35,49,50,51,52,53,54,55,56,57,58,59,60,61,62,63,64,65,66,67,96,141,146,147,148,152,154,155,157,158,163,165,170,171,175,177,183,184,185,187,188,189,190,191,192,193,194,195,200,201,202,203,204,239,240,241,242,243,270,271,272,273,274,290,291,292,293,294,295,296,297,298,299,300,301,302,
39;0;5720;5803;0;30,31,32,33,35,49,50,51,52,53,54,55,56,57,58,59,60,61,62,63,64,65,66,67,96,141,146,147,148,152,154,155,157,158,163,165,170,171,175,177,183,184,185,187,188,189,190,191,192,193,194,195,200,201,202,203,204,239,240,241,242,243,270,271,272,273,274,290,291,292,293,294,295,296,297,298,299,300,301,302,
39;1;5803;5961;0;30,31,32,33,35,49,50,51,52,53,54,55,56,57,58,59,60,61,62,63,64,65,66,67,96,141,146,147,148,152,154,155,157,158,163,165,170,171,175,177,183,184,185,187,188,189,190,191,192,193,194,195,200,201,202,203,204,239,240,241,242,243,270,271,272,273,274,290,291,292,293,294,295,296,297,298,299,300,301,302,
128;0;5961;6002;1;30,31,32,33,35,49,50,51,52,53,54,55,56,57,58,59,60,61,62,63,64,65,66,67,96,141,146,147,148,152,154,155,157,158,163,165,170,171,175,177,183,184,185,187,188,189,190,191,192,193,194,195,200,201,202,203,204,239,240,241,242,243,270,271,272,273,274,290,291,292,293,294,295,296,297,298,299,300,301,302,
138;0;6002;6006;0;30,31,32,33,35,49,50,51,52,53,54,55,56,57,58,59,60,61,62,63,64,65,66,67,96,141,146,147,148,152,154,155,157,158,163,165,170,171,175,177,183,184,185,187,188,189,190,191,192,193,194,195,200,201,202,203,204,239,240,241,242,243,270,271,272,273,274,290,291,292,293,294,295,296,297,298,299,300,301,302,
125;0;6006;6048;1;30,31,32,33,35,49,50,51,52,53,54,55,56,57,58,59,60,61,62,63,64,65,66,67,96,141,146,147,148,152,154,155,157,158,163,165,170,171,175,177,183,184,185,187,188,189,190,191,192,193,194,195,200,201,202,203,204,239,240,241,242,243,270,271,272,273,274,290,291,292,293,294,295,296,297,298,299,300,301,302,
125;1;6048;6222;1;30,31,32,33,35,49,50,51,52,53,54,55,56,57,58,59,60,61,62,63,64,65,66,67,96,141,146,147,148,152,154,155,157,158,163,165,170,171,175,177,183,184,185,187,188,189,190,191,192,193,194,195,200,201,202,203,204,239,240,241,242,243,270,271,272,273,274,290,291,292,293,294,295,296,297,298,299,300,301,302,
70;0;6222;6226;0;30,31,32,33,35,49,50,51,52,53,54,55,56,57,58,59,60,61,62,63,64,65,66,67,96,141,146,147,148,152,154,155,157,158,163,165,170,171,175,177,183,184,185,187,188,189,190,191,192,193,194,195,200,201,202,203,204,239,240,241,242,243,270,271,272,273,274,290,291,292,293,294,295,296,297,298,299,300,301,302,
53;0;6226;6355;1;30,31,32,33,35,49,50,51,52,53,54,55,56,57,58,59,60,61,62,63,64,65,66,67,96,141,146,147,148,152,154,155,157,158,163,165,170,171,175,177,183,184,185,187,188,189,190,191,192,193,194,195,200,201,202,203,204,239,240,241,242,243,270,271,272,273,274,290,291,292,293,294,295,296,297,298,299,300,301,302,
53;1;6355;6515;1;30,31,32,33,35,49,50,51,52,53,54,55,56,57,58,59,60,61,62,63,64,65,66,67,96,141,146,147,148,152,154,155,157,158,163,165,170,171,175,177,183,184,185,187,188,189,190,191,192,193,194,195,200,201,202,203,204,239,240,241,242,243,270,271,272,273,274,290,291,292,293,294,295,296,297,298,299,300,301,302,
40;0;6515;6628;1;30,31,32,33,35,49,50,51,52,53,54,55,56,57,58,59,60,61,62,63,64,65,66,67,96,141,146,147,148,152,154,155,157,158,163,165,170,171,175,177,183,184,185,187,188,189,190,191,192,193,194,195,200,201,202,203,204,239,240,241,242,243,270,271,272,273,274,290,291,292,293,294,295,296,297,298,299,300,301,302,
27;0;6628;6724;0;30,31,32,33,35,49,50,51,52,53,54,55,56,57,58,59,60,61,62,63,64,65,66,67,96,141,146,147,148,152,154,155,157,158,163,165,170,171,175,177,183,184,185,187,188,189,190,191,192,193,194,195,200,201,202,203,204,239,240,241,242,243,270,271,272,273,274,290,291,292,293,294,295,296,297,298,299,300,301,302,
27;1;6724;6898;0;30,31,32,33,35,49,50,51,52,53,54,55,56,57,58,59,60,61,62,63,64,65,66,67,96,141,146,147,148,152,154,155,157,158,163,165,170,171,175,177,183,184,185,187,188,189,190,191,192,193,194,195,200,201,202,203,204,239,240,241,242,243,270,271,272,273,274,290,291,292,293,294,295,296,297,298,299,300,301,302,
89;0;6898;6937;1;30,31,32,33,35,49,50,51,52,53,54,55,56,57,58,59,60,61,62,63,64,65,66,67,96,141,146,147,148,152,154,155,157,158,163,165,170,171,175,177,183,184,185,187,188,189,190,191,192,193,194,195,200,201,202,203,204,239,240,241,242,243,270,271,272,273,274,290,291,292,293,294,295,296,297,298,299,300,301,302,
89;1;6937;7071;1;30,31,32,33,35,49,50,51,52,53,54,55,56,57,58,59,60,61,62,63,64,65,66,67,96,141,146,147,148,152,154,155,157,158,163,165,170,171,175,177,183,184,185,187,188,189,190,191,192,193,194,195,200,201,202,203,204,239,240,241,242,243,270,271,272,273,274,290,291,292,293,294,295,296,297,298,299,300,301,302,
43;0;7071;7082;0;30,31,32,33,35,49,50,51,52,53,54,55,56,57,58,59,60,61,62,63,64,65,66,67,96,141,146,147,148,152,154,155,157,158,163,165,170,171,175,177,183,184,185,187,188,189,190,191,192,193,194,195,200,201,202,203,204,239,240,241,242,243,270,271,272,273,274,290,291,292,293,294,295,296,297,298,299,300,301,302,
43;1;7082;7135;0;30,31,32,33,35,49,50,51,52,53,54,55,56,57,58,59,60,61,62,63,64,65,66,67,96,141,146,147,148,152,154,155,157,158,163,165,170,171,175,177,183,184,185,187,188,189,190,191,192,193,194,195,200,201,202,203,204,239,240,241,242,243,270,271,272,273,274,290,291,292,293,294,295,296,297,298,299,300,301,302,
51;0;7135;7171;0;30,31,32,33,35,49,50,51,52,53,54,55,56,57,58,59,60,61,62,63,64,65,66,67,96,141,146,147,148,152,154,155,157,158,163,165,170,171,175,177,183,184,185,187,188,189,190,191,192,193,194,195,200,201,202,203,204,239,240,241,242,243,270,271,272,273,274,290,291,292,293,294,295,296,297,298,299,300,301,302,
51;1;7171;7285;0;30,31,32,33,35,49,50,51,52,53,54,55,56,57,58,59,60,61,62,63,64,65,66,67,96,141,146,147,148,152,154,155,157,158,163,165,170,171,175,177,183,184,185,187,188,189,190,191,192,193,194,195,200,201,202,203,204,239,240,241,242,243,270,271,272,273,274,290,291,292,293,294,295,296,297,298,299,300,301,302,
84;0;7285;7296;1;30,31,32,33,35,49,50,51,52,53,54,55,56,57,58,59,60,61,62,63,64,65,66,67,96,141,146,147,148,152,154,155,157,158,163,165,170,171,175,177,183,184,185,187,188,189,190,191,192,193,194,195,200,201,202,203,204,239,240,241,242,243,270,271,272,273,274,290,291,292,293,294,295,296,297,298,299,300,301,302,
58;0;7296;7410;0;30,31,32,33,35,49,50,51,52,53,54,55,56,57,58,59,60,61,62,63,64,65,66,67,96,141,146,147,148,152,154,155,157,158,163,165,170,171,175,177,183,184,185,187,188,189,190,191,192,193,194,195,200,201,202,203,204,239,240,241,242,243,270,271,272,273,274,290,291,292,293,294,295,296,297,298,299,300,301,302,
90;0;7410;7438;0;30,31,32,33,35,49,50,51,52,53,54,55,56,57,58,59,60,61,62,63,64,65,66,67,96,141,146,147,148,152,154,155,157,158,163,165,170,171,175,177,183,184,185,187,188,189,190,191,192,193,194,195,200,201,202,203,204,239,240,241,242,243,270,271,272,273,274,290,291,292,293,294,295,296,297,298,299,300,301,302,
107;0;7438;7610;0;30,31,32,33,35,49,50,51,52,53,54,55,56,57,58,59,60,61,62,63,64,65,66,67,96,141,146,147,148,152,154,155,157,158,163,165,170,171,175,177,183,184,185,187,188,189,190,191,192,193,194,195,200,201,202,203,204,239,240,241,242,243,270,271,272,273,274,290,291,292,293,294,295,296,297,298,299,300,301,302,
107;1;7610;7724;0;30,31,32,33,35,49,50,51,52,53,54,55,56,57,58,59,60,61,62,63,64,65,66,67,96,141,146,147,148,152,154,155,157,158,163,165,170,171,175,177,183,184,185,187,188,189,190,191,192,193,194,195,200,201,202,203,204,239,240,241,242,243,270,271,272,273,274,290,291,292,293,294,295,296,297,298,299,300,301,302,
81;0;7724;7881;1;30,31,32,33,35,49,50,51,52,53,54,55,56,57,58,59,60,61,62,63,64,65,66,67,96,141,146,147,148,152,154,155,157,158,163,165,170,171,175,177,183,184,185,187,188,189,190,191,192,193,194,195,200,201,202,203,204,239,240,241,242,243,270,271,272,273,274,290,291,292,293,294,295,296,297,298,299,300,301,302,
81;1;7881;8033;1;30,31,32,33,35,49,50,51,52,53,54,55,56,57,58,59,60,61,62,63,64,65,66,67,96,141,146,147,148,152,154,155,157,158,163,165,170,171,175,177,183,184,185,187,188,189,190,191,192,193,194,195,200,201,202,203,204,239,240,241,242,243,270,271,272,273,274,290,291,292,293,294,295,296,297,298,299,300,301,302,
54;0;8033;8198;0;30,31,32,33,35,49,50,51,52,53,54,55,56,57,58,59,60,61,62,63,64,65,66,67,96,141,146,147,148,152,154,155,157,158,163,165,170,171,175,177,183,184,185,187,188,189,190,191,192,193,194,195,200,201,202,203,204,239,240,241,242,243,270,271,272,273,274,290,291,292,293,294,295,296,297,298,299,300,301,302,
82;0;8198;8350;0;30,31,32,33,35,49,50,51,52,53,54,55,56,57,58,59,60,61,62,63,64,65,66,67,96,141,146,147,148,152,154,155,157,158,163,165,170,171,175,177,183,184,185,187,188,189,190,191,192,193,194,195,200,201,202,203,204,239,240,241,242,243,270,271,272,273,274,290,291,292,293,294,295,296,297,298,299,300,301,302,
69;0;8350;8405;1;30,31,32,33,35,49,50,51,52,53,54,55,56,57,58,59,60,61,62,63,64,65,66,67,96,141,146,147,148,152,154,155,157,158,163,165,170,171,175,177,183,184,185,187,188,189,190,191,192,193,194,195,200,201,202,203,204,239,240,241,242,243,270,271,272,273,274,290,291,292,293,294,295,296,297,298,299,300,301,302,
69;1;8405;8563;1;30,31,32,33,35,49,50,51,52,53,54,55,56,57,58,59,60,61,62,63,64,65,66,67,96,141,146,147,148,152,154,155,157,158,163,165,170,171,175,177,183,184,185,187,188,189,190,191,192,193,194,195,200,201,202,203,204,239,240,241,242,243,270,271,272,273,274,290,291,292,293,294,295,296,297,298,299,300,301,302,
49;0;8563;8719;1;30,31,32,33,35,49,50,51,52,53,54,55,56,57,58,59,60,61,62,63,64,65,66,67,96,141,146,147,148,152,154,155,157,158,163,165,170,171,175,177,183,184,185,187,188,189,190,191,192,193,194,195,200,201,202,203,204,239,240,241,242,243,270,271,272,273,274,290,291,292,293,294,295,296,297,298,299,300,301,302,
49;1;8719;8723;1;30,31,32,33,35,49,50,51,52,53,54,55,56,57,58,59,60,61,62,63,64,65,66,67,96,141,146,147,148,152,154,155,157,158,163,165,170,171,175,177,183,184,185,187,188,189,190,191,192,193,194,195,200,201,202,203,204,239,240,241,242,243,270,271,272,273,274,290,291,292,293,294,295,296,297,298,299,300,301,302,
93;0;8723;8874;1;30,31,32,33,35,49,50,51,52,53,54,55,56,57,58,59,60,61,62,63,64,65,66,67,96,141,146,147,148,152,154,155,157,158,163,165,170,171,175,177,183,184,185,187,188,189,190,191,192,193,194,195,200,201,202,203,204,239,240,241,242,243,270,271,272,273,274,290,291,292,293,294,295,296,297,298,299,300,301,302,
93;1;8874;8927;1;30,31,32,33,35,49,50,51,52,53,54,55,56,57,58,59,60,61,62,63,64,65,66,67,96,141,146,147,148,152,154,155,157,158,163,165,170,171,175,177,183,184,185,187,188,189,190,191,192,193,194,195,200,201,202,203,204,239,240,241,242,243,270,271,272,273,274,290,291,292,293,294,295,296,297,298,299,300,301,302,
56;0;8927;9061;1;30,31,32,33,35,49,50,51,52,53,54,55,56,57,58,59,60,61,62,63,64,65,66,67,96,141,146,147,148,152,154,155,157,158,163,165,170,171,175,177,183,184,185,187,188,189,190,191,192,193,194,195,200,201,202,203,204,239,240,241,242,243,270,271,272,273,274,290,291,292,293,294,295,296,297,298,299,300,301,302,
8;0;9061;9167;1;30,31,32,33,35,49,50,51,52,53,54,55,56,57,58,59,60,61,62,63,64,65,66,67,96,141,146,147,148,152,154,155,157,158,163,165,170,171,175,177,183,184,185,187,188,189,190,191,192,193,194,195,200,201,202,203,204,239,240,241,242,243,270,271,272,273,274,290,291,292,293,294,295,296,297,298,299,300,301,302,
28;0;9167;9195;1;30,31,32,33,35,49,50,51,52,53,54,55,56,57,58,59,60,61,62,63,64,65,66,67,96,141,146,147,148,152,154,155,157,158,163,165,170,171,175,177,183,184,185,187,188,189,190,191,192,193,194,195,200,201,202,203,204,239,240,241,242,243,270,271,272,273,274,290,291,292,293,294,295,296,297,298,299,300,301,302,
91;0;9195;9259;0;30,31,32,33,35,49,50,51,52,53,54,55,56,57,58,59,60,61,62,63,64,65,66,67,96,141,146,147,148,152,154,155,157,158,163,165,170,171,175,177,183,184,185,187,188,189,190,191,192,193,194,195,200,201,202,203,204,239,240,241,242,243,270,271,272,273,274,290,291,292,293,294,295,296,297,298,299,300,301,302,
91;1;9259;9324;0;30,31,32,33,35,49,50,51,52,53,54,55,56,57,58,59,60,61,62,63,64,65,66,67,96,141,146,147,148,152,154,155,157,158,163,165,170,171,175,177,183,184,185,187,188,189,190,191,192,193,194,195,200,201,202,203,204,239,240,241,242,243,270,271,272,273,274,290,291,292,293,294,295,296,297,298,299,300,301,302,
38;0;9324;9482;0;30,31,32,33,35,49,50,51,52,53,54,55,56,57,58,59,60,61,62,63,64,65,66,67,96,136,137,138,139,140,141,142,146,147,148,152,154,155,157,158,163,165,200,243,315,316,317,318,319,320,321,322,323,324,325,326,327,328,334,335,336,337,338,339,340,341,342,343,344,345,346,347,348,349,350,351,352,353,354,355,
16;0;9482;9507;1;30,31,32,33,35,49,50,51,52,53,54,55,56,57,58,59,60,61,62,63,64,65,66,67,96,136,137,138,139,140,141,142,146,147,148,152,154,155,157,158,163,165,200,243,315,316,317,318,319,320,321,322,323,324,325,326,327,328,334,335,336,337,338,339,340,341,342,343,344,345,346,347,348,349,350,351,352,353,354,355,
121;0;9507;9644;1;30,31,32,33,35,49,50,51,52,53,54,55,56,57,58,59,60,61,62,63,64,65,66,67,96,136,137,138,139,140,141,142,146,147,148,152,154,155,157,158,163,165,200,243,315,316,317,318,319,320,321,322,323,324,325,326,327,328,334,335,336,337,338,339,340,341,342,343,344,345,346,347,348,349,350,351,352,353,354,355,
121;1;9644;9822;1;30,31,32,33,35,49,50,51,52,53,54,55,56,57,58,59,60,61,62,63,64,65,66,67,96,136,137,138,139,140,141,142,146,147,148,152,154,155,157,158,163,165,200,243,315,316,317,318,319,320,321,322,323,324,325,326,327,328,334,335,336,337,338,339,340,341,342,343,344,345,346,347,348,349,350,351,352,353,354,355,
101;0;9822;9922;1;30,31,32,33,35,49,50,51,52,53,54,55,56,57,58,59,60,61,62,63,64,65,66,67,96,136,137,138,139,140,141,142,146,147,148,152,154,155,157,158,163,165,200,243,315,316,317,318,319,320,321,322,323,324,325,326,327,328,334,335,336,337,338,339,340,341,342,343,344,345,346,347,348,349,350,351,352,353,354,355,
101;1;9922;9939;1;30,31,32,33,35,49,50,51,52,53,54,55,56,57,58,59,60,61,62,63,64,65,66,67,96,136,137,138,139,140,141,142,146,147,148,152,154,155,157,158,163,165,200,243,315,316,317,318,319,320,321,322,323,324,325,326,327,328,334,335,336,337,338,339,340,341,342,343,344,345,346,347,348,349,350,351,352,353,354,355,
94;0;9939;10045;0;30,31,32,33,35,49,50,51,52,53,54,55,56,57,58,59,60,61,62,63,64,65,66,67,96,136,137,138,139,140,141,142,146,147,148,152,154,155,157,158,163,165,200,243,315,316,317,318,319,320,321,322,323,324,325,326,327,328,334,335,336,337,338,339,340,341,342,343,344,345,346,347,348,349,350,351,352,353,354,355,
Machine: 1
95;0;0;30;0;0,1,2,3,4,5,6,7,8,9,10,11,18,34,35,36,37,38,39,40,41,42,43,44,45,46,47,48,66,67,68,69,95,98,99,103,110,143,144,182,186,196,197,198,199,224,229,250,263,275,276,277,278,279,280,281,282,283,284,285,286,287,288,289,303,304,305,306,307,312,313,314,329,330,331,332,333,356,357,358,
95;1;30;177;0;0,1,2,3,4,5,6,7,8,9,10,11,18,34,35,36,37,38,39,40,41,42,43,44,45,46,47,48,66,67,68,69,95,98,99,103,110,143,144,182,186,196,197,198,199,224,229,250,263,275,276,277,278,279,280,281,282,283,284,285,286,287,288,289,303,304,305,306,307,312,313,314,329,330,331,332,333,356,357,358,
126;0;177;201;0;0,1,2,3,4,5,6,7,8,9,10,11,18,34,35,36,37,38,39,40,41,42,43,44,45,46,47,48,66,67,68,69,95,98,99,103,110,143,144,182,186,196,197,198,199,224,229,250,263,275,276,277,278,279,280,281,282,283,284,285,286,287,288,289,303,304,305,306,307,312,313,314,329,330,331,332,333,356,357,358,
116;0;201;269;1;0,1,2,3,4,5,6,7,8,9,10,11,18,34,35,36,37,38,39,40,41,42,43,44,45,46,47,48,66,67,68,69,95,98,99,103,110,143,144,182,186,196,197,198,199,224,229,250,263,275,276,277,278,279,280,281,282,283,284,285,286,287,288,289,303,304,305,306,307,312,313,314,329,330,331,332,333,356,357,358,
118;0;269;330;0;0,1,2,3,4,5,6,7,8,9,10,11,18,34,35,36,37,38,39,40,41,42,43,44,45,46,47,48,66,67,68,69,95,98,99,103,110,143,144,182,186,196,197,198,199,224,229,250,263,275,276,277,278,279,280,281,282,283,284,285,286,287,288,289,303,304,305,306,307,312,313,314,329,330,331,332,333,356,357,358,
123;0;330;444;0;0,1,2,3,4,5,6,7,8,9,10,11,18,34,35,36,37,38,39,40,41,42,43,44,45,46,47,48,66,67,68,69,95,98,99,103,110,143,144,182,186,196,197,198,199,224,229,250,263,275,276,277,278,279,280,281,282,283,284,285,286,287,288,289,303,304,305,306,307,312,313,314,329,330,331,332,333,356,357,358,
123;1;444;607;0;0,1,2,3,4,5,6,7,8,9,10,11,18,34,35,36,37,38,39,40,41,42,43,44,45,46,47,48,66,67,68,69,95,98,99,103,110,143,144,182,186,196,197,198,199,224,229,250,263,275,276,277,278,279,280,281,282,283,284,285,286,287,288,289,303,304,305,306,307,312,313,314,329,330,331,332,333,356,357,358,
34;0;607;770;0;0,1,2,3,4,5,6,7,8,9,10,11,18,34,35,36,37,38,39,40,41,42,43,44,45,46,47,48,66,67,68,69,95,98,99,103,110,143,144,182,186,196,197,198,199,224,229,250,263,275,276,277,278,279,280,281,282,283,284,285,286,287,288,289,303,304,305,306,307,312,313,314,329,330,331,332,333,356,357,358,
59;0;770;809;0;0,1,2,3,4,5,6,7,8,9,10,11,18,34,35,36,37,38,39,40,41,42,43,44,45,46,47,48,66,67,68,69,95,98,99,103,110,143,144,182,186,196,197,198,199,224,229,250,263,275,276,277,278,279,280,281,282,283,284,285,286,287,288,289,303,304,305,306,307,312,313,314,329,330,331,332,333,356,357,358,
59;1;809;854;0;0,1,2,3,4,5,6,7,8,9,10,11,18,34,35,36,37,38,39,40,41,42,43,44,45,46,47,48,66,67,68,69,95,98,99,103,110,143,144,182,186,196,197,198,199,224,229,250,263,275,276,277,278,279,280,281,282,283,284,285,286,287,288,289,303,304,305,306,307,312,313,314,329,330,331,332,333,356,357,358,
99;0;854;920;0;0,1,2,3,4,5,6,7,8,9,10,11,18,34,35,36,37,38,39,40,41,42,43,44,45,46,47,48,66,67,68,69,95,98,99,103,110,143,144,182,186,196,197,198,199,224,229,250,263,275,276,277,278,279,280,281,282,283,284,285,286,287,288,289,303,304,305,306,307,312,313,314,329,330,331,332,333,356,357,358,
99;1;920;1012;0;0,1,2,3,4,5,6,7,8,9,10,11,18,34,35,36,37,38,39,40,41,42,43,44,45,46,47,48,66,67,68,69,95,98,99,103,110,143,144,182,186,196,197,198,199,224,229,250,263,275,276,277,278,279,280,281,282,283,284,285,286,287,288,289,303,304,305,306,307,312,313,314,329,330,331,332,333,356,357,358,
77;0;1012;1056;1;0,1,2,3,4,5,6,7,8,9,10,11,18,34,35,36,37,38,39,40,41,42,43,44,45,46,47,48,66,67,68,69,95,98,99,103,110,143,144,182,186,196,197,198,199,224,229,250,263,275,276,277,278,279,280,281,282,283,284,285,286,287,288,289,303,304,305,306,307,312,313,314,329,330,331,332,333,356,357,358,
77;1;1056;1075;1;0,1,2,3,4,5,6,7,8,9,10,11,18,34,35,36,37,38,39,40,41,42,43,44,45,46,47,48,66,67,68,69,95,98,99,103,110,143,144,182,186,196,197,198,199,224,229,250,263,275,276,277,278,279,280,281,282,283,284,285,286,287,288,289,303,304,305,306,307,312,313,314,329,330,331,332,333,356,357,358,
104;0;1075;1167;1;0,1,2,3,4,5,6,7,8,9,10,11,18,34,35,36,37,38,39,40,41,42,43,44,45,46,47,48,66,67,68,69,95,98,99,103,110,143,144,182,186,196,197,198,199,224,229,250,263,275,276,277,278,279,280,281,282,283,284,285,286,287,288,289,303,304,305,306,307,312,313,314,329,330,331,332,333,356,357,358,
44;0;1167;1297;1;0,1,2,3,4,5,6,7,8,9,10,11,18,34,35,36,37,38,39,40,41,42,43,44,45,46,47,48,66,67,68,69,95,98,99,103,110,143,144,182,186,196,197,198,199,224,229,250,263,275,276,277,278,279,280,281,282,283,284,285,286,287,288,289,303,304,305,306,307,312,313,314,329,330,331,332,333,356,357,358,
97;0;1297;1461;1;0,1,2,3,4,5,6,7,8,9,10,11,18,34,35,36,37,38,39,40,41,42,43,44,45,46,47,48,66,67,68,69,95,98,99,103,110,143,144,182,186,196,197,198,199,224,229,250,263,275,276,277,278,279,280,281,282,283,284,285,286,287,288,289,303,304,305,306,307,312,313,314,329,330,331,332,333,356,357,358,
97;1;1461;1611;1;0,1,2,3,4,5,6,7,8,9,10,11,18,34,35,36,37,38,39,40,41,42,43,44,45,46,47,48,66,67,68,69,95,98,99,103,110,143,144,182,186,196,197,198,199,224,229,250,263,275,276,277,278,279,280,281,282,283,284,285,286,287,288,289,303,304,305,306,307,312,313,314,329,330,331,332,333,356,357,358,
115;0;1611;1615;0;0,1,2,3,4,5,6,7,8,9,10,11,18,34,35,36,37,38,39,40,41,42,43,44,45,46,47,48,66,67,68,69,95,98,99,103,110,143,144,182,186,196,197,198,199,224,229,250,263,275,276,277,278,279,280,281,282,283,284,285,286,287,288,289,303,304,305,306,307,312,313,314,329,330,331,332,333,356,357,358,
115;1;1615;1745;0;0,1,2,3,4,5,6,7,8,9,10,11,18,34,35,36,37,38,39,40,41,42,43,44,45,46,47,48,66,67,68,69,95,98,99,103,110,143,144,182,186,196,197,198,199,224,229,250,263,275,276,277,278,279,280,281,282,283,284,285,286,287,288,289,303,304,305,306,307,312,313,314,329,330,331,332,333,356,357,358,
0;0;1745;1871;1;0,1,2,3,4,5,6,7,8,9,10,11,18,34,35,36,37,38,39,40,41,42,43,44,45,46,47,48,66,67,68,69,95,98,99,103,110,143,144,182,186,196,197,198,199,224,229,250,263,275,276,277,278,279,280,281,282,283,284,285,286,287,288,289,303,304,305,306,307,312,313,314,329,330,331,332,333,356,357,358,
0;1;1871;1939;1;0,1,2,3,4,5,6,7,8,9,10,11,18,34,35,36,37,38,39,40,41,42,43,44,45,46,47,48,66,67,68,69,95,98,99,103,110,143,144,182,186,196,197,198,199,224,229,250,263,275,276,277,278,279,280,281,282,283,284,285,286,287,288,289,303,304,305,306,307,312,313,314,329,330,331,332,333,356,357,358,
105;0;1939;1950;1;0,1,2,3,4,5,6,7,8,9,10,11,18,34,35,36,37,38,39,40,41,42,43,44,45,46,47,48,66,67,68,69,95,98,99,103,110,143,144,182,186,196,197,198,199,224,229,250,263,275,276,277,278,279,280,281,282,283,284,285,286,287,288,289,303,304,305,306,307,312,313,314,329,330,331,332,333,356,357,358,
105;1;1950;2039;1;0,1,2,3,4,5,6,7,8,9,10,11,18,34,35,36,37,38,39,40,41,42,43,44,45,46,47,48,66,67,68,69,95,98,99,103,110,143,144,182,186,196,197,198,199,224,229,250,263,275,276,277,278,279,280,281,282,283,284,285,286,287,288,289,303,304,305,306,307,312,313,314,329,330,331,332,333,356,357,358,
110;0;2039;2140;0;0,1,2,3,4,5,6,7,8,9,10,11,18,34,35,36,37,38,39,40,41,42,43,44,45,46,47,48,66,67,68,69,95,98,99,103,110,143,144,182,186,196,197,198,199,224,229,250,263,275,276,277,278,279,280,281,282,283,284,285,286,287,288,289,303,304,305,306,307,312,313,314,329,330,331,332,333,356,357,358,
48;0;2140;2287;1;0,1,2,3,4,5,6,7,8,9,10,11,18,34,35,36,37,38,39,40,41,42,43,44,45,46,47,48,66,67,68,69,95,98,99,103,110,143,144,182,186,196,197,198,199,224,229,250,263,275,276,277,278,279,280,281,282,283,284,285,286,287,288,289,303,304,305,306,307,312,313,314,329,330,331,332,333,356,357,358,
12;0;2287;2328;1;0,1,2,3,4,5,6,7,8,9,10,11,18,34,35,36,37,38,39,40,41,42,43,44,45,46,47,48,66,67,68,69,95,98,99,103,110,143,144,182,186,196,197,198,199,224,229,250,263,275,276,277,278,279,280,281,282,283,284,285,286,287,288,289,303,304,305,306,307,312,313,314,329,330,331,332,333,356,357,358,
113;0;2328;2394;1;0,1,2,3,4,5,6,7,8,9,10,11,18,34,35,36,37,38,39,40,41,42,43,44,45,46,47,48,66,67,68,69,95,98,99,103,110,143,144,182,186,196,197,198,199,224,229,250,263,275,276,277,278,279,280,281,282,283,284,285,286,287,288,289,303,304,305,306,307,312,313,314,329,330,331,332,333,356,357,358,
113;1;2394;2486;1;0,1,2,3,4,5,6,7,8,9,10,11,18,34,35,36,37,38,39,40,41,42,43,44,45,46,47,48,66,67,68,69,95,98,99,103,110,143,144,182,186,196,197,198,199,224,229,250,263,275,276,277,278,279,280,281,282,283,284,285,286,287,288,289,303,304,305,306,307,312,313,314,329,330,331,332,333,356,357,358,
79;0;2486;2552;0;0,1,2,3,4,5,6,7,8,9,10,11,18,34,35,36,37,38,39,40,41,42,43,44,45,46,47,48,66,67,68,69,95,98,99,103,110,143,144,182,186,196,197,198,199,224,229,250,263,275,276,277,278,279,280,281,282,283,284,285,286,287,288,289,303,304,305,306,307,312,313,314,329,330,331,332,333,356,357,358,
79;1;2552;2720;0;0,1,2,3,4,5,6,7,8,9,10,11,18,34,35,36,37,38,39,40,41,42,43,44,45,46,47,48,66,67,68,69,95,98,99,103,110,143,144,182,186,196,197,198,199,224,229,250,263,275,276,277,278,279,280,281,282,283,284,285,286,287,288,289,303,304,305,306,307,312,313,314,329,330,331,332,333,356,357,358,
131;0;2720;2852;0;0,1,2,3,4,5,6,7,8,9,10,11,18,34,35,36,37,38,39,40,41,42,43,44,45,46,47,48,66,67,68,69,95,98,99,103,110,143,144,182,186,196,197,198,199,224,229,250,263,275,276,277,278,279,280,281,282,283,284,285,286,287,288,289,303,304,305,306,307,312,313,314,329,330,331,332,333,356,357,358,
131;1;2852;2982;0;0,1,2,3,4,5,6,7,8,9,10,11,18,34,35,36,37,38,39,40,41,42,43,44,45,46,47,48,66,67,68,69,95,98,99,103,110,143,144,182,186,196,197,198,199,224,229,250,263,275,276,277,278,279,280,281,282,283,284,285,286,287,288,289,303,304,305,306,307,312,313,314,329,330,331,332,333,356,357,358,
76;0;2982;3027;1;0,1,2,3,4,5,6,7,8,9,10,11,18,34,35,36,37,38,39,40,41,42,43,44,45,46,47,48,66,67,68,69,95,98,99,103,110,143,144,182,186,196,197,198,199,224,229,250,263,275,276,277,278,279,280,281,282,283,284,285,286,287,288,289,303,304,305,306,307,312,313,314,329,330,331,332,333,356,357,358,
112;0;3027;3177;1;0,1,2,3,4,5,6,7,8,9,10,11,18,34,35,36,37,38,39,40,41,42,43,44,45,46,47,48,66,67,68,69,95,98,99,103,110,143,144,182,186,196,197,198,199,224,229,250,263,275,276,277,278,279,280,281,282,283,284,285,286,287,288,289,303,304,305,306,307,312,313,314,329,330,331,332,333,356,357,358,
17;0;3177;3181;1;0,1,2,3,4,5,6,7,8,9,10,11,18,34,35,36,37,38,39,40,41,42,43,44,45,46,47,48,66,67,68,69,95,98,99,103,110,143,144,182,186,196,197,198,199,224,229,250,263,275,276,277,278,279,280,281,282,283,284,285,286,287,288,289,303,304,305,306,307,312,313,314,329,330,331,332,333,356,357,358,
17;1;3181;3205;1;0,1,2,3,4,5,6,7,8,9,10,11,18,34,35,36,37,38,39,40,41,42,43,44,45,46,47,48,66,67,68,69,95,98,99,103,110,143,144,182,186,196,197,198,199,224,229,250,263,275,276,277,278,279,280,281,282,283,284,285,286,287,288,289,303,304,305,306,307,312,313,314,329,330,331,332,333,356,357,358,
87;0;3205;3227;0;0,1,2,3,4,5,6,7,8,9,10,11,18,34,35,36,37,38,39,40,41,42,43,44,45,46,47,48,66,67,68,69,95,98,99,103,110,143,144,182,186,196,197,198,199,224,229,250,263,275,276,277,278,279,280,281,282,283,284,285,286,287,288,289,303,304,305,306,307,312,313,314,329,330,331,332,333,356,357,358,
87;1;3227;3281;0;0,1,2,3,4,5,6,7,8,9,10,11,18,34,35,36,37,38,39,40,41,42,43,44,45,46,47,48,66,67,68,69,95,98,99,103,110,143,144,182,186,196,197,198,199,224,229,250,263,275,276,277,278,279,280,281,282,283,284,285,286,287,288,289,303,304,305,306,307,312,313,314,329,330,331,332,333,356,357,358,
132;0;3281;3376;1;0,1,2,3,4,5,6,7,8,9,10,11,18,34,35,36,37,38,39,40,41,42,43,44,45,46,47,48,66,67,68,69,95,98,99,103,110,143,144,182,186,196,197,198,199,224,229,250,263,275,276,277,278,279,280,281,282,283,284,285,286,287,288,289,303,304,305,306,307,312,313,314,329,330,331,332,333,356,357,358,
22;0;3376;3506;0;0,1,2,3,4,5,6,7,8,9,10,11,18,34,35,36,37,38,39,40,41,42,43,44,45,46,47,48,66,67,68,69,95,98,99,103,110,143,144,182,186,196,197,198,199,224,229,250,263,275,276,277,278,279,280,281,282,283,284,285,286,287,288,289,303,304,305,306,307,312,313,314,329,330,331,332,333,356,357,358,
119;0;3506;3578;0;0,1,2,3,4,5,6,7,8,9,10,11,18,34,35,36,37,38,39,40,41,42,43,44,45,46,47,48,66,67,68,69,95,98,99,103,110,143,144,182,186,196,197,198,199,224,229,250,263,275,276,277,278,279,280,281,282,283,284,285,286,287,288,289,303,304,305,306,307,312,313,314,329,330,331,332,333,356,357,358,
119;1;3578;3725;0;0,1,2,3,4,5,6,7,8,9,10,11,18,34,35,36,37,38,39,40,41,42,43,44,45,46,47,48,66,67,68,69,95,98,99,103,110,143,144,182,186,196,197,198,199,224,229,250,263,275,276,277,278,279,280,281,282,283,284,285,286,287,288,289,303,304,305,306,307,312,313,314,329,330,331,332,333,356,357,358,
83;0;3725;3776;0;0,1,2,3,4,5,6,7,8,9,10,11,18,34,35,36,37,38,39,40,41,42,43,44,45,46,47,48,66,67,68,69,95,98,99,103,110,143,144,182,186,196,197,198,199,224,229,250,263,275,276,277,278,279,280,281,282,283,284,285,286,287,288,289,303,304,305,306,307,312,313,314,329,330,331,332,333,356,357,358,
83;1;3776;3830;0;0,1,2,3,4,5,6,7,8,9,10,11,18,34,35,36,37,38,39,40,41,42,43,44,45,46,47,48,66,67,68,69,95,98,99,103,110,143,144,182,186,196,197,198,199,224,229,250,263,275,276,277,278,279,280,281,282,283,284,285,286,287,288,289,303,304,305,306,307,312,313,314,329,330,331,332,333,356,357,358,
130;0;3830;3883;0;0,1,2,3,4,5,6,7,8,9,10,11,18,34,35,36,37,38,39,40,41,42,43,44,45,46,47,48,66,67,68,69,95,98,99,103,110,143,144,182,186,196,197,198,199,224,229,250,263,275,276,277,278,279,280,281,282,283,284,285,286,287,288,289,303,304,305,306,307,312,313,314,329,330,331,332,333,356,357,358,
6;0;3883;4033;0;0,1,2,3,4,5,6,7,8,9,10,11,18,34,35,36,37,38,39,40,41,42,43,44,45,46,47,48,66,67,68,69,95,98,99,103,110,143,144,182,186,196,197,198,199,224,229,250,263,275,276,277,278,279,280,281,282,283,284,285,286,287,288,289,303,304,305,306,307,312,313,314,329,330,331,332,333,356,357,358,
7;0;4033;4090;0;0,1,2,3,4,5,6,7,8,9,10,11,18,34,35,36,37,38,39,40,41,42,43,44,45,46,47,48,66,67,68,69,95,98,99,103,110,143,144,182,186,196,197,198,199,224,229,250,263,275,276,277,278,279,280,281,282,283,284,285,286,287,288,289,303,304,305,306,307,312,313,314,329,330,331,332,333,356,357,358,
7;1;4090;4135;0;0,1,2,3,4,5,6,7,8,9,10,11,18,34,35,36,37,38,39,40,41,42,43,44,45,46,47,48,66,67,68,69,95,98,99,103,110,143,144,182,186,196,197,198,199,224,229,250,263,275,276,277,278,279,280,281,282,283,284,285,286,287,288,289,303,304,305,306,307,312,313,314,329,330,331,332,333,356,357,358,
122;0;4135;4285;0;0,1,2,3,4,5,6,7,8,9,10,11,18,34,35,36,37,38,39,40,41,42,43,44,45,46,47,48,66,67,68,69,95,98,99,103,110,143,144,182,186,196,197,198,199,224,229,250,263,275,276,277,278,279,280,281,282,283,284,285,286,287,288,289,303,304,305,306,307,312,313,314,329,330,331,332,333,356,357,358,
46;0;4285;4448;0;0,1,2,3,4,5,6,7,8,9,10,11,18,34,35,36,37,38,39,40,41,42,43,44,45,46,47,48,66,67,68,69,95,98,99,103,110,143,144,182,186,196,197,198,199,224,229,250,263,275,276,277,278,279,280,281,282,283,284,285,286,287,288,289,303,304,305,306,307,312,313,314,329,330,331,332,333,356,357,358,
18;0;4448;4543;0;0,1,2,3,4,5,6,7,8,9,10,11,18,34,35,36,37,38,39,40,41,42,43,44,45,46,47,48,66,67,68,69,95,98,99,103,110,143,144,182,186,196,197,198,199,224,229,250,263,275,276,277,278,279,280,281,282,283,284,285,286,287,288,289,303,304,305,306,307,312,313,314,329,330,331,332,333,356,357,358,
57;0;4543;4572;1;0,1,2,3,4,5,6,7,8,9,10,11,18,34,35,36,37,38,39,40,41,42,43,44,45,46,47,48,66,67,68,69,95,98,99,103,110,143,144,182,186,196,197,198,199,224,229,250,263,275,276,277,278,279,280,281,282,283,284,285,286,287,288,289,303,304,305,306,307,312,313,314,329,330,331,332,333,356,357,358,
57;1;4572;4673;1;0,1,2,3,4,5,6,7,8,9,10,11,18,34,35,36,37,38,39,40,41,42,43,44,45,46,47,48,66,67,68,69,95,98,99,103,110,143,144,182,186,196,197,198,199,224,229,250,263,275,276,277,278,279,280,281,282,283,284,285,286,287,288,289,303,304,305,306,307,312,313,314,329,330,331,332,333,356,357,358,
78;0;4673;4774;0;0,1,2,3,4,5,6,7,8,9,10,11,18,34,35,36,37,38,39,40,41,42,43,44,45,46,47,48,66,67,68,69,95,98,99,103,110,143,144,182,186,196,197,198,199,224,229,250,263,275,276,277,278,279,280,281,282,283,284,285,286,287,288,289,303,304,305,306,307,312,313,314,329,330,331,332,333,356,357,358,
42;0;4774;4815;0;0,1,2,3,4,5,6,7,8,9,10,11,18,34,35,36,37,38,39,40,41,42,43,44,45,46,47,48,66,67,68,69,95,98,99,103,110,143,144,182,186,196,197,198,199,224,229,250,263,275,276,277,278,279,280,281,282,283,284,285,286,287,288,289,303,304,305,306,307,312,313,314,329,330,331,332,333,356,357,358,
136;0;4815;4839;1;0,1,2,3,4,5,6,7,8,9,10,11,18,34,35,36,37,38,39,40,41,42,43,44,45,46,47,48,66,67,68,69,95,98,99,103,110,143,144,182,186,196,197,198,199,224,229,250,263,275,276,277,278,279,280,281,282,283,284,285,286,287,288,289,303,304,305,306,307,312,313,314,329,330,331,332,333,356,357,358,
100;0;4839;4934;1;0,1,2,3,4,5,6,7,8,9,10,11,18,34,35,36,37,38,39,40,41,42,43,44,45,46,47,48,66,67,68,69,95,98,99,103,110,143,144,182,186,196,197,198,199,224,229,250,263,275,276,277,278,279,280,281,282,283,284,285,286,287,288,289,303,304,305,306,307,312,313,314,329,330,331,332,333,356,357,358,
10;0;4934;4968;0;0,1,2,3,4,5,6,7,8,9,10,11,18,34,35,36,37,38,39,40,41,42,43,44,45,46,47,48,66,67,68,69,95,98,99,103,110,143,144,182,186,196,197,198,199,224,229,250,263,275,276,277,278,279,280,281,282,283,284,285,286,287,288,289,303,304,305,306,307,312,313,314,329,330,331,332,333,356,357,358,
35;0;4968;5069;0;0,1,11,12,13,14,15,16,17,18,19,20,21,22,23,24,25,26,27,28,29,34,35,36,37,38,39,41,42,48,66,67,68,69,70,71,72,73,74,75,76,77,78,79,80,81,82,83,84,85,86,87,88,89,90,91,92,93,94,95,98,99,103,110,182,186,196,197,198,199,250,263,307,308,309,310,311,312,313,314,
35;1;5069;5161;0;0,1,11,12,13,14,15,16,17,18,19,20,21,22,23,24,25,26,27,28,29,34,35,36,37,38,39,41,42,48,66,67,68,69,70,71,72,73,74,75,76,77,78,79,80,81,82,83,84,85,86,87,88,89,90,91,92,93,94,95,98,99,103,110,182,186,196,197,198,199,250,263,307,308,309,310,311,312,313,314,
109;0;5161;5262;1;0,1,11,12,13,14,15,16,17,18,19,20,21,22,23,24,25,26,27,28,29,34,35,36,37,38,39,41,42,48,66,67,68,69,70,71,72,73,74,75,76,77,78,79,80,81,82,83,84,85,86,87,88,89,90,91,92,93,94,95,98,99,103,110,182,186,196,197,198,199,250,263,307,308,309,310,311,312,313,314,
109;1;5262;5425;1;0,1,11,12,13,14,15,16,17,18,19,20,21,22,23,24,25,26,27,28,29,34,35,36,37,38,39,41,42,48,66,67,68,69,70,71,72,73,74,75,76,77,78,79,80,81,82,83,84,85,86,87,88,89,90,91,92,93,94,95,98,99,103,110,182,186,196,197,198,199,250,263,307,308,309,310,311,312,313,314,
96;0;5425;5514;1;0,1,11,12,13,14,15,16,17,18,19,20,21,22,23,24,25,26,27,28,29,34,35,36,37,38,39,41,42,48,66,67,68,69,70,71,72,73,74,75,76,77,78,79,80,81,82,83,84,85,86,87,88,89,90,91,92,93,94,95,98,99,103,110,182,186,196,197,198,199,250,263,307,308,309,310,311,312,313,314,
1;0;5514;5546;0;0,1,11,12,13,14,15,16,17,18,19,20,21,22,23,24,25,26,27,28,29,34,35,36,37,38,39,41,42,48,66,67,68,69,70,71,72,73,74,75,76,77,78,79,80,81,82,83,84,85,86,87,88,89,90,91,92,93,94,95,98,99,103,110,182,186,196,197,198,199,250,263,307,308,309,310,311,312,313,314,
1;1;5546;5585;0;0,1,11,12,13,14,15,16,17,18,19,20,21,22,23,24,25,26,27,28,29,34,35,36,37,38,39,41,42,48,66,67,68,69,70,71,72,73,74,75,76,77,78,79,80,81,82,83,84,85,86,87,88,89,90,91,92,93,94,95,98,99,103,110,182,186,196,197,198,199,250,263,307,308,309,310,311,312,313,314,
9;0;5585;5706;1;0,1,11,12,13,14,15,16,17,18,19,20,21,22,23,24,25,26,27,28,29,34,35,36,37,38,39,41,42,48,66,67,68,69,70,71,72,73,74,75,76,77,78,79,80,81,82,83,84,85,86,87,88,89,90,91,92,93,94,95,98,99,103,110,182,186,196,197,198,199,250,263,307,308,309,310,311,312,313,314,
9;1;5706;5780;1;0,1,11,12,13,14,15,16,17,18,19,20,21,22,23,24,25,26,27,28,29,34,35,36,37,38,39,41,42,48,66,67,68,69,70,71,72,73,74,75,76,77,78,79,80,81,82,83,84,85,86,87,88,89,90,91,92,93,94,95,98,99,103,110,182,186,196,197,198,199,250,263,307,308,309,310,311,312,313,314,
23;0;5780;5868;0;0,1,11,12,13,14,15,16,17,18,19,20,21,22,23,24,25,26,27,28,29,34,35,36,37,38,39,41,42,48,66,67,68,69,70,71,72,73,74,75,76,77,78,79,80,81,82,83,84,85,86,87,88,89,90,91,92,93,94,95,98,99,103,110,182,186,196,197,198,199,250,263,307,308,309,310,311,312,313,314,
23;1;5868;5909;0;0,1,11,12,13,14,15,16,17,18,19,20,21,22,23,24,25,26,27,28,29,34,35,36,37,38,39,41,42,48,66,67,68,69,70,71,72,73,74,75,76,77,78,79,80,81,82,83,84,85,86,87,88,89,90,91,92,93,94,95,98,99,103,110,182,186,196,197,198,199,250,263,307,308,309,310,311,312,313,314,
86;0;5909;5959;0;0,1,11,12,13,14,15,16,17,18,19,20,21,22,23,24,25,26,27,28,29,34,35,36,37,38,39,41,42,48,66,67,68,69,70,71,72,73,74,75,76,77,78,79,80,81,82,83,84,85,86,87,88,89,90,91,92,93,94,95,98,99,103,110,182,186,196,197,198,199,250,263,307,308,309,310,311,312,313,314,
67;0;5959;6096;0;0,1,11,12,13,14,15,16,17,18,19,20,21,22,23,24,25,26,27,28,29,34,35,36,37,38,39,41,42,48,66,67,68,69,70,71,72,73,74,75,76,77,78,79,80,81,82,83,84,85,86,87,88,89,90,91,92,93,94,95,98,99,103,110,182,186,196,197,198,199,250,263,307,308,309,310,311,312,313,314,
67;1;6096;6191;0;0,1,11,12,13,14,15,16,17,18,19,20,21,22,23,24,25,26,27,28,29,34,35,36,37,38,39,41,42,48,66,67,68,69,70,71,72,73,74,75,76,77,78,79,80,81,82,83,84,85,86,87,88,89,90,91,92,93,94,95,98,99,103,110,182,186,196,197,198,199,250,263,307,308,309,310,311,312,313,314,
114;0;6191;6230;0;0,1,11,12,13,14,15,16,17,18,19,20,21,22,23,24,25,26,27,28,29,34,35,36,37,38,39,41,42,48,66,67,68,69,70,71,72,73,74,75,76,77,78,79,80,81,82,83,84,85,86,87,88,89,90,91,92,93,94,95,98,99,103,110,182,186,196,197,198,199,250,263,307,308,309,310,311,312,313,314,
14;0;6230;6325;0;0,1,11,12,13,14,15,16,17,18,19,20,21,22,23,24,25,26,27,28,29,34,35,36,37,38,39,41,42,48,66,67,68,69,70,71,72,73,74,75,76,77,78,79,80,81,82,83,84,85,86,87,88,89,90,91,92,93,94,95,98,99,103,110,182,186,196,197,198,199,250,263,307,308,309,310,311,312,313,314,
103;0;6325;6499;0;0,1,11,12,13,14,15,16,17,18,19,20,21,22,23,24,25,26,27,28,29,34,35,36,37,38,39,41,42,48,66,67,68,69,70,71,72,73,74,75,76,77,78,79,80,81,82,83,84,85,86,87,88,89,90,91,92,93,94,95,98,99,103,110,182,186,196,197,198,199,250,263,307,308,309,310,311,312,313,314,
103;1;6499;6540;0;0,1,11,12,13,14,15,16,17,18,19,20,21,22,23,24,25,26,27,28,29,34,35,36,37,38,39,41,42,48,66,67,68,69,70,71,72,73,74,75,76,77,78,79,80,81,82,83,84,85,86,87,88,89,90,91,92,93,94,95,98,99,103,110,182,186,196,197,198,199,250,263,307,308,309,310,311,312,313,314,
63;0;6540;6674;0;0,1,11,12,13,14,15,16,17,18,19,20,21,22,23,24,25,26,27,28,29,34,35,36,37,38,39,41,42,48,66,67,68,69,70,71,72,73,74,75,76,77,78,79,80,81,82,83,84,85,86,87,88,89,90,91,92,93,94,95,98,99,103,110,182,186,196,197,198,199,250,263,307,308,309,310,311,312,313,314,
63;1;6674;6837;0;0,1,11,12,13,14,15,16,17,18,19,20,21,22,23,24,25,26,27,28,29,34,35,36,37,38,39,41,42,48,66,67,68,69,70,71,72,73,74,75,76,77,78,79,80,81,82,83,84,85,86,87,88,89,90,91,92,93,94,95,98,99,103,110,182,186,196,197,198,199,250,263,307,308,309,310,311,312,313,314,
25;0;6837;6998;1;0,1,11,12,13,14,15,16,17,18,19,20,21,22,23,24,25,26,27,28,29,34,35,36,37,38,39,41,42,48,66,67,68,69,70,71,72,73,74,75,76,77,78,79,80,81,82,83,84,85,86,87,88,89,90,91,92,93,94,95,98,99,103,110,182,186,196,197,198,199,250,263,307,308,309,310,311,312,313,314,
25;1;6998;7128;1;0,1,11,12,13,14,15,16,17,18,19,20,21,22,23,24,25,26,27,28,29,34,35,36,37,38,39,41,42,48,66,67,68,69,70,71,72,73,74,75,76,77,78,79,80,81,82,83,84,85,86,87,88,89,90,91,92,93,94,95,98,99,103,110,182,186,196,197,198,199,250,263,307,308,309,310,311,312,313,314,
73;0;7128;7300;1;0,1,11,12,13,14,15,16,17,18,19,20,21,22,23,24,25,26,27,28,29,34,35,36,37,38,39,41,42,48,66,67,68,69,70,71,72,73,74,75,76,77,78,79,80,81,82,83,84,85,86,87,88,89,90,91,92,93,94,95,98,99,103,110,182,186,196,197,198,199,250,263,307,308,309,310,311,312,313,314,
73;1;7300;7468;1;0,1,11,12,13,14,15,16,17,18,19,20,21,22,23,24,25,26,27,28,29,34,35,36,37,38,39,41,42,48,66,67,68,69,70,71,72,73,74,75,76,77,78,79,80,81,82,83,84,85,86,87,88,89,90,91,92,93,94,95,98,99,103,110,182,186,196,197,198,199,250,263,307,308,309,310,311,312,313,314,
106;0;7468;7563;0;0,1,11,12,13,14,15,16,17,18,19,20,21,22,23,24,25,26,27,28,29,34,35,36,37,38,39,41,42,48,66,67,68,69,70,71,72,73,74,75,76,77,78,79,80,81,82,83,84,85,86,87,88,89,90,91,92,93,94,95,98,99,103,110,182,186,196,197,198,199,250,263,307,308,309,310,311,312,313,314,
98;0;7563;7652;0;0,1,11,12,13,14,15,16,17,18,19,20,21,22,23,24,25,26,27,28,29,34,35,36,37,38,39,41,42,48,66,67,68,69,70,71,72,73,74,75,76,77,78,79,80,81,82,83,84,85,86,87,88,89,90,91,92,93,94,95,98,99,103,110,182,186,196,197,198,199,250,263,307,308,309,310,311,312,313,314,
32;0;7652;7820;1;0,1,11,12,13,14,15,16,17,18,19,20,21,22,23,24,25,26,27,28,29,34,35,36,37,38,39,41,42,48,66,67,68,69,70,71,72,73,74,75,76,77,78,79,80,81,82,83,84,85,86,87,88,89,90,91,92,93,94,95,98,99,103,110,182,186,196,197,198,199,250,263,307,308,309,310,311,312,313,314,
134;0;7820;7894;0;0,1,11,12,13,14,15,16,17,18,19,20,21,22,23,24,25,26,27,28,29,34,35,36,37,38,39,41,42,48,66,67,68,69,70,71,72,73,74,75,76,77,78,79,80,81,82,83,84,85,86,87,88,89,90,91,92,93,94,95,98,99,103,110,182,186,196,197,198,199,250,263,307,308,309,310,311,312,313,314,
124;0;7894;8044;1;0,1,11,12,13,14,17,34,35,36,37,38,39,48,95,98,99,100,101,102,103,104,105,106,107,108,109,110,111,112,113,114,115,116,117,118,119,120,121,122,123,124,125,126,127,128,129,130,131,132,133,134,135,182,244,245,246,247,248,249,250,251,252,253,254,255,256,257,258,259,260,261,262,263,264,265,266,267,268,269,
127;0;8044;8085;0;0,1,11,12,13,14,17,34,35,36,37,38,39,48,95,98,99,100,101,102,103,104,105,106,107,108,109,110,111,112,113,114,115,116,117,118,119,120,121,122,123,124,125,126,127,128,129,130,131,132,133,134,135,182,244,245,246,247,248,249,250,251,252,253,254,255,256,257,258,259,260,261,262,263,264,265,266,267,268,269,
127;1;8085;8119;0;0,1,11,12,13,14,17,34,35,36,37,38,39,48,95,98,99,100,101,102,103,104,105,106,107,108,109,110,111,112,113,114,115,116,117,118,119,120,121,122,123,124,125,126,127,128,129,130,131,132,133,134,135,182,244,245,246,247,248,249,250,251,252,253,254,255,256,257,258,259,260,261,262,263,264,265,266,267,268,269,
15;0;8119;8238;0;0,1,11,12,13,14,17,34,35,36,37,38,39,48,95,98,99,100,101,102,103,104,105,106,107,108,109,110,111,112,113,114,115,116,117,118,119,120,121,122,123,124,125,126,127,128,129,130,131,132,133,134,135,182,244,245,246,247,248,249,250,251,252,253,254,255,256,257,258,259,260,261,262,263,264,265,266,267,268,269,
15;1;8238;8376;0;0,1,11,12,13,14,17,34,35,36,37,38,39,48,95,98,99,100,101,102,103,104,105,106,107,108,109,110,111,112,113,114,115,116,117,118,119,120,121,122,123,124,125,126,127,128,129,130,131,132,133,134,135,182,244,245,246,247,248,249,250,251,252,253,254,255,256,257,258,259,260,261,262,263,264,265,266,267,268,269,
72;0;8376;8514;1;0,1,11,12,13,14,17,34,35,36,37,38,39,48,95,98,99,100,101,102,103,104,105,106,107,108,109,110,111,112,113,114,115,116,117,118,119,120,121,122,123,124,125,126,127,128,129,130,131,132,133,134,135,182,244,245,246,247,248,249,250,251,252,253,254,255,256,257,258,259,260,261,262,263,264,265,266,267,268,269,
135;0;8514;8613;0;0,1,11,12,13,14,17,34,35,36,37,38,39,48,95,98,99,100,101,102,103,104,105,106,107,108,109,110,111,112,113,114,115,116,117,118,119,120,121,122,123,124,125,126,127,128,129,130,131,132,133,134,135,182,244,245,246,247,248,249,250,251,252,253,254,255,256,257,258,259,260,261,262,263,264,265,266,267,268,269,
135;1;8613;8779;0;0,1,11,12,13,14,17,34,35,36,37,38,39,48,95,98,99,100,101,102,103,104,105,106,107,108,109,110,111,112,113,114,115,116,117,118,119,120,121,122,123,124,125,126,127,128,129,130,131,132,133,134,135,182,244,245,246,247,248,249,250,251,252,253,254,255,256,257,258,259,260,261,262,263,264,265,266,267,268,269,
74;0;8779;8945;0;0,1,11,12,13,14,17,34,35,36,37,38,39,48,95,98,99,100,101,102,103,104,105,106,107,108,109,110,111,112,113,114,115,116,117,118,119,120,121,122,123,124,125,126,127,128,129,130,131,132,133,134,135,182,244,245,246,247,248,249,250,251,252,253,254,255,256,257,258,259,260,261,262,263,264,265,266,267,268,269,
92;0;8945;9040;1;0,1,11,12,13,14,17,34,35,36,37,38,39,48,95,98,99,100,101,102,103,104,105,106,107,108,109,110,111,112,113,114,115,116,117,118,119,120,121,122,123,124,125,126,127,128,129,130,131,132,133,134,135,182,244,245,246,247,248,249,250,251,252,253,254,255,256,257,258,259,260,261,262,263,264,265,266,267,268,269,
4;0;9040;9170;1;0,1,11,12,13,14,17,34,35,36,37,38,39,48,95,98,99,100,101,102,103,104,105,106,107,108,109,110,111,112,113,114,115,116,117,118,119,120,121,122,123,124,125,126,127,128,129,130,131,132,133,134,135,182,244,245,246,247,248,249,250,251,252,253,254,255,256,257,258,259,260,261,262,263,264,265,266,267,268,269,
24;0;9170;9271;1;0,1,11,12,13,14,17,34,35,36,37,38,39,48,95,98,99,100,101,102,103,104,105,106,107,108,109,110,111,112,113,114,115,116,117,118,119,120,121,122,123,124,125,126,127,128,129,130,131,132,133,134,135,182,244,245,246,247,248,249,250,251,252,253,254,255,256,257,258,259,260,261,262,263,264,265,266,267,268,269,
5;0;9271;9447;1;0,1,11,12,13,14,17,34,35,36,37,38,39,48,95,98,99,100,101,102,103,104,105,106,107,108,109,110,111,112,113,114,115,116,117,118,119,120,121,122,123,124,125,126,127,128,129,130,131,132,133,134,135,182,244,245,246,247,248,249,250,251,252,253,254,255,256,257,258,259,260,261,262,263,264,265,266,267,268,269,
5;1;9447;9594;1;0,1,11,12,13,14,17,34,35,36,37,38,39,48,95,98,99,100,101,102,103,104,105,106,107,108,109,110,111,112,113,114,115,116,117,118,119,120,121,122,123,124,125,126,127,128,129,130,131,132,133,134,135,182,244,245,246,247,248,249,250,251,252,253,254,255,256,257,258,259,260,261,262,263,264,265,266,267,268,269,
END
fineshedJobsCount: 208
switchs: 172
switchsInstances: 4
unfineshedPriorityCount: 0
totalUnfineshed: 1
criticalMachineSwitchs: 68
criticalMachineTime: 10045
Final Solution: 6028
Time: 245022
PTL: 265
MCMC: 82
Best Initial: 5401
Mean Initial: 4942.18
