./input/BaseInstances/6M1_n=130,r=0.6,t=165,v0.txt;./input/Processed/ToolSetInt.csv
7;720;1440
Machine: 0
2;0;0;172;1;0,1,2,3,4,5,6,7,8,9,10,11,12,13,14,15,16,17,18,19,20,21,22,23,24,25,26,27,28,29,30,31,32,33,34,35,36,37,38,39,40,41,42,43,44,45,46,47,48,49,50,53,57,62,63,64,67,69,77,80,81,82,83,84,85,86,87,88,98,99,100,103,104,105,106,107,108,134,155,156,
31;0;172;211;1;0,1,2,3,4,5,6,7,8,9,10,11,12,13,14,15,16,17,18,19,20,21,22,23,24,25,26,27,28,29,30,31,32,33,34,35,36,37,38,39,40,41,42,43,44,45,46,47,48,49,50,53,57,62,63,64,67,69,77,80,81,82,83,84,85,86,87,88,98,99,100,103,104,105,106,107,108,134,155,156,
31;1;211;283;1;0,1,2,3,4,5,6,7,8,9,10,11,12,13,14,15,16,17,18,19,20,21,22,23,24,25,26,27,28,29,30,31,32,33,34,35,36,37,38,39,40,41,42,43,44,45,46,47,48,49,50,53,57,62,63,64,67,69,77,80,81,82,83,84,85,86,87,88,98,99,100,103,104,105,106,107,108,134,155,156,
49;0;283;446;1;0,1,2,3,4,5,6,7,8,9,10,11,12,13,14,15,16,17,18,19,20,21,22,23,24,25,26,27,28,29,30,31,32,33,34,35,36,37,38,39,40,41,42,43,44,45,46,47,48,49,50,53,57,62,63,64,67,69,77,80,81,82,83,84,85,86,87,88,98,99,100,103,104,105,106,107,108,134,155,156,
49;1;446;519;1;0,1,2,3,4,5,6,7,8,9,10,11,12,13,14,15,16,17,18,19,20,21,22,23,24,25,26,27,28,29,30,31,32,33,34,35,36,37,38,39,40,41,42,43,44,45,46,47,48,49,50,53,57,62,63,64,67,69,77,80,81,82,83,84,85,86,87,88,98,99,100,103,104,105,106,107,108,134,155,156,
71;0;519;684;1;0,1,2,3,4,5,6,7,8,9,10,11,12,13,14,15,16,17,18,19,20,21,22,23,24,25,26,27,28,29,30,31,32,33,34,35,36,37,38,39,40,41,42,43,44,45,46,47,48,49,50,53,57,62,63,64,67,69,77,80,81,82,83,84,85,86,87,88,98,99,100,103,104,105,106,107,108,134,155,156,
71;1;684;835;1;0,1,2,3,4,5,6,7,8,9,10,11,12,13,14,15,16,17,18,19,20,21,22,23,24,25,26,27,28,29,30,31,32,33,34,35,36,37,38,39,40,41,42,43,44,45,46,47,48,49,50,53,57,62,63,64,67,69,77,80,81,82,83,84,85,86,87,88,98,99,100,103,104,105,106,107,108,134,155,156,
14;0;835;915;1;0,1,2,3,4,5,6,7,8,9,10,11,12,13,14,15,16,17,18,19,20,21,22,23,24,25,26,27,28,29,30,31,32,33,34,35,36,37,38,39,40,41,42,43,44,45,46,47,48,49,50,53,57,62,63,64,67,69,77,80,81,82,83,84,85,86,87,88,98,99,100,103,104,105,106,107,108,134,155,156,
14;1;915;1066;1;0,1,2,3,4,5,6,7,8,9,10,11,12,13,14,15,16,17,18,19,20,21,22,23,24,25,26,27,28,29,30,31,32,33,34,35,36,37,38,39,40,41,42,43,44,45,46,47,48,49,50,53,57,62,63,64,67,69,77,80,81,82,83,84,85,86,87,88,98,99,100,103,104,105,106,107,108,134,155,156,
26;0;1066;1132;1;0,1,2,3,4,5,6,7,8,9,10,11,12,13,14,15,16,17,18,19,20,21,22,23,24,25,26,27,28,29,30,31,32,33,34,35,36,37,38,39,40,41,42,43,44,45,46,47,48,49,50,53,57,62,63,64,67,69,77,80,81,82,83,84,85,86,87,88,98,99,100,103,104,105,106,107,108,134,155,156,
26;1;1132;1173;1;0,1,2,3,4,5,6,7,8,9,10,11,12,13,14,15,16,17,18,19,20,21,22,23,24,25,26,27,28,29,30,31,32,33,34,35,36,37,38,39,40,41,42,43,44,45,46,47,48,49,50,53,57,62,63,64,67,69,77,80,81,82,83,84,85,86,87,88,98,99,100,103,104,105,106,107,108,134,155,156,
66;0;1173;1187;1;0,1,2,3,4,5,6,7,8,9,10,11,12,13,14,15,16,17,18,19,20,21,22,23,24,25,26,27,28,29,30,31,32,33,34,35,36,37,38,39,40,41,42,43,44,45,46,47,48,49,50,53,57,62,63,64,67,69,77,80,81,82,83,84,85,86,87,88,98,99,100,103,104,105,106,107,108,134,155,156,
66;1;1187;1348;1;0,1,2,3,4,5,6,7,8,9,10,11,12,13,14,15,16,17,18,19,20,21,22,23,24,25,26,27,28,29,30,31,32,33,34,35,36,37,38,39,40,41,42,43,44,45,46,47,48,49,50,53,57,62,63,64,67,69,77,80,81,82,83,84,85,86,87,88,98,99,100,103,104,105,106,107,108,134,155,156,
11;0;1348;1384;1;0,1,2,3,4,5,6,7,8,9,10,11,12,13,14,15,16,17,18,19,20,21,22,23,24,25,26,27,28,29,30,31,32,33,34,35,36,37,38,39,40,41,42,43,44,45,46,47,48,49,50,53,57,62,63,64,67,69,77,80,81,82,83,84,85,86,87,88,98,99,100,103,104,105,106,107,108,134,155,156,
11;1;1384;1398;1;0,1,2,3,4,5,6,7,8,9,10,11,12,13,14,15,16,17,18,19,20,21,22,23,24,25,26,27,28,29,30,31,32,33,34,35,36,37,38,39,40,41,42,43,44,45,46,47,48,49,50,53,57,62,63,64,67,69,77,80,81,82,83,84,85,86,87,88,98,99,100,103,104,105,106,107,108,134,155,156,
0;0;1398;1426;1;0,1,2,3,4,5,6,7,8,9,10,11,12,13,14,15,16,17,18,19,20,21,22,23,24,25,26,27,28,29,30,31,32,33,34,35,36,37,38,39,40,41,42,43,44,45,46,47,48,49,50,53,57,62,63,64,67,69,77,80,81,82,83,84,85,86,87,88,98,99,100,103,104,105,106,107,108,134,155,156,
0;1;1426;1481;1;0,1,2,3,4,5,6,7,8,9,10,11,12,13,14,15,16,17,18,19,20,21,22,23,24,25,26,27,28,29,30,31,32,33,34,35,36,37,38,39,40,41,42,43,44,45,46,47,48,49,50,53,57,62,63,64,67,69,77,80,81,82,83,84,85,86,87,88,98,99,100,103,104,105,106,107,108,134,155,156,
6;0;1481;1578;1;0,1,2,3,4,5,6,7,8,9,10,11,12,13,14,15,16,17,18,19,20,21,22,23,24,25,26,27,28,29,30,31,32,33,34,35,36,37,38,39,40,41,42,43,44,45,46,47,48,49,50,53,57,62,63,64,67,69,77,80,81,82,83,84,85,86,87,88,98,99,100,103,104,105,106,107,108,134,155,156,
6;1;1578;1668;1;0,1,2,3,4,5,6,7,8,9,10,11,12,13,14,15,16,17,18,19,20,21,22,23,24,25,26,27,28,29,30,31,32,33,34,35,36,37,38,39,40,41,42,43,44,45,46,47,48,49,50,53,57,62,63,64,67,69,77,80,81,82,83,84,85,86,87,88,98,99,100,103,104,105,106,107,108,134,155,156,
36;0;1668;1825;1;0,1,2,3,4,5,6,7,8,9,10,11,12,13,14,15,16,17,18,19,20,21,22,23,24,25,26,27,28,29,30,31,32,33,34,35,36,37,38,39,40,41,42,43,44,45,46,47,48,49,50,53,57,62,63,64,67,69,77,80,81,82,83,84,85,86,87,88,98,99,100,103,104,105,106,107,108,134,155,156,
36;1;1825;1924;1;0,1,2,3,4,5,6,7,8,9,10,11,12,13,14,15,16,17,18,19,20,21,22,23,24,25,26,27,28,29,30,31,32,33,34,35,36,37,38,39,40,41,42,43,44,45,46,47,48,49,50,53,57,62,63,64,67,69,77,80,81,82,83,84,85,86,87,88,98,99,100,103,104,105,106,107,108,134,155,156,
34;0;1924;2082;1;0,1,2,3,4,5,6,7,8,9,10,11,12,13,14,15,16,17,18,19,20,21,22,23,24,25,26,27,28,29,30,31,32,33,34,35,36,37,38,39,40,41,42,43,44,45,46,47,48,49,50,53,57,62,63,64,67,69,77,80,81,82,83,84,85,86,87,88,98,99,100,103,104,105,106,107,108,134,155,156,
34;1;2082;2131;1;0,1,2,3,4,5,6,7,8,9,10,11,12,13,14,15,16,17,18,19,20,21,22,23,24,25,26,27,28,29,30,31,32,33,34,35,36,37,38,39,40,41,42,43,44,45,46,47,48,49,50,53,57,62,63,64,67,69,77,80,81,82,83,84,85,86,87,88,98,99,100,103,104,105,106,107,108,134,155,156,
39;0;2131;2207;1;0,1,2,3,4,5,6,7,8,9,10,11,12,13,14,15,16,17,18,19,20,21,22,23,24,25,26,27,28,29,30,31,32,33,34,35,36,37,38,39,40,41,42,43,44,45,46,47,48,49,50,53,57,62,63,64,67,69,77,80,81,82,83,84,85,86,87,88,98,99,100,103,104,105,106,107,108,134,155,156,
39;1;2207;2358;1;0,1,2,3,4,5,6,7,8,9,10,11,12,13,14,15,16,17,18,19,20,21,22,23,24,25,26,27,28,29,30,31,32,33,34,35,36,37,38,39,40,41,42,43,44,45,46,47,48,49,50,53,57,62,63,64,67,69,77,80,81,82,83,84,85,86,87,88,98,99,100,103,104,105,106,107,108,134,155,156,
51;0;2358;2362;1;0,1,2,3,4,5,6,7,8,9,10,11,12,13,14,15,16,17,18,19,20,21,22,23,24,25,26,27,28,29,30,31,32,33,34,35,36,37,38,39,40,41,42,43,44,45,46,47,48,49,50,53,57,62,63,64,67,69,77,80,81,82,83,84,85,86,87,88,98,99,100,103,104,105,106,107,108,134,155,156,
51;1;2362;2499;1;0,1,2,3,4,5,6,7,8,9,10,11,12,13,14,15,16,17,18,19,20,21,22,23,24,25,26,27,28,29,30,31,32,33,34,35,36,37,38,39,40,41,42,43,44,45,46,47,48,49,50,53,57,62,63,64,67,69,77,80,81,82,83,84,85,86,87,88,98,99,100,103,104,105,106,107,108,134,155,156,
Machine: 1
4;0;0;176;1;0,1,2,3,4,5,6,7,8,9,10,11,12,20,30,31,32,33,34,35,36,37,38,39,40,41,42,43,44,45,48,53,57,62,63,64,65,66,67,68,69,70,71,72,73,74,75,76,77,78,79,115,116,117,118,119,120,121,122,123,124,135,137,142,143,144,145,146,147,148,149,150,151,158,159,160,161,162,163,164,
4;1;176;220;1;0,1,2,3,4,5,6,7,8,9,10,11,12,20,30,31,32,33,34,35,36,37,38,39,40,41,42,43,44,45,48,53,57,62,63,64,65,66,67,68,69,70,71,72,73,74,75,76,77,78,79,115,116,117,118,119,120,121,122,123,124,135,137,142,143,144,145,146,147,148,149,150,151,158,159,160,161,162,163,164,
79;0;220;314;1;0,1,2,3,4,5,6,7,8,9,10,11,12,20,30,31,32,33,34,35,36,37,38,39,40,41,42,43,44,45,48,53,57,62,63,64,65,66,67,68,69,70,71,72,73,74,75,76,77,78,79,115,116,117,118,119,120,121,122,123,124,135,137,142,143,144,145,146,147,148,149,150,151,158,159,160,161,162,163,164,
79;1;314;335;1;0,1,2,3,4,5,6,7,8,9,10,11,12,20,30,31,32,33,34,35,36,37,38,39,40,41,42,43,44,45,48,53,57,62,63,64,65,66,67,68,69,70,71,72,73,74,75,76,77,78,79,115,116,117,118,119,120,121,122,123,124,135,137,142,143,144,145,146,147,148,149,150,151,158,159,160,161,162,163,164,
24;0;335;395;1;0,1,2,3,4,5,6,7,8,9,10,11,12,20,30,31,32,33,34,35,36,37,38,39,40,41,42,43,44,45,48,53,57,62,63,64,65,66,67,68,69,70,71,72,73,74,75,76,77,78,79,115,116,117,118,119,120,121,122,123,124,135,137,142,143,144,145,146,147,148,149,150,151,158,159,160,161,162,163,164,
24;1;395;407;1;0,1,2,3,4,5,6,7,8,9,10,11,12,20,30,31,32,33,34,35,36,37,38,39,40,41,42,43,44,45,48,53,57,62,63,64,65,66,67,68,69,70,71,72,73,74,75,76,77,78,79,115,116,117,118,119,120,121,122,123,124,135,137,142,143,144,145,146,147,148,149,150,151,158,159,160,161,162,163,164,
21;0;407;448;1;0,1,2,3,4,5,6,7,8,9,10,11,12,20,30,31,32,33,34,35,36,37,38,39,40,41,42,43,44,45,48,53,57,62,63,64,65,66,67,68,69,70,71,72,73,74,75,76,77,78,79,115,116,117,118,119,120,121,122,123,124,135,137,142,143,144,145,146,147,148,149,150,151,158,159,160,161,162,163,164,
21;1;448;557;1;0,1,2,3,4,5,6,7,8,9,10,11,12,20,30,31,32,33,34,35,36,37,38,39,40,41,42,43,44,45,48,53,57,62,63,64,65,66,67,68,69,70,71,72,73,74,75,76,77,78,79,115,116,117,118,119,120,121,122,123,124,135,137,142,143,144,145,146,147,148,149,150,151,158,159,160,161,162,163,164,
29;0;557;623;1;0,1,2,3,4,5,6,7,8,9,10,11,12,20,30,31,32,33,34,35,36,37,38,39,40,41,42,43,44,45,48,53,57,62,63,64,65,66,67,68,69,70,71,72,73,74,75,76,77,78,79,115,116,117,118,119,120,121,122,123,124,135,137,142,143,144,145,146,147,148,149,150,151,158,159,160,161,162,163,164,
29;1;623;667;1;0,1,2,3,4,5,6,7,8,9,10,11,12,20,30,31,32,33,34,35,36,37,38,39,40,41,42,43,44,45,48,53,57,62,63,64,65,66,67,68,69,70,71,72,73,74,75,76,77,78,79,115,116,117,118,119,120,121,122,123,124,135,137,142,143,144,145,146,147,148,149,150,151,158,159,160,161,162,163,164,
54;0;667;770;1;0,1,2,3,4,5,6,7,8,9,10,11,12,20,30,31,32,33,34,35,36,37,38,39,40,41,42,43,44,45,48,53,57,62,63,64,65,66,67,68,69,70,71,72,73,74,75,76,77,78,79,115,116,117,118,119,120,121,122,123,124,135,137,142,143,144,145,146,147,148,149,150,151,158,159,160,161,162,163,164,
54;1;770;861;1;0,1,2,3,4,5,6,7,8,9,10,11,12,20,30,31,32,33,34,35,36,37,38,39,40,41,42,43,44,45,48,53,57,62,63,64,65,66,67,68,69,70,71,72,73,74,75,76,77,78,79,115,116,117,118,119,120,121,122,123,124,135,137,142,143,144,145,146,147,148,149,150,151,158,159,160,161,162,163,164,
76;0;861;933;1;0,1,2,3,4,5,6,7,8,9,10,11,12,20,30,31,32,33,34,35,36,37,38,39,40,41,42,43,44,45,48,53,57,62,63,64,65,66,67,68,69,70,71,72,73,74,75,76,77,78,79,115,116,117,118,119,120,121,122,123,124,135,137,142,143,144,145,146,147,148,149,150,151,158,159,160,161,162,163,164,
76;1;933;1069;1;0,1,2,3,4,5,6,7,8,9,10,11,12,20,30,31,32,33,34,35,36,37,38,39,40,41,42,43,44,45,48,53,57,62,63,64,65,66,67,68,69,70,71,72,73,74,75,76,77,78,79,115,116,117,118,119,120,121,122,123,124,135,137,142,143,144,145,146,147,148,149,150,151,158,159,160,161,162,163,164,
9;0;1069;1210;1;0,1,2,3,4,5,6,7,8,9,10,11,12,20,30,31,32,33,34,35,36,37,38,39,40,41,42,43,44,45,48,53,57,62,63,64,65,66,67,68,69,70,71,72,73,74,75,76,77,78,79,115,116,117,118,119,120,121,122,123,124,135,137,142,143,144,145,146,147,148,149,150,151,158,159,160,161,162,163,164,
9;1;1210;1273;1;0,1,2,3,4,5,6,7,8,9,10,11,12,20,30,31,32,33,34,35,36,37,38,39,40,41,42,43,44,45,48,53,57,62,63,64,65,66,67,68,69,70,71,72,73,74,75,76,77,78,79,115,116,117,118,119,120,121,122,123,124,135,137,142,143,144,145,146,147,148,149,150,151,158,159,160,161,162,163,164,
74;0;1273;1312;1;0,1,2,3,4,5,6,7,8,9,10,11,12,20,30,31,32,33,34,35,36,37,38,39,40,41,42,43,44,45,48,53,57,62,63,64,65,66,67,68,69,70,71,72,73,74,75,76,77,78,79,115,116,117,118,119,120,121,122,123,124,135,137,142,143,144,145,146,147,148,149,150,151,158,159,160,161,162,163,164,
74;1;1312;1354;1;0,1,2,3,4,5,6,7,8,9,10,11,12,20,30,31,32,33,34,35,36,37,38,39,40,41,42,43,44,45,48,53,57,62,63,64,65,66,67,68,69,70,71,72,73,74,75,76,77,78,79,115,116,117,118,119,120,121,122,123,124,135,137,142,143,144,145,146,147,148,149,150,151,158,159,160,161,162,163,164,
61;0;1354;1451;1;0,1,2,3,4,5,6,7,8,9,10,11,12,20,30,31,32,33,34,35,36,37,38,39,40,41,42,43,44,45,48,53,57,62,63,64,65,66,67,68,69,70,71,72,73,74,75,76,77,78,79,115,116,117,118,119,120,121,122,123,124,135,137,142,143,144,145,146,147,148,149,150,151,158,159,160,161,162,163,164,
61;1;1451;1541;1;0,1,2,3,4,5,6,7,8,9,10,11,12,20,30,31,32,33,34,35,36,37,38,39,40,41,42,43,44,45,48,53,57,62,63,64,65,66,67,68,69,70,71,72,73,74,75,76,77,78,79,115,116,117,118,119,120,121,122,123,124,135,137,142,143,144,145,146,147,148,149,150,151,158,159,160,161,162,163,164,
46;0;1541;1691;1;0,1,2,3,4,5,6,7,8,9,10,11,12,20,30,31,32,33,34,35,36,37,38,39,40,41,42,43,44,45,48,53,57,62,63,64,65,66,67,68,69,70,71,72,73,74,75,76,77,78,79,115,116,117,118,119,120,121,122,123,124,135,137,142,143,144,145,146,147,148,149,150,151,158,159,160,161,162,163,164,
46;1;1691;1861;1;0,1,2,3,4,5,6,7,8,9,10,11,12,20,30,31,32,33,34,35,36,37,38,39,40,41,42,43,44,45,48,53,57,62,63,64,65,66,67,68,69,70,71,72,73,74,75,76,77,78,79,115,116,117,118,119,120,121,122,123,124,135,137,142,143,144,145,146,147,148,149,150,151,158,159,160,161,162,163,164,
69;0;1861;1941;1;0,1,2,3,4,5,6,7,8,9,10,11,12,20,30,31,32,33,34,35,36,37,38,39,40,41,42,43,44,45,48,53,57,62,63,64,65,66,67,68,69,70,71,72,73,74,75,76,77,78,79,115,116,117,118,119,120,121,122,123,124,135,137,142,143,144,145,146,147,148,149,150,151,158,159,160,161,162,163,164,
69;1;1941;1974;1;0,1,2,3,4,5,6,7,8,9,10,11,12,20,30,31,32,33,34,35,36,37,38,39,40,41,42,43,44,45,48,53,57,62,63,64,65,66,67,68,69,70,71,72,73,74,75,76,77,78,79,115,116,117,118,119,120,121,122,123,124,135,137,142,143,144,145,146,147,148,149,150,151,158,159,160,161,162,163,164,
19;0;1974;2145;1;0,1,2,3,4,5,6,7,8,9,10,11,12,20,30,31,32,33,34,35,36,37,38,39,40,41,42,43,44,45,48,53,57,62,63,64,65,66,67,68,69,70,71,72,73,74,75,76,77,78,79,115,116,117,118,119,120,121,122,123,124,135,137,142,143,144,145,146,147,148,149,150,151,158,159,160,161,162,163,164,
19;1;2145;2309;1;0,1,2,3,4,5,6,7,8,9,10,11,12,20,30,31,32,33,34,35,36,37,38,39,40,41,42,43,44,45,48,53,57,62,63,64,65,66,67,68,69,70,71,72,73,74,75,76,77,78,79,115,116,117,118,119,120,121,122,123,124,135,137,142,143,144,145,146,147,148,149,150,151,158,159,160,161,162,163,164,
44;0;2309;2472;1;0,1,2,3,4,5,6,7,8,9,10,11,12,20,30,31,32,33,34,35,36,37,38,39,40,41,42,43,44,45,48,53,57,62,63,64,65,66,67,68,69,70,71,72,73,74,75,76,77,78,79,115,116,117,118,119,120,121,122,123,124,135,137,142,143,144,145,146,147,148,149,150,151,158,159,160,161,162,163,164,
44;1;2472;2511;1;0,1,2,3,4,5,6,7,8,9,10,11,12,20,30,31,32,33,34,35,36,37,38,39,40,41,42,43,44,45,48,53,57,62,63,64,65,66,67,68,69,70,71,72,73,74,75,76,77,78,79,115,116,117,118,119,120,121,122,123,124,135,137,142,143,144,145,146,147,148,149,150,151,158,159,160,161,162,163,164,
Machine: 2
16;0;0;5;1;0,1,2,3,4,5,6,7,8,9,10,11,12,13,14,15,16,17,18,19,20,21,22,23,24,25,26,27,28,29,30,36,38,53,54,55,56,57,58,59,60,61,62,63,64,66,67,69,77,85,102,109,110,111,112,113,114,115,116,117,118,119,120,121,122,123,124,127,135,142,143,144,145,146,147,148,149,150,151,155,
16;1;5;102;1;0,1,2,3,4,5,6,7,8,9,10,11,12,13,14,15,16,17,18,19,20,21,22,23,24,25,26,27,28,29,30,36,38,53,54,55,56,57,58,59,60,61,62,63,64,66,67,69,77,85,102,109,110,111,112,113,114,115,116,117,118,119,120,121,122,123,124,127,135,142,143,144,145,146,147,148,149,150,151,155,
64;0;102;259;1;0,1,2,3,4,5,6,7,8,9,10,11,12,13,14,15,16,17,18,19,20,21,22,23,24,25,26,27,28,29,30,36,38,53,54,55,56,57,58,59,60,61,62,63,64,66,67,69,77,85,102,109,110,111,112,113,114,115,116,117,118,119,120,121,122,123,124,127,135,142,143,144,145,146,147,148,149,150,151,155,
64;1;259;324;1;0,1,2,3,4,5,6,7,8,9,10,11,12,13,14,15,16,17,18,19,20,21,22,23,24,25,26,27,28,29,30,36,38,53,54,55,56,57,58,59,60,61,62,63,64,66,67,69,77,85,102,109,110,111,112,113,114,115,116,117,118,119,120,121,122,123,124,127,135,142,143,144,145,146,147,148,149,150,151,155,
41;0;324;342;1;0,1,2,3,4,5,6,7,8,9,10,11,12,13,14,15,16,17,18,19,20,21,22,23,24,25,26,27,28,29,30,36,38,53,54,55,56,57,58,59,60,61,62,63,64,66,67,69,77,85,102,109,110,111,112,113,114,115,116,117,118,119,120,121,122,123,124,127,135,142,143,144,145,146,147,148,149,150,151,155,
41;1;342;376;1;0,1,2,3,4,5,6,7,8,9,10,11,12,13,14,15,16,17,18,19,20,21,22,23,24,25,26,27,28,29,30,36,38,53,54,55,56,57,58,59,60,61,62,63,64,66,67,69,77,85,102,109,110,111,112,113,114,115,116,117,118,119,120,121,122,123,124,127,135,142,143,144,145,146,147,148,149,150,151,155,
59;0;376;459;1;0,1,2,3,4,5,6,7,8,9,10,11,12,13,14,15,16,17,18,19,20,21,22,23,24,25,26,27,28,29,30,36,38,53,54,55,56,57,58,59,60,61,62,63,64,66,67,69,77,85,102,109,110,111,112,113,114,115,116,117,118,119,120,121,122,123,124,127,135,142,143,144,145,146,147,148,149,150,151,155,
59;1;459;583;1;0,1,2,3,4,5,6,7,8,9,10,11,12,13,14,15,16,17,18,19,20,21,22,23,24,25,26,27,28,29,30,36,38,53,54,55,56,57,58,59,60,61,62,63,64,66,67,69,77,85,102,109,110,111,112,113,114,115,116,117,118,119,120,121,122,123,124,127,135,142,143,144,145,146,147,148,149,150,151,155,
56;0;583;588;1;0,1,2,3,4,5,6,7,8,9,10,11,12,13,14,15,16,17,18,19,20,21,22,23,24,25,26,27,28,29,30,36,38,53,54,55,56,57,58,59,60,61,62,63,64,66,67,69,77,85,102,109,110,111,112,113,114,115,116,117,118,119,120,121,122,123,124,127,135,142,143,144,145,146,147,148,149,150,151,155,
56;1;588;692;1;0,1,2,3,4,5,6,7,8,9,10,11,12,13,14,15,16,17,18,19,20,21,22,23,24,25,26,27,28,29,30,36,38,53,54,55,56,57,58,59,60,61,62,63,64,66,67,69,77,85,102,109,110,111,112,113,114,115,116,117,118,119,120,121,122,123,124,127,135,142,143,144,145,146,147,148,149,150,151,155,
15;0;692;823;0;0,1,2,3,4,5,6,7,8,9,10,11,12,13,14,15,16,17,18,19,20,21,22,23,24,25,26,27,28,29,30,36,38,53,54,55,56,57,58,59,60,61,62,63,64,66,67,69,77,85,102,109,110,111,112,113,114,115,116,117,118,119,120,121,122,123,124,127,135,142,143,144,145,146,147,148,149,150,151,155,
80;0;823;900;0;0,1,2,3,4,5,6,7,8,9,10,11,12,13,14,15,16,17,18,19,20,21,22,23,24,25,26,27,28,29,30,36,38,53,54,55,56,57,58,59,60,61,62,63,64,66,67,69,77,85,102,109,110,111,112,113,114,115,116,117,118,119,120,121,122,123,124,127,135,142,143,144,145,146,147,148,149,150,151,155,
72;0;900;1044;0;0,1,2,3,4,5,6,7,8,9,10,11,12,13,14,15,16,17,18,19,20,21,22,23,24,25,26,27,28,29,30,36,38,53,54,55,56,57,58,59,60,61,62,63,64,66,67,69,77,85,102,109,110,111,112,113,114,115,116,117,118,119,120,121,122,123,124,127,135,142,143,144,145,146,147,148,149,150,151,155,
30;0;1044;1175;0;0,1,2,3,4,5,6,7,8,9,10,11,12,13,14,15,16,17,18,19,20,21,22,23,24,25,26,27,28,29,30,36,38,53,54,55,56,57,58,59,60,61,62,63,64,66,67,69,77,85,102,109,110,111,112,113,114,115,116,117,118,119,120,121,122,123,124,127,135,142,143,144,145,146,147,148,149,150,151,155,
43;0;1175;1353;0;0,1,2,3,4,5,6,7,8,9,10,11,12,13,14,15,16,17,18,19,20,21,22,23,24,25,26,27,28,29,30,36,38,53,54,55,56,57,58,59,60,61,62,63,64,66,67,69,77,85,102,109,110,111,112,113,114,115,116,117,118,119,120,121,122,123,124,127,135,142,143,144,145,146,147,148,149,150,151,155,
43;1;1353;1517;0;0,1,2,3,4,5,6,7,8,9,10,11,12,13,14,15,16,17,18,19,20,21,22,23,24,25,26,27,28,29,30,36,38,53,54,55,56,57,58,59,60,61,62,63,64,66,67,69,77,85,102,109,110,111,112,113,114,115,116,117,118,119,120,121,122,123,124,127,135,142,143,144,145,146,147,148,149,150,151,155,
60;0;1517;1682;0;0,1,2,3,4,5,6,7,8,9,10,11,12,13,14,15,16,17,18,19,20,21,22,23,24,25,26,27,28,29,30,36,38,53,54,55,56,57,58,59,60,61,62,63,64,66,67,69,77,85,102,109,110,111,112,113,114,115,116,117,118,119,120,121,122,123,124,127,135,142,143,144,145,146,147,148,149,150,151,155,
22;0;1682;1791;0;0,1,2,3,4,5,6,7,8,9,10,11,12,13,14,15,16,17,18,19,20,21,22,23,24,25,26,27,28,29,30,36,38,53,54,55,56,57,58,59,60,61,62,63,64,66,67,69,77,85,102,109,110,111,112,113,114,115,116,117,118,119,120,121,122,123,124,127,135,142,143,144,145,146,147,148,149,150,151,155,
55;0;1791;1863;0;0,1,2,3,4,5,6,7,8,9,10,11,12,13,14,15,16,17,18,19,20,21,22,23,24,25,26,27,28,29,30,36,38,53,54,55,56,57,58,59,60,61,62,63,64,66,67,69,77,85,102,109,110,111,112,113,114,115,116,117,118,119,120,121,122,123,124,127,135,142,143,144,145,146,147,148,149,150,151,155,
65;0;1863;2027;0;0,1,2,3,4,5,6,7,8,9,10,11,12,13,14,15,16,17,18,19,20,21,22,23,24,25,26,27,28,29,30,36,38,53,54,55,56,57,58,59,60,61,62,63,64,66,67,69,77,85,102,109,110,111,112,113,114,115,116,117,118,119,120,121,122,123,124,127,135,142,143,144,145,146,147,148,149,150,151,155,
Machine: 3
78;0;0;61;0;0,1,2,3,4,5,6,7,8,9,10,11,12,13,14,15,16,17,18,19,20,21,22,23,24,25,26,27,28,29,30,31,32,33,34,35,36,37,38,40,45,46,47,48,49,50,51,52,53,54,55,56,57,58,59,60,61,62,63,64,67,69,77,80,81,82,84,85,90,98,99,100,101,102,104,115,135,151,153,154,
78;1;61;222;0;0,1,2,3,4,5,6,7,8,9,10,11,12,13,14,15,16,17,18,19,20,21,22,23,24,25,26,27,28,29,30,31,32,33,34,35,36,37,38,40,45,46,47,48,49,50,51,52,53,54,55,56,57,58,59,60,61,62,63,64,67,69,77,80,81,82,84,85,90,98,99,100,101,102,104,115,135,151,153,154,
37;0;222;272;0;0,1,2,3,4,5,6,7,8,9,10,11,12,13,14,15,16,17,18,19,20,21,22,23,24,25,26,27,28,29,30,31,32,33,34,35,36,37,38,40,45,46,47,48,49,50,51,52,53,54,55,56,57,58,59,60,61,62,63,64,67,69,77,80,81,82,84,85,90,98,99,100,101,102,104,115,135,151,153,154,
67;0;272;327;0;0,1,2,3,4,5,6,7,8,9,10,11,12,13,14,15,16,17,18,19,20,21,22,23,24,25,26,27,28,29,30,31,32,33,34,35,36,37,38,40,45,46,47,48,49,50,51,52,53,54,55,56,57,58,59,60,61,62,63,64,67,69,77,80,81,82,84,85,90,98,99,100,101,102,104,115,135,151,153,154,
70;0;327;464;0;0,1,2,3,4,5,6,7,8,9,10,11,12,13,14,15,16,17,18,19,20,21,22,23,24,25,26,27,28,29,30,31,32,33,34,35,36,37,38,40,45,46,47,48,49,50,51,52,53,54,55,56,57,58,59,60,61,62,63,64,67,69,77,80,81,82,84,85,90,98,99,100,101,102,104,115,135,151,153,154,
13;0;464;615;0;0,1,2,3,4,5,6,7,8,9,10,11,12,13,14,15,16,17,18,19,20,21,22,23,24,25,26,27,28,29,30,31,32,33,34,35,36,37,38,40,45,46,47,48,49,50,51,52,53,54,55,56,57,58,59,60,61,62,63,64,67,69,77,80,81,82,84,85,90,98,99,100,101,102,104,115,135,151,153,154,
13;1;615;795;0;0,1,2,3,4,5,6,7,8,9,10,11,12,13,14,15,16,17,18,19,20,21,22,23,24,25,26,27,28,29,30,31,32,33,34,35,36,37,38,40,45,46,47,48,49,50,51,52,53,54,55,56,57,58,59,60,61,62,63,64,67,69,77,80,81,82,84,85,90,98,99,100,101,102,104,115,135,151,153,154,
45;0;795;834;0;0,1,2,3,4,5,6,7,8,9,10,11,12,13,14,15,16,17,18,19,20,21,22,23,24,25,26,27,28,29,30,31,32,33,34,35,36,37,38,40,45,46,47,48,49,50,51,52,53,54,55,56,57,58,59,60,61,62,63,64,67,69,77,80,81,82,84,85,90,98,99,100,101,102,104,115,135,151,153,154,
75;0;834;949;0;0,1,2,3,4,5,6,7,8,9,10,11,12,13,14,15,16,17,18,19,20,21,22,23,24,25,26,27,28,29,30,31,32,33,34,35,36,37,38,40,45,46,47,48,49,50,51,52,53,54,55,56,57,58,59,60,61,62,63,64,67,69,77,80,81,82,84,85,90,98,99,100,101,102,104,115,135,151,153,154,
38;0;949;1118;0;0,1,2,3,4,5,6,7,8,9,10,11,12,13,14,15,16,17,18,19,20,21,22,23,24,25,26,27,28,29,30,31,32,33,34,35,36,37,38,40,45,46,47,48,49,50,51,52,53,54,55,56,57,58,59,60,61,62,63,64,67,69,77,80,81,82,84,85,90,98,99,100,101,102,104,115,135,151,153,154,
38;1;1118;1194;0;0,1,2,3,4,5,6,7,8,9,10,11,12,13,14,15,16,17,18,19,20,21,22,23,24,25,26,27,28,29,30,31,32,33,34,35,36,37,38,40,45,46,47,48,49,50,51,52,53,54,55,56,57,58,59,60,61,62,63,64,67,69,77,80,81,82,84,85,90,98,99,100,101,102,104,115,135,151,153,154,
40;0;1194;1358;0;0,1,2,3,4,5,6,7,8,9,10,11,12,13,14,15,16,17,18,19,20,21,22,23,24,25,26,27,28,29,30,31,32,33,34,35,36,37,38,40,45,46,47,48,49,50,51,52,53,54,55,56,57,58,59,60,61,62,63,64,67,69,77,80,81,82,84,85,90,98,99,100,101,102,104,115,135,151,153,154,
33;0;1358;1422;0;0,1,2,3,4,5,6,7,8,9,10,11,12,13,14,15,16,17,18,19,20,21,22,23,24,25,26,27,28,29,30,31,32,33,34,35,36,37,38,40,45,46,47,48,49,50,51,52,53,54,55,56,57,58,59,60,61,62,63,64,67,69,77,80,81,82,84,85,90,98,99,100,101,102,104,115,135,151,153,154,
33;1;1422;1565;0;0,1,2,3,4,5,6,7,8,9,10,11,12,13,14,15,16,17,18,19,20,21,22,23,24,25,26,27,28,29,30,31,32,33,34,35,36,37,38,40,45,46,47,48,49,50,51,52,53,54,55,56,57,58,59,60,61,62,63,64,67,69,77,80,81,82,84,85,90,98,99,100,101,102,104,115,135,151,153,154,
7;0;1565;1596;0;0,1,2,3,4,5,6,7,8,9,10,11,12,13,14,15,16,17,18,19,20,21,22,23,24,25,26,27,28,29,30,31,32,33,34,35,36,37,38,40,45,46,47,48,49,50,51,52,53,54,55,56,57,58,59,60,61,62,63,64,67,69,77,80,81,82,84,85,90,98,99,100,101,102,104,115,135,151,153,154,
68;0;1596;1680;0;0,1,2,3,4,5,6,7,8,9,10,11,12,13,14,15,16,17,18,19,20,21,22,23,24,25,26,27,28,29,30,31,32,33,34,35,36,37,38,40,45,46,47,48,49,50,51,52,53,54,55,56,57,58,59,60,61,62,63,64,67,69,77,80,81,82,84,85,90,98,99,100,101,102,104,115,135,151,153,154,
68;1;1680;1842;0;0,1,2,3,4,5,6,7,8,9,10,11,12,13,14,15,16,17,18,19,20,21,22,23,24,25,26,27,28,29,30,31,32,33,34,35,36,37,38,40,45,46,47,48,49,50,51,52,53,54,55,56,57,58,59,60,61,62,63,64,67,69,77,80,81,82,84,85,90,98,99,100,101,102,104,115,135,151,153,154,
5;0;1842;1908;0;0,1,2,3,4,5,6,7,8,9,10,11,12,13,14,15,16,17,18,19,20,21,22,23,24,25,26,27,28,29,30,31,32,33,34,35,36,37,38,40,45,46,47,48,49,50,51,52,53,54,55,56,57,58,59,60,61,62,63,64,67,69,77,80,81,82,84,85,90,98,99,100,101,102,104,115,135,151,153,154,
Machine: 4
42;0;0;71;0;0,1,2,3,4,5,6,7,8,9,10,11,12,13,14,15,16,17,18,19,20,21,22,30,31,32,33,34,35,36,37,38,48,53,54,55,56,57,58,59,60,61,62,63,64,65,66,67,68,69,70,77,81,85,89,90,91,92,93,94,95,96,97,100,101,102,103,104,106,107,120,127,135,151,152,153,154,155,156,157,
63;0;71;213;0;0,1,2,3,4,5,6,7,8,9,10,11,12,13,14,15,16,17,18,19,20,21,22,30,31,32,33,34,35,36,37,38,48,53,54,55,56,57,58,59,60,61,62,63,64,65,66,67,68,69,70,77,81,85,89,90,91,92,93,94,95,96,97,100,101,102,103,104,106,107,120,127,135,151,152,153,154,155,156,157,
63;1;213;244;0;0,1,2,3,4,5,6,7,8,9,10,11,12,13,14,15,16,17,18,19,20,21,22,30,31,32,33,34,35,36,37,38,48,53,54,55,56,57,58,59,60,61,62,63,64,65,66,67,68,69,70,77,81,85,89,90,91,92,93,94,95,96,97,100,101,102,103,104,106,107,120,127,135,151,152,153,154,155,156,157,
32;0;244;348;0;0,1,2,3,4,5,6,7,8,9,10,11,12,13,14,15,16,17,18,19,20,21,22,30,31,32,33,34,35,36,37,38,48,53,54,55,56,57,58,59,60,61,62,63,64,65,66,67,68,69,70,77,81,85,89,90,91,92,93,94,95,96,97,100,101,102,103,104,106,107,120,127,135,151,152,153,154,155,156,157,
58;0;348;383;0;0,1,2,3,4,5,6,7,8,9,10,11,12,13,14,15,16,17,18,19,20,21,22,30,31,32,33,34,35,36,37,38,48,53,54,55,56,57,58,59,60,61,62,63,64,65,66,67,68,69,70,77,81,85,89,90,91,92,93,94,95,96,97,100,101,102,103,104,106,107,120,127,135,151,152,153,154,155,156,157,
58;1;383;460;0;0,1,2,3,4,5,6,7,8,9,10,11,12,13,14,15,16,17,18,19,20,21,22,30,31,32,33,34,35,36,37,38,48,53,54,55,56,57,58,59,60,61,62,63,64,65,66,67,68,69,70,77,81,85,89,90,91,92,93,94,95,96,97,100,101,102,103,104,106,107,120,127,135,151,152,153,154,155,156,157,
57;0;460;558;0;0,1,2,3,4,5,6,7,8,9,10,11,12,13,14,15,16,17,18,19,20,21,22,30,31,32,33,34,35,36,37,38,48,53,54,55,56,57,58,59,60,61,62,63,64,65,66,67,68,69,70,77,81,85,89,90,91,92,93,94,95,96,97,100,101,102,103,104,106,107,120,127,135,151,152,153,154,155,156,157,
53;0;558;723;0;0,1,2,3,4,5,6,7,8,9,10,11,12,13,14,15,16,17,18,19,20,21,22,30,31,32,33,34,35,36,37,38,48,53,54,55,56,57,58,59,60,61,62,63,64,65,66,67,68,69,70,77,81,85,89,90,91,92,93,94,95,96,97,100,101,102,103,104,106,107,120,127,135,151,152,153,154,155,156,157,
53;1;723;783;0;0,1,2,3,4,5,6,7,8,9,10,11,12,13,14,15,16,17,18,19,20,21,22,30,31,32,33,34,35,36,37,38,48,53,54,55,56,57,58,59,60,61,62,63,64,65,66,67,68,69,70,77,81,85,89,90,91,92,93,94,95,96,97,100,101,102,103,104,106,107,120,127,135,151,152,153,154,155,156,157,
47;0;783;927;0;0,1,2,3,4,5,6,7,8,9,10,11,12,13,14,15,16,17,18,19,20,21,22,30,31,32,33,34,35,36,37,38,48,53,54,55,56,57,58,59,60,61,62,63,64,65,66,67,68,69,70,77,81,85,89,90,91,92,93,94,95,96,97,100,101,102,103,104,106,107,120,127,135,151,152,153,154,155,156,157,
20;0;927;1000;0;0,1,2,3,4,5,6,7,8,9,10,11,12,13,14,15,16,17,18,19,20,21,22,30,31,32,33,34,35,36,37,38,48,53,54,55,56,57,58,59,60,61,62,63,64,65,66,67,68,69,70,77,81,85,89,90,91,92,93,94,95,96,97,100,101,102,103,104,106,107,120,127,135,151,152,153,154,155,156,157,
52;0;1000;1034;0;0,1,2,3,4,5,6,7,8,9,10,11,12,13,14,15,16,17,18,19,20,21,22,30,31,32,33,34,35,36,37,38,48,53,54,55,56,57,58,59,60,61,62,63,64,65,66,67,68,69,70,77,81,85,89,90,91,92,93,94,95,96,97,100,101,102,103,104,106,107,120,127,135,151,152,153,154,155,156,157,
3;0;1034;1165;0;0,1,2,3,4,5,6,7,8,9,10,11,12,13,14,15,16,17,18,19,20,21,22,30,31,32,33,34,35,36,37,38,48,53,54,55,56,57,58,59,60,61,62,63,64,65,66,67,68,69,70,77,81,85,89,90,91,92,93,94,95,96,97,100,101,102,103,104,106,107,120,127,135,151,152,153,154,155,156,157,
3;1;1165;1207;0;0,1,2,3,4,5,6,7,8,9,10,11,12,13,14,15,16,17,18,19,20,21,22,30,31,32,33,34,35,36,37,38,48,53,54,55,56,57,58,59,60,61,62,63,64,65,66,67,68,69,70,77,81,85,89,90,91,92,93,94,95,96,97,100,101,102,103,104,106,107,120,127,135,151,152,153,154,155,156,157,
62;0;1207;1354;0;0,1,2,3,4,5,6,7,8,9,10,11,12,13,14,15,16,17,18,19,20,21,22,30,31,32,33,34,35,36,37,38,48,53,54,55,56,57,58,59,60,61,62,63,64,65,66,67,68,69,70,77,81,85,89,90,91,92,93,94,95,96,97,100,101,102,103,104,106,107,120,127,135,151,152,153,154,155,156,157,
8;0;1354;1522;0;0,1,2,3,4,5,6,7,8,9,10,11,12,13,14,15,16,17,18,19,20,21,22,30,31,32,33,34,35,36,37,38,48,53,54,55,56,57,58,59,60,61,62,63,64,65,66,67,68,69,70,77,81,85,89,90,91,92,93,94,95,96,97,100,101,102,103,104,106,107,120,127,135,151,152,153,154,155,156,157,
8;1;1522;1658;0;0,1,2,3,4,5,6,7,8,9,10,11,12,13,14,15,16,17,18,19,20,21,22,30,31,32,33,34,35,36,37,38,48,53,54,55,56,57,58,59,60,61,62,63,64,65,66,67,68,69,70,77,81,85,89,90,91,92,93,94,95,96,97,100,101,102,103,104,106,107,120,127,135,151,152,153,154,155,156,157,
35;0;1658;1662;0;0,1,2,3,4,5,6,7,8,9,10,11,12,13,14,15,16,17,18,19,20,21,22,30,31,32,33,34,35,36,37,38,48,53,54,55,56,57,58,59,60,61,62,63,64,65,66,67,68,69,70,77,81,85,89,90,91,92,93,94,95,96,97,100,101,102,103,104,106,107,120,127,135,151,152,153,154,155,156,157,
Machine: 5
12;0;0;147;0;0,1,2,3,4,5,6,7,8,9,10,11,12,13,14,15,16,17,18,19,20,21,22,23,24,25,26,27,28,29,33,36,38,53,54,55,56,57,58,59,60,61,62,63,64,67,69,85,88,89,90,91,92,93,94,95,96,97,102,104,106,115,125,126,127,128,129,130,131,132,133,134,135,136,137,138,139,140,141,155,
48;0;147;252;0;0,1,2,3,4,5,6,7,8,9,10,11,12,13,14,15,16,17,18,19,20,21,22,23,24,25,26,27,28,29,33,36,38,53,54,55,56,57,58,59,60,61,62,63,64,67,69,85,88,89,90,91,92,93,94,95,96,97,102,104,106,115,125,126,127,128,129,130,131,132,133,134,135,136,137,138,139,140,141,155,
48;1;252;304;0;0,1,2,3,4,5,6,7,8,9,10,11,12,13,14,15,16,17,18,19,20,21,22,23,24,25,26,27,28,29,33,36,38,53,54,55,56,57,58,59,60,61,62,63,64,67,69,85,88,89,90,91,92,93,94,95,96,97,102,104,106,115,125,126,127,128,129,130,131,132,133,134,135,136,137,138,139,140,141,155,
18;0;304;473;0;0,1,2,3,4,5,6,7,8,9,10,11,12,13,14,15,16,17,18,19,20,21,22,23,24,25,26,27,28,29,33,36,38,53,54,55,56,57,58,59,60,61,62,63,64,67,69,85,88,89,90,91,92,93,94,95,96,97,102,104,106,115,125,126,127,128,129,130,131,132,133,134,135,136,137,138,139,140,141,155,
18;1;473;607;0;0,1,2,3,4,5,6,7,8,9,10,11,12,13,14,15,16,17,18,19,20,21,22,23,24,25,26,27,28,29,33,36,38,53,54,55,56,57,58,59,60,61,62,63,64,67,69,85,88,89,90,91,92,93,94,95,96,97,102,104,106,115,125,126,127,128,129,130,131,132,133,134,135,136,137,138,139,140,141,155,
28;0;607;755;0;0,1,2,3,4,5,6,7,8,9,10,11,12,13,14,15,16,17,18,19,20,21,22,23,24,25,26,27,28,29,33,36,38,53,54,55,56,57,58,59,60,61,62,63,64,67,69,85,88,89,90,91,92,93,94,95,96,97,102,104,106,115,125,126,127,128,129,130,131,132,133,134,135,136,137,138,139,140,141,155,
28;1;755;899;0;0,1,2,3,4,5,6,7,8,9,10,11,12,13,14,15,16,17,18,19,20,21,22,23,24,25,26,27,28,29,33,36,38,53,54,55,56,57,58,59,60,61,62,63,64,67,69,85,88,89,90,91,92,93,94,95,96,97,102,104,106,115,125,126,127,128,129,130,131,132,133,134,135,136,137,138,139,140,141,155,
1;0;899;1038;0;0,1,2,3,4,5,6,7,8,9,10,11,12,13,14,15,16,17,18,19,20,21,22,23,24,25,26,27,28,29,33,36,38,53,54,55,56,57,58,59,60,61,62,63,64,67,69,85,88,89,90,91,92,93,94,95,96,97,102,104,106,115,125,126,127,128,129,130,131,132,133,134,135,136,137,138,139,140,141,155,
1;1;1038;1103;0;0,1,2,3,4,5,6,7,8,9,10,11,12,13,14,15,16,17,18,19,20,21,22,23,24,25,26,27,28,29,33,36,38,53,54,55,56,57,58,59,60,61,62,63,64,67,69,85,88,89,90,91,92,93,94,95,96,97,102,104,106,115,125,126,127,128,129,130,131,132,133,134,135,136,137,138,139,140,141,155,
77;0;1103;1148;0;0,1,2,3,4,5,6,7,8,9,10,11,12,13,14,15,16,17,18,19,20,21,22,23,24,25,26,27,28,29,33,36,38,53,54,55,56,57,58,59,60,61,62,63,64,67,69,85,88,89,90,91,92,93,94,95,96,97,102,104,106,115,125,126,127,128,129,130,131,132,133,134,135,136,137,138,139,140,141,155,
17;0;1148;1231;0;0,1,2,3,4,5,6,7,8,9,10,11,12,13,14,15,16,17,18,19,20,21,22,23,24,25,26,27,28,29,33,36,38,53,54,55,56,57,58,59,60,61,62,63,64,67,69,85,88,89,90,91,92,93,94,95,96,97,102,104,106,115,125,126,127,128,129,130,131,132,133,134,135,136,137,138,139,140,141,155,
73;0;1231;1318;0;0,1,2,3,4,5,6,7,8,9,10,11,12,13,14,15,16,17,18,19,20,21,22,23,24,25,26,27,28,29,33,36,38,53,54,55,56,57,58,59,60,61,62,63,64,67,69,85,88,89,90,91,92,93,94,95,96,97,102,104,106,115,125,126,127,128,129,130,131,132,133,134,135,136,137,138,139,140,141,155,
73;1;1318;1402;0;0,1,2,3,4,5,6,7,8,9,10,11,12,13,14,15,16,17,18,19,20,21,22,23,24,25,26,27,28,29,33,36,38,53,54,55,56,57,58,59,60,61,62,63,64,67,69,85,88,89,90,91,92,93,94,95,96,97,102,104,106,115,125,126,127,128,129,130,131,132,133,134,135,136,137,138,139,140,141,155,
10;0;1402;1498;0;0,1,2,3,4,5,6,7,8,9,10,11,12,13,14,15,16,17,18,19,20,21,22,23,24,25,26,27,28,29,33,36,38,53,54,55,56,57,58,59,60,61,62,63,64,67,69,85,88,89,90,91,92,93,94,95,96,97,102,104,106,115,125,126,127,128,129,130,131,132,133,134,135,136,137,138,139,140,141,155,
50;0;1498;1637;0;0,1,2,3,4,5,6,7,8,9,10,11,12,13,14,15,16,17,18,19,20,21,22,23,24,25,26,27,28,29,33,36,38,53,54,55,56,57,58,59,60,61,62,63,64,67,69,85,88,89,90,91,92,93,94,95,96,97,102,104,106,115,125,126,127,128,129,130,131,132,133,134,135,136,137,138,139,140,141,155,
25;0;1637;1721;0;0,1,2,3,4,5,6,7,8,9,10,11,12,13,14,15,16,17,18,19,20,21,22,23,24,25,26,27,28,29,33,36,38,53,54,55,56,57,58,59,60,61,62,63,64,67,69,85,88,89,90,91,92,93,94,95,96,97,102,104,106,115,125,126,127,128,129,130,131,132,133,134,135,136,137,138,139,140,141,155,
27;0;1721;1826;0;0,1,2,3,4,5,6,7,8,9,10,11,12,13,14,15,16,17,18,19,20,21,22,23,24,25,26,27,28,29,33,36,38,53,54,55,56,57,58,59,60,61,62,63,64,67,69,85,88,89,90,91,92,93,94,95,96,97,102,104,106,115,125,126,127,128,129,130,131,132,133,134,135,136,137,138,139,140,141,155,
23;0;1826;1976;0;0,1,2,3,4,5,6,7,8,9,10,11,12,13,14,15,16,17,18,19,20,21,22,23,24,25,26,27,28,29,33,36,38,53,54,55,56,57,58,59,60,61,62,63,64,67,69,85,88,89,90,91,92,93,94,95,96,97,102,104,106,115,125,126,127,128,129,130,131,132,133,134,135,136,137,138,139,140,141,155,
23;1;1976;2133;0;0,1,2,3,4,5,6,7,8,9,10,11,12,13,14,15,16,17,18,19,20,21,22,23,24,25,26,27,28,29,33,36,38,53,54,55,56,57,58,59,60,61,62,63,64,67,69,85,88,89,90,91,92,93,94,95,96,97,102,104,106,115,125,126,127,128,129,130,131,132,133,134,135,136,137,138,139,140,141,155,
END
fineshedJobsCount: 130
switchs: 0
switchsInstances: 0
unfineshedPriorityCount: 0
totalUnfineshed: 0
criticalMachineSwitchs: 0
criticalMachineTime: 2511
Final Solution: 3900
Time: 153938
PTL: -1
MCMC: -1
Best Initial: 3900
Mean Initial: 3891.64
