./input/BaseInstances/6M2_n=20,r=0.4,t=20,v0.txt;./input/Processed/ToolSetInt.csv
7;720;1440
Machine: 0
10;0;0;103;1;0,1,2,3,4,5,6,7,8,9,10,11,12,13,14,15,16,17,18,19,
13;0;103;154;1;0,1,2,3,4,5,6,7,8,9,10,11,12,13,14,15,16,17,18,19,
3;0;154;203;1;0,1,2,3,4,5,6,7,8,9,10,11,12,13,14,15,16,17,18,19,
Machine: 1
11;0;0;66;1;0,1,2,3,4,5,6,7,8,9,10,11,12,13,14,15,16,17,18,19,
7;0;66;164;1;0,1,2,3,4,5,6,7,8,9,10,11,12,13,14,15,16,17,18,19,
7;1;164;338;1;0,1,2,3,4,5,6,7,8,9,10,11,12,13,14,15,16,17,18,19,
4;0;338;422;1;0,1,2,3,4,5,6,7,8,9,10,11,12,13,14,15,16,17,18,19,
4;1;422;519;1;0,1,2,3,4,5,6,7,8,9,10,11,12,13,14,15,16,17,18,19,
Machine: 2
0;0;0;80;1;0,1,2,3,4,5,6,7,8,9,10,11,12,13,14,15,16,17,18,19,
0;1;80;126;1;0,1,2,3,4,5,6,7,8,9,10,11,12,13,14,15,16,17,18,19,
2;0;126;249;0;0,1,2,3,4,5,6,7,8,9,10,11,12,13,14,15,16,17,18,19,
2;1;249;296;0;0,1,2,3,4,5,6,7,8,9,10,11,12,13,14,15,16,17,18,19,
Machine: 3
5;0;0;29;0;0,1,2,3,4,5,6,7,8,9,10,11,12,13,14,15,16,17,18,19,
9;0;29;79;0;0,1,2,3,4,5,6,7,8,9,10,11,12,13,14,15,16,17,18,19,
9;1;79;139;0;0,1,2,3,4,5,6,7,8,9,10,11,12,13,14,15,16,17,18,19,
Machine: 4
12;0;0;100;0;0,1,2,3,4,5,6,7,8,9,10,11,12,13,14,15,16,17,18,19,
12;1;100;153;0;0,1,2,3,4,5,6,7,8,9,10,11,12,13,14,15,16,17,18,19,
6;0;153;284;0;0,1,2,3,4,5,6,7,8,9,10,11,12,13,14,15,16,17,18,19,
Machine: 5
1;0;0;147;0;0,1,2,3,4,5,6,7,8,9,10,11,12,13,14,15,16,17,18,19,
8;0;147;224;0;0,1,2,3,4,5,6,7,8,9,10,11,12,13,14,15,16,17,18,19,
END
fineshedJobsCount: 20
switchs: 0
switchsInstances: 0
unfineshedPriorityCount: 0
totalUnfineshed: 0
criticalMachineSwitchs: 0
criticalMachineTime: 519
Final Solution: 600
Time: 15394
PTL: -1
MCMC: -1
Best Initial: 600
Mean Initial: 600
