./input/MyInstancesSameToolSets/n=399,p=0.50,r=0.5,t=2310,v1.csv;./input/Processed/ToolSetInt.csv
10;720;1440
Machine: 0
108;0;0;34;1;15,27,30,62,150,152,169,186,187,188,189,190,198,210,248,412,490,504,509,567,581,722,803,872,972,995,1196,1466,1561,1562,1587,1605,1887,1898,2232,2273,2315,2555,2563,2564,2572,2611,2765,2839,2840,2841,2842,2843,2936,3005,3022,3070,3313,3314,3346,3348,3361,3473,3861,3870,3877,4026,4117,5097,5098,5099,5100,5101,5493,5494,5495,7649,7650,8264,8265,8266,8267,8268,8269,8270,
108;1;34;188;1;15,27,30,62,150,152,169,186,187,188,189,190,198,210,248,412,490,504,509,567,581,722,803,872,972,995,1196,1466,1561,1562,1587,1605,1887,1898,2232,2273,2315,2555,2563,2564,2572,2611,2765,2839,2840,2841,2842,2843,2936,3005,3022,3070,3313,3314,3346,3348,3361,3473,3861,3870,3877,4026,4117,5097,5098,5099,5100,5101,5493,5494,5495,7649,7650,8264,8265,8266,8267,8268,8269,8270,
200;0;188;210;0;15,27,30,62,150,152,169,186,187,188,189,190,198,210,248,412,490,504,509,567,581,722,803,872,972,995,1196,1466,1561,1562,1587,1605,1887,1898,2232,2273,2315,2555,2563,2564,2572,2611,2765,2839,2840,2841,2842,2843,2936,3005,3022,3070,3313,3314,3346,3348,3361,3473,3861,3870,3877,4026,4117,5097,5098,5099,5100,5101,5493,5494,5495,7649,7650,8264,8265,8266,8267,8268,8269,8270,
135;0;210;244;0;15,27,30,62,150,152,169,186,187,188,189,190,198,210,248,412,490,504,509,567,581,722,803,872,972,995,1196,1466,1561,1562,1587,1605,1887,1898,2232,2273,2315,2555,2563,2564,2572,2611,2765,2839,2840,2841,2842,2843,2936,3005,3022,3070,3313,3314,3346,3348,3361,3473,3861,3870,3877,4026,4117,5097,5098,5099,5100,5101,5493,5494,5495,7649,7650,8264,8265,8266,8267,8268,8269,8270,
135;1;244;365;0;15,27,30,62,150,152,169,186,187,188,189,190,198,210,248,412,490,504,509,567,581,722,803,872,972,995,1196,1466,1561,1562,1587,1605,1887,1898,2232,2273,2315,2555,2563,2564,2572,2611,2765,2839,2840,2841,2842,2843,2936,3005,3022,3070,3313,3314,3346,3348,3361,3473,3861,3870,3877,4026,4117,5097,5098,5099,5100,5101,5493,5494,5495,7649,7650,8264,8265,8266,8267,8268,8269,8270,
28;0;365;399;1;15,27,30,62,150,152,169,186,187,188,189,190,198,210,248,412,490,504,509,567,581,722,803,872,972,995,1196,1466,1561,1562,1587,1605,1887,1898,2232,2273,2315,2555,2563,2564,2572,2611,2765,2839,2840,2841,2842,2843,2936,3005,3022,3070,3313,3314,3346,3348,3361,3473,3861,3870,3877,4026,4117,5097,5098,5099,5100,5101,5493,5494,5495,7649,7650,8264,8265,8266,8267,8268,8269,8270,
28;1;399;417;1;15,27,30,62,150,152,169,186,187,188,189,190,198,210,248,412,490,504,509,567,581,722,803,872,972,995,1196,1466,1561,1562,1587,1605,1887,1898,2232,2273,2315,2555,2563,2564,2572,2611,2765,2839,2840,2841,2842,2843,2936,3005,3022,3070,3313,3314,3346,3348,3361,3473,3861,3870,3877,4026,4117,5097,5098,5099,5100,5101,5493,5494,5495,7649,7650,8264,8265,8266,8267,8268,8269,8270,
255;0;417;445;0;15,27,30,62,150,152,169,186,187,188,189,190,198,210,248,412,490,504,509,567,581,722,803,872,972,995,1196,1466,1561,1562,1587,1605,1887,1898,2232,2273,2315,2555,2563,2564,2572,2611,2765,2839,2840,2841,2842,2843,2936,3005,3022,3070,3313,3314,3346,3348,3361,3473,3861,3870,3877,4026,4117,5097,5098,5099,5100,5101,5493,5494,5495,7649,7650,8264,8265,8266,8267,8268,8269,8270,
255;1;445;538;0;15,27,30,62,150,152,169,186,187,188,189,190,198,210,248,412,490,504,509,567,581,722,803,872,972,995,1196,1466,1561,1562,1587,1605,1887,1898,2232,2273,2315,2555,2563,2564,2572,2611,2765,2839,2840,2841,2842,2843,2936,3005,3022,3070,3313,3314,3346,3348,3361,3473,3861,3870,3877,4026,4117,5097,5098,5099,5100,5101,5493,5494,5495,7649,7650,8264,8265,8266,8267,8268,8269,8270,
100;0;538;675;1;15,27,30,62,150,152,169,186,187,188,189,190,198,210,248,412,490,504,509,567,581,722,803,872,972,995,1196,1466,1561,1562,1587,1605,1887,1898,2232,2273,2315,2555,2563,2564,2572,2611,2765,2839,2840,2841,2842,2843,2936,3005,3022,3070,3313,3314,3346,3348,3361,3473,3861,3870,3877,4026,4117,5097,5098,5099,5100,5101,5493,5494,5495,7649,7650,8264,8265,8266,8267,8268,8269,8270,
176;0;675;778;0;24,27,38,74,79,95,113,189,210,247,248,276,291,292,337,497,578,579,651,659,680,681,690,734,736,765,844,849,979,1196,1270,1293,1322,1529,1587,1723,1898,1936,1996,2154,2315,2555,2677,2679,2774,2775,2778,3022,3126,3263,3345,3447,3473,3529,3532,3627,3745,3796,3870,4294,4313,4317,4404,4405,4406,4407,4408,4409,4410,4411,4412,4854,4855,5058,5100,5370,5496,5499,5500,5502,
176;1;778;892;0;24,27,38,74,79,95,113,189,210,247,248,276,291,292,337,497,578,579,651,659,680,681,690,734,736,765,844,849,979,1196,1270,1293,1322,1529,1587,1723,1898,1936,1996,2154,2315,2555,2677,2679,2774,2775,2778,3022,3126,3263,3345,3447,3473,3529,3532,3627,3745,3796,3870,4294,4313,4317,4404,4405,4406,4407,4408,4409,4410,4411,4412,4854,4855,5058,5100,5370,5496,5499,5500,5502,
36;0;892;896;1;24,27,38,74,79,95,113,189,210,247,248,276,291,292,337,497,578,579,651,659,680,681,690,734,736,765,844,849,979,1196,1270,1293,1322,1529,1587,1723,1898,1936,1996,2154,2315,2555,2677,2679,2774,2775,2778,3022,3126,3263,3345,3447,3473,3529,3532,3627,3745,3796,3870,4294,4313,4317,4404,4405,4406,4407,4408,4409,4410,4411,4412,4854,4855,5058,5100,5370,5496,5499,5500,5502,
75;0;896;1018;1;24,27,38,74,79,95,113,189,210,247,248,276,291,292,337,497,578,579,651,659,680,681,690,734,736,765,844,849,979,1196,1270,1293,1322,1529,1587,1723,1898,1936,1996,2154,2315,2555,2677,2679,2774,2775,2778,3022,3126,3263,3345,3447,3473,3529,3532,3627,3745,3796,3870,4294,4313,4317,4404,4405,4406,4407,4408,4409,4410,4411,4412,4854,4855,5058,5100,5370,5496,5499,5500,5502,
190;0;1018;1148;0;24,27,38,74,79,95,113,189,210,247,248,276,291,292,337,497,578,579,651,659,680,681,690,734,736,765,844,849,979,1196,1270,1293,1322,1529,1587,1723,1898,1936,1996,2154,2315,2555,2677,2679,2774,2775,2778,3022,3126,3263,3345,3447,3473,3529,3532,3627,3745,3796,3870,4294,4313,4317,4404,4405,4406,4407,4408,4409,4410,4411,4412,4854,4855,5058,5100,5370,5496,5499,5500,5502,
190;1;1148;1204;0;24,27,38,74,79,95,113,189,210,247,248,276,291,292,337,497,578,579,651,659,680,681,690,734,736,765,844,849,979,1196,1270,1293,1322,1529,1587,1723,1898,1936,1996,2154,2315,2555,2677,2679,2774,2775,2778,3022,3126,3263,3345,3447,3473,3529,3532,3627,3745,3796,3870,4294,4313,4317,4404,4405,4406,4407,4408,4409,4410,4411,4412,4854,4855,5058,5100,5370,5496,5499,5500,5502,
208;0;1204;1253;0;24,27,38,74,79,95,113,189,210,247,248,276,291,292,337,497,578,579,651,659,680,681,690,734,736,765,844,849,979,1196,1270,1293,1322,1529,1587,1723,1898,1936,1996,2154,2315,2555,2677,2679,2774,2775,2778,3022,3126,3263,3345,3447,3473,3529,3532,3627,3745,3796,3870,4294,4313,4317,4404,4405,4406,4407,4408,4409,4410,4411,4412,4854,4855,5058,5100,5370,5496,5499,5500,5502,
78;0;1253;1425;1;24,27,38,74,79,95,113,189,210,247,248,276,291,292,337,497,578,579,651,659,680,681,690,734,736,765,844,849,979,1196,1270,1293,1322,1529,1587,1723,1898,1936,1996,2154,2315,2555,2677,2679,2774,2775,2778,3022,3126,3263,3345,3447,3473,3529,3532,3627,3745,3796,3870,4294,4313,4317,4404,4405,4406,4407,4408,4409,4410,4411,4412,4854,4855,5058,5100,5370,5496,5499,5500,5502,
78;1;1425;1582;1;24,27,38,74,79,95,113,189,210,247,248,276,291,292,337,497,578,579,651,659,680,681,690,734,736,765,844,849,979,1196,1270,1293,1322,1529,1587,1723,1898,1936,1996,2154,2315,2555,2677,2679,2774,2775,2778,3022,3126,3263,3345,3447,3473,3529,3532,3627,3745,3796,3870,4294,4313,4317,4404,4405,4406,4407,4408,4409,4410,4411,4412,4854,4855,5058,5100,5370,5496,5499,5500,5502,
237;0;1582;1752;0;24,27,38,74,79,95,113,189,210,247,248,276,291,292,337,497,578,579,651,659,680,681,690,734,736,765,844,849,979,1196,1270,1293,1322,1529,1587,1723,1898,1936,1996,2154,2315,2555,2677,2679,2774,2775,2778,3022,3126,3263,3345,3447,3473,3529,3532,3627,3745,3796,3870,4294,4313,4317,4404,4405,4406,4407,4408,4409,4410,4411,4412,4854,4855,5058,5100,5370,5496,5499,5500,5502,
237;1;1752;1833;0;24,27,38,74,79,95,113,189,210,247,248,276,291,292,337,497,578,579,651,659,680,681,690,734,736,765,844,849,979,1196,1270,1293,1322,1529,1587,1723,1898,1936,1996,2154,2315,2555,2677,2679,2774,2775,2778,3022,3126,3263,3345,3447,3473,3529,3532,3627,3745,3796,3870,4294,4313,4317,4404,4405,4406,4407,4408,4409,4410,4411,4412,4854,4855,5058,5100,5370,5496,5499,5500,5502,
65;0;1833;1943;1;24,27,38,74,79,95,113,137,139,189,210,247,248,276,288,291,292,337,351,395,497,578,579,651,659,680,736,765,844,912,979,1118,1147,1167,1270,1293,1478,1493,1513,1529,1587,1670,1723,1996,2315,2371,2531,2555,2677,2679,2774,2775,2778,3001,3126,3250,3257,3263,3284,3473,3532,3627,3711,3712,3745,4019,4085,4086,4087,4088,4089,4090,4091,4092,4093,4094,4095,4405,4412,5502,
65;1;1943;2058;1;24,27,38,74,79,95,113,137,139,189,210,247,248,276,288,291,292,337,351,395,497,578,579,651,659,680,736,765,844,912,979,1118,1147,1167,1270,1293,1478,1493,1513,1529,1587,1670,1723,1996,2315,2371,2531,2555,2677,2679,2774,2775,2778,3001,3126,3250,3257,3263,3284,3473,3532,3627,3711,3712,3745,4019,4085,4086,4087,4088,4089,4090,4091,4092,4093,4094,4095,4405,4412,5502,
47;0;2058;2192;1;24,27,79,137,189,244,248,249,251,288,292,314,351,397,400,491,528,578,765,979,1058,1117,1143,1147,1287,1288,1293,1529,1587,1669,1768,2064,2253,2315,2407,2493,2555,2645,2658,2774,2775,2778,2780,2816,2934,2950,3126,3263,3703,3745,3802,3829,4010,4018,4093,4135,4217,4564,4567,4627,4652,4740,4805,4840,4841,4913,5411,5603,5604,5605,6133,6136,6977,7956,7990,8282,8284,8354,8695,8861,
47;1;2192;2357;1;24,27,79,137,189,244,248,249,251,288,292,314,351,397,400,491,528,578,765,979,1058,1117,1143,1147,1287,1288,1293,1529,1587,1669,1768,2064,2253,2315,2407,2493,2555,2645,2658,2774,2775,2778,2780,2816,2934,2950,3126,3263,3703,3745,3802,3829,4010,4018,4093,4135,4217,4564,4567,4627,4652,4740,4805,4840,4841,4913,5411,5603,5604,5605,6133,6136,6977,7956,7990,8282,8284,8354,8695,8861,
157;0;2357;2417;0;24,27,79,137,189,244,248,249,251,288,292,314,351,397,400,491,528,578,765,979,1058,1117,1143,1147,1287,1288,1293,1529,1587,1669,1768,2064,2253,2315,2407,2493,2555,2645,2658,2774,2775,2778,2780,2816,2934,2950,3126,3263,3703,3745,3802,3829,4010,4018,4093,4135,4217,4564,4567,4627,4652,4740,4805,4840,4841,4913,5411,5603,5604,5605,6133,6136,6977,7956,7990,8282,8284,8354,8695,8861,
157;1;2417;2561;0;24,27,79,137,189,244,248,249,251,288,292,314,351,397,400,491,528,578,765,979,1058,1117,1143,1147,1287,1288,1293,1529,1587,1669,1768,2064,2253,2315,2407,2493,2555,2645,2658,2774,2775,2778,2780,2816,2934,2950,3126,3263,3703,3745,3802,3829,4010,4018,4093,4135,4217,4564,4567,4627,4652,4740,4805,4840,4841,4913,5411,5603,5604,5605,6133,6136,6977,7956,7990,8282,8284,8354,8695,8861,
104;0;2561;2634;1;24,27,79,137,189,244,248,249,251,288,292,314,351,397,400,491,528,578,765,979,1058,1117,1143,1147,1287,1288,1293,1529,1587,1669,1768,2064,2253,2315,2407,2493,2555,2645,2658,2774,2775,2778,2780,2816,2934,2950,3126,3263,3703,3745,3802,3829,4010,4018,4093,4135,4217,4564,4567,4627,4652,4740,4805,4840,4841,4913,5411,5603,5604,5605,6133,6136,6977,7956,7990,8282,8284,8354,8695,8861,
104;1;2634;2707;1;24,27,79,137,189,244,248,249,251,288,292,314,351,397,400,491,528,578,765,979,1058,1117,1143,1147,1287,1288,1293,1529,1587,1669,1768,2064,2253,2315,2407,2493,2555,2645,2658,2774,2775,2778,2780,2816,2934,2950,3126,3263,3703,3745,3802,3829,4010,4018,4093,4135,4217,4564,4567,4627,4652,4740,4805,4840,4841,4913,5411,5603,5604,5605,6133,6136,6977,7956,7990,8282,8284,8354,8695,8861,
52;0;2707;2869;1;24,27,79,137,189,244,248,249,251,288,292,314,351,397,400,491,528,578,765,979,1058,1117,1143,1147,1287,1288,1293,1529,1587,1669,1768,2064,2253,2315,2407,2493,2555,2645,2658,2774,2775,2778,2780,2816,2934,2950,3126,3263,3703,3745,3802,3829,4010,4018,4093,4135,4217,4564,4567,4627,4652,4740,4805,4840,4841,4913,5411,5603,5604,5605,6133,6136,6977,7956,7990,8282,8284,8354,8695,8861,
52;1;2869;2883;1;24,27,79,137,189,244,248,249,251,288,292,314,351,397,400,491,528,578,765,979,1058,1117,1143,1147,1287,1288,1293,1529,1587,1669,1768,2064,2253,2315,2407,2493,2555,2645,2658,2774,2775,2778,2780,2816,2934,2950,3126,3263,3703,3745,3802,3829,4010,4018,4093,4135,4217,4564,4567,4627,4652,4740,4805,4840,4841,4913,5411,5603,5604,5605,6133,6136,6977,7956,7990,8282,8284,8354,8695,8861,
109;0;2883;3043;1;24,27,79,137,189,244,248,249,251,288,292,314,351,397,400,491,528,578,765,979,1058,1117,1143,1147,1287,1288,1293,1529,1587,1669,1768,2064,2253,2315,2407,2493,2555,2645,2658,2774,2775,2778,2780,2816,2934,2950,3126,3263,3703,3745,3802,3829,4010,4018,4093,4135,4217,4564,4567,4627,4652,4740,4805,4840,4841,4913,5411,5603,5604,5605,6133,6136,6977,7956,7990,8282,8284,8354,8695,8861,
109;1;3043;3157;1;24,27,79,137,189,244,248,249,251,288,292,314,351,397,400,491,528,578,765,979,1058,1117,1143,1147,1287,1288,1293,1529,1587,1669,1768,2064,2253,2315,2407,2493,2555,2645,2658,2774,2775,2778,2780,2816,2934,2950,3126,3263,3703,3745,3802,3829,4010,4018,4093,4135,4217,4564,4567,4627,4652,4740,4805,4840,4841,4913,5411,5603,5604,5605,6133,6136,6977,7956,7990,8282,8284,8354,8695,8861,
145;0;3157;3212;0;24,27,79,137,189,244,248,249,251,288,292,314,351,397,400,491,528,578,765,979,1058,1117,1143,1147,1287,1288,1293,1529,1587,1669,1768,2064,2253,2315,2407,2493,2555,2645,2658,2774,2775,2778,2780,2816,2934,2950,3126,3263,3703,3745,3802,3829,4010,4018,4093,4135,4217,4564,4567,4627,4652,4740,4805,4840,4841,4913,5411,5603,5604,5605,6133,6136,6977,7956,7990,8282,8284,8354,8695,8861,
145;1;3212;3392;0;24,27,79,137,189,244,248,249,251,288,292,314,351,397,400,491,528,578,765,979,1058,1117,1143,1147,1287,1288,1293,1529,1587,1669,1768,2064,2253,2315,2407,2493,2555,2645,2658,2774,2775,2778,2780,2816,2934,2950,3126,3263,3703,3745,3802,3829,4010,4018,4093,4135,4217,4564,4567,4627,4652,4740,4805,4840,4841,4913,5411,5603,5604,5605,6133,6136,6977,7956,7990,8282,8284,8354,8695,8861,
55;0;3392;3447;1;24,27,79,137,189,244,248,249,251,288,292,314,351,397,400,491,528,578,765,979,1058,1117,1143,1147,1287,1288,1293,1529,1587,1669,1768,2064,2253,2315,2407,2493,2555,2645,2658,2774,2775,2778,2780,2816,2934,2950,3126,3263,3703,3745,3802,3829,4010,4018,4093,4135,4217,4564,4567,4627,4652,4740,4805,4840,4841,4913,5411,5603,5604,5605,6133,6136,6977,7956,7990,8282,8284,8354,8695,8861,
122;0;3447;3459;1;24,27,79,137,189,244,248,249,251,288,292,314,351,397,400,491,528,578,765,979,1058,1117,1143,1147,1287,1288,1293,1529,1587,1669,1768,2064,2253,2315,2407,2493,2555,2645,2658,2774,2775,2778,2780,2816,2934,2950,3126,3263,3703,3745,3802,3829,4010,4018,4093,4135,4217,4564,4567,4627,4652,4740,4805,4840,4841,4913,5411,5603,5604,5605,6133,6136,6977,7956,7990,8282,8284,8354,8695,8861,
185;0;3459;3508;0;24,27,60,63,96,101,144,251,254,256,314,528,555,558,583,655,765,862,891,971,979,987,1147,1293,1294,1426,1529,1567,1569,1580,1587,1930,2036,2149,2221,2315,2407,2555,2625,2628,2645,2678,2774,2775,2778,2972,3099,3126,3263,3315,3396,3527,3607,3703,3742,3743,3744,3745,4093,4225,4229,4230,4604,4627,4765,4766,4773,5230,6132,6136,6757,7831,7891,7953,7954,7956,7957,8120,8128,8354,
185;1;3508;3656;0;24,27,60,63,96,101,144,251,254,256,314,528,555,558,583,655,765,862,891,971,979,987,1147,1293,1294,1426,1529,1567,1569,1580,1587,1930,2036,2149,2221,2315,2407,2555,2625,2628,2645,2678,2774,2775,2778,2972,3099,3126,3263,3315,3396,3527,3607,3703,3742,3743,3744,3745,4093,4225,4229,4230,4604,4627,4765,4766,4773,5230,6132,6136,6757,7831,7891,7953,7954,7956,7957,8120,8128,8354,
245;0;3656;3676;0;24,27,60,63,96,101,144,251,254,256,314,528,555,558,583,655,765,862,891,971,979,987,1147,1293,1294,1426,1529,1567,1569,1580,1587,1930,2036,2149,2221,2315,2407,2555,2625,2628,2645,2678,2774,2775,2778,2972,3099,3126,3263,3315,3396,3527,3607,3703,3742,3743,3744,3745,4093,4225,4229,4230,4604,4627,4765,4766,4773,5230,6132,6136,6757,7831,7891,7953,7954,7956,7957,8120,8128,8354,
189;0;3676;3768;0;24,27,60,63,96,101,144,251,254,256,314,528,555,558,583,655,765,862,891,971,979,987,1147,1293,1294,1426,1529,1567,1569,1580,1587,1930,2036,2149,2221,2315,2407,2555,2625,2628,2645,2678,2774,2775,2778,2972,3099,3126,3263,3315,3396,3527,3607,3703,3742,3743,3744,3745,4093,4225,4229,4230,4604,4627,4765,4766,4773,5230,6132,6136,6757,7831,7891,7953,7954,7956,7957,8120,8128,8354,
189;1;3768;3902;0;24,27,60,63,96,101,144,251,254,256,314,528,555,558,583,655,765,862,891,971,979,987,1147,1293,1294,1426,1529,1567,1569,1580,1587,1930,2036,2149,2221,2315,2407,2555,2625,2628,2645,2678,2774,2775,2778,2972,3099,3126,3263,3315,3396,3527,3607,3703,3742,3743,3744,3745,4093,4225,4229,4230,4604,4627,4765,4766,4773,5230,6132,6136,6757,7831,7891,7953,7954,7956,7957,8120,8128,8354,
94;0;3902;3962;1;24,27,60,63,96,101,144,251,254,256,314,528,555,558,583,655,765,862,891,971,979,987,1147,1293,1294,1426,1529,1567,1569,1580,1587,1930,2036,2149,2221,2315,2407,2555,2625,2628,2645,2678,2774,2775,2778,2972,3099,3126,3263,3315,3396,3527,3607,3703,3742,3743,3744,3745,4093,4225,4229,4230,4604,4627,4765,4766,4773,5230,6132,6136,6757,7831,7891,7953,7954,7956,7957,8120,8128,8354,
106;0;3962;4136;1;24,27,60,63,96,101,144,251,254,256,314,528,555,558,583,655,765,862,891,971,979,987,1147,1293,1294,1426,1529,1567,1569,1580,1587,1930,2036,2149,2221,2315,2407,2555,2625,2628,2645,2678,2774,2775,2778,2972,3099,3126,3263,3315,3396,3527,3607,3703,3742,3743,3744,3745,4093,4225,4229,4230,4604,4627,4765,4766,4773,5230,6132,6136,6757,7831,7891,7953,7954,7956,7957,8120,8128,8354,
146;0;4136;4209;0;24,27,60,63,96,101,144,251,254,256,314,528,555,558,583,655,765,862,891,971,979,987,1147,1293,1294,1426,1529,1567,1569,1580,1587,1930,2036,2149,2221,2315,2407,2555,2625,2628,2645,2678,2774,2775,2778,2972,3099,3126,3263,3315,3396,3527,3607,3703,3742,3743,3744,3745,4093,4225,4229,4230,4604,4627,4765,4766,4773,5230,6132,6136,6757,7831,7891,7953,7954,7956,7957,8120,8128,8354,
118;0;4209;4370;1;24,27,60,63,96,101,144,251,254,256,314,528,555,558,583,655,765,862,891,971,979,987,1147,1293,1294,1426,1529,1567,1569,1580,1587,1930,2036,2149,2221,2315,2407,2555,2625,2628,2645,2678,2774,2775,2778,2972,3099,3126,3263,3315,3396,3527,3607,3703,3742,3743,3744,3745,4093,4225,4229,4230,4604,4627,4765,4766,4773,5230,6132,6136,6757,7831,7891,7953,7954,7956,7957,8120,8128,8354,
4;0;4370;4374;1;24,27,60,63,96,101,144,251,254,256,314,528,555,558,583,655,765,862,891,971,979,987,1147,1293,1294,1426,1529,1567,1569,1580,1587,1930,2036,2149,2221,2315,2407,2555,2625,2628,2645,2678,2774,2775,2778,2972,3099,3126,3263,3315,3396,3527,3607,3703,3742,3743,3744,3745,4093,4225,4229,4230,4604,4627,4765,4766,4773,5230,6132,6136,6757,7831,7891,7953,7954,7956,7957,8120,8128,8354,
4;1;4374;4447;1;24,27,60,63,96,101,144,251,254,256,314,528,555,558,583,655,765,862,891,971,979,987,1147,1293,1294,1426,1529,1567,1569,1580,1587,1930,2036,2149,2221,2315,2407,2555,2625,2628,2645,2678,2774,2775,2778,2972,3099,3126,3263,3315,3396,3527,3607,3703,3742,3743,3744,3745,4093,4225,4229,4230,4604,4627,4765,4766,4773,5230,6132,6136,6757,7831,7891,7953,7954,7956,7957,8120,8128,8354,
93;0;4447;4491;1;24,27,60,63,96,101,144,251,254,256,314,528,555,558,583,655,765,862,891,971,979,987,1147,1293,1294,1426,1529,1567,1569,1580,1587,1930,2036,2149,2221,2315,2407,2555,2625,2628,2645,2678,2774,2775,2778,2972,3099,3126,3263,3315,3396,3527,3607,3703,3742,3743,3744,3745,4093,4225,4229,4230,4604,4627,4765,4766,4773,5230,6132,6136,6757,7831,7891,7953,7954,7956,7957,8120,8128,8354,
93;1;4491;4558;1;24,27,60,63,96,101,144,251,254,256,314,528,555,558,583,655,765,862,891,971,979,987,1147,1293,1294,1426,1529,1567,1569,1580,1587,1930,2036,2149,2221,2315,2407,2555,2625,2628,2645,2678,2774,2775,2778,2972,3099,3126,3263,3315,3396,3527,3607,3703,3742,3743,3744,3745,4093,4225,4229,4230,4604,4627,4765,4766,4773,5230,6132,6136,6757,7831,7891,7953,7954,7956,7957,8120,8128,8354,
56;0;4558;4662;1;24,27,60,63,96,101,144,251,254,256,314,528,555,558,583,655,765,862,891,971,979,987,1147,1293,1294,1426,1529,1567,1569,1580,1587,1930,2036,2149,2221,2315,2407,2555,2625,2628,2645,2678,2774,2775,2778,2972,3099,3126,3263,3315,3396,3527,3607,3703,3742,3743,3744,3745,4093,4225,4229,4230,4604,4627,4765,4766,4773,5230,6132,6136,6757,7831,7891,7953,7954,7956,7957,8120,8128,8354,
56;1;4662;4740;1;24,27,60,63,96,101,144,251,254,256,314,528,555,558,583,655,765,862,891,971,979,987,1147,1293,1294,1426,1529,1567,1569,1580,1587,1930,2036,2149,2221,2315,2407,2555,2625,2628,2645,2678,2774,2775,2778,2972,3099,3126,3263,3315,3396,3527,3607,3703,3742,3743,3744,3745,4093,4225,4229,4230,4604,4627,4765,4766,4773,5230,6132,6136,6757,7831,7891,7953,7954,7956,7957,8120,8128,8354,
83;0;4740;4890;1;24,60,100,144,233,274,289,314,329,486,580,644,677,700,765,862,1147,1180,1214,1277,1293,1529,1567,1587,1674,1779,2050,2194,2225,2407,2475,2602,2626,2627,2628,2635,2637,2645,2647,2653,2654,2660,2661,2675,2678,2705,2774,2775,2903,2969,3078,3126,3263,3395,3597,3703,3726,3727,3728,3729,3730,3731,3732,3745,3837,4003,4119,4450,4604,4620,4628,4997,5432,5476,5497,6194,7009,8354,9155,9156,
83;1;4890;5050;1;24,60,100,144,233,274,289,314,329,486,580,644,677,700,765,862,1147,1180,1214,1277,1293,1529,1567,1587,1674,1779,2050,2194,2225,2407,2475,2602,2626,2627,2628,2635,2637,2645,2647,2653,2654,2660,2661,2675,2678,2705,2774,2775,2903,2969,3078,3126,3263,3395,3597,3703,3726,3727,3728,3729,3730,3731,3732,3745,3837,4003,4119,4450,4604,4620,4628,4997,5432,5476,5497,6194,7009,8354,9155,9156,
240;0;5050;5099;0;24,60,100,144,233,274,289,314,329,486,580,644,677,700,765,862,1147,1180,1214,1277,1293,1529,1567,1587,1674,1779,2050,2194,2225,2407,2475,2602,2626,2627,2628,2635,2637,2645,2647,2653,2654,2660,2661,2675,2678,2705,2774,2775,2903,2969,3078,3126,3263,3395,3597,3703,3726,3727,3728,3729,3730,3731,3732,3745,3837,4003,4119,4450,4604,4620,4628,4997,5432,5476,5497,6194,7009,8354,9155,9156,
227;0;5099;5129;0;24,60,100,144,233,274,289,314,329,486,580,644,677,700,765,862,1147,1180,1214,1277,1293,1529,1567,1587,1674,1779,2050,2194,2225,2407,2475,2602,2626,2627,2628,2635,2637,2645,2647,2653,2654,2660,2661,2675,2678,2705,2774,2775,2903,2969,3078,3126,3263,3395,3597,3703,3726,3727,3728,3729,3730,3731,3732,3745,3837,4003,4119,4450,4604,4620,4628,4997,5432,5476,5497,6194,7009,8354,9155,9156,
168;0;5129;5141;0;24,60,100,144,233,274,289,314,329,486,580,644,677,700,765,862,1147,1180,1214,1277,1293,1529,1567,1587,1674,1779,2050,2194,2225,2407,2475,2602,2626,2627,2628,2635,2637,2645,2647,2653,2654,2660,2661,2675,2678,2705,2774,2775,2903,2969,3078,3126,3263,3395,3597,3703,3726,3727,3728,3729,3730,3731,3732,3745,3837,4003,4119,4450,4604,4620,4628,4997,5432,5476,5497,6194,7009,8354,9155,9156,
168;1;5141;5203;0;24,60,100,144,233,274,289,314,329,486,580,644,677,700,765,862,1147,1180,1214,1277,1293,1529,1567,1587,1674,1779,2050,2194,2225,2407,2475,2602,2626,2627,2628,2635,2637,2645,2647,2653,2654,2660,2661,2675,2678,2705,2774,2775,2903,2969,3078,3126,3263,3395,3597,3703,3726,3727,3728,3729,3730,3731,3732,3745,3837,4003,4119,4450,4604,4620,4628,4997,5432,5476,5497,6194,7009,8354,9155,9156,
253;0;5203;5296;0;24,60,100,144,233,274,289,314,329,486,580,644,677,700,765,862,1147,1180,1214,1277,1293,1529,1567,1587,1674,1779,2050,2194,2225,2407,2475,2602,2626,2627,2628,2635,2637,2645,2647,2653,2654,2660,2661,2675,2678,2705,2774,2775,2903,2969,3078,3126,3263,3395,3597,3703,3726,3727,3728,3729,3730,3731,3732,3745,3837,4003,4119,4450,4604,4620,4628,4997,5432,5476,5497,6194,7009,8354,9155,9156,
253;1;5296;5340;0;24,60,100,144,233,274,289,314,329,486,580,644,677,700,765,862,1147,1180,1214,1277,1293,1529,1567,1587,1674,1779,2050,2194,2225,2407,2475,2602,2626,2627,2628,2635,2637,2645,2647,2653,2654,2660,2661,2675,2678,2705,2774,2775,2903,2969,3078,3126,3263,3395,3597,3703,3726,3727,3728,3729,3730,3731,3732,3745,3837,4003,4119,4450,4604,4620,4628,4997,5432,5476,5497,6194,7009,8354,9155,9156,
224;0;5340;5363;0;24,60,100,144,233,274,289,314,329,486,580,644,677,700,765,862,1147,1180,1214,1277,1293,1529,1567,1587,1674,1779,2050,2194,2225,2407,2475,2602,2626,2627,2628,2635,2637,2645,2647,2653,2654,2660,2661,2675,2678,2705,2774,2775,2903,2969,3078,3126,3263,3395,3597,3703,3726,3727,3728,3729,3730,3731,3732,3745,3837,4003,4119,4450,4604,4620,4628,4997,5432,5476,5497,6194,7009,8354,9155,9156,
91;0;5363;5446;1;24,60,100,144,233,274,289,314,329,486,580,644,677,700,765,862,1147,1180,1214,1277,1293,1529,1567,1587,1674,1779,2050,2194,2225,2407,2475,2602,2626,2627,2628,2635,2637,2645,2647,2653,2654,2660,2661,2675,2678,2705,2774,2775,2903,2969,3078,3126,3263,3395,3597,3703,3726,3727,3728,3729,3730,3731,3732,3745,3837,4003,4119,4450,4604,4620,4628,4997,5432,5476,5497,6194,7009,8354,9155,9156,
173;0;5446;5464;0;24,60,100,144,233,274,289,314,329,486,580,644,677,700,765,862,1147,1180,1214,1277,1293,1529,1567,1587,1674,1779,2050,2194,2225,2407,2475,2602,2626,2627,2628,2635,2637,2645,2647,2653,2654,2660,2661,2675,2678,2705,2774,2775,2903,2969,3078,3126,3263,3395,3597,3703,3726,3727,3728,3729,3730,3731,3732,3745,3837,4003,4119,4450,4604,4620,4628,4997,5432,5476,5497,6194,7009,8354,9155,9156,
173;1;5464;5636;0;24,60,100,144,233,274,289,314,329,486,580,644,677,700,765,862,1147,1180,1214,1277,1293,1529,1567,1587,1674,1779,2050,2194,2225,2407,2475,2602,2626,2627,2628,2635,2637,2645,2647,2653,2654,2660,2661,2675,2678,2705,2774,2775,2903,2969,3078,3126,3263,3395,3597,3703,3726,3727,3728,3729,3730,3731,3732,3745,3837,4003,4119,4450,4604,4620,4628,4997,5432,5476,5497,6194,7009,8354,9155,9156,
188;0;5636;5724;0;24,60,100,144,233,274,289,314,329,486,580,644,677,700,765,862,1147,1180,1214,1277,1293,1529,1567,1587,1674,1779,2050,2194,2225,2407,2475,2602,2626,2627,2628,2635,2637,2645,2647,2653,2654,2660,2661,2675,2678,2705,2774,2775,2903,2969,3078,3126,3263,3395,3597,3703,3726,3727,3728,3729,3730,3731,3732,3745,3837,4003,4119,4450,4604,4620,4628,4997,5432,5476,5497,6194,7009,8354,9155,9156,
188;1;5724;5854;0;24,60,100,144,233,274,289,314,329,486,580,644,677,700,765,862,1147,1180,1214,1277,1293,1529,1567,1587,1674,1779,2050,2194,2225,2407,2475,2602,2626,2627,2628,2635,2637,2645,2647,2653,2654,2660,2661,2675,2678,2705,2774,2775,2903,2969,3078,3126,3263,3395,3597,3703,3726,3727,3728,3729,3730,3731,3732,3745,3837,4003,4119,4450,4604,4620,4628,4997,5432,5476,5497,6194,7009,8354,9155,9156,
46;0;5854;5868;1;24,60,100,144,233,274,289,314,329,486,580,644,677,700,765,862,1147,1180,1214,1277,1293,1529,1567,1587,1674,1779,2050,2194,2225,2407,2475,2602,2626,2627,2628,2635,2637,2645,2647,2653,2654,2660,2661,2675,2678,2705,2774,2775,2903,2969,3078,3126,3263,3395,3597,3663,3679,3686,3690,3703,3726,3745,4119,4604,4997,5082,6003,6004,6005,6006,6007,6008,6009,6010,6011,6012,6013,6058,7009,8354,
261;0;5868;5914;0;24,60,100,144,233,274,289,314,329,486,580,644,677,700,765,862,1147,1180,1214,1277,1293,1348,1528,1529,2225,2475,2589,2602,2626,2627,2628,2635,2637,2645,2647,2653,2654,2661,2678,2705,2774,2775,2779,2808,2903,3126,3263,3679,3686,3690,3703,3745,4119,4604,4997,5082,5531,5532,6004,6008,6009,6010,6012,6013,7009,7318,7460,7816,7886,8354,8391,8583,8978,8979,8980,8981,8982,8983,8984,8985,
261;1;5914;6053;0;24,60,100,144,233,274,289,314,329,486,580,644,677,700,765,862,1147,1180,1214,1277,1293,1348,1528,1529,2225,2475,2589,2602,2626,2627,2628,2635,2637,2645,2647,2653,2654,2661,2678,2705,2774,2775,2779,2808,2903,3126,3263,3679,3686,3690,3703,3745,4119,4604,4997,5082,5531,5532,6004,6008,6009,6010,6012,6013,7009,7318,7460,7816,7886,8354,8391,8583,8978,8979,8980,8981,8982,8983,8984,8985,
16;0;6053;6211;1;24,100,102,144,233,289,314,329,644,677,715,765,771,862,1147,1204,1214,1293,1529,2225,2460,2475,2602,2605,2626,2627,2628,2635,2637,2645,2647,2650,2653,2654,2678,2679,2681,2705,2774,2775,2903,2984,3126,3263,3679,3686,3690,3703,3745,4119,4412,4449,4604,4945,4997,5082,5530,5859,5868,5869,6004,6008,6009,6010,6012,6013,6022,7009,7301,7460,7653,7826,7871,7886,8354,8583,8682,8683,8684,8685,
16;1;6211;6248;1;24,100,102,144,233,289,314,329,644,677,715,765,771,862,1147,1204,1214,1293,1529,2225,2460,2475,2602,2605,2626,2627,2628,2635,2637,2645,2647,2650,2653,2654,2678,2679,2681,2705,2774,2775,2903,2984,3126,3263,3679,3686,3690,3703,3745,4119,4412,4449,4604,4945,4997,5082,5530,5859,5868,5869,6004,6008,6009,6010,6012,6013,6022,7009,7301,7460,7653,7826,7871,7886,8354,8583,8682,8683,8684,8685,
19;0;6248;6302;1;24,100,144,233,289,314,329,644,677,715,765,862,1147,1214,1293,1529,2225,2475,2602,2626,2627,2628,2635,2637,2645,2647,2653,2654,2678,2679,2705,2774,2775,2903,3126,3177,3206,3263,3674,3675,3677,3678,3679,3686,3690,3703,3745,4119,4604,4997,5077,5082,5530,5868,5869,6004,6008,6009,6010,6012,6013,6022,6458,6459,6460,6461,6462,6463,6464,6465,6466,6467,6468,7009,7301,7460,7653,7871,7886,8354,
19;1;6302;6347;1;24,100,144,233,289,314,329,644,677,715,765,862,1147,1214,1293,1529,2225,2475,2602,2626,2627,2628,2635,2637,2645,2647,2653,2654,2678,2679,2705,2774,2775,2903,3126,3177,3206,3263,3674,3675,3677,3678,3679,3686,3690,3703,3745,4119,4604,4997,5077,5082,5530,5868,5869,6004,6008,6009,6010,6012,6013,6022,6458,6459,6460,6461,6462,6463,6464,6465,6466,6467,6468,7009,7301,7460,7653,7871,7886,8354,
116;0;6347;6452;1;24,100,144,156,233,289,314,329,505,644,677,715,729,765,862,1147,1214,1293,1435,1529,1558,2080,2179,2225,2330,2475,2602,2626,2627,2628,2635,2637,2645,2647,2653,2654,2678,2679,2705,2774,2775,2849,2903,2957,3126,3177,3206,3263,3674,3675,3677,3678,3679,3686,3690,3703,3745,3774,3847,4064,4119,4285,4604,4997,5077,5082,5530,5868,5869,6004,6015,6022,6686,7009,7301,7460,7653,7871,7886,8354,
115;0;6452;6504;1;100,137,144,145,225,289,291,292,314,351,430,609,640,644,666,677,715,768,862,1118,1346,1365,1481,1488,1540,1599,1768,2339,2475,2636,2640,2645,2654,2678,2680,2689,2699,2714,2733,2738,2750,2756,2774,2775,2903,3263,3745,4608,4609,4645,5051,5195,5209,5409,5525,5530,5538,5637,5869,6311,6314,6322,6472,6517,6644,6727,7296,7299,7301,7308,7871,7886,7887,7888,8432,8801,8825,8826,8827,8828,
217;0;6504;6585;0;100,137,144,145,225,289,291,292,314,351,430,609,640,644,666,677,715,768,862,1118,1346,1365,1481,1488,1540,1599,1768,2339,2475,2636,2640,2645,2654,2678,2680,2689,2699,2714,2733,2738,2750,2756,2774,2775,2903,3263,3745,4608,4609,4645,5051,5195,5209,5409,5525,5530,5538,5637,5869,6311,6314,6322,6472,6517,6644,6727,7296,7299,7301,7308,7871,7886,7887,7888,8432,8801,8825,8826,8827,8828,
217;1;6585;6681;0;100,137,144,145,225,289,291,292,314,351,430,609,640,644,666,677,715,768,862,1118,1346,1365,1481,1488,1540,1599,1768,2339,2475,2636,2640,2645,2654,2678,2680,2689,2699,2714,2733,2738,2750,2756,2774,2775,2903,3263,3745,4608,4609,4645,5051,5195,5209,5409,5525,5530,5538,5637,5869,6311,6314,6322,6472,6517,6644,6727,7296,7299,7301,7308,7871,7886,7887,7888,8432,8801,8825,8826,8827,8828,
8;0;6681;6715;1;100,137,144,145,225,289,291,292,314,351,430,609,640,644,666,677,715,768,862,1118,1346,1365,1481,1488,1540,1599,1768,2339,2475,2636,2640,2645,2654,2678,2680,2689,2699,2714,2733,2738,2750,2756,2774,2775,2903,3263,3745,4608,4609,4645,5051,5195,5209,5409,5525,5530,5538,5637,5869,6311,6314,6322,6472,6517,6644,6727,7296,7299,7301,7308,7871,7886,7887,7888,8432,8801,8825,8826,8827,8828,
8;1;6715;6881;1;100,137,144,145,225,289,291,292,314,351,430,609,640,644,666,677,715,768,862,1118,1346,1365,1481,1488,1540,1599,1768,2339,2475,2636,2640,2645,2654,2678,2680,2689,2699,2714,2733,2738,2750,2756,2774,2775,2903,3263,3745,4608,4609,4645,5051,5195,5209,5409,5525,5530,5538,5637,5869,6311,6314,6322,6472,6517,6644,6727,7296,7299,7301,7308,7871,7886,7887,7888,8432,8801,8825,8826,8827,8828,
143;0;6881;6913;0;100,137,144,145,225,289,291,292,314,351,430,609,640,644,666,677,715,768,862,1118,1346,1365,1481,1488,1540,1599,1768,2339,2475,2636,2640,2645,2654,2678,2680,2689,2699,2714,2733,2738,2750,2756,2774,2775,2903,3263,3745,4608,4609,4645,5051,5195,5209,5409,5525,5530,5538,5637,5869,6311,6314,6322,6472,6517,6644,6727,7296,7299,7301,7308,7871,7886,7887,7888,8432,8801,8825,8826,8827,8828,
143;1;6913;6975;0;100,137,144,145,225,289,291,292,314,351,430,609,640,644,666,677,715,768,862,1118,1346,1365,1481,1488,1540,1599,1768,2339,2475,2636,2640,2645,2654,2678,2680,2689,2699,2714,2733,2738,2750,2756,2774,2775,2903,3263,3745,4608,4609,4645,5051,5195,5209,5409,5525,5530,5538,5637,5869,6311,6314,6322,6472,6517,6644,6727,7296,7299,7301,7308,7871,7886,7887,7888,8432,8801,8825,8826,8827,8828,
70;0;6975;7044;1;100,137,144,145,225,289,291,292,314,351,430,609,640,644,666,677,715,768,862,1118,1346,1365,1481,1488,1540,1599,1768,2339,2475,2636,2640,2645,2654,2678,2680,2689,2699,2714,2733,2738,2750,2756,2774,2775,2903,3263,3745,4608,4609,4645,5051,5195,5209,5409,5525,5530,5538,5637,5869,6311,6314,6322,6472,6517,6644,6727,7296,7299,7301,7308,7871,7886,7887,7888,8432,8801,8825,8826,8827,8828,
113;0;7044;7048;1;100,137,144,145,225,289,291,292,314,351,430,609,640,644,666,677,715,768,862,1118,1346,1365,1481,1488,1540,1599,1768,2339,2475,2636,2640,2645,2654,2678,2680,2689,2699,2714,2733,2738,2750,2756,2774,2775,2903,3263,3745,4608,4609,4645,5051,5195,5209,5409,5525,5530,5538,5637,5869,6311,6314,6322,6472,6517,6644,6727,7296,7299,7301,7308,7871,7886,7887,7888,8432,8801,8825,8826,8827,8828,
62;0;7048;7131;1;100,137,144,145,225,289,291,292,314,351,430,609,640,644,666,677,715,768,862,1118,1346,1365,1481,1488,1540,1599,1768,2339,2475,2636,2640,2645,2654,2678,2680,2689,2699,2714,2733,2738,2750,2756,2774,2775,2903,3263,3745,4608,4609,4645,5051,5195,5209,5409,5525,5530,5538,5637,5869,6311,6314,6322,6472,6517,6644,6727,7296,7299,7301,7308,7871,7886,7887,7888,8432,8801,8825,8826,8827,8828,
62;1;7131;7207;1;100,137,144,145,225,289,291,292,314,351,430,609,640,644,666,677,715,768,862,1118,1346,1365,1481,1488,1540,1599,1768,2339,2475,2636,2640,2645,2654,2678,2680,2689,2699,2714,2733,2738,2750,2756,2774,2775,2903,3263,3745,4608,4609,4645,5051,5195,5209,5409,5525,5530,5538,5637,5869,6311,6314,6322,6472,6517,6644,6727,7296,7299,7301,7308,7871,7886,7887,7888,8432,8801,8825,8826,8827,8828,
38;0;7207;7364;1;100,101,103,137,144,145,225,289,291,313,314,348,430,436,609,640,644,666,677,691,715,768,862,1118,1481,1488,1540,2461,2498,2640,2643,2645,2654,2678,2689,2690,2774,2775,2903,3263,3745,3915,4645,4937,5296,5392,5525,5530,5538,5637,5726,6026,6225,6311,6314,6322,6334,7294,7295,7296,7297,7298,7299,7300,7301,7302,7303,7304,7305,7306,7307,7308,7309,7310,7311,7312,7313,7314,8432,8801,
38;1;7364;7443;1;100,101,103,137,144,145,225,289,291,313,314,348,430,436,609,640,644,666,677,691,715,768,862,1118,1481,1488,1540,2461,2498,2640,2643,2645,2654,2678,2689,2690,2774,2775,2903,3263,3745,3915,4645,4937,5296,5392,5525,5530,5538,5637,5726,6026,6225,6311,6314,6322,6334,7294,7295,7296,7297,7298,7299,7300,7301,7302,7303,7304,7305,7306,7307,7308,7309,7310,7311,7312,7313,7314,8432,8801,
69;0;7443;7467;1;2,90,100,101,103,137,144,145,225,289,291,313,314,348,430,436,609,640,644,666,677,691,704,715,766,768,769,831,843,862,948,1118,1163,1481,1488,1491,1540,2132,2461,2498,2640,2643,2645,2654,2657,2678,2689,2774,2775,2903,2904,2961,2962,2964,3263,3915,4372,4645,4937,5392,5525,5530,5538,5624,5627,5637,5828,6026,6225,6311,6314,6322,6749,7296,7298,7299,7308,7458,8432,8801,
69;1;7467;7627;1;2,90,100,101,103,137,144,145,225,289,291,313,314,348,430,436,609,640,644,666,677,691,704,715,766,768,769,831,843,862,948,1118,1163,1481,1488,1491,1540,2132,2461,2498,2640,2643,2645,2654,2657,2678,2689,2774,2775,2903,2904,2961,2962,2964,3263,3915,4372,4645,4937,5392,5525,5530,5538,5624,5627,5637,5828,6026,6225,6311,6314,6322,6749,7296,7298,7299,7308,7458,8432,8801,
63;0;7627;7761;1;2,4,89,90,100,101,103,137,144,145,225,276,289,291,313,314,430,640,666,677,691,704,715,766,768,769,773,831,833,836,858,862,863,944,945,948,1046,1118,1163,1481,1488,1513,1525,1532,1533,1536,1537,1539,1540,2640,2645,2654,2657,2678,2689,2774,2775,2903,2962,3263,3915,4645,4937,5392,5525,5530,5538,5627,5637,6026,6225,6311,6314,6322,7296,7298,7299,7308,8432,8801,
63;1;7761;7898;1;2,4,89,90,100,101,103,137,144,145,225,276,289,291,313,314,430,640,666,677,691,704,715,766,768,769,773,831,833,836,858,862,863,944,945,948,1046,1118,1163,1481,1488,1513,1525,1532,1533,1536,1537,1539,1540,2640,2645,2654,2657,2678,2689,2774,2775,2903,2962,3263,3915,4645,4937,5392,5525,5530,5538,5627,5637,6026,6225,6311,6314,6322,7296,7298,7299,7308,8432,8801,
182;0;7898;7996;0;2,93,100,137,139,144,145,146,225,245,262,277,289,291,293,314,321,398,400,640,677,691,766,769,773,835,855,858,863,898,933,948,1045,1093,1476,1478,1479,1679,1973,2117,2354,2425,2495,2509,2536,2594,2637,2645,2678,2774,2814,2903,2962,3152,3263,3291,3618,4371,4405,4545,4972,5050,5080,5181,5182,5627,5767,5768,5769,5770,5984,5992,6377,6584,6585,7804,7805,8136,8190,8292,
182;1;7996;8035;0;2,93,100,137,139,144,145,146,225,245,262,277,289,291,293,314,321,398,400,640,677,691,766,769,773,835,855,858,863,898,933,948,1045,1093,1476,1478,1479,1679,1973,2117,2354,2425,2495,2509,2536,2594,2637,2645,2678,2774,2814,2903,2962,3152,3263,3291,3618,4371,4405,4545,4972,5050,5080,5181,5182,5627,5767,5768,5769,5770,5984,5992,6377,6584,6585,7804,7805,8136,8190,8292,
87;0;8035;8179;1;2,93,100,137,139,144,145,146,225,245,262,277,289,291,293,314,321,398,400,640,677,691,766,769,773,835,855,858,863,898,933,948,1045,1093,1476,1478,1479,1679,1973,2117,2354,2425,2495,2509,2536,2594,2637,2645,2678,2774,2814,2903,2962,3152,3263,3291,3618,4371,4405,4545,4972,5050,5080,5181,5182,5627,5767,5768,5769,5770,5984,5992,6377,6584,6585,7804,7805,8136,8190,8292,
87;1;8179;8252;1;2,93,100,137,139,144,145,146,225,245,262,277,289,291,293,314,321,398,400,640,677,691,766,769,773,835,855,858,863,898,933,948,1045,1093,1476,1478,1479,1679,1973,2117,2354,2425,2495,2509,2536,2594,2637,2645,2678,2774,2814,2903,2962,3152,3263,3291,3618,4371,4405,4545,4972,5050,5080,5181,5182,5627,5767,5768,5769,5770,5984,5992,6377,6584,6585,7804,7805,8136,8190,8292,
159;0;8252;8398;0;2,93,100,137,139,144,145,146,225,245,262,277,289,291,293,314,321,398,400,640,677,691,766,769,773,835,855,858,863,898,933,948,1045,1093,1476,1478,1479,1679,1973,2117,2354,2425,2495,2509,2536,2594,2637,2645,2678,2774,2814,2903,2962,3152,3263,3291,3618,4371,4405,4545,4972,5050,5080,5181,5182,5627,5767,5768,5769,5770,5984,5992,6377,6584,6585,7804,7805,8136,8190,8292,
159;1;8398;8420;0;2,93,100,137,139,144,145,146,225,245,262,277,289,291,293,314,321,398,400,640,677,691,766,769,773,835,855,858,863,898,933,948,1045,1093,1476,1478,1479,1679,1973,2117,2354,2425,2495,2509,2536,2594,2637,2645,2678,2774,2814,2903,2962,3152,3263,3291,3618,4371,4405,4545,4972,5050,5080,5181,5182,5627,5767,5768,5769,5770,5984,5992,6377,6584,6585,7804,7805,8136,8190,8292,
149;0;8420;8521;0;2,93,100,137,139,144,145,146,225,245,262,277,289,291,293,314,321,398,400,640,677,691,766,769,773,835,855,858,863,898,933,948,1045,1093,1476,1478,1479,1679,1973,2117,2354,2425,2495,2509,2536,2594,2637,2645,2678,2774,2814,2903,2962,3152,3263,3291,3618,4371,4405,4545,4972,5050,5080,5181,5182,5627,5767,5768,5769,5770,5984,5992,6377,6584,6585,7804,7805,8136,8190,8292,
149;1;8521;8640;0;2,93,100,137,139,144,145,146,225,245,262,277,289,291,293,314,321,398,400,640,677,691,766,769,773,835,855,858,863,898,933,948,1045,1093,1476,1478,1479,1679,1973,2117,2354,2425,2495,2509,2536,2594,2637,2645,2678,2774,2814,2903,2962,3152,3263,3291,3618,4371,4405,4545,4972,5050,5080,5181,5182,5627,5767,5768,5769,5770,5984,5992,6377,6584,6585,7804,7805,8136,8190,8292,
223;0;8640;8800;0;2,93,100,137,139,144,145,146,225,245,262,277,289,291,293,314,321,398,400,640,677,691,766,769,773,835,855,858,863,898,933,948,1045,1093,1476,1478,1479,1679,1973,2117,2354,2425,2495,2509,2536,2594,2637,2645,2678,2774,2814,2903,2962,3152,3263,3291,3618,4371,4405,4545,4972,5050,5080,5181,5182,5627,5767,5768,5769,5770,5984,5992,6377,6584,6585,7804,7805,8136,8190,8292,
223;1;8800;8818;0;2,93,100,137,139,144,145,146,225,245,262,277,289,291,293,314,321,398,400,640,677,691,766,769,773,835,855,858,863,898,933,948,1045,1093,1476,1478,1479,1679,1973,2117,2354,2425,2495,2509,2536,2594,2637,2645,2678,2774,2814,2903,2962,3152,3263,3291,3618,4371,4405,4545,4972,5050,5080,5181,5182,5627,5767,5768,5769,5770,5984,5992,6377,6584,6585,7804,7805,8136,8190,8292,
179;0;8818;8927;0;2,93,100,137,139,144,145,146,225,245,262,277,289,291,293,314,321,398,400,640,677,691,766,769,773,835,855,858,863,898,933,948,1045,1093,1476,1478,1479,1679,1973,2117,2354,2425,2495,2509,2536,2594,2637,2645,2678,2774,2814,2903,2962,3152,3263,3291,3618,4371,4405,4545,4972,5050,5080,5181,5182,5627,5767,5768,5769,5770,5984,5992,6377,6584,6585,7804,7805,8136,8190,8292,
121;0;8927;8971;1;2,93,100,137,139,144,145,146,225,245,262,277,289,291,293,314,321,398,400,640,677,691,766,769,773,835,855,858,863,898,933,948,1045,1093,1476,1478,1479,1679,1973,2117,2354,2425,2495,2509,2536,2594,2637,2645,2678,2774,2814,2903,2962,3152,3263,3291,3618,4371,4405,4545,4972,5050,5080,5181,5182,5627,5767,5768,5769,5770,5984,5992,6377,6584,6585,7804,7805,8136,8190,8292,
121;1;8971;8982;1;2,93,100,137,139,144,145,146,225,245,262,277,289,291,293,314,321,398,400,640,677,691,766,769,773,835,855,858,863,898,933,948,1045,1093,1476,1478,1479,1679,1973,2117,2354,2425,2495,2509,2536,2594,2637,2645,2678,2774,2814,2903,2962,3152,3263,3291,3618,4371,4405,4545,4972,5050,5080,5181,5182,5627,5767,5768,5769,5770,5984,5992,6377,6584,6585,7804,7805,8136,8190,8292,
42;0;8982;9015;1;2,93,100,137,139,144,145,146,225,245,262,277,289,291,293,314,321,398,400,640,677,691,766,769,773,835,855,858,863,898,933,948,1045,1093,1476,1478,1479,1679,1973,2117,2354,2425,2495,2509,2536,2594,2637,2645,2678,2774,2814,2903,2962,3152,3263,3291,3618,4371,4405,4545,4972,5050,5080,5181,5182,5627,5767,5768,5769,5770,5984,5992,6377,6584,6585,7804,7805,8136,8190,8292,
102;0;9015;9159;1;2,93,100,137,139,144,145,146,225,245,262,277,289,291,293,314,321,329,398,400,640,677,691,766,769,773,835,855,858,863,898,933,948,1045,1093,1476,1478,1479,1679,1884,1973,2117,2354,2425,2600,2635,2645,2653,2678,2679,2774,2903,3263,3618,4371,4545,4568,4604,4605,4606,4612,4634,4759,4800,5043,5230,5528,5767,5890,5891,5892,5893,5894,5895,5896,5897,5898,5899,5900,5901,
102;1;9159;9306;1;2,93,100,137,139,144,145,146,225,245,262,277,289,291,293,314,321,329,398,400,640,677,691,766,769,773,835,855,858,863,898,933,948,1045,1093,1476,1478,1479,1679,1884,1973,2117,2354,2425,2600,2635,2645,2653,2678,2679,2774,2903,3263,3618,4371,4545,4568,4604,4605,4606,4612,4634,4759,4800,5043,5230,5528,5767,5890,5891,5892,5893,5894,5895,5896,5897,5898,5899,5900,5901,
262;0;9306;9383;0;2,97,137,139,144,145,148,225,231,233,234,241,262,277,288,290,302,312,321,329,397,404,429,434,591,640,647,838,855,927,948,949,1093,1117,1119,1172,1236,1398,1401,1428,1473,1474,1476,1477,1478,1480,1502,1595,2116,2117,2355,2998,2999,3000,3001,3470,3473,3474,4322,4323,4926,5734,5767,8265,8340,8764,8765,8770,9014,9015,9016,9222,9223,9224,9225,9226,9227,9228,9229,9230,
262;1;9383;9558;0;2,97,137,139,144,145,148,225,231,233,234,241,262,277,288,290,302,312,321,329,397,404,429,434,591,640,647,838,855,927,948,949,1093,1117,1119,1172,1236,1398,1401,1428,1473,1474,1476,1477,1478,1480,1502,1595,2116,2117,2355,2998,2999,3000,3001,3470,3473,3474,4322,4323,4926,5734,5767,8265,8340,8764,8765,8770,9014,9015,9016,9222,9223,9224,9225,9226,9227,9228,9229,9230,
211;0;9558;9722;0;2,97,137,139,144,145,148,225,231,233,234,241,262,277,288,290,302,312,321,329,397,404,429,434,591,640,647,838,855,927,948,949,1093,1117,1119,1172,1236,1398,1401,1428,1473,1474,1476,1477,1478,1480,1502,1595,2116,2117,2355,2998,2999,3000,3001,3470,3473,3474,4322,4323,4926,5734,5767,8265,8340,8764,8765,8770,9014,9015,9016,9222,9223,9224,9225,9226,9227,9228,9229,9230,
211;1;9722;9740;0;2,97,137,139,144,145,148,225,231,233,234,241,262,277,288,290,302,312,321,329,397,404,429,434,591,640,647,838,855,927,948,949,1093,1117,1119,1172,1236,1398,1401,1428,1473,1474,1476,1477,1478,1480,1502,1595,2116,2117,2355,2998,2999,3000,3001,3470,3473,3474,4322,4323,4926,5734,5767,8265,8340,8764,8765,8770,9014,9015,9016,9222,9223,9224,9225,9226,9227,9228,9229,9230,
250;0;9740;9793;0;2,97,137,139,144,145,148,225,231,233,234,241,262,277,288,290,302,312,321,329,397,404,429,434,591,640,647,838,855,927,948,949,1093,1117,1119,1172,1236,1398,1401,1428,1473,1474,1476,1477,1478,1480,1502,1595,2116,2117,2355,2998,2999,3000,3001,3470,3473,3474,4322,4323,4926,5734,5767,8265,8340,8764,8765,8770,9014,9015,9016,9222,9223,9224,9225,9226,9227,9228,9229,9230,
250;1;9793;9870;0;2,97,137,139,144,145,148,225,231,233,234,241,262,277,288,290,302,312,321,329,397,404,429,434,591,640,647,838,855,927,948,949,1093,1117,1119,1172,1236,1398,1401,1428,1473,1474,1476,1477,1478,1480,1502,1595,2116,2117,2355,2998,2999,3000,3001,3470,3473,3474,4322,4323,4926,5734,5767,8265,8340,8764,8765,8770,9014,9015,9016,9222,9223,9224,9225,9226,9227,9228,9229,9230,
130;0;9870;9971;1;2,97,137,139,144,145,148,225,231,233,234,241,262,277,288,290,302,312,321,329,397,404,429,434,591,640,647,838,855,927,948,949,1093,1117,1119,1172,1236,1398,1401,1428,1473,1474,1476,1477,1478,1480,1502,1595,2116,2117,2355,2998,2999,3000,3001,3470,3473,3474,4322,4323,4926,5734,5767,8265,8340,8764,8765,8770,9014,9015,9016,9222,9223,9224,9225,9226,9227,9228,9229,9230,
130;1;9971;10128;1;2,97,137,139,144,145,148,225,231,233,234,241,262,277,288,290,302,312,321,329,397,404,429,434,591,640,647,838,855,927,948,949,1093,1117,1119,1172,1236,1398,1401,1428,1473,1474,1476,1477,1478,1480,1502,1595,2116,2117,2355,2998,2999,3000,3001,3470,3473,3474,4322,4323,4926,5734,5767,8265,8340,8764,8765,8770,9014,9015,9016,9222,9223,9224,9225,9226,9227,9228,9229,9230,
175;0;10128;10132;0;2,97,137,139,144,145,148,225,231,233,234,241,262,277,288,290,302,312,321,329,397,404,429,434,591,640,647,838,855,927,948,949,1093,1117,1119,1172,1236,1398,1401,1428,1473,1474,1476,1477,1478,1480,1502,1595,2116,2117,2355,2998,2999,3000,3001,3470,3473,3474,4322,4323,4926,5734,5767,8265,8340,8764,8765,8770,9014,9015,9016,9222,9223,9224,9225,9226,9227,9228,9229,9230,
32;0;10132;10183;1;2,97,137,139,144,145,148,225,231,233,234,241,262,277,288,290,302,312,321,329,397,404,429,434,591,640,647,838,855,927,948,949,1093,1117,1119,1172,1236,1398,1401,1428,1473,1474,1476,1477,1478,1480,1502,1595,2116,2117,2355,2998,2999,3000,3001,3470,3473,3474,4322,4323,4926,5734,5767,8265,8340,8764,8765,8770,9014,9015,9016,9222,9223,9224,9225,9226,9227,9228,9229,9230,
13;0;10183;10188;1;2,97,137,139,144,145,148,225,231,233,234,241,262,277,288,290,302,312,321,329,397,404,429,434,591,640,647,838,855,927,948,949,1093,1117,1119,1172,1236,1398,1401,1428,1473,1474,1476,1477,1478,1480,1502,1595,2116,2117,2355,2998,2999,3000,3001,3470,3473,3474,4322,4323,4926,5734,5767,8265,8340,8764,8765,8770,9014,9015,9016,9222,9223,9224,9225,9226,9227,9228,9229,9230,
13;1;10188;10352;1;2,97,137,139,144,145,148,225,231,233,234,241,262,277,288,290,302,312,321,329,397,404,429,434,591,640,647,838,855,927,948,949,1093,1117,1119,1172,1236,1398,1401,1428,1473,1474,1476,1477,1478,1480,1502,1595,2116,2117,2355,2998,2999,3000,3001,3470,3473,3474,4322,4323,4926,5734,5767,8265,8340,8764,8765,8770,9014,9015,9016,9222,9223,9224,9225,9226,9227,9228,9229,9230,
206;0;10352;10356;0;2,97,137,139,144,145,148,225,231,233,234,241,262,277,288,290,302,312,321,329,397,404,429,434,591,640,647,838,855,927,948,949,1093,1117,1119,1172,1236,1398,1401,1428,1473,1474,1476,1477,1478,1480,1502,1595,2116,2117,2355,2998,2999,3000,3001,3470,3473,3474,4322,4323,4926,5734,5767,8265,8340,8764,8765,8770,9014,9015,9016,9222,9223,9224,9225,9226,9227,9228,9229,9230,
254;0;10356;10411;0;2,97,117,137,139,144,145,148,225,231,233,234,241,262,277,288,290,302,312,321,329,397,404,429,434,435,591,640,647,838,855,927,948,949,1093,1117,1119,1172,1236,1398,1401,1428,1473,1474,1476,1477,1478,1480,1502,1595,1669,1671,2091,2116,2117,2337,2355,2998,2999,3000,3001,3470,3473,3474,4322,4323,4547,4548,4630,4645,4926,5734,5767,6393,8265,8340,8764,8765,8770,9014,
254;1;10411;10558;0;2,97,117,137,139,144,145,148,225,231,233,234,241,262,277,288,290,302,312,321,329,397,404,429,434,435,591,640,647,838,855,927,948,949,1093,1117,1119,1172,1236,1398,1401,1428,1473,1474,1476,1477,1478,1480,1502,1595,1669,1671,2091,2116,2117,2337,2355,2998,2999,3000,3001,3470,3473,3474,4322,4323,4547,4548,4630,4645,4926,5734,5767,6393,8265,8340,8764,8765,8770,9014,
68;0;10558;10635;1;2,61,97,117,137,139,144,145,148,225,231,233,234,241,247,262,277,288,290,302,312,321,329,397,404,429,434,435,591,640,647,757,838,855,927,948,949,1093,1117,1119,1172,1236,1293,1398,1401,1428,1466,1473,1474,1476,1477,1478,1480,1502,1595,1669,1671,2073,2091,2116,2355,2868,3072,3589,3590,3703,3908,4119,4736,5767,6092,7009,8354,8536,8537,8538,8539,8540,8541,8542,
68;1;10635;10687;1;2,61,97,117,137,139,144,145,148,225,231,233,234,241,247,262,277,288,290,302,312,321,329,397,404,429,434,435,591,640,647,757,838,855,927,948,949,1093,1117,1119,1172,1236,1293,1398,1401,1428,1466,1473,1474,1476,1477,1478,1480,1502,1595,1669,1671,2073,2091,2116,2355,2868,3072,3589,3590,3703,3908,4119,4736,5767,6092,7009,8354,8536,8537,8538,8539,8540,8541,8542,
10;0;10687;10717;1;2,61,97,117,137,139,144,145,148,225,231,233,234,241,247,262,277,288,290,302,312,316,321,329,397,404,429,434,435,591,640,647,757,838,854,855,927,948,949,1027,1093,1117,1118,1119,1172,1236,1293,1398,1401,1428,1466,1473,1474,1476,1477,1478,1480,1502,1595,1669,1671,1809,1811,1821,2073,2091,2128,2355,2951,3634,4503,4654,4718,5439,5767,6187,6188,6189,6190,6191,
35;0;10717;10828;1;2,3,8,24,38,70,137,139,144,148,149,189,225,231,245,262,267,288,390,391,395,397,398,404,640,645,647,648,693,787,871,872,873,874,875,876,877,880,912,921,948,1117,1118,1142,1146,1361,1456,1460,1461,1468,1473,1474,1476,1478,1481,1484,1669,1763,1809,1814,1848,1920,1933,2102,2108,2355,2458,2465,3037,3126,3435,3448,4033,5379,6106,6234,6307,7408,7751,8041,
17;0;10828;10979;1;2,3,8,24,38,70,137,139,144,148,149,189,225,231,245,262,267,288,390,391,395,397,398,404,640,645,647,648,693,787,871,872,873,874,875,876,877,880,912,921,948,1117,1118,1142,1146,1361,1456,1460,1461,1468,1473,1474,1476,1478,1481,1484,1669,1763,1809,1814,1848,1920,1933,2102,2108,2355,2458,2465,3037,3126,3435,3448,4033,5379,6106,6234,6307,7408,7751,8041,
17;1;10979;11131;1;2,3,8,24,38,70,137,139,144,148,149,189,225,231,245,262,267,288,390,391,395,397,398,404,640,645,647,648,693,787,871,872,873,874,875,876,877,880,912,921,948,1117,1118,1142,1146,1361,1456,1460,1461,1468,1473,1474,1476,1478,1481,1484,1669,1763,1809,1814,1848,1920,1933,2102,2108,2355,2458,2465,3037,3126,3435,3448,4033,5379,6106,6234,6307,7408,7751,8041,
103;0;11131;11245;1;2,3,8,24,38,70,137,139,144,148,149,189,225,231,245,262,267,288,390,391,395,397,398,404,640,645,647,648,693,787,871,872,873,874,875,876,877,880,912,921,948,1117,1118,1142,1146,1361,1456,1460,1461,1468,1473,1474,1476,1478,1481,1484,1669,1763,1809,1814,1848,1920,1933,2102,2108,2355,2458,2465,3037,3126,3435,3448,4033,5379,6106,6234,6307,7408,7751,8041,
132;0;11245;11321;0;2,3,8,24,38,70,137,139,144,148,149,189,225,231,245,262,267,288,390,391,395,397,398,404,640,645,647,648,693,787,871,872,873,874,875,876,877,880,912,921,948,1117,1118,1142,1146,1361,1456,1460,1461,1468,1473,1474,1476,1478,1481,1484,1669,1763,1809,1814,1848,1920,1933,2102,2108,2355,2458,2465,3037,3126,3435,3448,4033,5379,6106,6234,6307,7408,7751,8041,
213;0;11321;11483;0;2,3,8,24,38,70,137,139,144,148,149,189,225,231,245,262,267,288,390,391,395,397,398,404,640,645,647,648,693,787,871,872,873,874,875,876,877,880,912,921,948,1117,1118,1142,1146,1361,1456,1460,1461,1468,1473,1474,1476,1478,1481,1484,1669,1763,1809,1814,1848,1920,1933,2102,2108,2355,2458,2465,3037,3126,3435,3448,4033,5379,6106,6234,6307,7408,7751,8041,
213;1;11483;11560;0;2,3,8,24,38,70,137,139,144,148,149,189,225,231,245,262,267,288,390,391,395,397,398,404,640,645,647,648,693,787,871,872,873,874,875,876,877,880,912,921,948,1117,1118,1142,1146,1361,1456,1460,1461,1468,1473,1474,1476,1478,1481,1484,1669,1763,1809,1814,1848,1920,1933,2102,2108,2355,2458,2465,3037,3126,3435,3448,4033,5379,6106,6234,6307,7408,7751,8041,
180;0;11560;11564;0;2,3,8,24,38,70,137,139,144,148,149,189,225,231,245,262,267,288,390,391,395,397,398,404,640,645,647,648,693,787,871,872,873,874,875,876,877,880,912,921,948,1117,1118,1142,1146,1361,1456,1460,1461,1468,1473,1474,1476,1478,1481,1484,1669,1763,1809,1814,1848,1920,1933,2102,2108,2355,2458,2465,3037,3126,3435,3448,4033,5379,6106,6234,6307,7408,7751,8041,
142;0;11564;11677;0;2,3,8,24,38,70,137,139,144,148,149,189,225,231,245,262,267,288,390,391,395,397,398,404,640,645,647,648,693,787,871,872,873,874,875,876,877,880,912,921,948,1117,1118,1142,1146,1361,1456,1460,1461,1468,1473,1474,1476,1478,1481,1484,1669,1763,1809,1814,1848,1920,1933,2102,2108,2355,2458,2465,3037,3126,3435,3448,4033,5379,6106,6234,6307,7408,7751,8041,
142;1;11677;11709;0;2,3,8,24,38,70,137,139,144,148,149,189,225,231,245,262,267,288,390,391,395,397,398,404,640,645,647,648,693,787,871,872,873,874,875,876,877,880,912,921,948,1117,1118,1142,1146,1361,1456,1460,1461,1468,1473,1474,1476,1478,1481,1484,1669,1763,1809,1814,1848,1920,1933,2102,2108,2355,2458,2465,3037,3126,3435,3448,4033,5379,6106,6234,6307,7408,7751,8041,
96;0;11709;11799;1;2,3,8,24,38,70,137,139,144,148,149,189,225,231,245,262,267,288,390,391,395,397,398,404,640,645,647,648,693,787,871,872,873,874,875,876,877,880,912,921,948,1117,1118,1142,1146,1361,1456,1460,1461,1468,1473,1474,1476,1478,1481,1484,1669,1763,1809,1814,1848,1920,1933,2102,2108,2355,2458,2465,3037,3126,3435,3448,4033,5379,6106,6234,6307,7408,7751,8041,
171;0;11799;11958;0;2,3,8,24,38,70,137,139,144,148,149,189,225,231,245,262,267,288,390,391,395,397,398,404,640,645,647,648,693,787,871,872,873,874,875,876,877,880,912,921,948,1117,1118,1142,1146,1361,1456,1460,1461,1468,1473,1474,1476,1478,1481,1484,1669,1763,1809,1814,1848,1920,1933,2102,2108,2355,2458,2465,3037,3126,3435,3448,4033,5379,6106,6234,6307,7408,7751,8041,
171;1;11958;12018;0;2,3,8,24,38,70,137,139,144,148,149,189,225,231,245,262,267,288,390,391,395,397,398,404,640,645,647,648,693,787,871,872,873,874,875,876,877,880,912,921,948,1117,1118,1142,1146,1361,1456,1460,1461,1468,1473,1474,1476,1478,1481,1484,1669,1763,1809,1814,1848,1920,1933,2102,2108,2355,2458,2465,3037,3126,3435,3448,4033,5379,6106,6234,6307,7408,7751,8041,
126;0;12018;12070;1;2,3,8,24,38,70,137,139,144,148,149,189,225,231,245,262,267,288,390,391,395,397,398,404,640,645,647,648,693,787,871,872,873,874,875,876,877,880,912,921,948,1117,1118,1142,1146,1361,1456,1460,1461,1468,1473,1474,1476,1478,1481,1484,1669,1763,1809,1814,1848,1920,1933,2102,2108,2355,2458,2465,3037,3126,3435,3448,4033,5379,6106,6234,6307,7408,7751,8041,
126;1;12070;12123;1;2,3,8,24,38,70,137,139,144,148,149,189,225,231,245,262,267,288,390,391,395,397,398,404,640,645,647,648,693,787,871,872,873,874,875,876,877,880,912,921,948,1117,1118,1142,1146,1361,1456,1460,1461,1468,1473,1474,1476,1478,1481,1484,1669,1763,1809,1814,1848,1920,1933,2102,2108,2355,2458,2465,3037,3126,3435,3448,4033,5379,6106,6234,6307,7408,7751,8041,
193;0;12123;12152;0;2,3,8,24,38,70,137,139,144,148,149,189,225,231,245,262,267,288,390,391,395,397,398,404,640,645,647,648,693,787,871,872,873,874,875,876,877,880,912,921,948,1117,1118,1142,1146,1361,1456,1460,1461,1468,1473,1474,1476,1478,1481,1484,1669,1763,1809,1814,1848,1920,1933,2102,2108,2355,2458,2465,3037,3126,3435,3448,4033,5379,6106,6234,6307,7408,7751,8041,
112;0;12152;12293;1;2,3,4,24,95,137,139,144,148,149,225,226,230,243,265,288,293,300,390,391,393,395,396,397,398,401,402,404,640,647,891,948,1048,1050,1051,1052,1053,1054,1117,1118,1133,1145,1146,1147,1150,1163,1232,1233,1358,1361,1362,1367,1469,1474,1478,1481,1484,1604,1669,1725,1801,1805,1806,1809,1814,1945,1970,1971,2105,2223,2355,2510,2597,2817,2818,3037,5206,5551,5650,7369,
112;1;12293;12297;1;2,3,4,24,95,137,139,144,148,149,225,226,230,243,265,288,293,300,390,391,393,395,396,397,398,401,402,404,640,647,891,948,1048,1050,1051,1052,1053,1054,1117,1118,1133,1145,1146,1147,1150,1163,1232,1233,1358,1361,1362,1367,1469,1474,1478,1481,1484,1604,1669,1725,1801,1805,1806,1809,1814,1945,1970,1971,2105,2223,2355,2510,2597,2817,2818,3037,5206,5551,5650,7369,
120;0;12297;12453;1;2,3,4,24,95,137,139,144,148,149,225,226,230,243,265,288,293,300,390,391,393,395,396,397,398,401,402,404,640,647,891,948,1048,1050,1051,1052,1053,1054,1117,1118,1133,1145,1146,1147,1150,1163,1232,1233,1358,1361,1362,1367,1469,1474,1478,1481,1484,1604,1669,1725,1801,1805,1806,1809,1814,1945,1970,1971,2105,2223,2355,2510,2597,2817,2818,3037,5206,5551,5650,7369,
120;1;12453;12504;1;2,3,4,24,95,137,139,144,148,149,225,226,230,243,265,288,293,300,390,391,393,395,396,397,398,401,402,404,640,647,891,948,1048,1050,1051,1052,1053,1054,1117,1118,1133,1145,1146,1147,1150,1163,1232,1233,1358,1361,1362,1367,1469,1474,1478,1481,1484,1604,1669,1725,1801,1805,1806,1809,1814,1945,1970,1971,2105,2223,2355,2510,2597,2817,2818,3037,5206,5551,5650,7369,
241;0;12504;12525;0;2,3,4,24,95,137,139,144,148,149,225,226,230,243,265,288,293,300,390,391,393,395,396,397,398,401,402,404,640,647,891,948,1048,1050,1051,1052,1053,1054,1117,1118,1133,1145,1146,1147,1150,1163,1232,1233,1358,1361,1362,1367,1469,1474,1478,1481,1484,1604,1669,1725,1801,1805,1806,1809,1814,1945,1970,1971,2105,2223,2355,2510,2597,2817,2818,3037,5206,5551,5650,7369,
34;0;12525;12605;1;2,3,4,24,95,137,139,144,148,149,225,226,230,243,265,288,293,300,390,391,393,395,396,397,398,401,402,404,640,647,891,948,1048,1050,1051,1052,1053,1054,1117,1118,1133,1145,1146,1147,1150,1163,1232,1233,1358,1361,1362,1367,1469,1474,1478,1481,1484,1604,1669,1725,1801,1805,1806,1809,1814,1945,1970,1971,2105,2223,2355,2510,2597,2817,2818,3037,5206,5551,5650,7369,
34;1;12605;12724;1;2,3,4,24,95,137,139,144,148,149,225,226,230,243,265,288,293,300,390,391,393,395,396,397,398,401,402,404,640,647,891,948,1048,1050,1051,1052,1053,1054,1117,1118,1133,1145,1146,1147,1150,1163,1232,1233,1358,1361,1362,1367,1469,1474,1478,1481,1484,1604,1669,1725,1801,1805,1806,1809,1814,1945,1970,1971,2105,2223,2355,2510,2597,2817,2818,3037,5206,5551,5650,7369,
29;0;12724;12773;1;2,3,4,24,95,137,139,144,148,149,225,226,230,243,265,288,293,300,390,391,393,395,396,397,398,401,402,404,640,647,891,948,1048,1050,1051,1052,1053,1054,1117,1118,1133,1145,1146,1147,1150,1163,1232,1233,1358,1361,1362,1367,1469,1474,1478,1481,1484,1604,1669,1725,1801,1805,1806,1809,1814,1945,1970,1971,2105,2223,2355,2510,2597,2817,2818,3037,5206,5551,5650,7369,
222;0;12773;12908;0;2,3,4,24,95,137,139,144,148,149,225,226,230,243,265,288,293,300,390,391,393,395,396,397,398,401,402,404,640,647,891,948,1048,1050,1051,1052,1053,1054,1117,1118,1133,1145,1146,1147,1150,1163,1232,1233,1358,1361,1362,1367,1469,1474,1478,1481,1484,1604,1669,1725,1801,1805,1806,1809,1814,1945,1970,1971,2105,2223,2355,2510,2597,2817,2818,3037,5206,5551,5650,7369,
222;1;12908;13065;0;2,3,4,24,95,137,139,144,148,149,225,226,230,243,265,288,293,300,390,391,393,395,396,397,398,401,402,404,640,647,891,948,1048,1050,1051,1052,1053,1054,1117,1118,1133,1145,1146,1147,1150,1163,1232,1233,1358,1361,1362,1367,1469,1474,1478,1481,1484,1604,1669,1725,1801,1805,1806,1809,1814,1945,1970,1971,2105,2223,2355,2510,2597,2817,2818,3037,5206,5551,5650,7369,
97;0;13065;13099;1;2,3,4,24,95,137,139,144,148,149,225,226,230,243,265,288,293,300,390,391,393,395,396,397,398,401,402,404,640,647,891,948,1048,1050,1051,1052,1053,1054,1117,1118,1133,1145,1146,1147,1150,1163,1232,1233,1358,1361,1362,1367,1469,1474,1478,1481,1484,1604,1669,1725,1801,1805,1806,1809,1814,1945,1970,1971,2105,2223,2355,2510,2597,2817,2818,3037,5206,5551,5650,7369,
21;0;13099;13229;1;2,3,4,24,95,137,139,144,148,149,225,226,230,243,265,288,293,300,390,391,393,395,396,397,398,401,402,404,640,647,891,948,1048,1050,1051,1052,1053,1054,1117,1118,1133,1145,1146,1147,1150,1163,1232,1233,1358,1361,1362,1367,1469,1474,1478,1481,1484,1604,1669,1725,1801,1805,1806,1809,1814,1945,1970,1971,2105,2223,2355,2510,2597,2817,2818,3037,5206,5551,5650,7369,
21;1;13229;13341;1;2,3,4,24,95,137,139,144,148,149,225,226,230,243,265,288,293,300,390,391,393,395,396,397,398,401,402,404,640,647,891,948,1048,1050,1051,1052,1053,1054,1117,1118,1133,1145,1146,1147,1150,1163,1232,1233,1358,1361,1362,1367,1469,1474,1478,1481,1484,1604,1669,1725,1801,1805,1806,1809,1814,1945,1970,1971,2105,2223,2355,2510,2597,2817,2818,3037,5206,5551,5650,7369,
25;0;13341;13385;1;2,3,4,24,95,137,139,144,148,149,225,226,230,243,265,288,293,300,390,391,393,395,396,397,398,401,402,404,640,647,891,948,1048,1050,1051,1052,1053,1054,1117,1118,1133,1145,1146,1147,1150,1163,1232,1233,1358,1361,1362,1367,1469,1474,1478,1481,1484,1604,1669,1725,1801,1805,1806,1809,1814,1945,1970,1971,2105,2223,2355,2510,2597,2817,2818,3037,5206,5551,5650,7369,
150;0;13385;13433;0;2,3,4,24,95,137,139,144,148,149,225,226,230,243,265,288,293,300,390,391,393,395,396,397,398,401,402,404,640,647,891,948,1048,1050,1051,1052,1053,1054,1117,1118,1133,1145,1146,1147,1150,1163,1232,1233,1358,1361,1362,1367,1469,1474,1478,1481,1484,1604,1669,1725,1801,1805,1806,1809,1814,1945,1970,1971,2105,2223,2355,2510,2597,2817,2818,3037,5206,5551,5650,7369,
150;1;13433;13477;0;2,3,4,24,95,137,139,144,148,149,225,226,230,243,265,288,293,300,390,391,393,395,396,397,398,401,402,404,640,647,891,948,1048,1050,1051,1052,1053,1054,1117,1118,1133,1145,1146,1147,1150,1163,1232,1233,1358,1361,1362,1367,1469,1474,1478,1481,1484,1604,1669,1725,1801,1805,1806,1809,1814,1945,1970,1971,2105,2223,2355,2510,2597,2817,2818,3037,5206,5551,5650,7369,
72;0;13477;13526;1;2,3,4,24,95,137,139,144,148,149,225,226,230,243,265,288,293,300,329,379,390,391,393,395,396,397,398,401,640,647,694,854,891,948,1054,1060,1117,1118,1133,1146,1147,1233,1360,1361,1375,1428,1469,1474,1478,1481,1484,1669,1675,1762,1809,1814,1944,1971,1973,2224,2321,2781,2891,3037,3279,3284,3744,4533,4545,4553,5185,7575,8449,8739,8740,8741,8742,8743,8744,8745,
66;0;13526;13692;1;3,24,74,79,100,139,144,185,202,204,205,206,225,276,288,448,502,506,591,640,660,787,790,791,854,868,891,960,964,1011,1089,1118,1121,1133,1162,1171,1181,1293,1463,1472,1474,1480,1484,1589,1675,1809,1814,1921,1996,2053,2070,2966,3264,3348,3627,3810,3915,3916,3917,3918,3919,3920,3921,3922,3923,3924,3925,3926,3927,3928,3948,3979,4114,4115,4116,4553,5685,6093,7950,8057,
66;1;13692;13697;1;3,24,74,79,100,139,144,185,202,204,205,206,225,276,288,448,502,506,591,640,660,787,790,791,854,868,891,960,964,1011,1089,1118,1121,1133,1162,1171,1181,1293,1463,1472,1474,1480,1484,1589,1675,1809,1814,1921,1996,2053,2070,2966,3264,3348,3627,3810,3915,3916,3917,3918,3919,3920,3921,3922,3923,3924,3925,3926,3927,3928,3948,3979,4114,4115,4116,4553,5685,6093,7950,8057,
37;0;13697;13749;1;3,24,74,79,100,139,144,185,202,204,205,206,225,276,288,448,502,506,591,640,660,787,790,791,854,868,891,960,964,1011,1089,1118,1121,1133,1162,1171,1181,1293,1463,1472,1474,1480,1484,1589,1675,1809,1814,1921,1996,2053,2070,2966,3264,3348,3627,3810,3915,3916,3917,3918,3919,3920,3921,3922,3923,3924,3925,3926,3927,3928,3948,3979,4114,4115,4116,4553,5685,6093,7950,8057,
99;0;13749;13850;1;3,24,74,79,100,139,144,185,202,204,205,206,225,276,288,448,502,506,591,640,660,787,790,791,854,868,891,960,964,1011,1089,1118,1121,1133,1162,1171,1181,1293,1463,1472,1474,1480,1484,1589,1675,1809,1814,1921,1996,2053,2070,2966,3264,3348,3627,3810,3915,3916,3917,3918,3919,3920,3921,3922,3923,3924,3925,3926,3927,3928,3948,3979,4114,4115,4116,4553,5685,6093,7950,8057,
48;0;13850;13982;1;3,24,74,79,100,139,144,185,202,204,205,206,225,276,288,448,502,506,591,640,660,787,790,791,854,868,891,960,964,1011,1089,1118,1121,1133,1162,1171,1181,1293,1463,1472,1474,1480,1484,1589,1675,1809,1814,1921,1996,2053,2070,2966,3264,3348,3627,3810,3915,3916,3917,3918,3919,3920,3921,3922,3923,3924,3925,3926,3927,3928,3948,3979,4114,4115,4116,4553,5685,6093,7950,8057,
98;0;13982;14055;1;3,24,74,79,100,139,144,185,202,204,205,206,225,276,288,448,502,506,591,640,660,787,790,791,854,868,891,960,964,1011,1089,1118,1121,1133,1162,1171,1181,1293,1463,1472,1474,1480,1484,1589,1675,1809,1814,1921,1996,2053,2070,2966,3264,3348,3627,3810,3915,3916,3917,3918,3919,3920,3921,3922,3923,3924,3925,3926,3927,3928,3948,3979,4114,4115,4116,4553,5685,6093,7950,8057,
127;0;14055;14218;1;3,24,74,79,100,139,144,185,202,204,205,206,225,276,288,448,502,506,591,640,660,787,790,791,854,868,891,960,964,1011,1089,1118,1121,1133,1162,1171,1181,1293,1463,1472,1474,1480,1484,1589,1675,1809,1814,1921,1996,2053,2070,2966,3264,3348,3627,3810,3915,3916,3917,3918,3919,3920,3921,3922,3923,3924,3925,3926,3927,3928,3948,3979,4114,4115,4116,4553,5685,6093,7950,8057,
61;0;14218;14232;1;3,24,74,79,100,139,144,185,202,204,205,206,225,276,288,448,502,506,591,640,660,787,790,791,854,868,891,960,964,1011,1089,1118,1121,1133,1162,1171,1181,1293,1463,1472,1474,1480,1484,1589,1675,1809,1814,1921,1996,2053,2070,2966,3264,3348,3627,3810,3915,3916,3917,3918,3919,3920,3921,3922,3923,3924,3925,3926,3927,3928,3948,3979,4114,4115,4116,4553,5685,6093,7950,8057,
61;1;14232;14283;1;3,24,74,79,100,139,144,185,202,204,205,206,225,276,288,448,502,506,591,640,660,787,790,791,854,868,891,960,964,1011,1089,1118,1121,1133,1162,1171,1181,1293,1463,1472,1474,1480,1484,1589,1675,1809,1814,1921,1996,2053,2070,2966,3264,3348,3627,3810,3915,3916,3917,3918,3919,3920,3921,3922,3923,3924,3925,3926,3927,3928,3948,3979,4114,4115,4116,4553,5685,6093,7950,8057,
2;0;14283;14356;1;3,24,74,79,100,139,144,185,202,204,205,206,225,276,288,448,502,506,591,640,660,787,790,791,854,868,891,960,964,1011,1089,1118,1121,1133,1162,1171,1181,1293,1463,1472,1474,1480,1484,1589,1675,1809,1814,1921,1996,2053,2070,2966,3264,3348,3627,3810,3915,3916,3917,3918,3919,3920,3921,3922,3923,3924,3925,3926,3927,3928,3948,3979,4114,4115,4116,4553,5685,6093,7950,8057,
2;1;14356;14386;1;3,24,74,79,100,139,144,185,202,204,205,206,225,276,288,448,502,506,591,640,660,787,790,791,854,868,891,960,964,1011,1089,1118,1121,1133,1162,1171,1181,1293,1463,1472,1474,1480,1484,1589,1675,1809,1814,1921,1996,2053,2070,2966,3264,3348,3627,3810,3915,3916,3917,3918,3919,3920,3921,3922,3923,3924,3925,3926,3927,3928,3948,3979,4114,4115,4116,4553,5685,6093,7950,8057,
Machine: 1
79;0;0;39;1;24,88,144,208,276,337,581,598,692,742,765,835,843,855,858,979,1087,1262,1293,1518,1563,1930,1972,2017,2018,2019,2020,2021,2022,2023,2157,2216,2220,2338,2403,2605,2631,2635,2653,2692,2876,2898,2986,3246,3314,3449,3532,3618,3707,3807,3808,3809,3810,3906,4359,4376,4389,4913,5091,5337,5402,5483,5484,5485,5681,5703,5949,5995,8559,8644,9032,9033,9041,9134,9159,9160,9161,9162,9163,9164,
7;0;39;75;1;24,88,144,208,276,337,581,598,692,742,765,835,843,855,858,979,1087,1262,1293,1518,1563,1930,1972,2017,2018,2019,2020,2021,2022,2023,2157,2216,2220,2338,2403,2605,2631,2635,2653,2692,2876,2898,2986,3246,3314,3449,3532,3618,3707,3807,3808,3809,3810,3906,4359,4376,4389,4913,5091,5337,5402,5483,5484,5485,5681,5703,5949,5995,8559,8644,9032,9033,9041,9134,9159,9160,9161,9162,9163,9164,
233;0;75;171;0;24,88,144,208,276,337,581,598,692,742,765,835,843,855,858,979,1087,1262,1293,1518,1563,1930,1972,2017,2018,2019,2020,2021,2022,2023,2157,2216,2220,2338,2403,2605,2631,2635,2653,2692,2876,2898,2986,3246,3314,3449,3532,3618,3707,3807,3808,3809,3810,3906,4359,4376,4389,4913,5091,5337,5402,5483,5484,5485,5681,5703,5949,5995,8559,8644,9032,9033,9041,9134,9159,9160,9161,9162,9163,9164,
233;1;171;314;0;24,88,144,208,276,337,581,598,692,742,765,835,843,855,858,979,1087,1262,1293,1518,1563,1930,1972,2017,2018,2019,2020,2021,2022,2023,2157,2216,2220,2338,2403,2605,2631,2635,2653,2692,2876,2898,2986,3246,3314,3449,3532,3618,3707,3807,3808,3809,3810,3906,4359,4376,4389,4913,5091,5337,5402,5483,5484,5485,5681,5703,5949,5995,8559,8644,9032,9033,9041,9134,9159,9160,9161,9162,9163,9164,
153;0;314;371;0;24,88,144,208,276,337,581,598,692,742,765,835,843,855,858,979,1087,1262,1293,1518,1563,1930,1972,2017,2018,2019,2020,2021,2022,2023,2157,2216,2220,2338,2403,2605,2631,2635,2653,2692,2876,2898,2986,3246,3314,3449,3532,3618,3707,3807,3808,3809,3810,3906,4359,4376,4389,4913,5091,5337,5402,5483,5484,5485,5681,5703,5949,5995,8559,8644,9032,9033,9041,9134,9159,9160,9161,9162,9163,9164,
153;1;371;476;0;24,88,144,208,276,337,581,598,692,742,765,835,843,855,858,979,1087,1262,1293,1518,1563,1930,1972,2017,2018,2019,2020,2021,2022,2023,2157,2216,2220,2338,2403,2605,2631,2635,2653,2692,2876,2898,2986,3246,3314,3449,3532,3618,3707,3807,3808,3809,3810,3906,4359,4376,4389,4913,5091,5337,5402,5483,5484,5485,5681,5703,5949,5995,8559,8644,9032,9033,9041,9134,9159,9160,9161,9162,9163,9164,
30;0;476;627;1;24,88,144,208,276,337,581,598,692,742,765,835,843,855,858,979,1087,1262,1293,1518,1563,1930,1972,2017,2018,2019,2020,2021,2022,2023,2157,2216,2220,2338,2403,2605,2631,2635,2653,2692,2876,2898,2986,3246,3314,3449,3532,3618,3707,3807,3808,3809,3810,3906,4359,4376,4389,4913,5091,5337,5402,5483,5484,5485,5681,5703,5949,5995,8559,8644,9032,9033,9041,9134,9159,9160,9161,9162,9163,9164,
60;0;627;690;1;24,88,144,208,276,337,581,598,692,742,765,835,843,855,858,979,1087,1262,1293,1518,1563,1930,1972,2017,2018,2019,2020,2021,2022,2023,2157,2216,2220,2338,2403,2605,2631,2635,2653,2692,2876,2898,2986,3246,3314,3449,3532,3618,3707,3807,3808,3809,3810,3906,4359,4376,4389,4913,5091,5337,5402,5483,5484,5485,5681,5703,5949,5995,8559,8644,9032,9033,9041,9134,9159,9160,9161,9162,9163,9164,
155;0;690;717;0;15,24,28,41,45,46,48,54,55,60,61,74,144,186,189,208,276,503,598,662,729,855,858,871,979,989,1088,1269,1293,1295,1550,1562,1580,1587,1716,2018,2036,2062,2063,2074,2090,2157,2216,2217,2218,2219,2220,2221,2338,2555,2581,2635,2653,2866,2876,2890,3006,3022,3127,3246,3345,3346,3449,3627,3808,3814,3819,3820,3821,3822,3906,4114,4273,4313,4314,4315,4316,4317,4318,8559,
155;1;717;777;0;15,24,28,41,45,46,48,54,55,60,61,74,144,186,189,208,276,503,598,662,729,855,858,871,979,989,1088,1269,1293,1295,1550,1562,1580,1587,1716,2018,2036,2062,2063,2074,2090,2157,2216,2217,2218,2219,2220,2221,2338,2555,2581,2635,2653,2866,2876,2890,3006,3022,3127,3246,3345,3346,3449,3627,3808,3814,3819,3820,3821,3822,3906,4114,4273,4313,4314,4315,4316,4317,4318,8559,
9;0;777;903;1;15,24,28,41,45,46,48,54,55,60,61,74,144,186,189,208,276,503,598,662,729,855,858,871,979,989,1088,1269,1293,1295,1550,1562,1580,1587,1716,2018,2036,2062,2063,2074,2090,2157,2216,2217,2218,2219,2220,2221,2338,2555,2581,2635,2653,2866,2876,2890,3006,3022,3127,3246,3345,3346,3449,3627,3808,3814,3819,3820,3821,3822,3906,4114,4273,4313,4314,4315,4316,4317,4318,8559,
9;1;903;1067;1;15,24,28,41,45,46,48,54,55,60,61,74,144,186,189,208,276,503,598,662,729,855,858,871,979,989,1088,1269,1293,1295,1550,1562,1580,1587,1716,2018,2036,2062,2063,2074,2090,2157,2216,2217,2218,2219,2220,2221,2338,2555,2581,2635,2653,2866,2876,2890,3006,3022,3127,3246,3345,3346,3449,3627,3808,3814,3819,3820,3821,3822,3906,4114,4273,4313,4314,4315,4316,4317,4318,8559,
158;0;1067;1213;0;15,24,28,41,45,46,48,54,55,60,61,74,144,186,189,208,276,503,598,662,729,855,858,871,979,989,1088,1269,1293,1295,1550,1562,1580,1587,1716,2018,2036,2062,2063,2074,2090,2157,2216,2217,2218,2219,2220,2221,2338,2555,2581,2635,2653,2866,2876,2890,3006,3022,3127,3246,3345,3346,3449,3627,3808,3814,3819,3820,3821,3822,3906,4114,4273,4313,4314,4315,4316,4317,4318,8559,
158;1;1213;1243;0;15,24,28,41,45,46,48,54,55,60,61,74,144,186,189,208,276,503,598,662,729,855,858,871,979,989,1088,1269,1293,1295,1550,1562,1580,1587,1716,2018,2036,2062,2063,2074,2090,2157,2216,2217,2218,2219,2220,2221,2338,2555,2581,2635,2653,2866,2876,2890,3006,3022,3127,3246,3345,3346,3449,3627,3808,3814,3819,3820,3821,3822,3906,4114,4273,4313,4314,4315,4316,4317,4318,8559,
0;0;1243;1365;1;15,24,28,41,45,46,48,54,55,60,61,74,144,186,189,208,276,503,598,662,729,855,858,871,979,989,1088,1269,1293,1295,1550,1562,1580,1587,1716,2018,2036,2062,2063,2074,2090,2157,2216,2217,2218,2219,2220,2221,2338,2555,2581,2635,2653,2866,2876,2890,3006,3022,3127,3246,3345,3346,3449,3627,3808,3814,3819,3820,3821,3822,3906,4114,4273,4313,4314,4315,4316,4317,4318,8559,
0;1;1365;1496;1;15,24,28,41,45,46,48,54,55,60,61,74,144,186,189,208,276,503,598,662,729,855,858,871,979,989,1088,1269,1293,1295,1550,1562,1580,1587,1716,2018,2036,2062,2063,2074,2090,2157,2216,2217,2218,2219,2220,2221,2338,2555,2581,2635,2653,2866,2876,2890,3006,3022,3127,3246,3345,3346,3449,3627,3808,3814,3819,3820,3821,3822,3906,4114,4273,4313,4314,4315,4316,4317,4318,8559,
186;0;1496;1599;0;15,24,28,41,45,46,48,54,55,60,61,74,144,186,189,208,276,503,598,662,729,855,858,871,979,989,1088,1269,1293,1295,1550,1562,1580,1587,1716,2018,2036,2062,2063,2074,2090,2157,2216,2217,2218,2219,2220,2221,2338,2555,2581,2635,2653,2866,2876,2890,3006,3022,3127,3246,3345,3346,3449,3627,3808,3814,3819,3820,3821,3822,3906,4114,4273,4313,4314,4315,4316,4317,4318,8559,
186;1;1599;1621;0;15,24,28,41,45,46,48,54,55,60,61,74,144,186,189,208,276,503,598,662,729,855,858,871,979,989,1088,1269,1293,1295,1550,1562,1580,1587,1716,2018,2036,2062,2063,2074,2090,2157,2216,2217,2218,2219,2220,2221,2338,2555,2581,2635,2653,2866,2876,2890,3006,3022,3127,3246,3345,3346,3449,3627,3808,3814,3819,3820,3821,3822,3906,4114,4273,4313,4314,4315,4316,4317,4318,8559,
86;0;1621;1724;1;15,24,28,41,45,46,48,54,55,60,61,74,144,186,189,208,276,503,598,662,729,855,858,871,979,989,1088,1269,1293,1295,1550,1562,1580,1587,1716,2018,2036,2062,2063,2074,2090,2157,2216,2217,2218,2219,2220,2221,2338,2555,2581,2635,2653,2866,2876,2890,3006,3022,3127,3246,3345,3346,3449,3627,3808,3814,3819,3820,3821,3822,3906,4114,4273,4313,4314,4315,4316,4317,4318,8559,
86;1;1724;1802;1;15,24,28,41,45,46,48,54,55,60,61,74,144,186,189,208,276,503,598,662,729,855,858,871,979,989,1088,1269,1293,1295,1550,1562,1580,1587,1716,2018,2036,2062,2063,2074,2090,2157,2216,2217,2218,2219,2220,2221,2338,2555,2581,2635,2653,2866,2876,2890,3006,3022,3127,3246,3345,3346,3449,3627,3808,3814,3819,3820,3821,3822,3906,4114,4273,4313,4314,4315,4316,4317,4318,8559,
88;0;1802;1913;1;15,24,28,41,45,46,48,54,55,60,61,74,144,186,189,208,276,503,598,662,729,855,858,871,979,989,1088,1269,1293,1295,1550,1562,1580,1587,1716,2018,2036,2062,2063,2074,2090,2157,2216,2217,2218,2219,2220,2221,2338,2555,2581,2635,2653,2866,2876,2890,3006,3022,3127,3246,3345,3346,3449,3627,3808,3814,3819,3820,3821,3822,3906,4114,4273,4313,4314,4315,4316,4317,4318,8559,
40;0;1913;1945;1;15,24,28,41,45,46,48,54,55,60,61,74,144,186,189,208,276,503,598,662,729,855,858,871,979,989,1088,1269,1293,1295,1550,1562,1580,1587,1716,2018,2036,2062,2063,2074,2090,2157,2216,2217,2218,2219,2220,2221,2338,2555,2581,2635,2653,2866,2876,2890,3006,3022,3127,3246,3345,3346,3449,3627,3808,3814,3819,3820,3821,3822,3906,4114,4273,4313,4314,4315,4316,4317,4318,8559,
5;0;1945;2040;1;15,17,20,24,25,28,34,37,38,39,40,41,45,46,48,52,54,55,60,61,74,117,144,186,189,192,208,276,412,460,503,598,662,729,778,855,858,871,979,989,1088,1269,1293,1295,1311,1550,1560,1562,1580,1587,1716,1853,1858,2018,2036,2062,2063,2074,2090,2091,2157,2216,2220,2221,2338,2635,2653,2876,3006,3014,3015,3061,3814,4114,5472,5825,6428,6706,8559,8988,
45;0;2040;2048;1;15,16,17,18,19,21,24,25,28,34,35,37,38,39,40,46,52,54,55,144,208,212,221,276,354,355,356,357,364,428,476,546,565,632,722,778,855,1134,1293,1313,1390,1513,1560,1726,2091,2163,2197,2231,2635,2653,2775,2776,2872,3010,3074,3162,3766,3870,4327,4645,4771,5468,5471,5647,5648,5825,5846,6244,6747,7026,7658,8532,8551,8559,8640,9053,9059,9112,9113,9114,
45;1;2048;2182;1;15,16,17,18,19,21,24,25,28,34,35,37,38,39,40,46,52,54,55,144,208,212,221,276,354,355,356,357,364,428,476,546,565,632,722,778,855,1134,1293,1313,1390,1513,1560,1726,2091,2163,2197,2231,2635,2653,2775,2776,2872,3010,3074,3162,3766,3870,4327,4645,4771,5468,5471,5647,5648,5825,5846,6244,6747,7026,7658,8532,8551,8559,8640,9053,9059,9112,9113,9114,
105;0;2182;2319;1;15,16,17,18,19,21,24,25,28,34,35,37,38,39,40,46,52,54,55,144,208,212,221,276,354,355,356,357,364,428,476,546,565,632,722,778,855,1134,1293,1313,1390,1513,1560,1726,2091,2163,2197,2231,2635,2653,2775,2776,2872,3010,3074,3162,3766,3870,4327,4645,4771,5468,5471,5647,5648,5825,5846,6244,6747,7026,7658,8532,8551,8559,8640,9053,9059,9112,9113,9114,
129;0;2319;2355;1;15,16,17,18,19,21,24,25,28,34,35,37,38,39,40,46,52,54,55,144,208,212,221,276,354,355,356,357,364,428,476,546,565,632,722,778,855,1134,1293,1313,1390,1513,1560,1726,2091,2163,2197,2231,2635,2653,2775,2776,2872,3010,3074,3162,3766,3870,4327,4645,4771,5468,5471,5647,5648,5825,5846,6244,6747,7026,7658,8532,8551,8559,8640,9053,9059,9112,9113,9114,
129;1;2355;2420;1;15,16,17,18,19,21,24,25,28,34,35,37,38,39,40,46,52,54,55,144,208,212,221,276,354,355,356,357,364,428,476,546,565,632,722,778,855,1134,1293,1313,1390,1513,1560,1726,2091,2163,2197,2231,2635,2653,2775,2776,2872,3010,3074,3162,3766,3870,4327,4645,4771,5468,5471,5647,5648,5825,5846,6244,6747,7026,7658,8532,8551,8559,8640,9053,9059,9112,9113,9114,
265;0;2420;2534;0;15,16,17,18,19,21,24,25,28,34,35,37,38,39,40,46,52,54,55,144,208,212,221,276,354,355,356,357,364,428,476,546,565,632,722,778,855,1134,1293,1313,1390,1513,1560,1726,2091,2163,2197,2231,2635,2653,2775,2776,2872,3010,3074,3162,3766,3870,4327,4645,4771,5468,5471,5647,5648,5825,5846,6244,6747,7026,7658,8532,8551,8559,8640,9053,9059,9112,9113,9114,
265;1;2534;2624;0;15,16,17,18,19,21,24,25,28,34,35,37,38,39,40,46,52,54,55,144,208,212,221,276,354,355,356,357,364,428,476,546,565,632,722,778,855,1134,1293,1313,1390,1513,1560,1726,2091,2163,2197,2231,2635,2653,2775,2776,2872,3010,3074,3162,3766,3870,4327,4645,4771,5468,5471,5647,5648,5825,5846,6244,6747,7026,7658,8532,8551,8559,8640,9053,9059,9112,9113,9114,
199;0;2624;2677;0;15,16,17,18,19,21,24,25,28,34,35,37,38,39,40,46,52,54,55,144,208,212,221,276,354,355,356,357,364,428,476,546,565,632,722,778,855,1134,1293,1313,1390,1513,1560,1726,2091,2163,2197,2231,2635,2653,2775,2776,2872,3010,3074,3162,3766,3870,4327,4645,4771,5468,5471,5647,5648,5825,5846,6244,6747,7026,7658,8532,8551,8559,8640,9053,9059,9112,9113,9114,
199;1;2677;2719;0;15,16,17,18,19,21,24,25,28,34,35,37,38,39,40,46,52,54,55,144,208,212,221,276,354,355,356,357,364,428,476,546,565,632,722,778,855,1134,1293,1313,1390,1513,1560,1726,2091,2163,2197,2231,2635,2653,2775,2776,2872,3010,3074,3162,3766,3870,4327,4645,4771,5468,5471,5647,5648,5825,5846,6244,6747,7026,7658,8532,8551,8559,8640,9053,9059,9112,9113,9114,
44;0;2719;2785;1;15,16,17,18,19,21,24,25,28,34,35,37,38,39,40,46,52,54,55,144,208,212,221,276,354,355,356,357,364,428,476,546,565,632,722,778,855,1134,1293,1313,1390,1513,1560,1726,2091,2163,2197,2231,2635,2653,2775,2776,2872,3010,3074,3162,3766,3870,4327,4645,4771,5468,5471,5647,5648,5825,5846,6244,6747,7026,7658,8532,8551,8559,8640,9053,9059,9112,9113,9114,
12;0;2785;2953;1;15,16,17,18,19,21,24,25,28,34,35,37,38,39,40,46,52,54,55,144,208,212,221,276,354,355,356,357,364,428,476,546,565,632,722,778,855,1134,1293,1313,1390,1513,1560,1726,2091,2163,2197,2231,2635,2653,2775,2776,2872,3010,3074,3162,3766,3870,4327,4645,4771,5468,5471,5647,5648,5825,5846,6244,6747,7026,7658,8532,8551,8559,8640,9053,9059,9112,9113,9114,
50;0;2953;2957;1;15,16,17,18,19,21,24,25,28,34,35,37,38,39,40,46,52,54,55,144,208,212,221,276,354,355,356,357,364,428,476,546,565,632,722,778,855,1134,1293,1313,1390,1513,1560,1726,2091,2163,2197,2231,2635,2653,2775,2776,2872,3010,3074,3162,3766,3870,4327,4645,4771,5468,5471,5647,5648,5825,5846,6244,6747,7026,7658,8532,8551,8559,8640,9053,9059,9112,9113,9114,
39;0;2957;2961;1;15,16,17,18,19,21,24,25,28,34,35,37,38,39,40,46,52,54,55,144,208,212,221,276,354,355,356,357,364,428,476,546,565,632,722,778,855,1134,1293,1313,1390,1513,1560,1726,2091,2163,2197,2231,2635,2653,2775,2776,2872,3010,3074,3162,3766,3870,4327,4645,4771,5468,5471,5647,5648,5825,5846,6244,6747,7026,7658,8532,8551,8559,8640,9053,9059,9112,9113,9114,
39;1;2961;3076;1;15,16,17,18,19,21,24,25,28,34,35,37,38,39,40,46,52,54,55,144,208,212,221,276,354,355,356,357,364,428,476,546,565,632,722,778,855,1134,1293,1313,1390,1513,1560,1726,2091,2163,2197,2231,2635,2653,2775,2776,2872,3010,3074,3162,3766,3870,4327,4645,4771,5468,5471,5647,5648,5825,5846,6244,6747,7026,7658,8532,8551,8559,8640,9053,9059,9112,9113,9114,
15;0;3076;3085;1;15,16,17,18,19,21,24,25,28,34,35,37,38,39,40,46,52,54,55,144,208,212,221,276,354,355,356,357,364,428,476,546,565,632,722,778,855,1134,1293,1313,1390,1513,1560,1726,2091,2163,2197,2231,2635,2653,2775,2776,2872,3010,3074,3162,3766,3870,4327,4645,4771,5468,5471,5647,5648,5825,5846,6244,6747,7026,7658,8532,8551,8559,8640,9053,9059,9112,9113,9114,
15;1;3085;3259;1;15,16,17,18,19,21,24,25,28,34,35,37,38,39,40,46,52,54,55,144,208,212,221,276,354,355,356,357,364,428,476,546,565,632,722,778,855,1134,1293,1313,1390,1513,1560,1726,2091,2163,2197,2231,2635,2653,2775,2776,2872,3010,3074,3162,3766,3870,4327,4645,4771,5468,5471,5647,5648,5825,5846,6244,6747,7026,7658,8532,8551,8559,8640,9053,9059,9112,9113,9114,
51;0;3259;3370;1;15,16,17,18,19,21,24,25,28,34,35,37,38,39,40,46,52,54,55,144,208,212,221,276,354,355,356,357,364,428,476,546,565,632,722,778,855,1134,1293,1313,1390,1513,1560,1726,2091,2163,2197,2231,2635,2653,2775,2776,2872,3010,3074,3162,3766,3870,4327,4645,4771,5468,5471,5647,5648,5825,5846,6244,6747,7026,7658,8532,8551,8559,8640,9053,9059,9112,9113,9114,
198;0;3370;3453;0;15,16,17,18,19,21,24,25,28,34,35,37,38,39,40,46,52,54,55,144,208,212,221,276,354,355,356,357,364,428,476,546,565,632,722,778,855,1134,1293,1313,1390,1513,1560,1726,2091,2163,2197,2231,2635,2653,2775,2776,2872,3010,3074,3162,3766,3870,4327,4645,4771,5468,5471,5647,5648,5825,5846,6244,6747,7026,7658,8532,8551,8559,8640,9053,9059,9112,9113,9114,
101;0;3453;3525;1;16,137,139,144,145,149,197,208,225,262,276,288,295,321,377,396,397,404,429,466,640,644,647,772,773,826,838,849,854,855,863,946,948,949,1036,1118,1134,1146,1236,1267,1293,1341,1359,1361,1376,1390,1417,1474,1478,1521,1726,1781,2197,2510,2530,2635,2653,3410,3447,3630,3774,4430,4487,4488,4545,5471,5594,5682,6129,6204,6226,7408,7454,7556,7671,8059,8534,8836,8838,8899,
101;1;3525;3614;1;16,137,139,144,145,149,197,208,225,262,276,288,295,321,377,396,397,404,429,466,640,644,647,772,773,826,838,849,854,855,863,946,948,949,1036,1118,1134,1146,1236,1267,1293,1341,1359,1361,1376,1390,1417,1474,1478,1521,1726,1781,2197,2510,2530,2635,2653,3410,3447,3630,3774,4430,4487,4488,4545,5471,5594,5682,6129,6204,6226,7408,7454,7556,7671,8059,8534,8836,8838,8899,
71;0;3614;3634;1;16,137,139,144,145,149,197,208,225,262,276,288,295,321,377,396,397,404,429,466,640,644,647,772,773,826,838,849,854,855,863,946,948,949,1036,1118,1134,1146,1236,1267,1293,1341,1359,1361,1376,1390,1417,1474,1478,1521,1726,1781,2197,2510,2530,2635,2653,3410,3447,3630,3774,4430,4487,4488,4545,5471,5594,5682,6129,6204,6226,7408,7454,7556,7671,8059,8534,8836,8838,8899,
1;0;3634;3808;1;16,137,139,144,145,149,197,208,225,262,276,288,295,321,377,396,397,404,429,466,640,644,647,772,773,826,838,849,854,855,863,946,948,949,1036,1118,1134,1146,1236,1267,1293,1341,1359,1361,1376,1390,1417,1474,1478,1521,1726,1781,2197,2510,2530,2635,2653,3410,3447,3630,3774,4430,4487,4488,4545,5471,5594,5682,6129,6204,6226,7408,7454,7556,7671,8059,8534,8836,8838,8899,
1;1;3808;3928;1;16,137,139,144,145,149,197,208,225,262,276,288,295,321,377,396,397,404,429,466,640,644,647,772,773,826,838,849,854,855,863,946,948,949,1036,1118,1134,1146,1236,1267,1293,1341,1359,1361,1376,1390,1417,1474,1478,1521,1726,1781,2197,2510,2530,2635,2653,3410,3447,3630,3774,4430,4487,4488,4545,5471,5594,5682,6129,6204,6226,7408,7454,7556,7671,8059,8534,8836,8838,8899,
85;0;3928;4052;1;16,137,139,144,145,149,197,208,225,262,276,288,295,321,377,396,397,404,429,466,640,644,647,772,773,826,838,849,854,855,863,946,948,949,1036,1118,1134,1146,1236,1267,1293,1341,1359,1361,1376,1390,1417,1474,1478,1521,1726,1781,2197,2510,2530,2635,2653,3410,3447,3630,3774,4430,4487,4488,4545,5471,5594,5682,6129,6204,6226,7408,7454,7556,7671,8059,8534,8836,8838,8899,
114;0;4052;4129;1;16,137,139,144,145,149,197,208,225,262,276,288,295,321,377,396,397,404,429,466,640,644,647,772,773,826,838,849,854,855,863,946,948,949,1036,1118,1134,1146,1236,1267,1293,1341,1359,1361,1376,1390,1417,1474,1478,1521,1726,1781,2197,2510,2530,2635,2653,3410,3447,3630,3774,4430,4487,4488,4545,5471,5594,5682,6129,6204,6226,7408,7454,7556,7671,8059,8534,8836,8838,8899,
114;1;4129;4178;1;16,137,139,144,145,149,197,208,225,262,276,288,295,321,377,396,397,404,429,466,640,644,647,772,773,826,838,849,854,855,863,946,948,949,1036,1118,1134,1146,1236,1267,1293,1341,1359,1361,1376,1390,1417,1474,1478,1521,1726,1781,2197,2510,2530,2635,2653,3410,3447,3630,3774,4430,4487,4488,4545,5471,5594,5682,6129,6204,6226,7408,7454,7556,7671,8059,8534,8836,8838,8899,
252;0;4178;4326;0;16,137,139,144,145,149,197,208,225,262,276,288,295,321,377,396,397,404,429,466,640,644,647,772,773,826,838,849,854,855,863,946,948,949,1036,1118,1134,1146,1236,1267,1293,1341,1359,1361,1376,1390,1417,1474,1478,1521,1726,1781,2197,2510,2530,2635,2653,3410,3447,3630,3774,4430,4487,4488,4545,5471,5594,5682,6129,6204,6226,7408,7454,7556,7671,8059,8534,8836,8838,8899,
252;1;4326;4422;0;16,137,139,144,145,149,197,208,225,262,276,288,295,321,377,396,397,404,429,466,640,644,647,772,773,826,838,849,854,855,863,946,948,949,1036,1118,1134,1146,1236,1267,1293,1341,1359,1361,1376,1390,1417,1474,1478,1521,1726,1781,2197,2510,2530,2635,2653,3410,3447,3630,3774,4430,4487,4488,4545,5471,5594,5682,6129,6204,6226,7408,7454,7556,7671,8059,8534,8836,8838,8899,
154;0;4422;4466;0;16,137,139,144,145,149,197,208,225,262,276,288,295,321,377,396,397,404,429,466,640,644,647,772,773,826,838,849,854,855,863,946,948,949,1036,1118,1134,1146,1236,1267,1293,1341,1359,1361,1376,1390,1417,1474,1478,1521,1726,1781,2197,2510,2530,2635,2653,3410,3447,3630,3774,4430,4487,4488,4545,5471,5594,5682,6129,6204,6226,7408,7454,7556,7671,8059,8534,8836,8838,8899,
154;1;4466;4580;0;16,137,139,144,145,149,197,208,225,262,276,288,295,321,377,396,397,404,429,466,640,644,647,772,773,826,838,849,854,855,863,946,948,949,1036,1118,1134,1146,1236,1267,1293,1341,1359,1361,1376,1390,1417,1474,1478,1521,1726,1781,2197,2510,2530,2635,2653,3410,3447,3630,3774,4430,4487,4488,4545,5471,5594,5682,6129,6204,6226,7408,7454,7556,7671,8059,8534,8836,8838,8899,
124;0;4580;4669;1;16,137,139,144,145,149,197,208,225,262,276,288,295,321,377,396,397,404,429,466,640,644,647,772,773,826,838,849,854,855,863,946,948,949,1036,1118,1134,1146,1236,1267,1293,1341,1359,1361,1376,1390,1417,1474,1478,1521,1726,1781,2197,2510,2530,2635,2653,3410,3447,3630,3774,4430,4487,4488,4545,5471,5594,5682,6129,6204,6226,7408,7454,7556,7671,8059,8534,8836,8838,8899,
58;0;4669;4817;1;16,137,139,144,145,149,197,208,225,262,276,288,295,321,377,396,397,404,429,466,640,644,647,772,773,826,838,849,854,855,863,946,948,949,1036,1118,1134,1146,1236,1267,1293,1341,1359,1361,1376,1390,1417,1474,1478,1521,1726,1781,2197,2510,2530,2635,2653,3410,3447,3630,3774,4430,4487,4488,4545,5471,5594,5682,6129,6204,6226,7408,7454,7556,7671,8059,8534,8836,8838,8899,
58;1;4817;4913;1;16,137,139,144,145,149,197,208,225,262,276,288,295,321,377,396,397,404,429,466,640,644,647,772,773,826,838,849,854,855,863,946,948,949,1036,1118,1134,1146,1236,1267,1293,1341,1359,1361,1376,1390,1417,1474,1478,1521,1726,1781,2197,2510,2530,2635,2653,3410,3447,3630,3774,4430,4487,4488,4545,5471,5594,5682,6129,6204,6226,7408,7454,7556,7671,8059,8534,8836,8838,8899,
31;0;4913;4943;1;3,16,137,139,144,145,148,149,197,208,225,262,275,276,288,295,321,377,391,396,397,404,429,466,640,644,647,772,773,826,838,849,854,855,863,911,946,948,949,1036,1093,1118,1134,1146,1236,1267,1293,1341,1359,1361,1376,1390,1417,1424,1474,1478,1502,1521,1726,1751,1759,1781,1808,1816,2197,2223,2224,2510,2530,2635,2653,2961,3034,3410,3447,3630,3774,5471,6226,7408,
31;1;4943;5015;1;3,16,137,139,144,145,148,149,197,208,225,262,275,276,288,295,321,377,391,396,397,404,429,466,640,644,647,772,773,826,838,849,854,855,863,911,946,948,949,1036,1093,1118,1134,1146,1236,1267,1293,1341,1359,1361,1376,1390,1417,1424,1474,1478,1502,1521,1726,1751,1759,1781,1808,1816,2197,2223,2224,2510,2530,2635,2653,2961,3034,3410,3447,3630,3774,5471,6226,7408,
89;0;5015;5151;1;8,95,137,139,142,143,144,145,146,149,208,225,228,242,243,245,262,277,288,342,390,395,398,400,402,429,643,644,645,647,769,773,826,855,895,1051,1057,1118,1134,1146,1230,1236,1267,1293,1360,1361,1363,1390,1474,1475,1476,1478,1522,1670,1726,1781,1816,1933,1944,2109,2224,2381,2400,2465,2503,2824,2892,2988,3034,3035,4093,4501,4553,5139,6045,7036,7655,7656,9216,9217,
76;0;5151;5257;1;8,95,137,139,142,143,144,145,146,149,208,225,228,242,243,245,262,277,288,342,390,395,398,400,402,429,643,644,645,647,769,773,826,855,895,1051,1057,1118,1134,1146,1230,1236,1267,1293,1360,1361,1363,1390,1474,1475,1476,1478,1522,1670,1726,1781,1816,1933,1944,2109,2224,2381,2400,2465,2503,2824,2892,2988,3034,3035,4093,4501,4553,5139,6045,7036,7655,7656,9216,9217,
76;1;5257;5282;1;8,95,137,139,142,143,144,145,146,149,208,225,228,242,243,245,262,277,288,342,390,395,398,400,402,429,643,644,645,647,769,773,826,855,895,1051,1057,1118,1134,1146,1230,1236,1267,1293,1360,1361,1363,1390,1474,1475,1476,1478,1522,1670,1726,1781,1816,1933,1944,2109,2224,2381,2400,2465,2503,2824,2892,2988,3034,3035,4093,4501,4553,5139,6045,7036,7655,7656,9216,9217,
165;0;5282;5350;0;8,95,137,139,142,143,144,145,146,149,208,225,228,242,243,245,262,277,288,342,390,395,398,400,402,429,643,644,645,647,769,773,826,855,895,1051,1057,1118,1134,1146,1230,1236,1267,1293,1360,1361,1363,1390,1474,1475,1476,1478,1522,1670,1726,1781,1816,1933,1944,2109,2224,2381,2400,2465,2503,2824,2892,2988,3034,3035,4093,4501,4553,5139,6045,7036,7655,7656,9216,9217,
165;1;5350;5474;0;8,95,137,139,142,143,144,145,146,149,208,225,228,242,243,245,262,277,288,342,390,395,398,400,402,429,643,644,645,647,769,773,826,855,895,1051,1057,1118,1134,1146,1230,1236,1267,1293,1360,1361,1363,1390,1474,1475,1476,1478,1522,1670,1726,1781,1816,1933,1944,2109,2224,2381,2400,2465,2503,2824,2892,2988,3034,3035,4093,4501,4553,5139,6045,7036,7655,7656,9216,9217,
107;0;5474;5583;1;8,95,137,139,142,143,144,145,146,149,208,225,228,242,243,245,262,277,288,342,390,395,398,400,402,429,643,644,645,647,769,773,826,855,895,1051,1057,1118,1134,1146,1230,1236,1267,1293,1360,1361,1363,1390,1474,1475,1476,1478,1522,1670,1726,1781,1816,1933,1944,2109,2224,2381,2400,2465,2503,2824,2892,2988,3034,3035,4093,4501,4553,5139,6045,7036,7655,7656,9216,9217,
136;0;5583;5664;0;8,95,137,139,142,143,144,145,146,149,208,225,228,242,243,245,262,277,288,342,390,395,398,400,402,429,643,644,645,647,769,773,826,855,895,1051,1057,1118,1134,1146,1230,1236,1267,1293,1360,1361,1363,1390,1474,1475,1476,1478,1522,1670,1726,1781,1816,1933,1944,2109,2224,2381,2400,2465,2503,2824,2892,2988,3034,3035,4093,4501,4553,5139,6045,7036,7655,7656,9216,9217,
14;0;5664;5775;1;8,95,137,139,142,143,144,145,146,149,208,225,228,242,243,245,262,277,288,342,390,395,398,400,402,429,643,644,645,647,769,773,826,855,895,1051,1057,1118,1134,1146,1230,1236,1267,1293,1360,1361,1363,1390,1474,1475,1476,1478,1522,1670,1726,1781,1816,1933,1944,2109,2224,2381,2400,2465,2503,2824,2892,2988,3034,3035,4093,4501,4553,5139,6045,7036,7655,7656,9216,9217,
14;1;5775;5873;1;8,95,137,139,142,143,144,145,146,149,208,225,228,242,243,245,262,277,288,342,390,395,398,400,402,429,643,644,645,647,769,773,826,855,895,1051,1057,1118,1134,1146,1230,1236,1267,1293,1360,1361,1363,1390,1474,1475,1476,1478,1522,1670,1726,1781,1816,1933,1944,2109,2224,2381,2400,2465,2503,2824,2892,2988,3034,3035,4093,4501,4553,5139,6045,7036,7655,7656,9216,9217,
225;0;5873;6041;0;8,95,137,139,142,143,144,145,146,149,208,225,228,242,243,245,262,277,288,342,390,395,398,400,402,429,643,644,645,647,769,773,826,855,895,1051,1057,1118,1134,1146,1230,1236,1267,1293,1360,1361,1363,1390,1474,1475,1476,1478,1522,1670,1726,1781,1816,1933,1944,2109,2224,2381,2400,2465,2503,2824,2892,2988,3034,3035,4093,4501,4553,5139,6045,7036,7655,7656,9216,9217,
225;1;6041;6089;0;8,95,137,139,142,143,144,145,146,149,208,225,228,242,243,245,262,277,288,342,390,395,398,400,402,429,643,644,645,647,769,773,826,855,895,1051,1057,1118,1134,1146,1230,1236,1267,1293,1360,1361,1363,1390,1474,1475,1476,1478,1522,1670,1726,1781,1816,1933,1944,2109,2224,2381,2400,2465,2503,2824,2892,2988,3034,3035,4093,4501,4553,5139,6045,7036,7655,7656,9216,9217,
152;0;6089;6110;0;8,95,137,139,142,143,144,145,146,149,208,225,228,242,243,245,262,277,288,342,390,395,398,400,402,429,643,644,645,647,769,773,826,855,895,1051,1057,1118,1134,1146,1230,1236,1267,1293,1360,1361,1363,1390,1474,1475,1476,1478,1522,1670,1726,1781,1816,1933,1944,2109,2224,2381,2400,2465,2503,2824,2892,2988,3034,3035,4093,4501,4553,5139,6045,7036,7655,7656,9216,9217,
152;1;6110;6239;0;8,95,137,139,142,143,144,145,146,149,208,225,228,242,243,245,262,277,288,342,390,395,398,400,402,429,643,644,645,647,769,773,826,855,895,1051,1057,1118,1134,1146,1230,1236,1267,1293,1360,1361,1363,1390,1474,1475,1476,1478,1522,1670,1726,1781,1816,1933,1944,2109,2224,2381,2400,2465,2503,2824,2892,2988,3034,3035,4093,4501,4553,5139,6045,7036,7655,7656,9216,9217,
20;0;6239;6278;1;8,95,137,139,142,143,144,145,146,149,208,225,228,242,243,245,262,277,288,315,342,379,380,390,394,395,398,399,400,402,429,643,644,645,647,769,773,826,855,895,1051,1054,1055,1057,1061,1118,1134,1145,1146,1149,1230,1231,1236,1267,1293,1360,1361,1363,1390,1474,1476,1478,1604,1726,1781,1809,1822,1823,1824,1825,1826,1827,1828,1829,1830,1831,1832,1944,2381,4553,
20;1;6278;6325;1;8,95,137,139,142,143,144,145,146,149,208,225,228,242,243,245,262,277,288,315,342,379,380,390,394,395,398,399,400,402,429,643,644,645,647,769,773,826,855,895,1051,1054,1055,1057,1061,1118,1134,1145,1146,1149,1230,1231,1236,1267,1293,1360,1361,1363,1390,1474,1476,1478,1604,1726,1781,1809,1822,1823,1824,1825,1826,1827,1828,1829,1830,1831,1832,1944,2381,4553,
247;0;6325;6389;0;10,27,68,144,145,146,170,198,208,225,226,228,229,234,240,243,245,268,273,286,288,329,399,429,439,528,773,827,903,1015,1094,1096,1097,1099,1293,1390,1472,1476,1478,1481,1509,1604,1895,1984,2103,2117,2128,2159,2179,2279,2305,2428,2471,2512,2864,2941,3891,3894,4437,4455,4585,4881,4882,5254,5290,6138,6411,6412,6513,7261,8123,8283,8285,8315,8316,8317,8318,8319,8462,8464,
247;1;6389;6546;0;10,27,68,144,145,146,170,198,208,225,226,228,229,234,240,243,245,268,273,286,288,329,399,429,439,528,773,827,903,1015,1094,1096,1097,1099,1293,1390,1472,1476,1478,1481,1509,1604,1895,1984,2103,2117,2128,2159,2179,2279,2305,2428,2471,2512,2864,2941,3891,3894,4437,4455,4585,4881,4882,5254,5290,6138,6411,6412,6513,7261,8123,8283,8285,8315,8316,8317,8318,8319,8462,8464,
81;0;6546;6641;1;10,27,68,144,145,146,170,198,208,225,226,228,229,234,240,243,245,268,273,286,288,329,399,429,439,528,773,827,903,1015,1094,1096,1097,1099,1293,1390,1472,1476,1478,1481,1509,1604,1895,1984,2103,2117,2128,2159,2179,2279,2305,2428,2471,2512,2864,2941,3891,3894,4437,4455,4585,4881,4882,5254,5290,6138,6411,6412,6513,7261,8123,8283,8285,8315,8316,8317,8318,8319,8462,8464,
220;0;6641;6689;0;10,27,68,144,145,146,170,198,208,225,226,228,229,234,240,243,245,268,273,286,288,329,399,429,439,528,773,827,903,1015,1094,1096,1097,1099,1293,1390,1472,1476,1478,1481,1509,1604,1895,1984,2103,2117,2128,2159,2179,2279,2305,2428,2471,2512,2864,2941,3891,3894,4437,4455,4585,4881,4882,5254,5290,6138,6411,6412,6513,7261,8123,8283,8285,8315,8316,8317,8318,8319,8462,8464,
220;1;6689;6853;0;10,27,68,144,145,146,170,198,208,225,226,228,229,234,240,243,245,268,273,286,288,329,399,429,439,528,773,827,903,1015,1094,1096,1097,1099,1293,1390,1472,1476,1478,1481,1509,1604,1895,1984,2103,2117,2128,2159,2179,2279,2305,2428,2471,2512,2864,2941,3891,3894,4437,4455,4585,4881,4882,5254,5290,6138,6411,6412,6513,7261,8123,8283,8285,8315,8316,8317,8318,8319,8462,8464,
242;0;6853;6940;0;10,27,68,144,145,146,170,198,208,225,226,228,229,234,240,243,245,268,273,286,288,329,399,429,439,528,773,827,903,1015,1094,1096,1097,1099,1293,1390,1472,1476,1478,1481,1509,1604,1895,1984,2103,2117,2128,2159,2179,2279,2305,2428,2471,2512,2864,2941,3891,3894,4437,4455,4585,4881,4882,5254,5290,6138,6411,6412,6513,7261,8123,8283,8285,8315,8316,8317,8318,8319,8462,8464,
80;0;6940;7024;1;10,27,68,144,145,146,170,198,208,225,226,228,229,234,240,243,245,268,273,286,288,329,399,429,439,528,773,827,903,1015,1094,1096,1097,1099,1293,1390,1472,1476,1478,1481,1509,1604,1895,1984,2103,2117,2128,2159,2179,2279,2305,2428,2471,2512,2864,2941,3891,3894,4437,4455,4585,4881,4882,5254,5290,6138,6411,6412,6513,7261,8123,8283,8285,8315,8316,8317,8318,8319,8462,8464,
80;1;7024;7044;1;10,27,68,144,145,146,170,198,208,225,226,228,229,234,240,243,245,268,273,286,288,329,399,429,439,528,773,827,903,1015,1094,1096,1097,1099,1293,1390,1472,1476,1478,1481,1509,1604,1895,1984,2103,2117,2128,2159,2179,2279,2305,2428,2471,2512,2864,2941,3891,3894,4437,4455,4585,4881,4882,5254,5290,6138,6411,6412,6513,7261,8123,8283,8285,8315,8316,8317,8318,8319,8462,8464,
82;0;7044;7104;1;10,27,68,144,145,146,170,198,208,225,226,228,229,234,240,243,245,268,273,286,288,329,399,429,439,528,773,827,903,1015,1094,1096,1097,1099,1293,1390,1472,1476,1478,1481,1509,1604,1895,1984,2103,2117,2128,2159,2179,2279,2305,2428,2471,2512,2864,2941,3891,3894,4437,4455,4585,4881,4882,5254,5290,6138,6411,6412,6513,7261,8123,8283,8285,8315,8316,8317,8318,8319,8462,8464,
82;1;7104;7235;1;10,27,68,144,145,146,170,198,208,225,226,228,229,234,240,243,245,268,273,286,288,329,399,429,439,528,773,827,903,1015,1094,1096,1097,1099,1293,1390,1472,1476,1478,1481,1509,1604,1895,1984,2103,2117,2128,2159,2179,2279,2305,2428,2471,2512,2864,2941,3891,3894,4437,4455,4585,4881,4882,5254,5290,6138,6411,6412,6513,7261,8123,8283,8285,8315,8316,8317,8318,8319,8462,8464,
26;0;7235;7294;1;10,27,68,144,145,146,170,198,208,225,226,228,229,234,240,243,245,268,273,286,288,329,399,429,439,528,773,827,903,1015,1094,1096,1097,1099,1293,1390,1472,1476,1478,1481,1509,1604,1895,1984,2103,2117,2128,2159,2179,2279,2305,2428,2471,2512,2864,2941,3891,3894,4437,4455,4585,4881,4882,5254,5290,6138,6411,6412,6513,7261,8123,8283,8285,8315,8316,8317,8318,8319,8462,8464,
26;1;7294;7403;1;10,27,68,144,145,146,170,198,208,225,226,228,229,234,240,243,245,268,273,286,288,329,399,429,439,528,773,827,903,1015,1094,1096,1097,1099,1293,1390,1472,1476,1478,1481,1509,1604,1895,1984,2103,2117,2128,2159,2179,2279,2305,2428,2471,2512,2864,2941,3891,3894,4437,4455,4585,4881,4882,5254,5290,6138,6411,6412,6513,7261,8123,8283,8285,8315,8316,8317,8318,8319,8462,8464,
92;0;7403;7559;1;10,27,68,144,145,146,170,198,208,225,226,228,229,234,240,243,245,268,273,286,288,329,399,429,439,528,773,827,903,1015,1094,1096,1097,1099,1293,1390,1472,1476,1478,1481,1509,1604,1895,1984,2103,2117,2128,2159,2179,2279,2305,2428,2471,2512,2864,2941,3891,3894,4437,4455,4585,4881,4882,5254,5290,6138,6411,6412,6513,7261,8123,8283,8285,8315,8316,8317,8318,8319,8462,8464,
259;0;7559;7625;0;10,27,68,144,145,146,170,198,208,225,226,228,229,234,240,243,245,268,273,286,288,329,399,429,439,528,773,827,903,1015,1094,1096,1097,1099,1293,1390,1472,1476,1478,1481,1509,1604,1895,1984,2103,2117,2128,2159,2179,2279,2305,2428,2471,2512,2864,2941,3891,3894,4437,4455,4585,4881,4882,5254,5290,6138,6411,6412,6513,7261,8123,8283,8285,8315,8316,8317,8318,8319,8462,8464,
202;0;7625;7650;0;10,27,68,144,145,146,170,198,208,225,226,228,229,234,240,243,245,268,273,286,288,329,399,429,439,528,773,827,903,1015,1094,1096,1097,1099,1293,1390,1472,1476,1478,1481,1509,1604,1895,1984,2103,2117,2128,2159,2179,2279,2305,2428,2471,2512,2864,2941,3891,3894,4437,4455,4585,4881,4882,5254,5290,6138,6411,6412,6513,7261,8123,8283,8285,8315,8316,8317,8318,8319,8462,8464,
202;1;7650;7744;0;10,27,68,144,145,146,170,198,208,225,226,228,229,234,240,243,245,268,273,286,288,329,399,429,439,528,773,827,903,1015,1094,1096,1097,1099,1293,1390,1472,1476,1478,1481,1509,1604,1895,1984,2103,2117,2128,2159,2179,2279,2305,2428,2471,2512,2864,2941,3891,3894,4437,4455,4585,4881,4882,5254,5290,6138,6411,6412,6513,7261,8123,8283,8285,8315,8316,8317,8318,8319,8462,8464,
131;0;7744;7780;1;10,27,68,144,145,146,170,198,208,225,226,228,229,234,240,243,245,268,273,286,288,329,399,429,439,528,773,827,903,1015,1094,1096,1097,1099,1293,1390,1472,1476,1478,1481,1509,1604,1895,1984,2103,2117,2128,2159,2179,2279,2305,2428,2471,2512,2864,2941,3891,3894,4437,4455,4585,4881,4882,5254,5290,6138,6411,6412,6513,7261,8123,8283,8285,8315,8316,8317,8318,8319,8462,8464,
131;1;7780;7804;1;10,27,68,144,145,146,170,198,208,225,226,228,229,234,240,243,245,268,273,286,288,329,399,429,439,528,773,827,903,1015,1094,1096,1097,1099,1293,1390,1472,1476,1478,1481,1509,1604,1895,1984,2103,2117,2128,2159,2179,2279,2305,2428,2471,2512,2864,2941,3891,3894,4437,4455,4585,4881,4882,5254,5290,6138,6411,6412,6513,7261,8123,8283,8285,8315,8316,8317,8318,8319,8462,8464,
57;0;7804;7983;1;26,60,92,144,170,206,208,225,234,248,268,273,329,439,502,528,569,598,729,773,1266,1268,1277,1282,1287,1288,1292,1293,1294,1322,1332,1333,1390,1481,1509,1782,1895,1989,2101,2190,2239,2241,2242,2260,2263,2318,2407,2410,2794,2842,2941,3026,3027,3870,4192,4450,6360,6766,7153,7626,7804,7840,8134,8137,8143,8219,8231,8271,8272,8285,8291,8379,8380,8383,8384,8386,8387,8388,8389,8390,
57;1;7983;8016;1;26,60,92,144,170,206,208,225,234,248,268,273,329,439,502,528,569,598,729,773,1266,1268,1277,1282,1287,1288,1292,1293,1294,1322,1332,1333,1390,1481,1509,1782,1895,1989,2101,2190,2239,2241,2242,2260,2263,2318,2407,2410,2794,2842,2941,3026,3027,3870,4192,4450,6360,6766,7153,7626,7804,7840,8134,8137,8143,8219,8231,8271,8272,8285,8291,8379,8380,8383,8384,8386,8387,8388,8389,8390,
117;0;8016;8185;1;26,60,92,144,170,206,208,225,234,248,268,273,329,439,502,528,569,598,729,773,1266,1268,1277,1282,1287,1288,1292,1293,1294,1322,1332,1333,1390,1481,1509,1782,1895,1989,2101,2190,2239,2241,2242,2260,2263,2318,2407,2410,2794,2842,2941,3026,3027,3870,4192,4450,6360,6766,7153,7626,7804,7840,8134,8137,8143,8219,8231,8271,8272,8285,8291,8379,8380,8383,8384,8386,8387,8388,8389,8390,
117;1;8185;8321;1;26,60,92,144,170,206,208,225,234,248,268,273,329,439,502,528,569,598,729,773,1266,1268,1277,1282,1287,1288,1292,1293,1294,1322,1332,1333,1390,1481,1509,1782,1895,1989,2101,2190,2239,2241,2242,2260,2263,2318,2407,2410,2794,2842,2941,3026,3027,3870,4192,4450,6360,6766,7153,7626,7804,7840,8134,8137,8143,8219,8231,8271,8272,8285,8291,8379,8380,8383,8384,8386,8387,8388,8389,8390,
41;0;8321;8360;1;26,60,92,144,170,206,208,225,234,248,268,273,329,439,502,528,569,598,729,773,1266,1268,1277,1282,1287,1288,1292,1293,1294,1322,1332,1333,1390,1481,1509,1782,1895,1989,2101,2190,2239,2241,2242,2260,2263,2318,2407,2410,2794,2842,2941,3026,3027,3870,4192,4450,6360,6766,7153,7626,7804,7840,8134,8137,8143,8219,8231,8271,8272,8285,8291,8379,8380,8383,8384,8386,8387,8388,8389,8390,
41;1;8360;8408;1;26,60,92,144,170,206,208,225,234,248,268,273,329,439,502,528,569,598,729,773,1266,1268,1277,1282,1287,1288,1292,1293,1294,1322,1332,1333,1390,1481,1509,1782,1895,1989,2101,2190,2239,2241,2242,2260,2263,2318,2407,2410,2794,2842,2941,3026,3027,3870,4192,4450,6360,6766,7153,7626,7804,7840,8134,8137,8143,8219,8231,8271,8272,8285,8291,8379,8380,8383,8384,8386,8387,8388,8389,8390,
166;0;8408;8517;0;26,60,92,144,170,206,208,225,234,248,268,273,329,439,502,528,569,598,729,773,1266,1268,1277,1282,1287,1288,1292,1293,1294,1322,1332,1333,1390,1481,1509,1782,1895,1989,2101,2190,2239,2241,2242,2260,2263,2318,2407,2410,2794,2842,2941,3026,3027,3870,4192,4450,6360,6766,7153,7626,7804,7840,8134,8137,8143,8219,8231,8271,8272,8285,8291,8379,8380,8383,8384,8386,8387,8388,8389,8390,
161;0;8517;8665;0;26,60,92,144,170,206,208,225,234,248,268,273,329,439,502,528,569,598,729,773,1266,1268,1277,1282,1287,1288,1292,1293,1294,1322,1332,1333,1390,1481,1509,1782,1895,1989,2101,2190,2239,2241,2242,2260,2263,2318,2407,2410,2794,2842,2941,3026,3027,3870,4192,4450,6360,6766,7153,7626,7804,7840,8134,8137,8143,8219,8231,8271,8272,8285,8291,8379,8380,8383,8384,8386,8387,8388,8389,8390,
161;1;8665;8731;0;26,60,92,144,170,206,208,225,234,248,268,273,329,439,502,528,569,598,729,773,1266,1268,1277,1282,1287,1288,1292,1293,1294,1322,1332,1333,1390,1481,1509,1782,1895,1989,2101,2190,2239,2241,2242,2260,2263,2318,2407,2410,2794,2842,2941,3026,3027,3870,4192,4450,6360,6766,7153,7626,7804,7840,8134,8137,8143,8219,8231,8271,8272,8285,8291,8379,8380,8383,8384,8386,8387,8388,8389,8390,
74;0;8731;8764;1;26,60,92,144,170,206,208,225,234,248,268,273,329,439,502,528,569,598,729,773,1266,1268,1277,1282,1287,1288,1292,1293,1294,1322,1332,1333,1390,1481,1509,1782,1895,1989,2101,2190,2239,2241,2242,2260,2263,2318,2407,2410,2794,2842,2941,3026,3027,3870,4192,4450,6360,6766,7153,7626,7804,7840,8134,8137,8143,8219,8231,8271,8272,8285,8291,8379,8380,8383,8384,8386,8387,8388,8389,8390,
74;1;8764;8821;1;26,60,92,144,170,206,208,225,234,248,268,273,329,439,502,528,569,598,729,773,1266,1268,1277,1282,1287,1288,1292,1293,1294,1322,1332,1333,1390,1481,1509,1782,1895,1989,2101,2190,2239,2241,2242,2260,2263,2318,2407,2410,2794,2842,2941,3026,3027,3870,4192,4450,6360,6766,7153,7626,7804,7840,8134,8137,8143,8219,8231,8271,8272,8285,8291,8379,8380,8383,8384,8386,8387,8388,8389,8390,
125;0;8821;8883;1;26,60,92,144,170,206,208,225,234,248,268,273,329,439,502,528,569,598,729,773,1266,1268,1277,1282,1287,1288,1292,1293,1294,1322,1332,1333,1390,1481,1509,1782,1895,1989,2101,2190,2239,2241,2242,2260,2263,2318,2407,2410,2794,2842,2941,3026,3027,3870,4192,4450,6360,6766,7153,7626,7804,7840,8134,8137,8143,8219,8231,8271,8272,8285,8291,8379,8380,8383,8384,8386,8387,8388,8389,8390,
27;0;8883;9046;1;26,60,61,92,144,170,206,208,225,234,248,268,273,329,439,502,528,566,569,598,729,773,1266,1267,1268,1269,1273,1277,1282,1287,1288,1289,1292,1293,1294,1322,1332,1333,1390,1481,1509,1547,1781,1782,1895,1989,2101,2190,2239,2240,2241,2242,2260,2263,2318,2407,2409,2410,2485,2794,2842,2941,3026,3027,3702,3870,4192,4357,4450,4884,4940,4941,4942,4943,4944,6360,6766,7153,7804,7840,
181;0;9046;9077;0;26,60,61,92,144,170,206,208,225,234,248,268,273,329,439,502,528,566,569,598,698,729,773,1266,1267,1268,1269,1273,1277,1282,1287,1288,1289,1292,1293,1294,1322,1332,1333,1390,1481,1509,1547,1781,1782,1895,1989,2101,2190,2318,2409,2582,2668,2713,2794,2842,2941,3581,4398,4733,4734,5649,5721,6180,6360,7227,7324,7801,7802,7804,7805,7806,7812,7814,7839,7840,7841,7842,7843,7844,
181;1;9077;9119;0;26,60,61,92,144,170,206,208,225,234,248,268,273,329,439,502,528,566,569,598,698,729,773,1266,1267,1268,1269,1273,1277,1282,1287,1288,1289,1292,1293,1294,1322,1332,1333,1390,1481,1509,1547,1781,1782,1895,1989,2101,2190,2318,2409,2582,2668,2713,2794,2842,2941,3581,4398,4733,4734,5649,5721,6180,6360,7227,7324,7801,7802,7804,7805,7806,7812,7814,7839,7840,7841,7842,7843,7844,
128;0;9119;9283;1;26,117,144,155,170,248,255,268,329,439,528,529,754,826,1266,1267,1268,1269,1270,1272,1273,1275,1277,1279,1280,1282,1284,1285,1286,1287,1288,1289,1290,1292,1293,1294,1295,1322,1390,1481,1509,1592,1777,1916,2080,2221,2408,2409,2419,2796,2842,2873,2874,2875,2876,2877,2888,2941,3421,3597,3624,3703,4620,4866,5392,5471,6244,6514,6957,7012,7013,7018,7035,7059,7060,7061,7062,7063,7064,8286,
128;1;9283;9435;1;26,117,144,155,170,248,255,268,329,439,528,529,754,826,1266,1267,1268,1269,1270,1272,1273,1275,1277,1279,1280,1282,1284,1285,1286,1287,1288,1289,1290,1292,1293,1294,1295,1322,1390,1481,1509,1592,1777,1916,2080,2221,2408,2409,2419,2796,2842,2873,2874,2875,2876,2877,2888,2941,3421,3597,3624,3703,4620,4866,5392,5471,6244,6514,6957,7012,7013,7018,7035,7059,7060,7061,7062,7063,7064,8286,
248;0;9435;9549;0;26,117,144,155,170,248,255,268,329,439,528,529,754,826,1266,1267,1268,1269,1270,1272,1273,1275,1277,1279,1280,1282,1284,1285,1286,1287,1288,1289,1290,1292,1293,1294,1295,1322,1390,1481,1509,1592,1777,1916,2080,2221,2408,2409,2419,2796,2842,2873,2874,2875,2876,2877,2888,2941,3421,3597,3624,3703,4620,4866,5392,5471,6244,6514,6957,7012,7013,7018,7035,7059,7060,7061,7062,7063,7064,8286,
248;1;9549;9650;0;26,117,144,155,170,248,255,268,329,439,528,529,754,826,1266,1267,1268,1269,1270,1272,1273,1275,1277,1279,1280,1282,1284,1285,1286,1287,1288,1289,1290,1292,1293,1294,1295,1322,1390,1481,1509,1592,1777,1916,2080,2221,2408,2409,2419,2796,2842,2873,2874,2875,2876,2877,2888,2941,3421,3597,3624,3703,4620,4866,5392,5471,6244,6514,6957,7012,7013,7018,7035,7059,7060,7061,7062,7063,7064,8286,
49;0;9650;9670;1;26,117,144,155,170,248,255,268,329,439,528,529,754,826,1266,1267,1268,1269,1270,1272,1273,1275,1277,1279,1280,1282,1284,1285,1286,1287,1288,1289,1290,1292,1293,1294,1295,1322,1390,1481,1509,1592,1777,1916,2080,2221,2408,2409,2419,2796,2842,2873,2874,2875,2876,2877,2888,2941,3421,3597,3624,3703,4620,4866,5392,5471,6244,6514,6957,7012,7013,7018,7035,7059,7060,7061,7062,7063,7064,8286,
49;1;9670;9690;1;26,117,144,155,170,248,255,268,329,439,528,529,754,826,1266,1267,1268,1269,1270,1272,1273,1275,1277,1279,1280,1282,1284,1285,1286,1287,1288,1289,1290,1292,1293,1294,1295,1322,1390,1481,1509,1592,1777,1916,2080,2221,2408,2409,2419,2796,2842,2873,2874,2875,2876,2877,2888,2941,3421,3597,3624,3703,4620,4866,5392,5471,6244,6514,6957,7012,7013,7018,7035,7059,7060,7061,7062,7063,7064,8286,
204;0;9690;9729;0;26,117,144,155,170,248,255,268,329,439,528,529,754,826,1266,1267,1268,1269,1270,1272,1273,1275,1277,1279,1280,1282,1284,1285,1286,1287,1288,1289,1290,1292,1293,1294,1295,1322,1390,1481,1509,1592,1777,1916,2080,2221,2408,2409,2419,2796,2842,2873,2874,2875,2876,2877,2888,2941,3421,3597,3624,3703,4620,4866,5392,5471,6244,6514,6957,7012,7013,7018,7035,7059,7060,7061,7062,7063,7064,8286,
178;0;9729;9806;0;26,117,144,155,170,248,255,268,329,439,528,529,754,826,1266,1267,1268,1269,1270,1272,1273,1275,1277,1279,1280,1282,1284,1285,1286,1287,1288,1289,1290,1292,1293,1294,1295,1322,1390,1481,1509,1592,1777,1916,2080,2221,2408,2409,2419,2796,2842,2873,2874,2875,2876,2877,2888,2941,3421,3597,3624,3703,4620,4866,5392,5471,6244,6514,6957,7012,7013,7018,7035,7059,7060,7061,7062,7063,7064,8286,
178;1;9806;9845;0;26,117,144,155,170,248,255,268,329,439,528,529,754,826,1266,1267,1268,1269,1270,1272,1273,1275,1277,1279,1280,1282,1284,1285,1286,1287,1288,1289,1290,1292,1293,1294,1295,1322,1390,1481,1509,1592,1777,1916,2080,2221,2408,2409,2419,2796,2842,2873,2874,2875,2876,2877,2888,2941,3421,3597,3624,3703,4620,4866,5392,5471,6244,6514,6957,7012,7013,7018,7035,7059,7060,7061,7062,7063,7064,8286,
22;0;9845;9909;1;26,117,144,155,170,248,255,268,329,439,528,529,754,826,1266,1267,1268,1269,1270,1272,1273,1275,1277,1279,1280,1282,1284,1285,1286,1287,1288,1289,1290,1292,1293,1294,1295,1322,1390,1481,1509,1592,1777,1916,2080,2221,2408,2409,2419,2796,2842,2873,2874,2875,2876,2877,2888,2941,3421,3597,3624,3703,4620,4866,5392,5471,6244,6514,6957,7012,7013,7018,7035,7059,7060,7061,7062,7063,7064,8286,
22;1;9909;10010;1;26,117,144,155,170,248,255,268,329,439,528,529,754,826,1266,1267,1268,1269,1270,1272,1273,1275,1277,1279,1280,1282,1284,1285,1286,1287,1288,1289,1290,1292,1293,1294,1295,1322,1390,1481,1509,1592,1777,1916,2080,2221,2408,2409,2419,2796,2842,2873,2874,2875,2876,2877,2888,2941,3421,3597,3624,3703,4620,4866,5392,5471,6244,6514,6957,7012,7013,7018,7035,7059,7060,7061,7062,7063,7064,8286,
137;0;10010;10090;0;26,117,144,155,170,248,255,268,329,439,528,529,754,826,1266,1267,1268,1269,1270,1272,1273,1275,1277,1279,1280,1282,1284,1285,1286,1287,1288,1289,1290,1292,1293,1294,1295,1322,1390,1481,1509,1592,1777,1916,2080,2221,2408,2409,2419,2796,2842,2873,2874,2875,2876,2877,2888,2941,3421,3597,3624,3703,4620,4866,5392,5471,6244,6514,6957,7012,7013,7018,7035,7059,7060,7061,7062,7063,7064,8286,
137;1;10090;10134;0;26,117,144,155,170,248,255,268,329,439,528,529,754,826,1266,1267,1268,1269,1270,1272,1273,1275,1277,1279,1280,1282,1284,1285,1286,1287,1288,1289,1290,1292,1293,1294,1295,1322,1390,1481,1509,1592,1777,1916,2080,2221,2408,2409,2419,2796,2842,2873,2874,2875,2876,2877,2888,2941,3421,3597,3624,3703,4620,4866,5392,5471,6244,6514,6957,7012,7013,7018,7035,7059,7060,7061,7062,7063,7064,8286,
123;0;10134;10265;1;26,117,144,155,170,248,255,268,329,439,528,529,754,826,1266,1267,1268,1269,1270,1272,1273,1275,1277,1279,1280,1282,1284,1285,1286,1287,1288,1289,1290,1292,1293,1294,1295,1322,1390,1481,1509,1592,1777,1893,1916,2080,2221,2261,2408,2409,2419,2577,2795,2796,2842,2873,2874,2875,2876,2877,2941,3413,3421,3703,3831,3869,3986,4007,4021,4866,6957,6958,6959,6960,6961,6962,6963,6964,6965,6966,
67;0;10265;10397;1;26,117,144,155,170,248,255,268,329,439,528,529,754,826,991,1266,1267,1268,1269,1270,1272,1273,1275,1277,1279,1280,1282,1284,1285,1286,1287,1288,1289,1290,1291,1292,1293,1294,1295,1322,1329,1390,1481,1509,1512,1592,1777,1778,1893,1916,2080,2221,2228,2261,2265,2306,2408,2409,2419,2577,2795,2796,2842,2873,2874,2875,2876,2877,2941,3413,3421,3703,3721,3831,4308,4353,4866,5781,6961,6966,
77;0;10397;10565;1;26,117,144,155,170,248,255,268,329,439,528,529,677,754,826,991,1201,1266,1267,1268,1269,1270,1272,1273,1275,1277,1279,1280,1282,1284,1285,1286,1287,1288,1289,1290,1291,1292,1293,1294,1295,1322,1329,1390,1481,1509,1512,1539,1592,1777,1778,1893,1916,2080,2091,2106,2221,2228,2261,2577,2627,2645,2695,2729,2778,2795,2796,2873,2941,3421,3831,4603,4866,5229,5270,5537,6750,6961,6966,8991,
77;1;10565;10702;1;26,117,144,155,170,248,255,268,329,439,528,529,677,754,826,991,1201,1266,1267,1268,1269,1270,1272,1273,1275,1277,1279,1280,1282,1284,1285,1286,1287,1288,1289,1290,1291,1292,1293,1294,1295,1322,1329,1390,1481,1509,1512,1539,1592,1777,1778,1893,1916,2080,2091,2106,2221,2228,2261,2577,2627,2645,2695,2729,2778,2795,2796,2873,2941,3421,3831,4603,4866,5229,5270,5537,6750,6961,6966,8991,
207;0;10702;10753;0;79,110,117,144,170,248,268,329,393,439,677,838,861,968,1031,1217,1225,1240,1270,1273,1280,1281,1390,1451,1481,1507,1508,1509,1510,1511,1570,1916,2089,2091,2106,2156,2168,2332,2645,2649,2802,2941,3281,3289,3331,3604,3775,3988,4263,4268,4597,4894,5053,5804,5805,6401,6783,7368,7834,7837,7838,7882,8014,8165,8166,8167,8168,8169,8170,8171,8172,8173,8174,8391,8429,8431,8849,9098,9099,9100,
207;1;10753;10926;0;79,110,117,144,170,248,268,329,393,439,677,838,861,968,1031,1217,1225,1240,1270,1273,1280,1281,1390,1451,1481,1507,1508,1509,1510,1511,1570,1916,2089,2091,2106,2156,2168,2332,2645,2649,2802,2941,3281,3289,3331,3604,3775,3988,4263,4268,4597,4894,5053,5804,5805,6401,6783,7368,7834,7837,7838,7882,8014,8165,8166,8167,8168,8169,8170,8171,8172,8173,8174,8391,8429,8431,8849,9098,9099,9100,
139;0;10926;10965;0;79,110,117,144,170,248,268,329,393,439,677,838,861,968,1031,1217,1225,1240,1270,1273,1280,1281,1390,1451,1481,1507,1508,1509,1510,1511,1570,1916,2089,2091,2106,2156,2168,2332,2645,2649,2802,2941,3281,3289,3331,3604,3775,3988,4263,4268,4597,4894,5053,5804,5805,6401,6783,7368,7834,7837,7838,7882,8014,8165,8166,8167,8168,8169,8170,8171,8172,8173,8174,8391,8429,8431,8849,9098,9099,9100,
139;1;10965;10997;0;79,110,117,144,170,248,268,329,393,439,677,838,861,968,1031,1217,1225,1240,1270,1273,1280,1281,1390,1451,1481,1507,1508,1509,1510,1511,1570,1916,2089,2091,2106,2156,2168,2332,2645,2649,2802,2941,3281,3289,3331,3604,3775,3988,4263,4268,4597,4894,5053,5804,5805,6401,6783,7368,7834,7837,7838,7882,8014,8165,8166,8167,8168,8169,8170,8171,8172,8173,8174,8391,8429,8431,8849,9098,9099,9100,
119;0;10997;11027;1;79,110,117,144,170,248,268,329,393,439,677,838,861,968,1031,1217,1225,1240,1270,1273,1280,1281,1390,1451,1481,1507,1508,1509,1510,1511,1570,1916,2089,2091,2106,2156,2168,2332,2645,2649,2802,2941,3281,3289,3331,3604,3775,3988,4263,4268,4597,4894,5053,5804,5805,6401,6783,7368,7834,7837,7838,7882,8014,8165,8166,8167,8168,8169,8170,8171,8172,8173,8174,8391,8429,8431,8849,9098,9099,9100,
191;0;11027;11188;0;79,110,117,144,170,248,268,329,393,439,677,838,861,968,1031,1217,1225,1240,1270,1273,1280,1281,1390,1451,1481,1507,1508,1509,1510,1511,1570,1916,2089,2091,2106,2156,2168,2332,2645,2649,2802,2941,3281,3289,3331,3604,3775,3988,4263,4268,4597,4894,5053,5804,5805,6401,6783,7368,7834,7837,7838,7882,8014,8165,8166,8167,8168,8169,8170,8171,8172,8173,8174,8391,8429,8431,8849,9098,9099,9100,
191;1;11188;11198;0;79,110,117,144,170,248,268,329,393,439,677,838,861,968,1031,1217,1225,1240,1270,1273,1280,1281,1390,1451,1481,1507,1508,1509,1510,1511,1570,1916,2089,2091,2106,2156,2168,2332,2645,2649,2802,2941,3281,3289,3331,3604,3775,3988,4263,4268,4597,4894,5053,5804,5805,6401,6783,7368,7834,7837,7838,7882,8014,8165,8166,8167,8168,8169,8170,8171,8172,8173,8174,8391,8429,8431,8849,9098,9099,9100,
264;0;11198;11263;0;79,110,117,144,170,248,268,329,393,439,677,838,861,968,1031,1217,1225,1240,1270,1273,1280,1281,1390,1451,1481,1507,1508,1509,1510,1511,1570,1916,2089,2091,2106,2156,2168,2332,2645,2649,2802,2941,3281,3289,3331,3604,3775,3988,4263,4268,4597,4894,5053,5804,5805,6401,6783,7368,7834,7837,7838,7882,8014,8165,8166,8167,8168,8169,8170,8171,8172,8173,8174,8391,8429,8431,8849,9098,9099,9100,
138;0;11263;11374;0;79,110,117,144,170,248,268,329,393,439,677,838,861,968,1031,1217,1225,1240,1270,1273,1280,1281,1390,1451,1481,1507,1508,1509,1510,1511,1570,1916,2089,2091,2106,2156,2168,2332,2645,2649,2802,2941,3281,3289,3331,3604,3775,3988,4263,4268,4597,4894,5053,5804,5805,6401,6783,7368,7834,7837,7838,7882,8014,8165,8166,8167,8168,8169,8170,8171,8172,8173,8174,8391,8429,8431,8849,9098,9099,9100,
33;0;11374;11483;1;79,110,117,144,170,248,268,329,393,439,677,838,861,968,1031,1217,1225,1240,1270,1273,1280,1281,1390,1451,1481,1507,1508,1509,1510,1511,1570,1916,2089,2091,2106,2156,2168,2332,2645,2649,2802,2941,3281,3289,3331,3604,3775,3988,4263,4268,4597,4894,5053,5804,5805,6401,6783,7368,7834,7837,7838,7882,8014,8165,8166,8167,8168,8169,8170,8171,8172,8173,8174,8391,8429,8431,8849,9098,9099,9100,
221;0;11483;11635;0;79,110,117,144,170,248,268,329,393,439,677,838,861,968,1031,1217,1225,1240,1270,1273,1280,1281,1390,1451,1481,1507,1508,1509,1510,1511,1570,1916,2089,2091,2106,2156,2168,2332,2645,2649,2802,2941,3281,3289,3331,3604,3775,3988,4263,4268,4597,4894,5053,5804,5805,6401,6783,7368,7834,7837,7838,7882,8014,8165,8166,8167,8168,8169,8170,8171,8172,8173,8174,8391,8429,8431,8849,9098,9099,9100,
6;0;11635;11641;1;79,100,110,117,144,170,248,268,292,329,393,439,677,715,838,861,968,1031,1217,1225,1240,1270,1273,1280,1281,1390,1451,1481,1507,1508,1509,1510,1511,1568,1570,1913,1916,2089,2091,2106,2156,2168,2332,2461,2590,2626,2645,2649,2679,2688,2802,2941,2984,3281,3289,3331,3604,3775,3988,4263,4268,4385,4413,4597,5053,5266,5525,5868,5869,6022,6401,7582,7838,7882,8002,8003,8004,8166,8171,8174,
6;1;11641;11685;1;79,100,110,117,144,170,248,268,292,329,393,439,677,715,838,861,968,1031,1217,1225,1240,1270,1273,1280,1281,1390,1451,1481,1507,1508,1509,1510,1511,1568,1570,1913,1916,2089,2091,2106,2156,2168,2332,2461,2590,2626,2645,2649,2679,2688,2802,2941,2984,3281,3289,3331,3604,3775,3988,4263,4268,4385,4413,4597,5053,5266,5525,5868,5869,6022,6401,7582,7838,7882,8002,8003,8004,8166,8171,8174,
84;0;11685;11829;1;79,100,110,117,144,170,248,268,289,291,292,295,329,393,439,591,640,677,715,838,861,922,968,1031,1146,1151,1217,1225,1240,1270,1273,1280,1281,1390,1451,1481,1507,1508,1509,1510,1511,1513,1568,1570,1763,1913,1915,1916,2089,2091,2106,2156,2645,2649,2677,2679,2688,2804,2941,2950,5053,5266,5540,5659,6022,6401,7188,7838,7882,8095,8166,8171,8174,8368,8406,8407,8408,8409,8410,8411,
84;1;11829;11924;1;79,100,110,117,144,170,248,268,289,291,292,295,329,393,439,591,640,677,715,838,861,922,968,1031,1146,1151,1217,1225,1240,1270,1273,1280,1281,1390,1451,1481,1507,1508,1509,1510,1511,1513,1568,1570,1763,1913,1915,1916,2089,2091,2106,2156,2645,2649,2677,2679,2688,2804,2941,2950,5053,5266,5540,5659,6022,6401,7188,7838,7882,8095,8166,8171,8174,8368,8406,8407,8408,8409,8410,8411,
90;0;11924;12003;1;79,95,97,100,110,117,144,170,234,248,267,268,272,273,287,289,291,292,295,305,329,393,395,439,591,640,677,715,838,861,892,912,922,968,1031,1146,1151,1166,1200,1270,1481,1493,1511,1513,1728,1729,1763,1812,1915,1973,2091,2156,2365,2371,2405,2645,2649,2677,2679,2941,3000,3436,3437,3438,3439,3440,3441,3442,3443,3444,3445,5053,5266,5540,6022,6401,7838,7882,8171,8174,
23;0;12003;12113;1;79,95,97,117,144,170,234,248,249,267,268,272,273,291,292,305,395,414,559,591,640,715,838,892,912,1146,1270,1481,1493,1511,1513,1587,1718,1728,1729,1788,1875,1915,1973,2091,2238,2338,2339,2365,2371,2405,2645,2649,2677,2679,2941,3000,3436,3437,3438,3439,3440,3441,3442,3443,3765,5053,5150,5161,5266,5560,6022,6254,6373,6401,7009,7838,7877,7878,7879,7880,7881,7882,8171,8174,
141;0;12113;12155;0;8,95,97,137,144,147,177,178,179,180,181,182,183,184,225,234,241,249,267,268,272,273,285,292,304,305,307,308,309,317,390,396,400,402,438,591,640,644,645,838,1027,1051,1057,1132,1145,1146,1163,1207,1379,1493,1513,1669,1680,1728,1729,1732,1942,1943,1944,1973,2107,2222,2223,2405,2815,2941,3000,3435,3436,3437,3438,3439,3440,3441,3442,3443,5432,6134,6136,7408,
141;1;12155;12291;0;8,95,97,137,144,147,177,178,179,180,181,182,183,184,225,234,241,249,267,268,272,273,285,292,304,305,307,308,309,317,390,396,400,402,438,591,640,644,645,838,1027,1051,1057,1132,1145,1146,1163,1207,1379,1493,1513,1669,1680,1728,1729,1732,1942,1943,1944,1973,2107,2222,2223,2405,2815,2941,3000,3435,3436,3437,3438,3439,3440,3441,3442,3443,5432,6134,6136,7408,
110;0;12291;12357;1;8,95,97,137,144,147,177,178,179,180,181,182,183,184,225,234,241,249,267,268,272,273,285,292,304,305,307,308,309,317,390,396,400,402,438,591,640,644,645,838,1027,1051,1057,1132,1145,1146,1163,1207,1379,1493,1513,1669,1680,1728,1729,1732,1942,1943,1944,1973,2107,2222,2223,2405,2815,2941,3000,3435,3436,3437,3438,3439,3440,3441,3442,3443,5432,6134,6136,7408,
110;1;12357;12410;1;8,95,97,137,144,147,177,178,179,180,181,182,183,184,225,234,241,249,267,268,272,273,285,292,304,305,307,308,309,317,390,396,400,402,438,591,640,644,645,838,1027,1051,1057,1132,1145,1146,1163,1207,1379,1493,1513,1669,1680,1728,1729,1732,1942,1943,1944,1973,2107,2222,2223,2405,2815,2941,3000,3435,3436,3437,3438,3439,3440,3441,3442,3443,5432,6134,6136,7408,
177;0;12410;12511;0;8,95,97,137,144,147,177,178,179,180,181,182,183,184,225,234,241,249,267,268,272,273,285,292,304,305,307,308,309,317,390,396,400,402,438,591,640,644,645,838,1027,1051,1057,1132,1145,1146,1163,1207,1379,1493,1513,1669,1680,1728,1729,1732,1942,1943,1944,1973,2107,2222,2223,2405,2815,2941,3000,3435,3436,3437,3438,3439,3440,3441,3442,3443,5432,6134,6136,7408,
177;1;12511;12648;0;8,95,97,137,144,147,177,178,179,180,181,182,183,184,225,234,241,249,267,268,272,273,285,292,304,305,307,308,309,317,390,396,400,402,438,591,640,644,645,838,1027,1051,1057,1132,1145,1146,1163,1207,1379,1493,1513,1669,1680,1728,1729,1732,1942,1943,1944,1973,2107,2222,2223,2405,2815,2941,3000,3435,3436,3437,3438,3439,3440,3441,3442,3443,5432,6134,6136,7408,
64;0;12648;12749;1;8,95,97,137,144,147,177,178,179,180,181,182,183,184,225,234,241,249,267,268,272,273,285,292,304,305,307,308,309,317,390,396,400,402,438,591,640,644,645,838,1027,1051,1057,1132,1145,1146,1163,1207,1379,1493,1513,1669,1680,1728,1729,1732,1942,1943,1944,1973,2107,2222,2223,2405,2815,2941,3000,3435,3436,3437,3438,3439,3440,3441,3442,3443,5432,6134,6136,7408,
235;0;12749;12793;0;8,95,97,137,144,147,177,178,179,180,181,182,183,184,225,234,241,249,267,268,272,273,285,292,304,305,307,308,309,317,390,396,400,402,438,591,640,644,645,838,1027,1051,1057,1132,1145,1146,1163,1207,1379,1493,1513,1669,1680,1728,1729,1732,1942,1943,1944,1973,2107,2222,2223,2405,2815,2941,3000,3435,3436,3437,3438,3439,3440,3441,3442,3443,5432,6134,6136,7408,
156;0;12793;12969;0;8,95,97,137,144,147,177,178,179,180,181,182,183,184,225,234,241,249,267,268,272,273,285,292,304,305,307,308,309,317,390,396,400,402,438,591,640,644,645,838,1027,1051,1057,1132,1145,1146,1163,1207,1379,1493,1513,1669,1680,1728,1729,1732,1942,1943,1944,1973,2107,2222,2223,2405,2815,2941,3000,3435,3436,3437,3438,3439,3440,3441,3442,3443,5432,6134,6136,7408,
156;1;12969;12991;0;8,95,97,137,144,147,177,178,179,180,181,182,183,184,225,234,241,249,267,268,272,273,285,292,304,305,307,308,309,317,390,396,400,402,438,591,640,644,645,838,1027,1051,1057,1132,1145,1146,1163,1207,1379,1493,1513,1669,1680,1728,1729,1732,1942,1943,1944,1973,2107,2222,2223,2405,2815,2941,3000,3435,3436,3437,3438,3439,3440,3441,3442,3443,5432,6134,6136,7408,
111;0;12991;13057;1;8,95,97,137,144,147,177,178,179,180,181,182,183,184,225,234,241,249,267,268,272,273,285,292,304,305,307,308,309,317,390,396,400,402,438,591,640,644,645,838,1027,1051,1057,1132,1145,1146,1163,1207,1379,1493,1513,1669,1680,1728,1729,1732,1942,1943,1944,1973,2107,2222,2223,2405,2815,2941,3000,3435,3436,3437,3438,3439,3440,3441,3442,3443,5432,6134,6136,7408,
18;0;13057;13209;1;8,95,97,137,144,147,177,178,179,180,181,182,183,184,225,234,241,249,267,268,272,273,285,292,304,305,307,308,309,317,390,396,400,402,438,591,640,644,645,838,1027,1051,1057,1132,1145,1146,1163,1207,1379,1493,1513,1669,1680,1728,1729,1732,1942,1943,1944,1973,2107,2222,2223,2405,2815,2941,3000,3435,3436,3437,3438,3439,3440,3441,3442,3443,5432,6134,6136,7408,
18;1;13209;13322;1;8,95,97,137,144,147,177,178,179,180,181,182,183,184,225,234,241,249,267,268,272,273,285,292,304,305,307,308,309,317,390,396,400,402,438,591,640,644,645,838,1027,1051,1057,1132,1145,1146,1163,1207,1379,1493,1513,1669,1680,1728,1729,1732,1942,1943,1944,1973,2107,2222,2223,2405,2815,2941,3000,3435,3436,3437,3438,3439,3440,3441,3442,3443,5432,6134,6136,7408,
73;0;13322;13373;1;8,95,97,137,144,147,177,178,179,180,181,182,183,184,225,234,241,249,267,268,272,273,285,292,304,305,307,308,309,317,390,396,400,402,438,591,640,644,645,838,1027,1051,1057,1132,1145,1146,1163,1207,1379,1493,1513,1669,1680,1728,1729,1732,1942,1943,1944,1973,2107,2222,2223,2405,2815,2941,3000,3435,3436,3437,3438,3439,3440,3441,3442,3443,5432,6134,6136,7408,
73;1;13373;13509;1;8,95,97,137,144,147,177,178,179,180,181,182,183,184,225,234,241,249,267,268,272,273,285,292,304,305,307,308,309,317,390,396,400,402,438,591,640,644,645,838,1027,1051,1057,1132,1145,1146,1163,1207,1379,1493,1513,1669,1680,1728,1729,1732,1942,1943,1944,1973,2107,2222,2223,2405,2815,2941,3000,3435,3436,3437,3438,3439,3440,3441,3442,3443,5432,6134,6136,7408,
59;0;13509;13685;1;7,8,27,95,137,144,177,247,249,267,274,276,305,366,390,392,394,457,512,591,728,814,849,1049,1050,1051,1053,1054,1055,1057,1058,1059,1085,1146,1228,1229,1275,1278,1283,1374,1633,1759,2174,2190,2220,2232,2638,2812,2941,2968,3060,3070,3369,3421,3422,3527,3609,3831,3842,3948,4492,4624,4647,4710,4802,4864,5030,5308,6022,6578,7125,7463,8449,8469,8470,8510,8582,8583,8584,8730,
59;1;13685;13721;1;7,8,27,95,137,144,177,247,249,267,274,276,305,366,390,392,394,457,512,591,728,814,849,1049,1050,1051,1053,1054,1055,1057,1058,1059,1085,1146,1228,1229,1275,1278,1283,1374,1633,1759,2174,2190,2220,2232,2638,2812,2941,2968,3060,3070,3369,3421,3422,3527,3609,3831,3842,3948,4492,4624,4647,4710,4802,4864,5030,5308,6022,6578,7125,7463,8449,8469,8470,8510,8582,8583,8584,8730,
54;0;13721;13765;1;7,8,27,95,137,144,177,247,249,267,274,276,305,366,390,392,394,457,512,591,728,814,849,1049,1050,1051,1053,1054,1055,1057,1058,1059,1085,1146,1228,1229,1275,1278,1283,1374,1633,1759,2174,2190,2220,2232,2638,2812,2941,2968,3060,3070,3369,3421,3422,3527,3609,3831,3842,3948,4492,4624,4647,4710,4802,4864,5030,5308,6022,6578,7125,7463,8449,8469,8470,8510,8582,8583,8584,8730,
3;0;13765;13798;1;7,8,27,95,137,144,177,247,249,267,274,276,305,366,390,392,394,457,512,591,728,814,849,1049,1050,1051,1053,1054,1055,1057,1058,1059,1085,1146,1228,1229,1275,1278,1283,1374,1633,1759,2174,2190,2220,2232,2638,2812,2941,2968,3060,3070,3369,3421,3422,3527,3609,3831,3842,3948,4492,4624,4647,4710,4802,4864,5030,5308,6022,6578,7125,7463,8449,8469,8470,8510,8582,8583,8584,8730,
212;0;13798;13897;0;7,8,27,95,137,144,177,247,249,267,274,276,305,366,390,392,394,457,512,591,728,814,849,1049,1050,1051,1053,1054,1055,1057,1058,1059,1085,1146,1228,1229,1275,1278,1283,1374,1633,1759,2174,2190,2220,2232,2638,2812,2941,2968,3060,3070,3369,3421,3422,3527,3609,3831,3842,3948,4492,4624,4647,4710,4802,4864,5030,5308,6022,6578,7125,7463,8449,8469,8470,8510,8582,8583,8584,8730,
212;1;13897;13927;0;7,8,27,95,137,144,177,247,249,267,274,276,305,366,390,392,394,457,512,591,728,814,849,1049,1050,1051,1053,1054,1055,1057,1058,1059,1085,1146,1228,1229,1275,1278,1283,1374,1633,1759,2174,2190,2220,2232,2638,2812,2941,2968,3060,3070,3369,3421,3422,3527,3609,3831,3842,3948,4492,4624,4647,4710,4802,4864,5030,5308,6022,6578,7125,7463,8449,8469,8470,8510,8582,8583,8584,8730,
11;0;13927;13931;1;7,8,27,95,137,144,177,247,249,267,274,276,305,366,390,392,394,457,512,591,728,814,849,1049,1050,1051,1053,1054,1055,1057,1058,1059,1085,1146,1228,1229,1275,1278,1283,1374,1633,1759,2174,2190,2220,2232,2638,2812,2941,2968,3060,3070,3369,3421,3422,3527,3609,3831,3842,3948,4492,4624,4647,4710,4802,4864,5030,5308,6022,6578,7125,7463,8449,8469,8470,8510,8582,8583,8584,8730,
11;1;13931;13980;1;7,8,27,95,137,144,177,247,249,267,274,276,305,366,390,392,394,457,512,591,728,814,849,1049,1050,1051,1053,1054,1055,1057,1058,1059,1085,1146,1228,1229,1275,1278,1283,1374,1633,1759,2174,2190,2220,2232,2638,2812,2941,2968,3060,3070,3369,3421,3422,3527,3609,3831,3842,3948,4492,4624,4647,4710,4802,4864,5030,5308,6022,6578,7125,7463,8449,8469,8470,8510,8582,8583,8584,8730,
53;0;13980;14101;1;7,8,27,95,137,144,177,247,249,267,274,276,305,366,390,392,394,457,512,591,728,814,849,1049,1050,1051,1053,1054,1055,1057,1058,1059,1085,1146,1228,1229,1275,1278,1283,1374,1633,1759,2174,2190,2220,2232,2638,2812,2941,2968,3060,3070,3369,3421,3422,3527,3609,3831,3842,3948,4492,4624,4647,4710,4802,4864,5030,5308,6022,6578,7125,7463,8449,8469,8470,8510,8582,8583,8584,8730,
134;0;14101;14133;0;7,8,27,95,137,144,177,247,249,267,274,276,305,366,390,392,394,457,512,591,728,814,849,1049,1050,1051,1053,1054,1055,1057,1058,1059,1085,1146,1228,1229,1275,1278,1283,1374,1633,1759,2174,2190,2220,2232,2638,2812,2941,2968,3060,3070,3369,3421,3422,3527,3609,3831,3842,3948,4492,4624,4647,4710,4802,4864,5030,5308,6022,6578,7125,7463,8449,8469,8470,8510,8582,8583,8584,8730,
134;1;14133;14297;0;7,8,27,95,137,144,177,247,249,267,274,276,305,366,390,392,394,457,512,591,728,814,849,1049,1050,1051,1053,1054,1055,1057,1058,1059,1085,1146,1228,1229,1275,1278,1283,1374,1633,1759,2174,2190,2220,2232,2638,2812,2941,2968,3060,3070,3369,3421,3422,3527,3609,3831,3842,3948,4492,4624,4647,4710,4802,4864,5030,5308,6022,6578,7125,7463,8449,8469,8470,8510,8582,8583,8584,8730,
43;0;14297;14366;1;7,8,27,95,137,144,177,247,249,267,274,276,305,366,390,392,394,457,512,591,728,814,849,1049,1050,1051,1053,1054,1055,1057,1058,1059,1085,1146,1228,1229,1275,1278,1283,1374,1633,1759,2174,2190,2220,2232,2638,2812,2941,2968,3060,3070,3369,3421,3422,3527,3609,3831,3842,3948,4492,4624,4647,4710,4802,4864,5030,5308,6022,6578,7125,7463,8449,8469,8470,8510,8582,8583,8584,8730,
END
fineshedJobsCount: 336
switchs: 1736
switchsInstances: 46
unfineshedPriorityCount: 2
totalUnfineshed: 63
Final Solution: 7824
Time: 596587
PTL: 598
MCMC: 481
Best Initial: 3527
Mean Initial: 3243.64
