./input/BaseInstances/2M1_n=10,r=0.5,t=17,v0.txt;./input/Processed/ToolSetInt.csv
7;720;1440
Machine: 0
0;0;0;39;1;0,1,2,3,4,5,6,7,8,9,10,11,12,13,14,15,16,
0;1;39;107;1;0,1,2,3,4,5,6,7,8,9,10,11,12,13,14,15,16,
2;0;107;118;1;0,1,2,3,4,5,6,7,8,9,10,11,12,13,14,15,16,
4;0;118;248;1;0,1,2,3,4,5,6,7,8,9,10,11,12,13,14,15,16,
Machine: 1
5;0;0;30;1;0,1,2,3,4,5,6,7,8,9,10,11,12,13,14,15,16,
5;1;30;177;1;0,1,2,3,4,5,6,7,8,9,10,11,12,13,14,15,16,
1;0;177;329;0;0,1,2,3,4,5,6,7,8,9,10,11,12,13,14,15,16,
1;1;329;368;0;0,1,2,3,4,5,6,7,8,9,10,11,12,13,14,15,16,
3;0;368;466;0;0,1,2,3,4,5,6,7,8,9,10,11,12,13,14,15,16,
3;1;466;494;0;0,1,2,3,4,5,6,7,8,9,10,11,12,13,14,15,16,
END
fineshedJobsCount: 10
switchs: 0
switchsInstances: 0
unfineshedPriorityCount: 0
totalUnfineshed: 0
criticalMachineSwitchs: 0
criticalMachineTime: 494
Final Solution: 300
Time: 3230
PTL: -1
MCMC: -1
Best Initial: 300
Mean Initial: 300
