./input/BaseInstances/6M2_n=20,r=0.4,t=20,v0.txt;./input/Processed/ToolSetInt.csv
7;720;1440
Machine: 0
3;0;0;49;1;0,1,2,3,4,5,6,7,8,9,10,11,12,13,14,15,16,17,18,19,
7;0;49;147;1;0,1,2,3,4,5,6,7,8,9,10,11,12,13,14,15,16,17,18,19,
7;1;147;321;1;0,1,2,3,4,5,6,7,8,9,10,11,12,13,14,15,16,17,18,19,
0;0;321;401;1;0,1,2,3,4,5,6,7,8,9,10,11,12,13,14,15,16,17,18,19,
0;1;401;447;1;0,1,2,3,4,5,6,7,8,9,10,11,12,13,14,15,16,17,18,19,
Machine: 1
11;0;0;66;1;0,1,2,3,4,5,6,7,8,9,10,11,12,13,14,15,16,17,18,19,
13;0;66;117;1;0,1,2,3,4,5,6,7,8,9,10,11,12,13,14,15,16,17,18,19,
10;0;117;220;1;0,1,2,3,4,5,6,7,8,9,10,11,12,13,14,15,16,17,18,19,
Machine: 2
4;0;0;84;1;0,1,2,3,4,5,6,7,8,9,10,11,12,13,14,15,16,17,18,19,
4;1;84;181;1;0,1,2,3,4,5,6,7,8,9,10,11,12,13,14,15,16,17,18,19,
5;0;181;210;0;0,1,2,3,4,5,6,7,8,9,10,11,12,13,14,15,16,17,18,19,
Machine: 3
8;0;0;77;0;0,1,2,3,4,5,6,7,8,9,10,11,12,13,14,15,16,17,18,19,
1;0;77;224;0;0,1,2,3,4,5,6,7,8,9,10,11,12,13,14,15,16,17,18,19,
Machine: 4
6;0;0;131;0;0,1,2,3,4,5,6,7,8,9,10,11,12,13,14,15,16,17,18,19,
2;0;131;254;0;0,1,2,3,4,5,6,7,8,9,10,11,12,13,14,15,16,17,18,19,
2;1;254;301;0;0,1,2,3,4,5,6,7,8,9,10,11,12,13,14,15,16,17,18,19,
Machine: 5
9;0;0;50;0;0,1,2,3,4,5,6,7,8,9,10,11,12,13,14,15,16,17,18,19,
9;1;50;110;0;0,1,2,3,4,5,6,7,8,9,10,11,12,13,14,15,16,17,18,19,
12;0;110;210;0;0,1,2,3,4,5,6,7,8,9,10,11,12,13,14,15,16,17,18,19,
12;1;210;263;0;0,1,2,3,4,5,6,7,8,9,10,11,12,13,14,15,16,17,18,19,
END
fineshedJobsCount: 20
switchs: 0
switchsInstances: 0
unfineshedPriorityCount: 0
totalUnfineshed: 0
criticalMachineSwitchs: 0
criticalMachineTime: 447
Final Solution: 600
Time: 15596
PTL: -1
MCMC: -1
Best Initial: 600
Mean Initial: 600
