./input/BaseInstances/6M1_n=210,r=0.6,t=266,v0.txt;./input/Processed/ToolSetInt.csv
7;720;1440
Machine: 0
0;0;0;29;1;0,1,2,3,4,5,6,7,8,9,10,11,12,13,14,15,20,27,36,38,52,53,54,55,56,57,58,59,60,61,62,63,64,67,69,77,82,90,115,116,117,120,135,151,152,153,154,155,156,157,167,168,169,177,179,193,194,195,196,197,198,199,207,208,216,220,221,222,223,224,225,226,227,228,240,248,249,250,251,252,
0;1;29;84;1;0,1,2,3,4,5,6,7,8,9,10,11,12,13,14,15,20,27,36,38,52,53,54,55,56,57,58,59,60,61,62,63,64,67,69,77,82,90,115,116,117,120,135,151,152,153,154,155,156,157,167,168,169,177,179,193,194,195,196,197,198,199,207,208,216,220,221,222,223,224,225,226,227,228,240,248,249,250,251,252,
80;0;84;161;0;0,1,2,3,4,5,6,7,8,9,10,11,12,13,14,15,20,27,36,38,52,53,54,55,56,57,58,59,60,61,62,63,64,67,69,77,82,90,115,116,117,120,135,151,152,153,154,155,156,157,167,168,169,177,179,193,194,195,196,197,198,199,207,208,216,220,221,222,223,224,225,226,227,228,240,248,249,250,251,252,
85;0;161;188;0;0,1,2,3,4,5,6,7,8,9,10,11,12,13,14,15,20,27,36,38,52,53,54,55,56,57,58,59,60,61,62,63,64,67,69,77,82,90,115,116,117,120,135,151,152,153,154,155,156,157,167,168,169,177,179,193,194,195,196,197,198,199,207,208,216,220,221,222,223,224,225,226,227,228,240,248,249,250,251,252,
91;0;188;351;1;0,1,2,3,4,5,6,7,8,9,10,11,12,13,14,15,20,27,36,38,52,53,54,55,56,57,58,59,60,61,62,63,64,67,69,77,82,90,115,116,117,120,135,151,152,153,154,155,156,157,167,168,169,177,179,193,194,195,196,197,198,199,207,208,216,220,221,222,223,224,225,226,227,228,240,248,249,250,251,252,
91;1;351;500;1;0,1,2,3,4,5,6,7,8,9,10,11,12,13,14,15,20,27,36,38,52,53,54,55,56,57,58,59,60,61,62,63,64,67,69,77,82,90,115,116,117,120,135,151,152,153,154,155,156,157,167,168,169,177,179,193,194,195,196,197,198,199,207,208,216,220,221,222,223,224,225,226,227,228,240,248,249,250,251,252,
129;0;500;544;1;0,1,2,3,4,5,6,7,8,9,10,11,12,13,14,15,20,27,36,38,52,53,54,55,56,57,58,59,60,61,62,63,64,67,69,77,82,90,115,116,117,120,135,151,152,153,154,155,156,157,167,168,169,177,179,193,194,195,196,197,198,199,207,208,216,220,221,222,223,224,225,226,227,228,240,248,249,250,251,252,
129;1;544;720;1;0,1,2,3,4,5,6,7,8,9,10,11,12,13,14,15,20,27,36,38,52,53,54,55,56,57,58,59,60,61,62,63,64,67,69,77,82,90,115,116,117,120,135,151,152,153,154,155,156,157,167,168,169,177,179,193,194,195,196,197,198,199,207,208,216,220,221,222,223,224,225,226,227,228,240,248,249,250,251,252,
125;0;720;759;0;0,1,2,3,4,5,6,7,8,9,10,11,12,13,14,15,20,27,36,38,52,53,54,55,56,57,58,59,60,61,62,63,64,67,69,77,82,90,115,116,117,120,135,151,152,153,154,155,156,157,167,168,169,177,179,193,194,195,196,197,198,199,207,208,216,220,221,222,223,224,225,226,227,228,240,248,249,250,251,252,
93;0;759;858;0;0,1,2,3,4,5,6,7,8,9,10,11,12,13,14,15,20,27,36,38,52,53,54,55,56,57,58,59,60,61,62,63,64,67,69,77,82,90,115,116,117,120,135,151,152,153,154,155,156,157,167,168,169,177,179,193,194,195,196,197,198,199,207,208,216,220,221,222,223,224,225,226,227,228,240,248,249,250,251,252,
93;1;858;973;0;0,1,2,3,4,5,6,7,8,9,10,11,12,13,14,15,20,27,36,38,52,53,54,55,56,57,58,59,60,61,62,63,64,67,69,77,82,90,115,116,117,120,135,151,152,153,154,155,156,157,167,168,169,177,179,193,194,195,196,197,198,199,207,208,216,220,221,222,223,224,225,226,227,228,240,248,249,250,251,252,
59;0;973;978;1;0,1,2,3,4,5,6,7,8,9,10,11,12,13,14,15,20,27,36,38,52,53,54,55,56,57,58,59,60,61,62,63,64,67,69,77,82,90,115,116,117,120,135,151,152,153,154,155,156,157,167,168,169,177,179,193,194,195,196,197,198,199,207,208,216,220,221,222,223,224,225,226,227,228,240,248,249,250,251,252,
59;1;978;1102;1;0,1,2,3,4,5,6,7,8,9,10,11,12,13,14,15,20,27,36,38,52,53,54,55,56,57,58,59,60,61,62,63,64,67,69,77,82,90,115,116,117,120,135,151,152,153,154,155,156,157,167,168,169,177,179,193,194,195,196,197,198,199,207,208,216,220,221,222,223,224,225,226,227,228,240,248,249,250,251,252,
67;0;1102;1157;0;0,1,2,3,4,5,6,7,8,9,10,11,12,13,14,15,20,27,36,38,52,53,54,55,56,57,58,59,60,61,62,63,64,67,69,77,82,90,115,116,117,120,135,151,152,153,154,155,156,157,167,168,169,177,179,193,194,195,196,197,198,199,207,208,216,220,221,222,223,224,225,226,227,228,240,248,249,250,251,252,
113;0;1157;1304;0;0,1,2,3,4,5,6,7,8,9,10,11,12,13,14,15,20,27,36,38,52,53,54,55,56,57,58,59,60,61,62,63,64,67,69,77,82,90,115,116,117,120,135,151,152,153,154,155,156,157,167,168,169,177,179,193,194,195,196,197,198,199,207,208,216,220,221,222,223,224,225,226,227,228,240,248,249,250,251,252,
113;1;1304;1393;0;0,1,2,3,4,5,6,7,8,9,10,11,12,13,14,15,20,27,36,38,52,53,54,55,56,57,58,59,60,61,62,63,64,67,69,77,82,90,115,116,117,120,135,151,152,153,154,155,156,157,167,168,169,177,179,193,194,195,196,197,198,199,207,208,216,220,221,222,223,224,225,226,227,228,240,248,249,250,251,252,
20;0;1393;1466;0;0,1,2,3,4,5,6,7,8,9,10,11,12,13,14,15,20,27,36,38,52,53,54,55,56,57,58,59,60,61,62,63,64,67,69,77,82,90,115,116,117,120,135,151,152,153,154,155,156,157,167,168,169,177,179,193,194,195,196,197,198,199,207,208,216,220,221,222,223,224,225,226,227,228,240,248,249,250,251,252,
86;0;1466;1640;1;0,1,2,3,4,5,6,7,8,9,10,11,12,13,14,15,20,27,36,38,52,53,54,55,56,57,58,59,60,61,62,63,64,67,69,77,82,90,115,116,117,120,135,151,152,153,154,155,156,157,167,168,169,177,179,193,194,195,196,197,198,199,207,208,216,220,221,222,223,224,225,226,227,228,240,248,249,250,251,252,
86;1;1640;1815;1;0,1,2,3,4,5,6,7,8,9,10,11,12,13,14,15,20,27,36,38,52,53,54,55,56,57,58,59,60,61,62,63,64,67,69,77,82,90,115,116,117,120,135,151,152,153,154,155,156,157,167,168,169,177,179,193,194,195,196,197,198,199,207,208,216,220,221,222,223,224,225,226,227,228,240,248,249,250,251,252,
84;0;1815;1941;1;0,1,2,3,4,5,6,7,8,9,10,11,12,13,14,15,20,27,36,38,52,53,54,55,56,57,58,59,60,61,62,63,64,67,69,77,82,90,115,116,117,120,135,151,152,153,154,155,156,157,167,168,169,177,179,193,194,195,196,197,198,199,207,208,216,220,221,222,223,224,225,226,227,228,240,248,249,250,251,252,
84;1;1941;1956;1;0,1,2,3,4,5,6,7,8,9,10,11,12,13,14,15,20,27,36,38,52,53,54,55,56,57,58,59,60,61,62,63,64,67,69,77,82,90,115,116,117,120,135,151,152,153,154,155,156,157,167,168,169,177,179,193,194,195,196,197,198,199,207,208,216,220,221,222,223,224,225,226,227,228,240,248,249,250,251,252,
108;0;1956;1962;0;0,1,2,3,4,5,6,7,8,9,10,11,12,13,14,15,20,27,36,38,52,53,54,55,56,57,58,59,60,61,62,63,64,67,69,77,82,90,115,116,117,120,135,151,152,153,154,155,156,157,167,168,169,177,179,193,194,195,196,197,198,199,207,208,216,220,221,222,223,224,225,226,227,228,240,248,249,250,251,252,
108;1;1962;2039;0;0,1,2,3,4,5,6,7,8,9,10,11,12,13,14,15,20,27,36,38,52,53,54,55,56,57,58,59,60,61,62,63,64,67,69,77,82,90,115,116,117,120,135,151,152,153,154,155,156,157,167,168,169,177,179,193,194,195,196,197,198,199,207,208,216,220,221,222,223,224,225,226,227,228,240,248,249,250,251,252,
44;0;2039;2044;1;0,1,2,3,4,5,6,7,8,9,10,11,12,13,14,15,20,27,36,38,52,53,54,55,56,57,58,59,60,61,62,63,64,67,69,77,82,90,115,116,117,120,135,151,152,153,154,155,156,157,167,168,169,177,179,193,194,195,196,197,198,199,207,208,216,220,221,222,223,224,225,226,227,228,240,248,249,250,251,252,
44;1;2044;2083;1;0,1,2,3,4,5,6,7,8,9,10,11,12,13,14,15,20,27,36,38,52,53,54,55,56,57,58,59,60,61,62,63,64,67,69,77,82,90,115,116,117,120,135,151,152,153,154,155,156,157,167,168,169,177,179,193,194,195,196,197,198,199,207,208,216,220,221,222,223,224,225,226,227,228,240,248,249,250,251,252,
38;0;2083;2245;0;0,1,2,3,4,5,6,7,8,9,10,11,12,13,14,15,20,27,36,38,52,53,54,55,56,57,58,59,60,61,62,63,64,67,69,77,82,90,115,116,117,120,135,151,152,153,154,155,156,157,167,168,169,177,179,193,194,195,196,197,198,199,207,208,216,220,221,222,223,224,225,226,227,228,240,248,249,250,251,252,
38;1;2245;2321;0;0,1,2,3,4,5,6,7,8,9,10,11,12,13,14,15,20,27,36,38,52,53,54,55,56,57,58,59,60,61,62,63,64,67,69,77,82,90,115,116,117,120,135,151,152,153,154,155,156,157,167,168,169,177,179,193,194,195,196,197,198,199,207,208,216,220,221,222,223,224,225,226,227,228,240,248,249,250,251,252,
10;0;2321;2417;0;0,1,2,3,4,5,6,7,8,9,10,11,12,13,14,15,20,27,36,38,52,53,54,55,56,57,58,59,60,61,62,63,64,67,69,77,82,90,115,116,117,120,135,151,152,153,154,155,156,157,167,168,169,177,179,193,194,195,196,197,198,199,207,208,216,220,221,222,223,224,225,226,227,228,240,248,249,250,251,252,
112;0;2417;2467;0;0,1,2,3,4,5,6,7,8,9,10,11,12,13,14,15,20,27,36,38,52,53,54,55,56,57,58,59,60,61,62,63,64,67,69,77,82,90,115,116,117,120,135,151,152,153,154,155,156,157,167,168,169,177,179,193,194,195,196,197,198,199,207,208,216,220,221,222,223,224,225,226,227,228,240,248,249,250,251,252,
75;0;2467;2582;0;0,1,2,3,4,5,6,7,8,9,10,11,12,13,14,15,20,27,36,38,52,53,54,55,56,57,58,59,60,61,62,63,64,67,69,77,82,90,115,116,117,120,135,151,152,153,154,155,156,157,167,168,169,177,179,193,194,195,196,197,198,199,207,208,216,220,221,222,223,224,225,226,227,228,240,248,249,250,251,252,
109;0;2582;2642;1;0,1,2,3,4,5,6,7,8,9,10,11,12,13,14,15,20,27,36,38,52,53,54,55,56,57,58,59,60,61,62,63,64,67,69,77,82,90,115,116,117,120,135,151,152,153,154,155,156,157,167,168,169,177,179,193,194,195,196,197,198,199,207,208,216,220,221,222,223,224,225,226,227,228,240,248,249,250,251,252,
109;1;2642;2751;1;0,1,2,3,4,5,6,7,8,9,10,11,12,13,14,15,20,27,36,38,52,53,54,55,56,57,58,59,60,61,62,63,64,67,69,77,82,90,115,116,117,120,135,151,152,153,154,155,156,157,167,168,169,177,179,193,194,195,196,197,198,199,207,208,216,220,221,222,223,224,225,226,227,228,240,248,249,250,251,252,
69;0;2751;2845;1;0,1,2,3,4,5,6,7,8,9,10,11,12,13,14,15,20,27,36,38,52,53,54,55,56,57,58,59,60,61,62,63,64,67,69,77,82,90,115,116,117,120,135,151,152,153,154,155,156,157,167,168,169,177,179,193,194,195,196,197,198,199,207,208,216,220,221,222,223,224,225,226,227,228,240,248,249,250,251,252,
69;1;2845;2878;1;0,1,2,3,4,5,6,7,8,9,10,11,12,13,14,15,20,27,36,38,52,53,54,55,56,57,58,59,60,61,62,63,64,67,69,77,82,90,115,116,117,120,135,151,152,153,154,155,156,157,167,168,169,177,179,193,194,195,196,197,198,199,207,208,216,220,221,222,223,224,225,226,227,228,240,248,249,250,251,252,
31;0;2878;3025;1;0,1,2,3,4,5,6,7,8,9,10,11,12,13,14,15,20,27,36,38,52,53,54,55,56,57,58,59,60,61,62,63,64,67,69,77,82,90,115,116,117,120,135,151,152,153,154,155,156,157,167,168,169,177,179,193,194,195,196,197,198,199,207,208,216,220,221,222,223,224,225,226,227,228,240,248,249,250,251,252,
31;1;3025;3097;1;0,1,2,3,4,5,6,7,8,9,10,11,12,13,14,15,20,27,36,38,52,53,54,55,56,57,58,59,60,61,62,63,64,67,69,77,82,90,115,116,117,120,135,151,152,153,154,155,156,157,167,168,169,177,179,193,194,195,196,197,198,199,207,208,216,220,221,222,223,224,225,226,227,228,240,248,249,250,251,252,
Machine: 1
111;0;0;129;1;0,1,2,3,4,5,6,7,8,9,10,11,12,13,14,15,16,17,18,19,20,21,22,23,24,25,26,27,28,29,30,31,36,38,53,57,62,63,64,67,69,70,71,73,77,82,84,85,90,100,103,104,115,116,135,151,153,154,155,167,168,177,191,193,194,196,206,207,208,216,220,221,235,238,239,242,244,249,250,251,
111;1;129;152;1;0,1,2,3,4,5,6,7,8,9,10,11,12,13,14,15,16,17,18,19,20,21,22,23,24,25,26,27,28,29,30,31,36,38,53,57,62,63,64,67,69,70,71,73,77,82,84,85,90,100,103,104,115,116,135,151,153,154,155,167,168,177,191,193,194,196,206,207,208,216,220,221,235,238,239,242,244,249,250,251,
60;0;152;317;0;0,1,2,3,4,5,6,7,8,9,10,11,12,13,14,15,16,17,18,19,20,21,22,23,24,25,26,27,28,29,30,31,36,38,53,57,62,63,64,67,69,70,71,73,77,82,84,85,90,100,103,104,115,116,135,151,153,154,155,167,168,177,191,193,194,196,206,207,208,216,220,221,235,238,239,242,244,249,250,251,
37;0;317;367;0;0,1,2,3,4,5,6,7,8,9,10,11,12,13,14,15,16,17,18,19,20,21,22,23,24,25,26,27,28,29,30,31,36,38,53,57,62,63,64,67,69,70,71,73,77,82,84,85,90,100,103,104,115,116,135,151,153,154,155,167,168,177,191,193,194,196,206,207,208,216,220,221,235,238,239,242,244,249,250,251,
123;0;367;487;0;0,1,2,3,4,5,6,7,8,9,10,11,12,13,14,15,16,17,18,19,20,21,22,23,24,25,26,27,28,29,30,31,36,38,53,57,62,63,64,67,69,70,71,73,77,82,84,85,90,100,103,104,115,116,135,151,153,154,155,167,168,177,191,193,194,196,206,207,208,216,220,221,235,238,239,242,244,249,250,251,
123;1;487;542;0;0,1,2,3,4,5,6,7,8,9,10,11,12,13,14,15,16,17,18,19,20,21,22,23,24,25,26,27,28,29,30,31,36,38,53,57,62,63,64,67,69,70,71,73,77,82,84,85,90,100,103,104,115,116,135,151,153,154,155,167,168,177,191,193,194,196,206,207,208,216,220,221,235,238,239,242,244,249,250,251,
73;0;542;708;0;0,1,2,3,4,5,6,7,8,9,10,11,12,13,14,15,16,17,18,19,20,21,22,23,24,25,26,27,28,29,30,31,36,38,53,57,62,63,64,67,69,70,71,73,77,82,84,85,90,100,103,104,115,116,135,151,153,154,155,167,168,177,191,193,194,196,206,207,208,216,220,221,235,238,239,242,244,249,250,251,
73;1;708;792;0;0,1,2,3,4,5,6,7,8,9,10,11,12,13,14,15,16,17,18,19,20,21,22,23,24,25,26,27,28,29,30,31,36,38,53,57,62,63,64,67,69,70,71,73,77,82,84,85,90,100,103,104,115,116,135,151,153,154,155,167,168,177,191,193,194,196,206,207,208,216,220,221,235,238,239,242,244,249,250,251,
22;0;792;901;0;0,1,2,3,4,5,6,7,8,9,10,11,12,13,14,15,16,17,18,19,20,21,22,23,24,25,26,27,28,29,30,31,36,38,53,57,62,63,64,67,69,70,71,73,77,82,84,85,90,100,103,104,115,116,135,151,153,154,155,167,168,177,191,193,194,196,206,207,208,216,220,221,235,238,239,242,244,249,250,251,
102;0;901;952;0;0,1,2,3,4,5,6,7,8,9,10,11,12,13,14,15,16,17,18,19,20,21,22,23,24,25,26,27,28,29,30,31,36,38,53,57,62,63,64,67,69,70,71,73,77,82,84,85,90,100,103,104,115,116,135,151,153,154,155,167,168,177,191,193,194,196,206,207,208,216,220,221,235,238,239,242,244,249,250,251,
118;0;952;1126;0;0,1,2,3,4,5,6,7,8,9,10,11,12,13,14,15,16,17,18,19,20,21,22,23,24,25,26,27,28,29,30,31,36,38,53,57,62,63,64,67,69,70,71,73,77,82,84,85,90,100,103,104,115,116,135,151,153,154,155,167,168,177,191,193,194,196,206,207,208,216,220,221,235,238,239,242,244,249,250,251,
118;1;1126;1301;0;0,1,2,3,4,5,6,7,8,9,10,11,12,13,14,15,16,17,18,19,20,21,22,23,24,25,26,27,28,29,30,31,36,38,53,57,62,63,64,67,69,70,71,73,77,82,84,85,90,100,103,104,115,116,135,151,153,154,155,167,168,177,191,193,194,196,206,207,208,216,220,221,235,238,239,242,244,249,250,251,
81;0;1301;1366;1;0,1,2,3,4,5,6,7,8,9,10,11,12,13,14,15,16,17,18,19,20,21,22,23,24,25,26,27,28,29,30,31,36,38,53,57,62,63,64,67,69,70,71,73,77,82,84,85,90,100,103,104,115,116,135,151,153,154,155,167,168,177,191,193,194,196,206,207,208,216,220,221,235,238,239,242,244,249,250,251,
81;1;1366;1475;1;0,1,2,3,4,5,6,7,8,9,10,11,12,13,14,15,16,17,18,19,20,21,22,23,24,25,26,27,28,29,30,31,36,38,53,57,62,63,64,67,69,70,71,73,77,82,84,85,90,100,103,104,115,116,135,151,153,154,155,167,168,177,191,193,194,196,206,207,208,216,220,221,235,238,239,242,244,249,250,251,
87;0;1475;1511;0;0,1,2,3,4,5,6,7,8,9,10,11,12,13,14,15,16,17,18,19,20,21,22,23,24,25,26,27,28,29,30,31,36,38,53,57,62,63,64,67,69,70,71,73,77,82,84,85,90,100,103,104,115,116,135,151,153,154,155,167,168,177,191,193,194,196,206,207,208,216,220,221,235,238,239,242,244,249,250,251,
96;0;1511;1655;1;0,1,2,3,4,5,6,7,8,9,10,11,12,13,14,15,16,17,18,19,20,21,22,23,24,25,26,27,28,29,30,31,36,38,53,57,62,63,64,67,69,70,71,73,77,82,84,85,90,100,103,104,115,116,135,151,153,154,155,167,168,177,191,193,194,196,206,207,208,216,220,221,235,238,239,242,244,249,250,251,
96;1;1655;1831;1;0,1,2,3,4,5,6,7,8,9,10,11,12,13,14,15,16,17,18,19,20,21,22,23,24,25,26,27,28,29,30,31,36,38,53,57,62,63,64,67,69,70,71,73,77,82,84,85,90,100,103,104,115,116,135,151,153,154,155,167,168,177,191,193,194,196,206,207,208,216,220,221,235,238,239,242,244,249,250,251,
107;0;1831;1843;0;0,1,2,3,4,5,6,7,8,9,10,11,12,13,14,15,16,17,18,19,20,21,22,23,24,25,26,27,28,29,30,31,36,38,53,57,62,63,64,67,69,70,71,73,77,82,84,85,90,100,103,104,115,116,135,151,153,154,155,167,168,177,191,193,194,196,206,207,208,216,220,221,235,238,239,242,244,249,250,251,
50;0;1843;1982;0;0,1,2,3,4,5,6,7,8,9,10,11,12,13,14,15,16,17,18,19,20,21,22,23,24,25,26,27,28,29,30,31,36,38,53,57,62,63,64,67,69,70,71,73,77,82,84,85,90,100,103,104,115,116,135,151,153,154,155,167,168,177,191,193,194,196,206,207,208,216,220,221,235,238,239,242,244,249,250,251,
114;0;1982;2060;1;0,1,2,3,4,5,6,7,8,9,10,11,12,13,14,15,16,17,18,19,20,21,22,23,24,25,26,27,28,29,30,31,36,38,53,57,62,63,64,67,69,70,71,73,77,82,84,85,90,100,103,104,115,116,135,151,153,154,155,167,168,177,191,193,194,196,206,207,208,216,220,221,235,238,239,242,244,249,250,251,
114;1;2060;2141;1;0,1,2,3,4,5,6,7,8,9,10,11,12,13,14,15,16,17,18,19,20,21,22,23,24,25,26,27,28,29,30,31,36,38,53,57,62,63,64,67,69,70,71,73,77,82,84,85,90,100,103,104,115,116,135,151,153,154,155,167,168,177,191,193,194,196,206,207,208,216,220,221,235,238,239,242,244,249,250,251,
106;0;2141;2316;1;0,1,2,3,4,5,6,7,8,9,10,11,12,13,14,15,16,17,18,19,20,21,22,23,24,25,26,27,28,29,30,31,36,38,53,57,62,63,64,67,69,70,71,73,77,82,84,85,90,100,103,104,115,116,135,151,153,154,155,167,168,177,191,193,194,196,206,207,208,216,220,221,235,238,239,242,244,249,250,251,
106;1;2316;2478;1;0,1,2,3,4,5,6,7,8,9,10,11,12,13,14,15,16,17,18,19,20,21,22,23,24,25,26,27,28,29,30,31,36,38,53,57,62,63,64,67,69,70,71,73,77,82,84,85,90,100,103,104,115,116,135,151,153,154,155,167,168,177,191,193,194,196,206,207,208,216,220,221,235,238,239,242,244,249,250,251,
94;0;2478;2579;1;0,1,2,3,4,5,6,7,8,9,10,11,12,13,14,15,16,17,18,19,20,21,22,23,24,25,26,27,28,29,30,31,36,38,53,57,62,63,64,67,69,70,71,73,77,82,84,85,90,100,103,104,115,116,135,151,153,154,155,167,168,177,191,193,194,196,206,207,208,216,220,221,235,238,239,242,244,249,250,251,
94;1;2579;2624;1;0,1,2,3,4,5,6,7,8,9,10,11,12,13,14,15,16,17,18,19,20,21,22,23,24,25,26,27,28,29,30,31,36,38,53,57,62,63,64,67,69,70,71,73,77,82,84,85,90,100,103,104,115,116,135,151,153,154,155,167,168,177,191,193,194,196,206,207,208,216,220,221,235,238,239,242,244,249,250,251,
83;0;2624;2654;0;0,1,2,3,4,5,6,7,8,9,10,11,12,13,14,15,16,17,18,19,20,21,22,23,24,25,26,27,28,29,30,31,36,38,53,57,62,63,64,67,69,70,71,73,77,82,84,85,90,100,103,104,115,116,135,151,153,154,155,167,168,177,191,193,194,196,206,207,208,216,220,221,235,238,239,242,244,249,250,251,
83;1;2654;2755;0;0,1,2,3,4,5,6,7,8,9,10,11,12,13,14,15,16,17,18,19,20,21,22,23,24,25,26,27,28,29,30,31,36,38,53,57,62,63,64,67,69,70,71,73,77,82,84,85,90,100,103,104,115,116,135,151,153,154,155,167,168,177,191,193,194,196,206,207,208,216,220,221,235,238,239,242,244,249,250,251,
70;0;2755;2892;0;0,1,2,3,4,5,6,7,8,9,10,11,12,13,14,15,16,17,18,19,20,21,22,23,24,25,26,27,28,29,30,31,36,38,53,57,62,63,64,67,69,70,71,73,77,82,84,85,90,100,103,104,115,116,135,151,153,154,155,167,168,177,191,193,194,196,206,207,208,216,220,221,235,238,239,242,244,249,250,251,
6;0;2892;3053;1;0,1,2,3,4,5,6,7,8,9,10,11,12,13,14,15,16,17,18,19,20,21,22,23,24,25,26,27,28,29,30,31,36,38,53,57,62,63,64,67,69,70,71,73,77,82,84,85,90,100,103,104,115,116,135,151,153,154,155,167,168,177,191,193,194,196,206,207,208,216,220,221,235,238,239,242,244,249,250,251,
6;1;3053;3143;1;0,1,2,3,4,5,6,7,8,9,10,11,12,13,14,15,16,17,18,19,20,21,22,23,24,25,26,27,28,29,30,31,36,38,53,57,62,63,64,67,69,70,71,73,77,82,84,85,90,100,103,104,115,116,135,151,153,154,155,167,168,177,191,193,194,196,206,207,208,216,220,221,235,238,239,242,244,249,250,251,
53;0;3143;3154;0;0,1,2,3,4,5,6,7,8,9,10,11,12,13,14,15,16,17,18,19,20,21,22,23,24,25,26,27,28,29,30,31,36,38,53,57,62,63,64,67,69,70,71,73,77,82,84,85,90,100,103,104,115,116,135,151,153,154,155,167,168,177,191,193,194,196,206,207,208,216,220,221,235,238,239,242,244,249,250,251,
53;1;3154;3214;0;0,1,2,3,4,5,6,7,8,9,10,11,12,13,14,15,16,17,18,19,20,21,22,23,24,25,26,27,28,29,30,31,36,38,53,57,62,63,64,67,69,70,71,73,77,82,84,85,90,100,103,104,115,116,135,151,153,154,155,167,168,177,191,193,194,196,206,207,208,216,220,221,235,238,239,242,244,249,250,251,
51;0;3214;3363;1;0,1,2,3,4,5,6,7,8,9,10,11,12,13,14,15,16,17,18,19,20,21,22,23,24,25,26,27,28,29,30,31,36,38,53,57,62,63,64,67,69,70,71,73,77,82,84,85,90,100,103,104,115,116,135,151,153,154,155,167,168,177,191,193,194,196,206,207,208,216,220,221,235,238,239,242,244,249,250,251,
51;1;3363;3500;1;0,1,2,3,4,5,6,7,8,9,10,11,12,13,14,15,16,17,18,19,20,21,22,23,24,25,26,27,28,29,30,31,36,38,53,57,62,63,64,67,69,70,71,73,77,82,84,85,90,100,103,104,115,116,135,151,153,154,155,167,168,177,191,193,194,196,206,207,208,216,220,221,235,238,239,242,244,249,250,251,
101;0;3500;3648;1;0,1,2,3,4,5,6,7,8,9,10,11,12,13,14,15,16,17,18,19,20,21,22,23,24,25,26,27,28,29,30,31,36,38,53,57,62,63,64,67,69,70,71,73,77,82,84,85,90,100,103,104,115,116,135,151,153,154,155,167,168,177,191,193,194,196,206,207,208,216,220,221,235,238,239,242,244,249,250,251,
101;1;3648;3670;1;0,1,2,3,4,5,6,7,8,9,10,11,12,13,14,15,16,17,18,19,20,21,22,23,24,25,26,27,28,29,30,31,36,38,53,57,62,63,64,67,69,70,71,73,77,82,84,85,90,100,103,104,115,116,135,151,153,154,155,167,168,177,191,193,194,196,206,207,208,216,220,221,235,238,239,242,244,249,250,251,
Machine: 2
49;0;0;98;1;0,1,2,3,4,5,6,10,11,12,13,14,15,16,17,18,19,20,22,24,29,36,37,38,48,53,57,63,64,65,66,67,68,69,77,81,84,85,106,113,115,134,135,151,153,155,156,171,177,191,193,194,195,196,197,198,199,208,216,218,221,237,238,239,240,241,242,243,244,245,250,253,254,255,256,257,258,259,260,261,
49;1;98;171;1;0,1,2,3,4,5,6,10,11,12,13,14,15,16,17,18,19,20,22,24,29,36,37,38,48,53,57,63,64,65,66,67,68,69,77,81,84,85,106,113,115,134,135,151,153,155,156,171,177,191,193,194,195,196,197,198,199,208,216,218,221,237,238,239,240,241,242,243,244,245,250,253,254,255,256,257,258,259,260,261,
41;0;171;261;1;0,1,2,3,4,5,6,10,11,12,13,14,15,16,17,18,19,20,22,24,29,36,37,38,48,53,57,63,64,65,66,67,68,69,77,81,84,85,106,113,115,134,135,151,153,155,156,171,177,191,193,194,195,196,197,198,199,208,216,218,221,237,238,239,240,241,242,243,244,245,250,253,254,255,256,257,258,259,260,261,
41;1;261;295;1;0,1,2,3,4,5,6,10,11,12,13,14,15,16,17,18,19,20,22,24,29,36,37,38,48,53,57,63,64,65,66,67,68,69,77,81,84,85,106,113,115,134,135,151,153,155,156,171,177,191,193,194,195,196,197,198,199,208,216,218,221,237,238,239,240,241,242,243,244,245,250,253,254,255,256,257,258,259,260,261,
77;0;295;340;0;0,1,2,3,4,5,6,10,11,12,13,14,15,16,17,18,19,20,22,24,29,36,37,38,48,53,57,63,64,65,66,67,68,69,77,81,84,85,106,113,115,134,135,151,153,155,156,171,177,191,193,194,195,196,197,198,199,208,216,218,221,237,238,239,240,241,242,243,244,245,250,253,254,255,256,257,258,259,260,261,
52;0;340;374;0;0,1,2,3,4,5,6,10,11,12,13,14,15,16,17,18,19,20,22,24,29,36,37,38,48,53,57,63,64,65,66,67,68,69,77,81,84,85,106,113,115,134,135,151,153,155,156,171,177,191,193,194,195,196,197,198,199,208,216,218,221,237,238,239,240,241,242,243,244,245,250,253,254,255,256,257,258,259,260,261,
115;0;374;497;0;0,1,2,3,4,5,6,10,11,12,13,14,15,16,17,18,19,20,22,24,29,36,37,38,48,53,57,63,64,65,66,67,68,69,77,81,84,85,106,113,115,134,135,151,153,155,156,171,177,191,193,194,195,196,197,198,199,208,216,218,221,237,238,239,240,241,242,243,244,245,250,253,254,255,256,257,258,259,260,261,
54;0;497;634;1;0,1,2,3,4,5,6,10,11,12,13,14,15,16,17,18,19,20,22,24,29,36,37,38,48,53,57,63,64,65,66,67,68,69,77,81,84,85,106,113,115,134,135,151,153,155,156,171,177,191,193,194,195,196,197,198,199,208,216,218,221,237,238,239,240,241,242,243,244,245,250,253,254,255,256,257,258,259,260,261,
54;1;634;725;1;0,1,2,3,4,5,6,10,11,12,13,14,15,16,17,18,19,20,22,24,29,36,37,38,48,53,57,63,64,65,66,67,68,69,77,81,84,85,106,113,115,134,135,151,153,155,156,171,177,191,193,194,195,196,197,198,199,208,216,218,221,237,238,239,240,241,242,243,244,245,250,253,254,255,256,257,258,259,260,261,
99;0;725;885;1;0,1,2,3,4,5,6,10,11,12,13,14,15,16,17,18,19,20,22,24,29,36,37,38,48,53,57,63,64,65,66,67,68,69,77,81,84,85,106,113,115,134,135,151,153,155,156,171,177,191,193,194,195,196,197,198,199,208,216,218,221,237,238,239,240,241,242,243,244,245,250,253,254,255,256,257,258,259,260,261,
99;1;885;1038;1;0,1,2,3,4,5,6,10,11,12,13,14,15,16,17,18,19,20,22,24,29,36,37,38,48,53,57,63,64,65,66,67,68,69,77,81,84,85,106,113,115,134,135,151,153,155,156,171,177,191,193,194,195,196,197,198,199,208,216,218,221,237,238,239,240,241,242,243,244,245,250,253,254,255,256,257,258,259,260,261,
79;0;1038;1079;1;0,1,2,3,4,5,6,10,11,12,13,14,15,16,17,18,19,20,22,24,29,36,37,38,48,53,57,63,64,65,66,67,68,69,77,81,84,85,106,113,115,134,135,151,153,155,156,171,177,191,193,194,195,196,197,198,199,208,216,218,221,237,238,239,240,241,242,243,244,245,250,253,254,255,256,257,258,259,260,261,
79;1;1079;1100;1;0,1,2,3,4,5,6,10,11,12,13,14,15,16,17,18,19,20,22,24,29,36,37,38,48,53,57,63,64,65,66,67,68,69,77,81,84,85,106,113,115,134,135,151,153,155,156,171,177,191,193,194,195,196,197,198,199,208,216,218,221,237,238,239,240,241,242,243,244,245,250,253,254,255,256,257,258,259,260,261,
105;0;1100;1166;0;0,1,2,3,4,5,6,10,11,12,13,14,15,16,17,18,19,20,22,24,29,36,37,38,48,53,57,63,64,65,66,67,68,69,77,81,84,85,106,113,115,134,135,151,153,155,156,171,177,191,193,194,195,196,197,198,199,208,216,218,221,237,238,239,240,241,242,243,244,245,250,253,254,255,256,257,258,259,260,261,
76;0;1166;1287;1;0,1,2,3,4,5,6,10,11,12,13,14,15,16,17,18,19,20,22,24,29,36,37,38,48,53,57,63,64,65,66,67,68,69,77,81,84,85,106,113,115,134,135,151,153,155,156,171,177,191,193,194,195,196,197,198,199,208,216,218,221,237,238,239,240,241,242,243,244,245,250,253,254,255,256,257,258,259,260,261,
76;1;1287;1423;1;0,1,2,3,4,5,6,10,11,12,13,14,15,16,17,18,19,20,22,24,29,36,37,38,48,53,57,63,64,65,66,67,68,69,77,81,84,85,106,113,115,134,135,151,153,155,156,171,177,191,193,194,195,196,197,198,199,208,216,218,221,237,238,239,240,241,242,243,244,245,250,253,254,255,256,257,258,259,260,261,
55;0;1423;1495;0;0,1,2,3,4,5,6,10,11,12,13,14,15,16,17,18,19,20,22,24,29,36,37,38,48,53,57,63,64,65,66,67,68,69,77,81,84,85,106,113,115,134,135,151,153,155,156,171,177,191,193,194,195,196,197,198,199,208,216,218,221,237,238,239,240,241,242,243,244,245,250,253,254,255,256,257,258,259,260,261,
117;0;1495;1675;0;0,1,2,3,4,5,6,10,11,12,13,14,15,16,17,18,19,20,22,24,29,36,37,38,48,53,57,63,64,65,66,67,68,69,77,81,84,85,106,113,115,134,135,151,153,155,156,171,177,191,193,194,195,196,197,198,199,208,216,218,221,237,238,239,240,241,242,243,244,245,250,253,254,255,256,257,258,259,260,261,
116;0;1675;1735;1;0,1,2,3,4,5,6,10,11,12,13,14,15,16,17,18,19,20,22,24,29,36,37,38,48,53,57,63,64,65,66,67,68,69,77,81,84,85,106,113,115,134,135,151,153,155,156,171,177,191,193,194,195,196,197,198,199,208,216,218,221,237,238,239,240,241,242,243,244,245,250,253,254,255,256,257,258,259,260,261,
116;1;1735;1887;1;0,1,2,3,4,5,6,10,11,12,13,14,15,16,17,18,19,20,22,24,29,36,37,38,48,53,57,63,64,65,66,67,68,69,77,81,84,85,106,113,115,134,135,151,153,155,156,171,177,191,193,194,195,196,197,198,199,208,216,218,221,237,238,239,240,241,242,243,244,245,250,253,254,255,256,257,258,259,260,261,
1;0;1887;2055;0;0,1,2,3,4,5,6,10,11,12,13,14,15,16,17,18,19,20,22,24,29,36,37,38,48,53,57,63,64,65,66,67,68,69,77,81,84,85,106,113,115,134,135,151,153,155,156,171,177,191,193,194,195,196,197,198,199,208,216,218,221,237,238,239,240,241,242,243,244,245,250,253,254,255,256,257,258,259,260,261,
1;1;2055;2120;0;0,1,2,3,4,5,6,10,11,12,13,14,15,16,17,18,19,20,22,24,29,36,37,38,48,53,57,63,64,65,66,67,68,69,77,81,84,85,106,113,115,134,135,151,153,155,156,171,177,191,193,194,195,196,197,198,199,208,216,218,221,237,238,239,240,241,242,243,244,245,250,253,254,255,256,257,258,259,260,261,
64;0;2120;2210;1;0,1,2,3,4,5,6,10,11,12,13,14,15,16,17,18,19,20,22,24,29,36,37,38,48,53,57,63,64,65,66,67,68,69,77,81,84,85,106,113,115,134,135,151,153,155,156,171,177,191,193,194,195,196,197,198,199,208,216,218,221,237,238,239,240,241,242,243,244,245,250,253,254,255,256,257,258,259,260,261,
64;1;2210;2275;1;0,1,2,3,4,5,6,10,11,12,13,14,15,16,17,18,19,20,22,24,29,36,37,38,48,53,57,63,64,65,66,67,68,69,77,81,84,85,106,113,115,134,135,151,153,155,156,171,177,191,193,194,195,196,197,198,199,208,216,218,221,237,238,239,240,241,242,243,244,245,250,253,254,255,256,257,258,259,260,261,
126;0;2275;2308;1;0,1,2,3,4,5,6,10,11,12,13,14,15,16,17,18,19,20,22,24,29,36,37,38,48,53,57,63,64,65,66,67,68,69,77,81,84,85,106,113,115,134,135,151,153,155,156,171,177,191,193,194,195,196,197,198,199,208,216,218,221,237,238,239,240,241,242,243,244,245,250,253,254,255,256,257,258,259,260,261,
126;1;2308;2342;1;0,1,2,3,4,5,6,10,11,12,13,14,15,16,17,18,19,20,22,24,29,36,37,38,48,53,57,63,64,65,66,67,68,69,77,81,84,85,106,113,115,134,135,151,153,155,156,171,177,191,193,194,195,196,197,198,199,208,216,218,221,237,238,239,240,241,242,243,244,245,250,253,254,255,256,257,258,259,260,261,
92;0;2342;2473;0;0,1,2,3,4,5,6,10,11,12,13,14,15,16,17,18,19,20,22,24,29,36,37,38,48,53,57,63,64,65,66,67,68,69,77,81,84,85,106,113,115,134,135,151,153,155,156,171,177,191,193,194,195,196,197,198,199,208,216,218,221,237,238,239,240,241,242,243,244,245,250,253,254,255,256,257,258,259,260,261,
130;0;2473;2604;0;0,1,2,3,4,5,6,10,11,12,13,14,15,16,17,18,19,20,22,24,29,36,37,38,48,53,57,63,64,65,66,67,68,69,77,81,84,85,106,113,115,134,135,151,153,155,156,171,177,191,193,194,195,196,197,198,199,208,216,218,221,237,238,239,240,241,242,243,244,245,250,253,254,255,256,257,258,259,260,261,
45;0;2604;2643;0;0,1,2,3,4,5,6,10,11,12,13,14,15,16,17,18,19,20,22,24,29,36,37,38,48,53,57,63,64,65,66,67,68,69,77,81,84,85,106,113,115,134,135,151,153,155,156,171,177,191,193,194,195,196,197,198,199,208,216,218,221,237,238,239,240,241,242,243,244,245,250,253,254,255,256,257,258,259,260,261,
128;0;2643;2721;0;0,1,2,3,4,5,6,10,11,12,13,14,15,16,17,18,19,20,22,24,29,36,37,38,48,53,57,63,64,65,66,67,68,69,77,81,84,85,106,113,115,134,135,151,153,155,156,171,177,191,193,194,195,196,197,198,199,208,216,218,221,237,238,239,240,241,242,243,244,245,250,253,254,255,256,257,258,259,260,261,
128;1;2721;2799;0;0,1,2,3,4,5,6,10,11,12,13,14,15,16,17,18,19,20,22,24,29,36,37,38,48,53,57,63,64,65,66,67,68,69,77,81,84,85,106,113,115,134,135,151,153,155,156,171,177,191,193,194,195,196,197,198,199,208,216,218,221,237,238,239,240,241,242,243,244,245,250,253,254,255,256,257,258,259,260,261,
82;0;2799;2920;0;0,1,2,3,4,5,6,10,11,12,13,14,15,16,17,18,19,20,22,24,29,36,37,38,48,53,57,63,64,65,66,67,68,69,77,81,84,85,106,113,115,134,135,151,153,155,156,171,177,191,193,194,195,196,197,198,199,208,216,218,221,237,238,239,240,241,242,243,244,245,250,253,254,255,256,257,258,259,260,261,
95;0;2920;3057;0;0,1,2,3,4,5,6,10,11,12,13,14,15,16,17,18,19,20,22,24,29,36,37,38,48,53,57,63,64,65,66,67,68,69,77,81,84,85,106,113,115,134,135,151,153,155,156,171,177,191,193,194,195,196,197,198,199,208,216,218,221,237,238,239,240,241,242,243,244,245,250,253,254,255,256,257,258,259,260,261,
Machine: 3
48;0;0;89;0;0,1,2,3,4,5,6,7,8,9,10,11,12,13,14,15,16,17,18,19,20,21,22,23,24,25,26,27,28,29,30,31,36,38,40,53,63,80,81,82,83,84,85,86,87,88,98,99,100,101,102,103,104,105,106,107,108,169,170,171,172,183,184,185,186,187,188,189,190,191,192,216,218,219,245,246,247,263,264,265,
48;1;89;141;0;0,1,2,3,4,5,6,7,8,9,10,11,12,13,14,15,16,17,18,19,20,21,22,23,24,25,26,27,28,29,30,31,36,38,40,53,63,80,81,82,83,84,85,86,87,88,98,99,100,101,102,103,104,105,106,107,108,169,170,171,172,183,184,185,186,187,188,189,190,191,192,216,218,219,245,246,247,263,264,265,
2;0;141;313;1;0,1,2,3,4,5,6,7,8,9,10,11,12,13,14,15,16,17,18,19,20,21,22,23,24,25,26,27,28,29,30,31,36,38,40,53,63,80,81,82,83,84,85,86,87,88,98,99,100,101,102,103,104,105,106,107,108,169,170,171,172,183,184,185,186,187,188,189,190,191,192,216,218,219,245,246,247,263,264,265,
66;0;313;373;1;0,1,2,3,4,5,6,7,8,9,10,11,12,13,14,15,16,17,18,19,20,21,22,23,24,25,26,27,28,29,30,31,36,38,40,53,63,80,81,82,83,84,85,86,87,88,98,99,100,101,102,103,104,105,106,107,108,169,170,171,172,183,184,185,186,187,188,189,190,191,192,216,218,219,245,246,247,263,264,265,
66;1;373;534;1;0,1,2,3,4,5,6,7,8,9,10,11,12,13,14,15,16,17,18,19,20,21,22,23,24,25,26,27,28,29,30,31,36,38,40,53,63,80,81,82,83,84,85,86,87,88,98,99,100,101,102,103,104,105,106,107,108,169,170,171,172,183,184,185,186,187,188,189,190,191,192,216,218,219,245,246,247,263,264,265,
78;0;534;563;0;0,1,2,3,4,5,6,7,8,9,10,11,12,13,14,15,16,17,18,19,20,21,22,23,24,25,26,27,28,29,30,31,36,38,40,53,63,80,81,82,83,84,85,86,87,88,98,99,100,101,102,103,104,105,106,107,108,169,170,171,172,183,184,185,186,187,188,189,190,191,192,216,218,219,245,246,247,263,264,265,
78;1;563;724;0;0,1,2,3,4,5,6,7,8,9,10,11,12,13,14,15,16,17,18,19,20,21,22,23,24,25,26,27,28,29,30,31,36,38,40,53,63,80,81,82,83,84,85,86,87,88,98,99,100,101,102,103,104,105,106,107,108,169,170,171,172,183,184,185,186,187,188,189,190,191,192,216,218,219,245,246,247,263,264,265,
26;0;724;868;1;0,1,2,3,4,5,6,7,8,9,10,11,12,13,14,15,16,17,18,19,20,21,22,23,24,25,26,27,28,29,30,31,36,38,40,53,63,80,81,82,83,84,85,86,87,88,98,99,100,101,102,103,104,105,106,107,108,169,170,171,172,183,184,185,186,187,188,189,190,191,192,216,218,219,245,246,247,263,264,265,
26;1;868;909;1;0,1,2,3,4,5,6,7,8,9,10,11,12,13,14,15,16,17,18,19,20,21,22,23,24,25,26,27,28,29,30,31,36,38,40,53,63,80,81,82,83,84,85,86,87,88,98,99,100,101,102,103,104,105,106,107,108,169,170,171,172,183,184,185,186,187,188,189,190,191,192,216,218,219,245,246,247,263,264,265,
11;0;909;943;1;0,1,2,3,4,5,6,7,8,9,10,11,12,13,14,15,16,17,18,19,20,21,22,23,24,25,26,27,28,29,30,31,36,38,40,53,63,80,81,82,83,84,85,86,87,88,98,99,100,101,102,103,104,105,106,107,108,169,170,171,172,183,184,185,186,187,188,189,190,191,192,216,218,219,245,246,247,263,264,265,
11;1;943;957;1;0,1,2,3,4,5,6,7,8,9,10,11,12,13,14,15,16,17,18,19,20,21,22,23,24,25,26,27,28,29,30,31,36,38,40,53,63,80,81,82,83,84,85,86,87,88,98,99,100,101,102,103,104,105,106,107,108,169,170,171,172,183,184,185,186,187,188,189,190,191,192,216,218,219,245,246,247,263,264,265,
124;0;957;961;1;0,1,2,3,4,5,6,7,8,9,10,11,12,13,14,15,16,17,18,19,20,21,22,23,24,25,26,27,28,29,30,31,36,38,40,53,63,80,81,82,83,84,85,86,87,88,98,99,100,101,102,103,104,105,106,107,108,169,170,171,172,183,184,185,186,187,188,189,190,191,192,216,218,219,245,246,247,263,264,265,
124;1;961;975;1;0,1,2,3,4,5,6,7,8,9,10,11,12,13,14,15,16,17,18,19,20,21,22,23,24,25,26,27,28,29,30,31,36,38,40,53,63,80,81,82,83,84,85,86,87,88,98,99,100,101,102,103,104,105,106,107,108,169,170,171,172,183,184,185,186,187,188,189,190,191,192,216,218,219,245,246,247,263,264,265,
119;0;975;1064;1;0,1,2,3,4,5,6,7,8,9,10,11,12,13,14,15,16,17,18,19,20,21,22,23,24,25,26,27,28,29,30,31,36,38,40,53,63,80,81,82,83,84,85,86,87,88,98,99,100,101,102,103,104,105,106,107,108,169,170,171,172,183,184,185,186,187,188,189,190,191,192,216,218,219,245,246,247,263,264,265,
119;1;1064;1132;1;0,1,2,3,4,5,6,7,8,9,10,11,12,13,14,15,16,17,18,19,20,21,22,23,24,25,26,27,28,29,30,31,36,38,40,53,63,80,81,82,83,84,85,86,87,88,98,99,100,101,102,103,104,105,106,107,108,169,170,171,172,183,184,185,186,187,188,189,190,191,192,216,218,219,245,246,247,263,264,265,
121;0;1132;1228;1;0,1,2,3,4,5,6,7,8,9,10,11,12,13,14,15,16,17,18,19,20,21,22,23,24,25,26,27,28,29,30,31,36,38,40,53,63,80,81,82,83,84,85,86,87,88,98,99,100,101,102,103,104,105,106,107,108,169,170,171,172,183,184,185,186,187,188,189,190,191,192,216,218,219,245,246,247,263,264,265,
121;1;1228;1281;1;0,1,2,3,4,5,6,7,8,9,10,11,12,13,14,15,16,17,18,19,20,21,22,23,24,25,26,27,28,29,30,31,36,38,40,53,63,80,81,82,83,84,85,86,87,88,98,99,100,101,102,103,104,105,106,107,108,169,170,171,172,183,184,185,186,187,188,189,190,191,192,216,218,219,245,246,247,263,264,265,
14;0;1281;1367;1;0,1,2,3,4,5,6,7,8,9,10,11,12,13,14,15,16,17,18,19,20,21,22,23,24,25,26,27,28,29,30,31,36,38,40,53,63,80,81,82,83,84,85,86,87,88,98,99,100,101,102,103,104,105,106,107,108,169,170,171,172,183,184,185,186,187,188,189,190,191,192,216,218,219,245,246,247,263,264,265,
14;1;1367;1518;1;0,1,2,3,4,5,6,7,8,9,10,11,12,13,14,15,16,17,18,19,20,21,22,23,24,25,26,27,28,29,30,31,36,38,40,53,63,80,81,82,83,84,85,86,87,88,98,99,100,101,102,103,104,105,106,107,108,169,170,171,172,183,184,185,186,187,188,189,190,191,192,216,218,219,245,246,247,263,264,265,
39;0;1518;1591;1;0,1,2,3,4,5,6,7,8,9,10,11,12,13,14,15,16,17,18,19,20,21,22,23,24,25,26,27,28,29,30,31,36,38,40,53,63,80,81,82,83,84,85,86,87,88,98,99,100,101,102,103,104,105,106,107,108,169,170,171,172,183,184,185,186,187,188,189,190,191,192,216,218,219,245,246,247,263,264,265,
39;1;1591;1742;1;0,1,2,3,4,5,6,7,8,9,10,11,12,13,14,15,16,17,18,19,20,21,22,23,24,25,26,27,28,29,30,31,36,38,40,53,63,80,81,82,83,84,85,86,87,88,98,99,100,101,102,103,104,105,106,107,108,169,170,171,172,183,184,185,186,187,188,189,190,191,192,216,218,219,245,246,247,263,264,265,
71;0;1742;1840;1;0,1,2,3,4,5,6,7,8,9,10,11,12,13,14,15,16,17,18,19,20,21,22,23,24,25,26,27,28,29,30,31,36,38,40,53,63,80,81,82,83,84,85,86,87,88,98,99,100,101,102,103,104,105,106,107,108,169,170,171,172,183,184,185,186,187,188,189,190,191,192,216,218,219,245,246,247,263,264,265,
71;1;1840;1991;1;0,1,2,3,4,5,6,7,8,9,10,11,12,13,14,15,16,17,18,19,20,21,22,23,24,25,26,27,28,29,30,31,36,38,40,53,63,80,81,82,83,84,85,86,87,88,98,99,100,101,102,103,104,105,106,107,108,169,170,171,172,183,184,185,186,187,188,189,190,191,192,216,218,219,245,246,247,263,264,265,
120;0;1991;2142;0;0,1,2,3,4,5,6,7,8,9,10,11,12,13,14,15,16,17,18,19,20,21,22,23,24,25,26,27,28,29,30,31,36,38,40,53,63,80,81,82,83,84,85,86,87,88,98,99,100,101,102,103,104,105,106,107,108,169,170,171,172,183,184,185,186,187,188,189,190,191,192,216,218,219,245,246,247,263,264,265,
36;0;2142;2172;1;0,1,2,3,4,5,6,7,8,9,10,11,12,13,14,15,16,17,18,19,20,21,22,23,24,25,26,27,28,29,30,31,36,38,40,53,63,80,81,82,83,84,85,86,87,88,98,99,100,101,102,103,104,105,106,107,108,169,170,171,172,183,184,185,186,187,188,189,190,191,192,216,218,219,245,246,247,263,264,265,
36;1;2172;2271;1;0,1,2,3,4,5,6,7,8,9,10,11,12,13,14,15,16,17,18,19,20,21,22,23,24,25,26,27,28,29,30,31,36,38,40,53,63,80,81,82,83,84,85,86,87,88,98,99,100,101,102,103,104,105,106,107,108,169,170,171,172,183,184,185,186,187,188,189,190,191,192,216,218,219,245,246,247,263,264,265,
13;0;2271;2368;0;0,1,2,3,4,5,6,7,8,9,10,11,12,13,14,15,16,17,18,19,20,21,22,23,24,25,26,27,28,29,30,31,36,38,40,53,63,80,81,82,83,84,85,86,87,88,98,99,100,101,102,103,104,105,106,107,108,169,170,171,172,183,184,185,186,187,188,189,190,191,192,216,218,219,245,246,247,263,264,265,
13;1;2368;2548;0;0,1,2,3,4,5,6,7,8,9,10,11,12,13,14,15,16,17,18,19,20,21,22,23,24,25,26,27,28,29,30,31,36,38,40,53,63,80,81,82,83,84,85,86,87,88,98,99,100,101,102,103,104,105,106,107,108,169,170,171,172,183,184,185,186,187,188,189,190,191,192,216,218,219,245,246,247,263,264,265,
103;0;2548;2682;0;0,1,2,3,4,5,6,7,8,9,10,11,12,13,14,15,16,17,18,19,20,21,22,23,24,25,26,27,28,29,30,31,36,38,40,53,63,80,81,82,83,84,85,86,87,88,98,99,100,101,102,103,104,105,106,107,108,169,170,171,172,183,184,185,186,187,188,189,190,191,192,216,218,219,245,246,247,263,264,265,
103;1;2682;2744;0;0,1,2,3,4,5,6,7,8,9,10,11,12,13,14,15,16,17,18,19,20,21,22,23,24,25,26,27,28,29,30,31,36,38,40,53,63,80,81,82,83,84,85,86,87,88,98,99,100,101,102,103,104,105,106,107,108,169,170,171,172,183,184,185,186,187,188,189,190,191,192,216,218,219,245,246,247,263,264,265,
42;0;2744;2815;0;0,1,2,3,4,5,6,7,8,9,10,11,12,13,14,15,16,17,18,19,20,21,22,23,24,25,26,27,28,29,30,31,36,38,40,53,63,80,81,82,83,84,85,86,87,88,98,99,100,101,102,103,104,105,106,107,108,169,170,171,172,183,184,185,186,187,188,189,190,191,192,216,218,219,245,246,247,263,264,265,
23;0;2815;2921;0;0,1,2,3,4,5,6,7,8,9,10,11,12,13,14,15,16,17,18,19,20,21,22,23,24,25,26,27,28,29,30,31,36,38,40,53,63,80,81,82,83,84,85,86,87,88,98,99,100,101,102,103,104,105,106,107,108,169,170,171,172,183,184,185,186,187,188,189,190,191,192,216,218,219,245,246,247,263,264,265,
23;1;2921;3078;0;0,1,2,3,4,5,6,7,8,9,10,11,12,13,14,15,16,17,18,19,20,21,22,23,24,25,26,27,28,29,30,31,36,38,40,53,63,80,81,82,83,84,85,86,87,88,98,99,100,101,102,103,104,105,106,107,108,169,170,171,172,183,184,185,186,187,188,189,190,191,192,216,218,219,245,246,247,263,264,265,
98;0;3078;3151;0;0,1,2,3,4,5,6,7,8,9,10,11,12,13,14,15,16,17,18,19,20,21,22,23,24,25,26,27,28,29,30,31,36,38,40,53,63,80,81,82,83,84,85,86,87,88,98,99,100,101,102,103,104,105,106,107,108,169,170,171,172,183,184,185,186,187,188,189,190,191,192,216,218,219,245,246,247,263,264,265,
98;1;3151;3308;0;0,1,2,3,4,5,6,7,8,9,10,11,12,13,14,15,16,17,18,19,20,21,22,23,24,25,26,27,28,29,30,31,36,38,40,53,63,80,81,82,83,84,85,86,87,88,98,99,100,101,102,103,104,105,106,107,108,169,170,171,172,183,184,185,186,187,188,189,190,191,192,216,218,219,245,246,247,263,264,265,
127;0;3308;3465;0;0,1,2,3,4,5,6,7,8,9,10,11,12,13,14,15,16,17,18,19,20,21,22,23,24,25,26,27,28,29,30,31,36,38,40,53,63,80,81,82,83,84,85,86,87,88,98,99,100,101,102,103,104,105,106,107,108,169,170,171,172,183,184,185,186,187,188,189,190,191,192,216,218,219,245,246,247,263,264,265,
122;0;3465;3626;0;0,1,2,3,4,5,6,7,8,9,10,11,12,13,14,15,16,17,18,19,20,21,22,23,24,25,26,27,28,29,30,31,36,38,40,53,63,80,81,82,83,84,85,86,87,88,98,99,100,101,102,103,104,105,106,107,108,169,170,171,172,183,184,185,186,187,188,189,190,191,192,216,218,219,245,246,247,263,264,265,
58;0;3626;3672;0;0,1,2,3,4,5,6,7,8,9,10,11,12,13,14,15,16,17,18,19,20,21,22,23,24,25,26,27,28,29,30,31,36,38,40,53,63,80,81,82,83,84,85,86,87,88,98,99,100,101,102,103,104,105,106,107,108,169,170,171,172,183,184,185,186,187,188,189,190,191,192,216,218,219,245,246,247,263,264,265,
58;1;3672;3749;0;0,1,2,3,4,5,6,7,8,9,10,11,12,13,14,15,16,17,18,19,20,21,22,23,24,25,26,27,28,29,30,31,36,38,40,53,63,80,81,82,83,84,85,86,87,88,98,99,100,101,102,103,104,105,106,107,108,169,170,171,172,183,184,185,186,187,188,189,190,191,192,216,218,219,245,246,247,263,264,265,
Machine: 4
3;0;0;66;0;0,1,20,28,30,31,32,33,34,35,36,37,38,39,40,41,42,43,44,45,46,47,48,49,50,51,52,53,54,55,56,57,58,59,60,61,62,63,64,65,66,67,68,69,70,71,72,73,74,75,76,77,78,79,85,102,109,110,111,112,113,114,125,126,127,128,129,130,131,183,200,201,202,203,204,205,211,212,213,216,
3;1;66;108;0;0,1,20,28,30,31,32,33,34,35,36,37,38,39,40,41,42,43,44,45,46,47,48,49,50,51,52,53,54,55,56,57,58,59,60,61,62,63,64,65,66,67,68,69,70,71,72,73,74,75,76,77,78,79,85,102,109,110,111,112,113,114,125,126,127,128,129,130,131,183,200,201,202,203,204,205,211,212,213,216,
68;0;108;205;0;0,1,20,28,30,31,32,33,34,35,36,37,38,39,40,41,42,43,44,45,46,47,48,49,50,51,52,53,54,55,56,57,58,59,60,61,62,63,64,65,66,67,68,69,70,71,72,73,74,75,76,77,78,79,85,102,109,110,111,112,113,114,125,126,127,128,129,130,131,183,200,201,202,203,204,205,211,212,213,216,
68;1;205;367;0;0,1,20,28,30,31,32,33,34,35,36,37,38,39,40,41,42,43,44,45,46,47,48,49,50,51,52,53,54,55,56,57,58,59,60,61,62,63,64,65,66,67,68,69,70,71,72,73,74,75,76,77,78,79,85,102,109,110,111,112,113,114,125,126,127,128,129,130,131,183,200,201,202,203,204,205,211,212,213,216,
17;0;367;450;0;0,1,20,28,30,31,32,33,34,35,36,37,38,39,40,41,42,43,44,45,46,47,48,49,50,51,52,53,54,55,56,57,58,59,60,61,62,63,64,65,66,67,68,69,70,71,72,73,74,75,76,77,78,79,85,102,109,110,111,112,113,114,125,126,127,128,129,130,131,183,200,201,202,203,204,205,211,212,213,216,
5;0;450;516;0;0,1,20,28,30,31,32,33,34,35,36,37,38,39,40,41,42,43,44,45,46,47,48,49,50,51,52,53,54,55,56,57,58,59,60,61,62,63,64,65,66,67,68,69,70,71,72,73,74,75,76,77,78,79,85,102,109,110,111,112,113,114,125,126,127,128,129,130,131,183,200,201,202,203,204,205,211,212,213,216,
56;0;516;584;1;0,1,20,28,30,31,32,33,34,35,36,37,38,39,40,41,42,43,44,45,46,47,48,49,50,51,52,53,54,55,56,57,58,59,60,61,62,63,64,65,66,67,68,69,70,71,72,73,74,75,76,77,78,79,85,102,109,110,111,112,113,114,125,126,127,128,129,130,131,183,200,201,202,203,204,205,211,212,213,216,
56;1;584;688;1;0,1,20,28,30,31,32,33,34,35,36,37,38,39,40,41,42,43,44,45,46,47,48,49,50,51,52,53,54,55,56,57,58,59,60,61,62,63,64,65,66,67,68,69,70,71,72,73,74,75,76,77,78,79,85,102,109,110,111,112,113,114,125,126,127,128,129,130,131,183,200,201,202,203,204,205,211,212,213,216,
34;0;688;710;1;0,1,20,28,30,31,32,33,34,35,36,37,38,39,40,41,42,43,44,45,46,47,48,49,50,51,52,53,54,55,56,57,58,59,60,61,62,63,64,65,66,67,68,69,70,71,72,73,74,75,76,77,78,79,85,102,109,110,111,112,113,114,125,126,127,128,129,130,131,183,200,201,202,203,204,205,211,212,213,216,
34;1;710;759;1;0,1,20,28,30,31,32,33,34,35,36,37,38,39,40,41,42,43,44,45,46,47,48,49,50,51,52,53,54,55,56,57,58,59,60,61,62,63,64,65,66,67,68,69,70,71,72,73,74,75,76,77,78,79,85,102,109,110,111,112,113,114,125,126,127,128,129,130,131,183,200,201,202,203,204,205,211,212,213,216,
4;0;759;925;1;0,1,20,28,30,31,32,33,34,35,36,37,38,39,40,41,42,43,44,45,46,47,48,49,50,51,52,53,54,55,56,57,58,59,60,61,62,63,64,65,66,67,68,69,70,71,72,73,74,75,76,77,78,79,85,102,109,110,111,112,113,114,125,126,127,128,129,130,131,183,200,201,202,203,204,205,211,212,213,216,
4;1;925;969;1;0,1,20,28,30,31,32,33,34,35,36,37,38,39,40,41,42,43,44,45,46,47,48,49,50,51,52,53,54,55,56,57,58,59,60,61,62,63,64,65,66,67,68,69,70,71,72,73,74,75,76,77,78,79,85,102,109,110,111,112,113,114,125,126,127,128,129,130,131,183,200,201,202,203,204,205,211,212,213,216,
32;0;969;1073;0;0,1,20,28,30,31,32,33,34,35,36,37,38,39,40,41,42,43,44,45,46,47,48,49,50,51,52,53,54,55,56,57,58,59,60,61,62,63,64,65,66,67,68,69,70,71,72,73,74,75,76,77,78,79,85,102,109,110,111,112,113,114,125,126,127,128,129,130,131,183,200,201,202,203,204,205,211,212,213,216,
9;0;1073;1199;1;0,1,20,28,30,31,32,33,34,35,36,37,38,39,40,41,42,43,44,45,46,47,48,49,50,51,52,53,54,55,56,57,58,59,60,61,62,63,64,65,66,67,68,69,70,71,72,73,74,75,76,77,78,79,85,102,109,110,111,112,113,114,125,126,127,128,129,130,131,183,200,201,202,203,204,205,211,212,213,216,
9;1;1199;1262;1;0,1,20,28,30,31,32,33,34,35,36,37,38,39,40,41,42,43,44,45,46,47,48,49,50,51,52,53,54,55,56,57,58,59,60,61,62,63,64,65,66,67,68,69,70,71,72,73,74,75,76,77,78,79,85,102,109,110,111,112,113,114,125,126,127,128,129,130,131,183,200,201,202,203,204,205,211,212,213,216,
8;0;1262;1375;0;0,1,20,28,30,31,32,33,34,35,36,37,38,39,40,41,42,43,44,45,46,47,48,49,50,51,52,53,54,55,56,57,58,59,60,61,62,63,64,65,66,67,68,69,70,71,72,73,74,75,76,77,78,79,85,102,109,110,111,112,113,114,125,126,127,128,129,130,131,183,200,201,202,203,204,205,211,212,213,216,
8;1;1375;1511;0;0,1,20,28,30,31,32,33,34,35,36,37,38,39,40,41,42,43,44,45,46,47,48,49,50,51,52,53,54,55,56,57,58,59,60,61,62,63,64,65,66,67,68,69,70,71,72,73,74,75,76,77,78,79,85,102,109,110,111,112,113,114,125,126,127,128,129,130,131,183,200,201,202,203,204,205,211,212,213,216,
74;0;1511;1676;1;0,1,20,28,30,31,32,33,34,35,36,37,38,39,40,41,42,43,44,45,46,47,48,49,50,51,52,53,54,55,56,57,58,59,60,61,62,63,64,65,66,67,68,69,70,71,72,73,74,75,76,77,78,79,85,102,109,110,111,112,113,114,125,126,127,128,129,130,131,183,200,201,202,203,204,205,211,212,213,216,
74;1;1676;1718;1;0,1,20,28,30,31,32,33,34,35,36,37,38,39,40,41,42,43,44,45,46,47,48,49,50,51,52,53,54,55,56,57,58,59,60,61,62,63,64,65,66,67,68,69,70,71,72,73,74,75,76,77,78,79,85,102,109,110,111,112,113,114,125,126,127,128,129,130,131,183,200,201,202,203,204,205,211,212,213,216,
15;0;1718;1849;0;0,1,20,28,30,31,32,33,34,35,36,37,38,39,40,41,42,43,44,45,46,47,48,49,50,51,52,53,54,55,56,57,58,59,60,61,62,63,64,65,66,67,68,69,70,71,72,73,74,75,76,77,78,79,85,102,109,110,111,112,113,114,125,126,127,128,129,130,131,183,200,201,202,203,204,205,211,212,213,216,
30;0;1849;1980;0;0,1,20,28,30,31,32,33,34,35,36,37,38,39,40,41,42,43,44,45,46,47,48,49,50,51,52,53,54,55,56,57,58,59,60,61,62,63,64,65,66,67,68,69,70,71,72,73,74,75,76,77,78,79,85,102,109,110,111,112,113,114,125,126,127,128,129,130,131,183,200,201,202,203,204,205,211,212,213,216,
7;0;1980;2011;0;0,1,20,28,30,31,32,33,34,35,36,37,38,39,40,41,42,43,44,45,46,47,48,49,50,51,52,53,54,55,56,57,58,59,60,61,62,63,64,65,66,67,68,69,70,71,72,73,74,75,76,77,78,79,85,102,109,110,111,112,113,114,125,126,127,128,129,130,131,183,200,201,202,203,204,205,211,212,213,216,
27;0;2011;2116;0;0,1,20,28,30,31,32,33,34,35,36,37,38,39,40,41,42,43,44,45,46,47,48,49,50,51,52,53,54,55,56,57,58,59,60,61,62,63,64,65,66,67,68,69,70,71,72,73,74,75,76,77,78,79,85,102,109,110,111,112,113,114,125,126,127,128,129,130,131,183,200,201,202,203,204,205,211,212,213,216,
28;0;2116;2150;0;0,1,20,28,30,31,32,33,34,35,36,37,38,39,40,41,42,43,44,45,46,47,48,49,50,51,52,53,54,55,56,57,58,59,60,61,62,63,64,65,66,67,68,69,70,71,72,73,74,75,76,77,78,79,85,102,109,110,111,112,113,114,125,126,127,128,129,130,131,183,200,201,202,203,204,205,211,212,213,216,
28;1;2150;2294;0;0,1,20,28,30,31,32,33,34,35,36,37,38,39,40,41,42,43,44,45,46,47,48,49,50,51,52,53,54,55,56,57,58,59,60,61,62,63,64,65,66,67,68,69,70,71,72,73,74,75,76,77,78,79,85,102,109,110,111,112,113,114,125,126,127,128,129,130,131,183,200,201,202,203,204,205,211,212,213,216,
47;0;2294;2438;0;0,1,20,28,30,31,32,33,34,35,36,37,38,39,40,41,42,43,44,45,46,47,48,49,50,51,52,53,54,55,56,57,58,59,60,61,62,63,64,65,66,67,68,69,70,71,72,73,74,75,76,77,78,79,85,102,109,110,111,112,113,114,125,126,127,128,129,130,131,183,200,201,202,203,204,205,211,212,213,216,
57;0;2438;2536;0;0,1,20,28,30,31,32,33,34,35,36,37,38,39,40,41,42,43,44,45,46,47,48,49,50,51,52,53,54,55,56,57,58,59,60,61,62,63,64,65,66,67,68,69,70,71,72,73,74,75,76,77,78,79,85,102,109,110,111,112,113,114,125,126,127,128,129,130,131,183,200,201,202,203,204,205,211,212,213,216,
63;0;2536;2566;0;0,1,20,28,30,31,32,33,34,35,36,37,38,39,40,41,42,43,44,45,46,47,48,49,50,51,52,53,54,55,56,57,58,59,60,61,62,63,64,65,66,67,68,69,70,71,72,73,74,75,76,77,78,79,85,102,109,110,111,112,113,114,125,126,127,128,129,130,131,183,200,201,202,203,204,205,211,212,213,216,
63;1;2566;2597;0;0,1,20,28,30,31,32,33,34,35,36,37,38,39,40,41,42,43,44,45,46,47,48,49,50,51,52,53,54,55,56,57,58,59,60,61,62,63,64,65,66,67,68,69,70,71,72,73,74,75,76,77,78,79,85,102,109,110,111,112,113,114,125,126,127,128,129,130,131,183,200,201,202,203,204,205,211,212,213,216,
72;0;2597;2741;0;0,1,20,28,30,31,32,33,34,35,36,37,38,39,40,41,42,43,44,45,46,47,48,49,50,51,52,53,54,55,56,57,58,59,60,61,62,63,64,65,66,67,68,69,70,71,72,73,74,75,76,77,78,79,85,102,109,110,111,112,113,114,125,126,127,128,129,130,131,183,200,201,202,203,204,205,211,212,213,216,
97;0;2741;2748;0;0,1,20,28,30,31,32,33,34,35,36,37,38,39,40,41,42,43,44,45,46,47,48,49,50,51,52,53,54,55,56,57,58,59,60,61,62,63,64,65,66,67,68,69,70,71,72,73,74,75,76,77,78,79,85,102,109,110,111,112,113,114,125,126,127,128,129,130,131,183,200,201,202,203,204,205,211,212,213,216,
110;0;2748;2846;0;0,1,20,28,30,31,32,33,34,35,36,37,38,39,40,41,42,43,44,45,46,47,48,49,50,51,52,53,54,55,56,57,58,59,60,61,62,63,64,65,66,67,68,69,70,71,72,73,74,75,76,77,78,79,85,102,109,110,111,112,113,114,125,126,127,128,129,130,131,183,200,201,202,203,204,205,211,212,213,216,
Machine: 5
46;0;0;105;1;53,89,90,91,92,93,94,95,96,97,115,116,117,118,119,120,121,122,123,124,132,133,134,135,136,137,138,139,140,141,142,143,144,145,146,147,148,149,150,151,154,157,158,159,160,161,162,163,164,165,166,173,174,175,176,177,178,179,180,181,182,199,206,207,208,209,210,214,215,216,217,229,230,231,232,233,234,235,236,262,
46;1;105;275;1;53,89,90,91,92,93,94,95,96,97,115,116,117,118,119,120,121,122,123,124,132,133,134,135,136,137,138,139,140,141,142,143,144,145,146,147,148,149,150,151,154,157,158,159,160,161,162,163,164,165,166,173,174,175,176,177,178,179,180,181,182,199,206,207,208,209,210,214,215,216,217,229,230,231,232,233,234,235,236,262,
104;0;275;328;1;53,89,90,91,92,93,94,95,96,97,115,116,117,118,119,120,121,122,123,124,132,133,134,135,136,137,138,139,140,141,142,143,144,145,146,147,148,149,150,151,154,157,158,159,160,161,162,163,164,165,166,173,174,175,176,177,178,179,180,181,182,199,206,207,208,209,210,214,215,216,217,229,230,231,232,233,234,235,236,262,
104;1;328;498;1;53,89,90,91,92,93,94,95,96,97,115,116,117,118,119,120,121,122,123,124,132,133,134,135,136,137,138,139,140,141,142,143,144,145,146,147,148,149,150,151,154,157,158,159,160,161,162,163,164,165,166,173,174,175,176,177,178,179,180,181,182,199,206,207,208,209,210,214,215,216,217,229,230,231,232,233,234,235,236,262,
24;0;498;551;1;53,89,90,91,92,93,94,95,96,97,115,116,117,118,119,120,121,122,123,124,132,133,134,135,136,137,138,139,140,141,142,143,144,145,146,147,148,149,150,151,154,157,158,159,160,161,162,163,164,165,166,173,174,175,176,177,178,179,180,181,182,199,206,207,208,209,210,214,215,216,217,229,230,231,232,233,234,235,236,262,
24;1;551;563;1;53,89,90,91,92,93,94,95,96,97,115,116,117,118,119,120,121,122,123,124,132,133,134,135,136,137,138,139,140,141,142,143,144,145,146,147,148,149,150,151,154,157,158,159,160,161,162,163,164,165,166,173,174,175,176,177,178,179,180,181,182,199,206,207,208,209,210,214,215,216,217,229,230,231,232,233,234,235,236,262,
100;0;563;663;0;53,89,90,91,92,93,94,95,96,97,115,116,117,118,119,120,121,122,123,124,132,133,134,135,136,137,138,139,140,141,142,143,144,145,146,147,148,149,150,151,154,157,158,159,160,161,162,163,164,165,166,173,174,175,176,177,178,179,180,181,182,199,206,207,208,209,210,214,215,216,217,229,230,231,232,233,234,235,236,262,
61;0;663;699;1;53,89,90,91,92,93,94,95,96,97,115,116,117,118,119,120,121,122,123,124,132,133,134,135,136,137,138,139,140,141,142,143,144,145,146,147,148,149,150,151,154,157,158,159,160,161,162,163,164,165,166,173,174,175,176,177,178,179,180,181,182,199,206,207,208,209,210,214,215,216,217,229,230,231,232,233,234,235,236,262,
61;1;699;789;1;53,89,90,91,92,93,94,95,96,97,115,116,117,118,119,120,121,122,123,124,132,133,134,135,136,137,138,139,140,141,142,143,144,145,146,147,148,149,150,151,154,157,158,159,160,161,162,163,164,165,166,173,174,175,176,177,178,179,180,181,182,199,206,207,208,209,210,214,215,216,217,229,230,231,232,233,234,235,236,262,
16;0;789;954;1;53,89,90,91,92,93,94,95,96,97,115,116,117,118,119,120,121,122,123,124,132,133,134,135,136,137,138,139,140,141,142,143,144,145,146,147,148,149,150,151,154,157,158,159,160,161,162,163,164,165,166,173,174,175,176,177,178,179,180,181,182,199,206,207,208,209,210,214,215,216,217,229,230,231,232,233,234,235,236,262,
16;1;954;1051;1;53,89,90,91,92,93,94,95,96,97,115,116,117,118,119,120,121,122,123,124,132,133,134,135,136,137,138,139,140,141,142,143,144,145,146,147,148,149,150,151,154,157,158,159,160,161,162,163,164,165,166,173,174,175,176,177,178,179,180,181,182,199,206,207,208,209,210,214,215,216,217,229,230,231,232,233,234,235,236,262,
29;0;1051;1059;1;53,89,90,91,92,93,94,95,96,97,115,116,117,118,119,120,121,122,123,124,132,133,134,135,136,137,138,139,140,141,142,143,144,145,146,147,148,149,150,151,154,157,158,159,160,161,162,163,164,165,166,173,174,175,176,177,178,179,180,181,182,199,206,207,208,209,210,214,215,216,217,229,230,231,232,233,234,235,236,262,
29;1;1059;1103;1;53,89,90,91,92,93,94,95,96,97,115,116,117,118,119,120,121,122,123,124,132,133,134,135,136,137,138,139,140,141,142,143,144,145,146,147,148,149,150,151,154,157,158,159,160,161,162,163,164,165,166,173,174,175,176,177,178,179,180,181,182,199,206,207,208,209,210,214,215,216,217,229,230,231,232,233,234,235,236,262,
25;0;1103;1187;0;53,89,90,91,92,93,94,95,96,97,115,116,117,118,119,120,121,122,123,124,132,133,134,135,136,137,138,139,140,141,142,143,144,145,146,147,148,149,150,151,154,157,158,159,160,161,162,163,164,165,166,173,174,175,176,177,178,179,180,181,182,199,206,207,208,209,210,214,215,216,217,229,230,231,232,233,234,235,236,262,
89;0;1187;1296;1;53,89,90,91,92,93,94,95,96,97,115,116,117,118,119,120,121,122,123,124,132,133,134,135,136,137,138,139,140,141,142,143,144,145,146,147,148,149,150,151,154,157,158,159,160,161,162,163,164,165,166,173,174,175,176,177,178,179,180,181,182,199,206,207,208,209,210,214,215,216,217,229,230,231,232,233,234,235,236,262,
89;1;1296;1380;1;53,89,90,91,92,93,94,95,96,97,115,116,117,118,119,120,121,122,123,124,132,133,134,135,136,137,138,139,140,141,142,143,144,145,146,147,148,149,150,151,154,157,158,159,160,161,162,163,164,165,166,173,174,175,176,177,178,179,180,181,182,199,206,207,208,209,210,214,215,216,217,229,230,231,232,233,234,235,236,262,
33;0;1380;1457;0;53,89,90,91,92,93,94,95,96,97,115,116,117,118,119,120,121,122,123,124,132,133,134,135,136,137,138,139,140,141,142,143,144,145,146,147,148,149,150,151,154,157,158,159,160,161,162,163,164,165,166,173,174,175,176,177,178,179,180,181,182,199,206,207,208,209,210,214,215,216,217,229,230,231,232,233,234,235,236,262,
33;1;1457;1600;0;53,89,90,91,92,93,94,95,96,97,115,116,117,118,119,120,121,122,123,124,132,133,134,135,136,137,138,139,140,141,142,143,144,145,146,147,148,149,150,151,154,157,158,159,160,161,162,163,164,165,166,173,174,175,176,177,178,179,180,181,182,199,206,207,208,209,210,214,215,216,217,229,230,231,232,233,234,235,236,262,
35;0;1600;1604;0;53,89,90,91,92,93,94,95,96,97,115,116,117,118,119,120,121,122,123,124,132,133,134,135,136,137,138,139,140,141,142,143,144,145,146,147,148,149,150,151,154,157,158,159,160,161,162,163,164,165,166,173,174,175,176,177,178,179,180,181,182,199,206,207,208,209,210,214,215,216,217,229,230,231,232,233,234,235,236,262,
12;0;1604;1751;0;53,89,90,91,92,93,94,95,96,97,115,116,117,118,119,120,121,122,123,124,132,133,134,135,136,137,138,139,140,141,142,143,144,145,146,147,148,149,150,151,154,157,158,159,160,161,162,163,164,165,166,173,174,175,176,177,178,179,180,181,182,199,206,207,208,209,210,214,215,216,217,229,230,231,232,233,234,235,236,262,
62;0;1751;1898;0;53,89,90,91,92,93,94,95,96,97,115,116,117,118,119,120,121,122,123,124,132,133,134,135,136,137,138,139,140,141,142,143,144,145,146,147,148,149,150,151,154,157,158,159,160,161,162,163,164,165,166,173,174,175,176,177,178,179,180,181,182,199,206,207,208,209,210,214,215,216,217,229,230,231,232,233,234,235,236,262,
18;0;1898;1984;0;53,89,90,91,92,93,94,95,96,97,115,116,117,118,119,120,121,122,123,124,132,133,134,135,136,137,138,139,140,141,142,143,144,145,146,147,148,149,150,151,154,157,158,159,160,161,162,163,164,165,166,173,174,175,176,177,178,179,180,181,182,199,206,207,208,209,210,214,215,216,217,229,230,231,232,233,234,235,236,262,
18;1;1984;2118;0;53,89,90,91,92,93,94,95,96,97,115,116,117,118,119,120,121,122,123,124,132,133,134,135,136,137,138,139,140,141,142,143,144,145,146,147,148,149,150,151,154,157,158,159,160,161,162,163,164,165,166,173,174,175,176,177,178,179,180,181,182,199,206,207,208,209,210,214,215,216,217,229,230,231,232,233,234,235,236,262,
88;0;2118;2177;0;53,89,90,91,92,93,94,95,96,97,115,116,117,118,119,120,121,122,123,124,132,133,134,135,136,137,138,139,140,141,142,143,144,145,146,147,148,149,150,151,154,157,158,159,160,161,162,163,164,165,166,173,174,175,176,177,178,179,180,181,182,199,206,207,208,209,210,214,215,216,217,229,230,231,232,233,234,235,236,262,
88;1;2177;2311;0;53,89,90,91,92,93,94,95,96,97,115,116,117,118,119,120,121,122,123,124,132,133,134,135,136,137,138,139,140,141,142,143,144,145,146,147,148,149,150,151,154,157,158,159,160,161,162,163,164,165,166,173,174,175,176,177,178,179,180,181,182,199,206,207,208,209,210,214,215,216,217,229,230,231,232,233,234,235,236,262,
19;0;2311;2414;1;53,89,90,91,92,93,94,95,96,97,115,116,117,118,119,120,121,122,123,124,132,133,134,135,136,137,138,139,140,141,142,143,144,145,146,147,148,149,150,151,154,157,158,159,160,161,162,163,164,165,166,173,174,175,176,177,178,179,180,181,182,199,206,207,208,209,210,214,215,216,217,229,230,231,232,233,234,235,236,262,
19;1;2414;2578;1;53,89,90,91,92,93,94,95,96,97,115,116,117,118,119,120,121,122,123,124,132,133,134,135,136,137,138,139,140,141,142,143,144,145,146,147,148,149,150,151,154,157,158,159,160,161,162,163,164,165,166,173,174,175,176,177,178,179,180,181,182,199,206,207,208,209,210,214,215,216,217,229,230,231,232,233,234,235,236,262,
65;0;2578;2742;0;53,89,90,91,92,93,94,95,96,97,115,116,117,118,119,120,121,122,123,124,132,133,134,135,136,137,138,139,140,141,142,143,144,145,146,147,148,149,150,151,154,157,158,159,160,161,162,163,164,165,166,173,174,175,176,177,178,179,180,181,182,199,206,207,208,209,210,214,215,216,217,229,230,231,232,233,234,235,236,262,
21;0;2742;2762;1;53,89,90,91,92,93,94,95,96,97,115,116,117,118,119,120,121,122,123,124,132,133,134,135,136,137,138,139,140,141,142,143,144,145,146,147,148,149,150,151,154,157,158,159,160,161,162,163,164,165,166,173,174,175,176,177,178,179,180,181,182,199,206,207,208,209,210,214,215,216,217,229,230,231,232,233,234,235,236,262,
21;1;2762;2871;1;53,89,90,91,92,93,94,95,96,97,115,116,117,118,119,120,121,122,123,124,132,133,134,135,136,137,138,139,140,141,142,143,144,145,146,147,148,149,150,151,154,157,158,159,160,161,162,163,164,165,166,173,174,175,176,177,178,179,180,181,182,199,206,207,208,209,210,214,215,216,217,229,230,231,232,233,234,235,236,262,
90;0;2871;2980;0;53,89,90,91,92,93,94,95,96,97,115,116,117,118,119,120,121,122,123,124,132,133,134,135,136,137,138,139,140,141,142,143,144,145,146,147,148,149,150,151,154,157,158,159,160,161,162,163,164,165,166,173,174,175,176,177,178,179,180,181,182,199,206,207,208,209,210,214,215,216,217,229,230,231,232,233,234,235,236,262,
40;0;2980;3144;0;53,89,90,91,92,93,94,95,96,97,115,116,117,118,119,120,121,122,123,124,132,133,134,135,136,137,138,139,140,141,142,143,144,145,146,147,148,149,150,151,154,157,158,159,160,161,162,163,164,165,166,173,174,175,176,177,178,179,180,181,182,199,206,207,208,209,210,214,215,216,217,229,230,231,232,233,234,235,236,262,
43;0;3144;3186;0;53,89,90,91,92,93,94,95,96,97,115,116,117,118,119,120,121,122,123,124,132,133,134,135,136,137,138,139,140,141,142,143,144,145,146,147,148,149,150,151,154,157,158,159,160,161,162,163,164,165,166,173,174,175,176,177,178,179,180,181,182,199,206,207,208,209,210,214,215,216,217,229,230,231,232,233,234,235,236,262,
43;1;3186;3350;0;53,89,90,91,92,93,94,95,96,97,115,116,117,118,119,120,121,122,123,124,132,133,134,135,136,137,138,139,140,141,142,143,144,145,146,147,148,149,150,151,154,157,158,159,160,161,162,163,164,165,166,173,174,175,176,177,178,179,180,181,182,199,206,207,208,209,210,214,215,216,217,229,230,231,232,233,234,235,236,262,
END
fineshedJobsCount: 210
switchs: 0
switchsInstances: 0
unfineshedPriorityCount: 0
totalUnfineshed: 0
criticalMachineSwitchs: 0
criticalMachineTime: 3749
Final Solution: 6300
Time: 9053
