input/BaseInstances/2M1/n=10,r=0.5,t=17,v0.txt;
7;720;1440;10080
Machine: 0
2;0;0;11;1;0,1,2,3,4,5,6,7,8,9,10,11,12,13,14,15,16,
3;0;11;39;0;0,1,2,3,4,5,6,7,8,9,10,11,12,13,14,15,16,
3;1;39;137;0;0,1,2,3,4,5,6,7,8,9,10,11,12,13,14,15,16,
5;0;137;284;1;0,1,2,3,4,5,6,7,8,9,10,11,12,13,14,15,16,
5;1;284;314;1;0,1,2,3,4,5,6,7,8,9,10,11,12,13,14,15,16,
Machine: 1
0;0;0;68;1;0,1,2,3,4,5,6,7,8,9,10,11,12,13,14,15,16,
0;1;68;107;1;0,1,2,3,4,5,6,7,8,9,10,11,12,13,14,15,16,
1;0;107;146;0;0,1,2,3,4,5,6,7,8,9,10,11,12,13,14,15,16,
1;1;146;298;0;0,1,2,3,4,5,6,7,8,9,10,11,12,13,14,15,16,
4;0;298;428;1;0,1,2,3,4,5,6,7,8,9,10,11,12,13,14,15,16,
END
fineshedJobsCount: 10
switchs: 0
switchsInstances: 0
unfineshedPriorityCount: 0
finalSolution: 300
totalUnfineshed: 0
Time: 0
