input/BaseInstances/2M1/n=130,r=0.5,t=224,v0.txt;
7;720;1440;10080
Machine: 0
84;0;0;11;1;0,24,25,26,27,29,32,33,34,35,36,37,38,39,63,64,67,68,75,76,79,105,108,109,110,111,112,113,114,115,116,117,118,119,120,121,122,123,124,136,137,138,139,140,141,142,143,144,145,146,147,148,149,178,179,180,181,182,183,184,185,186,187,188,189,190,191,192,193,194,195,196,197,198,199,200,201,202,203,204,
71;0;11;22;0;0,24,25,26,27,29,32,33,34,35,36,37,38,39,63,64,67,68,75,76,79,105,108,109,110,111,112,113,114,115,116,117,118,119,120,121,122,123,124,136,137,138,139,140,141,142,143,144,145,146,147,148,149,178,179,180,181,182,183,184,185,186,187,188,189,190,191,192,193,194,195,196,197,198,199,200,201,202,203,204,
71;1;22;190;0;0,24,25,26,27,29,32,33,34,35,36,37,38,39,63,64,67,68,75,76,79,105,108,109,110,111,112,113,114,115,116,117,118,119,120,121,122,123,124,136,137,138,139,140,141,142,143,144,145,146,147,148,149,178,179,180,181,182,183,184,185,186,187,188,189,190,191,192,193,194,195,196,197,198,199,200,201,202,203,204,
74;0;190;356;0;0,24,25,26,27,29,32,33,34,35,36,37,38,39,63,64,67,68,75,76,79,105,108,109,110,111,112,113,114,115,116,117,118,119,120,121,122,123,124,136,137,138,139,140,141,142,143,144,145,146,147,148,149,178,179,180,181,182,183,184,185,186,187,188,189,190,191,192,193,194,195,196,197,198,199,200,201,202,203,204,
46;0;356;519;0;0,24,25,26,27,29,32,33,34,35,36,37,38,39,63,64,67,68,75,76,79,105,108,109,110,111,112,113,114,115,116,117,118,119,120,121,122,123,124,136,137,138,139,140,141,142,143,144,145,146,147,148,149,178,179,180,181,182,183,184,185,186,187,188,189,190,191,192,193,194,195,196,197,198,199,200,201,202,203,204,
63;0;519;682;0;0,24,25,26,27,29,32,33,34,35,36,37,38,39,63,64,67,68,75,76,79,105,108,109,110,111,112,113,114,115,116,117,118,119,120,121,122,123,124,136,137,138,139,140,141,142,143,144,145,146,147,148,149,178,179,180,181,182,183,184,185,186,187,188,189,190,191,192,193,194,195,196,197,198,199,200,201,202,203,204,
63;1;682;762;0;0,24,25,26,27,29,32,33,34,35,36,37,38,39,63,64,67,68,75,76,79,105,108,109,110,111,112,113,114,115,116,117,118,119,120,121,122,123,124,136,137,138,139,140,141,142,143,144,145,146,147,148,149,178,179,180,181,182,183,184,185,186,187,188,189,190,191,192,193,194,195,196,197,198,199,200,201,202,203,204,
6;0;762;912;0;0,24,25,26,27,29,32,33,34,35,36,37,38,39,63,64,67,68,75,76,79,105,108,109,110,111,112,113,114,115,116,117,118,119,120,121,122,123,124,136,137,138,139,140,141,142,143,144,145,146,147,148,149,178,179,180,181,182,183,184,185,186,187,188,189,190,191,192,193,194,195,196,197,198,199,200,201,202,203,204,
62;0;912;1046;0;0,24,25,26,27,29,32,33,34,35,36,37,38,39,63,64,67,68,75,76,79,105,108,109,110,111,112,113,114,115,116,117,118,119,120,121,122,123,124,136,137,138,139,140,141,142,143,144,145,146,147,148,149,178,179,180,181,182,183,184,185,186,187,188,189,190,191,192,193,194,195,196,197,198,199,200,201,202,203,204,
43;0;1046;1099;0;0,24,25,26,27,29,32,33,34,35,36,37,38,39,63,64,67,68,75,76,79,105,108,109,110,111,112,113,114,115,116,117,118,119,120,121,122,123,124,136,137,138,139,140,141,142,143,144,145,146,147,148,149,178,179,180,181,182,183,184,185,186,187,188,189,190,191,192,193,194,195,196,197,198,199,200,201,202,203,204,
43;1;1099;1165;0;0,24,25,26,27,29,32,33,34,35,36,37,38,39,63,64,67,68,75,76,79,105,108,109,110,111,112,113,114,115,116,117,118,119,120,121,122,123,124,136,137,138,139,140,141,142,143,144,145,146,147,148,149,178,179,180,181,182,183,184,185,186,187,188,189,190,191,192,193,194,195,196,197,198,199,200,201,202,203,204,
30;0;1165;1279;0;0,24,25,26,27,29,32,33,34,35,36,37,38,39,63,64,67,68,75,76,79,105,108,109,110,111,112,113,114,115,116,117,118,119,120,121,122,123,124,136,137,138,139,140,141,142,143,144,145,146,147,148,149,178,179,180,181,182,183,184,185,186,187,188,189,190,191,192,193,194,195,196,197,198,199,200,201,202,203,204,
51;0;1279;1393;0;0,24,25,26,27,29,32,33,34,35,36,37,38,39,63,64,67,68,75,76,79,105,108,109,110,111,112,113,114,115,116,117,118,119,120,121,122,123,124,136,137,138,139,140,141,142,143,144,145,146,147,148,149,178,179,180,181,182,183,184,185,186,187,188,189,190,191,192,193,194,195,196,197,198,199,200,201,202,203,204,
51;1;1393;1465;0;0,24,25,26,27,29,32,33,34,35,36,37,38,39,63,64,67,68,75,76,79,105,108,109,110,111,112,113,114,115,116,117,118,119,120,121,122,123,124,136,137,138,139,140,141,142,143,144,145,146,147,148,149,178,179,180,181,182,183,184,185,186,187,188,189,190,191,192,193,194,195,196,197,198,199,200,201,202,203,204,
18;0;1465;1560;0;0,24,25,26,27,29,32,33,34,35,36,37,38,39,63,64,67,68,75,76,79,105,108,109,110,111,112,113,114,115,116,117,118,119,120,121,122,123,124,136,137,138,139,140,141,142,143,144,145,146,147,148,149,178,179,180,181,182,183,184,185,186,187,188,189,190,191,192,193,194,195,196,197,198,199,200,201,202,203,204,
10;0;1560;1594;0;0,24,25,26,27,29,32,33,34,35,36,37,38,39,63,64,67,68,75,76,79,105,108,109,110,111,112,113,114,115,116,117,118,119,120,121,122,123,124,136,137,138,139,140,141,142,143,144,145,146,147,148,149,178,179,180,181,182,183,184,185,186,187,188,189,190,191,192,193,194,195,196,197,198,199,200,201,202,203,204,
70;0;1594;1598;0;0,24,25,26,27,29,32,33,34,35,36,37,38,39,63,64,67,68,75,76,79,105,108,109,110,111,112,113,114,115,116,117,118,119,120,121,122,123,124,136,137,138,139,140,141,142,143,144,145,146,147,148,149,178,179,180,181,182,183,184,185,186,187,188,189,190,191,192,193,194,195,196,197,198,199,200,201,202,203,204,
35;0;1598;1690;0;0,24,25,26,27,29,32,33,34,35,36,37,38,39,63,64,67,68,75,76,79,105,108,109,110,111,112,113,114,115,116,117,118,119,120,121,122,123,124,136,137,138,139,140,141,142,143,144,145,146,147,148,149,178,179,180,181,182,183,184,185,186,187,188,189,190,191,192,193,194,195,196,197,198,199,200,201,202,203,204,
35;1;1690;1694;0;0,24,25,26,27,29,32,33,34,35,36,37,38,39,63,64,67,68,75,76,79,105,108,109,110,111,112,113,114,115,116,117,118,119,120,121,122,123,124,136,137,138,139,140,141,142,143,144,145,146,147,148,149,178,179,180,181,182,183,184,185,186,187,188,189,190,191,192,193,194,195,196,197,198,199,200,201,202,203,204,
80;0;1694;1710;1;0,24,25,26,27,29,32,33,34,35,36,37,38,39,63,64,67,68,75,76,79,105,108,109,110,111,112,113,114,115,116,117,118,119,120,121,122,123,124,136,137,138,139,140,141,142,143,144,145,146,147,148,149,178,179,180,181,182,183,184,185,186,187,188,189,190,191,192,193,194,195,196,197,198,199,200,201,202,203,204,
28;0;1710;1738;1;0,24,25,26,27,29,32,33,34,35,36,37,38,39,63,64,67,68,75,76,79,105,108,109,110,111,112,113,114,115,116,117,118,119,120,121,122,123,124,136,137,138,139,140,141,142,143,144,145,146,147,148,149,178,179,180,181,182,183,184,185,186,187,188,189,190,191,192,193,194,195,196,197,198,199,200,201,202,203,204,
12;0;1738;1779;1;0,24,25,26,27,29,32,33,34,35,36,37,38,39,63,64,67,68,75,76,79,105,108,109,110,111,112,113,114,115,116,117,118,119,120,121,122,123,124,136,137,138,139,140,141,142,143,144,145,146,147,148,149,178,179,180,181,182,183,184,185,186,187,188,189,190,191,192,193,194,195,196,197,198,199,200,201,202,203,204,
23;0;1779;1820;0;0,24,25,26,27,29,32,33,34,35,36,37,38,39,63,64,67,68,75,76,79,105,108,109,110,111,112,113,114,115,116,117,118,119,120,121,122,123,124,136,137,138,139,140,141,142,143,144,145,146,147,148,149,178,179,180,181,182,183,184,185,186,187,188,189,190,191,192,193,194,195,196,197,198,199,200,201,202,203,204,
23;1;1820;1844;0;0,24,25,26,27,29,32,33,34,35,36,37,38,39,63,64,67,68,75,76,79,105,108,109,110,111,112,113,114,115,116,117,118,119,120,121,122,123,124,136,137,138,139,140,141,142,143,144,145,146,147,148,149,178,179,180,181,182,183,184,185,186,187,188,189,190,191,192,193,194,195,196,197,198,199,200,201,202,203,204,
76;0;1844;1889;1;0,24,25,26,27,29,32,33,34,35,36,37,38,39,63,64,67,68,75,76,79,105,108,109,110,111,112,113,114,115,116,117,118,119,120,121,122,123,124,136,137,138,139,140,141,142,143,144,145,146,147,148,149,178,179,180,181,182,183,184,185,186,187,188,189,190,191,192,193,194,195,196,197,198,199,200,201,202,203,204,
79;0;1889;2057;0;0,24,25,26,27,29,32,33,34,35,36,37,38,39,63,64,67,68,75,76,79,105,108,109,110,111,112,113,114,115,116,117,118,119,120,121,122,123,124,136,137,138,139,140,141,142,143,144,145,146,147,148,149,178,179,180,181,182,183,184,185,186,187,188,189,190,191,192,193,194,195,196,197,198,199,200,201,202,203,204,
79;1;2057;2172;0;0,24,25,26,27,29,32,33,34,35,36,37,38,39,63,64,67,68,75,76,79,105,108,109,110,111,112,113,114,115,116,117,118,119,120,121,122,123,124,136,137,138,139,140,141,142,143,144,145,146,147,148,149,178,179,180,181,182,183,184,185,186,187,188,189,190,191,192,193,194,195,196,197,198,199,200,201,202,203,204,
7;0;2172;2217;0;0,24,25,26,27,29,32,33,34,35,36,37,38,39,63,64,67,68,75,76,79,105,108,109,110,111,112,113,114,115,116,117,118,119,120,121,122,123,124,136,137,138,139,140,141,142,143,144,145,146,147,148,149,178,179,180,181,182,183,184,185,186,187,188,189,190,191,192,193,194,195,196,197,198,199,200,201,202,203,204,
7;1;2217;2221;0;0,24,25,26,27,29,32,33,34,35,36,37,38,39,63,64,67,68,75,76,79,105,108,109,110,111,112,113,114,115,116,117,118,119,120,121,122,123,124,136,137,138,139,140,141,142,143,144,145,146,147,148,149,178,179,180,181,182,183,184,185,186,187,188,189,190,191,192,193,194,195,196,197,198,199,200,201,202,203,204,
33;0;2221;2237;1;0,24,25,26,27,29,32,33,34,35,36,37,38,39,63,64,67,68,75,76,79,105,108,109,110,111,112,113,114,115,116,117,118,119,120,121,122,123,124,136,137,138,139,140,141,142,143,144,145,146,147,148,149,178,179,180,181,182,183,184,185,186,187,188,189,190,191,192,193,194,195,196,197,198,199,200,201,202,203,204,
33;1;2237;2297;1;0,24,25,26,27,29,32,33,34,35,36,37,38,39,63,64,67,68,75,76,79,105,108,109,110,111,112,113,114,115,116,117,118,119,120,121,122,123,124,136,137,138,139,140,141,142,143,144,145,146,147,148,149,178,179,180,181,182,183,184,185,186,187,188,189,190,191,192,193,194,195,196,197,198,199,200,201,202,203,204,
60;0;2297;2403;1;0,24,25,26,27,29,32,33,34,35,36,37,38,39,63,64,67,68,75,76,79,105,108,109,110,111,112,113,114,115,116,117,118,119,120,121,122,123,124,136,137,138,139,140,141,142,143,144,145,146,147,148,149,178,179,180,181,182,183,184,185,186,187,188,189,190,191,192,193,194,195,196,197,198,199,200,201,202,203,204,
26;0;2403;2563;0;0,24,25,26,27,29,32,33,34,35,36,37,38,39,63,64,67,68,75,76,79,105,108,109,110,111,112,113,114,115,116,117,118,119,120,121,122,123,124,136,137,138,139,140,141,142,143,144,145,146,147,148,149,178,179,180,181,182,183,184,185,186,187,188,189,190,191,192,193,194,195,196,197,198,199,200,201,202,203,204,
11;0;2563;2669;0;0,24,25,26,27,29,32,33,34,35,36,37,38,39,63,64,67,68,75,76,79,105,108,109,110,111,112,113,114,115,116,117,118,119,120,121,122,123,124,136,137,138,139,140,141,142,143,144,145,146,147,148,149,178,179,180,181,182,183,184,185,186,187,188,189,190,191,192,193,194,195,196,197,198,199,200,201,202,203,204,
11;1;2669;2699;0;0,24,25,26,27,29,32,33,34,35,36,37,38,39,63,64,67,68,75,76,79,105,108,109,110,111,112,113,114,115,116,117,118,119,120,121,122,123,124,136,137,138,139,140,141,142,143,144,145,146,147,148,149,178,179,180,181,182,183,184,185,186,187,188,189,190,191,192,193,194,195,196,197,198,199,200,201,202,203,204,
8;0;2699;2805;1;0,24,25,26,27,29,32,33,34,35,36,37,38,39,63,64,67,68,75,76,79,105,108,109,110,111,112,113,114,115,116,117,118,119,120,121,122,123,124,136,137,138,139,140,141,142,143,144,145,146,147,148,149,178,179,180,181,182,183,184,185,186,187,188,189,190,191,192,193,194,195,196,197,198,199,200,201,202,203,204,
40;0;2805;2918;1;0,24,25,26,27,29,32,33,34,35,36,37,38,39,63,64,67,68,75,76,79,105,108,109,110,111,112,113,114,115,116,117,118,119,120,121,122,123,124,136,137,138,139,140,141,142,143,144,145,146,147,148,149,178,179,180,181,182,183,184,185,186,187,188,189,190,191,192,193,194,195,196,197,198,199,200,201,202,203,204,
20;0;2918;3040;1;0,24,25,26,27,29,32,33,34,35,36,37,38,39,63,64,67,68,75,76,79,105,108,109,110,111,112,113,114,115,116,117,118,119,120,121,122,123,124,125,126,127,128,129,130,131,132,133,136,137,138,139,140,141,142,143,144,145,146,147,148,149,178,179,180,181,182,183,184,185,186,187,188,189,190,191,192,193,194,195,
4;0;3040;3170;1;0,24,25,26,27,28,29,32,33,34,35,36,37,38,39,63,64,67,68,75,76,79,105,108,109,110,111,112,113,114,115,116,117,118,119,120,121,122,123,124,125,126,127,128,129,130,131,132,133,136,137,138,139,140,141,142,143,144,145,146,147,148,149,178,179,180,181,182,183,184,185,186,187,188,189,190,191,192,193,194,
44;0;3170;3300;1;0,24,25,26,27,28,29,32,33,34,35,36,37,38,39,63,64,67,68,75,76,79,105,108,109,110,111,112,113,114,115,116,117,118,119,120,121,122,123,124,125,126,127,128,129,130,131,132,133,136,137,138,139,140,141,142,143,144,145,146,147,148,149,178,179,180,181,182,183,184,185,186,187,188,189,190,191,192,193,194,
9;0;3300;3374;1;0,15,24,25,26,27,28,29,32,33,34,35,36,37,38,39,40,41,42,43,44,45,46,47,48,49,50,51,52,53,54,55,56,57,58,59,60,61,62,63,64,67,68,75,76,79,105,108,109,110,111,112,113,114,115,116,117,118,119,120,121,122,123,124,125,126,127,128,129,130,131,132,133,136,137,138,139,140,141,142,
9;1;3374;3443;1;0,15,24,25,26,27,28,29,32,33,34,35,36,37,38,39,40,41,42,43,44,45,46,47,48,49,50,51,52,53,54,55,56,57,58,59,60,61,62,63,64,67,68,75,76,79,105,108,109,110,111,112,113,114,115,116,117,118,119,120,121,122,123,124,125,126,127,128,129,130,131,132,133,136,137,138,139,140,141,142,
52;0;3443;3601;1;0,15,24,25,26,27,28,29,32,33,34,35,36,37,38,39,40,41,42,43,44,45,46,47,48,49,50,51,52,53,54,55,56,57,58,59,60,61,62,63,64,67,68,72,75,76,79,105,106,107,108,109,110,111,112,113,114,115,116,117,118,119,120,121,122,123,124,125,126,127,128,129,130,131,132,133,134,136,137,138,
39;0;3601;3759;0;0,15,24,25,26,27,28,29,32,33,34,35,36,37,38,39,40,41,42,43,44,45,46,47,48,49,50,51,52,53,54,55,56,57,58,59,60,61,62,63,64,67,68,72,75,76,79,105,106,107,108,109,110,111,112,113,114,115,116,117,118,119,120,121,122,123,124,125,126,127,128,129,130,131,132,133,134,136,137,138,
39;1;3759;3838;0;0,15,24,25,26,27,28,29,32,33,34,35,36,37,38,39,40,41,42,43,44,45,46,47,48,49,50,51,52,53,54,55,56,57,58,59,60,61,62,63,64,67,68,72,75,76,79,105,106,107,108,109,110,111,112,113,114,115,116,117,118,119,120,121,122,123,124,125,126,127,128,129,130,131,132,133,134,136,137,138,
36;0;3838;3998;1;0,15,24,25,26,27,28,29,32,33,34,35,36,37,38,39,40,41,42,43,44,45,46,47,48,49,50,51,52,53,54,55,56,57,58,59,60,61,62,63,64,67,68,72,75,76,79,105,106,107,108,109,110,111,112,113,114,115,116,117,118,119,120,121,122,123,124,125,126,127,128,129,130,131,132,133,134,136,137,138,
17;0;3998;4022;1;0,15,24,25,26,27,28,29,32,33,34,35,36,37,38,39,40,41,42,43,44,45,46,47,48,49,50,51,52,53,54,55,56,57,58,59,60,61,62,63,64,67,68,72,75,76,79,105,106,107,108,109,110,111,112,113,114,115,116,117,118,119,120,121,122,123,124,125,126,127,128,129,130,131,132,133,134,136,137,138,
17;1;4022;4171;1;0,15,24,25,26,27,28,29,32,33,34,35,36,37,38,39,40,41,42,43,44,45,46,47,48,49,50,51,52,53,54,55,56,57,58,59,60,61,62,63,64,67,68,72,75,76,79,105,106,107,108,109,110,111,112,113,114,115,116,117,118,119,120,121,122,123,124,125,126,127,128,129,130,131,132,133,134,136,137,138,
57;0;4171;4272;1;0,15,24,25,26,27,28,29,32,33,34,35,36,37,38,39,40,41,42,43,44,45,46,47,48,49,50,51,52,53,54,55,56,57,58,59,60,61,62,63,64,67,68,72,75,76,79,105,106,107,108,109,110,111,112,113,114,115,116,117,118,119,120,121,122,123,124,125,126,127,128,129,130,131,132,133,134,136,137,138,
57;1;4272;4347;1;0,15,24,25,26,27,28,29,32,33,34,35,36,37,38,39,40,41,42,43,44,45,46,47,48,49,50,51,52,53,54,55,56,57,58,59,60,61,62,63,64,67,68,72,75,76,79,105,106,107,108,109,110,111,112,113,114,115,116,117,118,119,120,121,122,123,124,125,126,127,128,129,130,131,132,133,134,136,137,138,
15;0;4347;4485;0;0,15,24,25,26,27,28,29,32,33,34,35,36,37,38,39,40,41,42,43,44,45,46,47,48,49,50,51,52,53,54,55,56,57,58,59,60,61,62,63,64,67,68,69,70,71,72,73,74,75,76,77,78,79,80,81,82,83,84,85,86,87,88,89,90,91,92,105,106,107,108,109,110,111,112,113,114,126,128,134,
15;1;4485;4563;0;0,15,24,25,26,27,28,29,32,33,34,35,36,37,38,39,40,41,42,43,44,45,46,47,48,49,50,51,52,53,54,55,56,57,58,59,60,61,62,63,64,67,68,69,70,71,72,73,74,75,76,77,78,79,80,81,82,83,84,85,86,87,88,89,90,91,92,105,106,107,108,109,110,111,112,113,114,126,128,134,
78;0;4563;4664;0;0,15,24,25,26,27,28,29,32,33,34,35,36,37,38,39,40,41,42,43,44,45,46,47,48,49,50,51,52,53,54,55,56,57,58,59,60,61,62,63,64,67,68,69,70,71,72,73,74,75,76,77,78,79,80,81,82,83,84,85,86,87,88,89,90,91,92,105,106,107,108,109,110,111,112,113,114,126,128,134,
81;0;4664;4816;1;0,15,24,25,26,27,28,29,32,33,34,35,36,37,38,39,40,41,42,43,44,45,46,47,48,49,50,51,52,53,54,55,56,57,58,59,60,61,62,63,64,67,68,69,70,71,72,73,74,75,76,77,78,79,80,81,82,83,84,85,86,87,88,89,90,91,92,105,106,107,108,109,126,128,214,215,216,217,218,219,
81;1;4816;4855;1;0,15,24,25,26,27,28,29,32,33,34,35,36,37,38,39,40,41,42,43,44,45,46,47,48,49,50,51,52,53,54,55,56,57,58,59,60,61,62,63,64,67,68,69,70,71,72,73,74,75,76,77,78,79,80,81,82,83,84,85,86,87,88,89,90,91,92,105,106,107,108,109,126,128,214,215,216,217,218,219,
61;0;4855;4896;1;0,15,24,25,26,27,28,29,30,31,32,33,34,35,36,37,38,39,40,41,42,43,44,45,46,47,48,49,50,51,52,53,54,55,56,57,58,59,60,61,62,63,64,65,66,67,68,69,70,71,72,73,74,75,76,77,78,79,80,81,82,83,84,85,86,87,88,89,90,91,92,93,94,95,96,105,106,107,108,109,
61;1;4896;5050;1;0,15,24,25,26,27,28,29,30,31,32,33,34,35,36,37,38,39,40,41,42,43,44,45,46,47,48,49,50,51,52,53,54,55,56,57,58,59,60,61,62,63,64,65,66,67,68,69,70,71,72,73,74,75,76,77,78,79,80,81,82,83,84,85,86,87,88,89,90,91,92,93,94,95,96,105,106,107,108,109,
65;0;5050;5167;1;0,15,24,25,26,27,28,29,30,31,32,33,34,35,36,37,38,39,40,41,42,43,44,45,46,47,48,49,50,51,52,53,54,55,56,57,58,59,60,61,62,63,64,65,66,67,68,69,70,71,72,73,74,75,76,77,78,79,80,81,82,83,84,85,86,87,88,89,90,91,92,93,94,95,96,105,106,107,108,109,
65;1;5167;5257;1;0,15,24,25,26,27,28,29,30,31,32,33,34,35,36,37,38,39,40,41,42,43,44,45,46,47,48,49,50,51,52,53,54,55,56,57,58,59,60,61,62,63,64,65,66,67,68,69,70,71,72,73,74,75,76,77,78,79,80,81,82,83,84,85,86,87,88,89,90,91,92,93,94,95,96,105,106,107,108,109,
5;0;5257;5404;1;0,15,24,25,26,27,28,29,30,31,32,33,34,35,36,37,38,39,40,41,42,43,44,45,46,47,48,49,50,51,52,53,54,55,56,57,58,59,60,61,62,63,64,65,66,67,68,69,70,71,72,73,74,75,76,77,78,79,80,81,82,83,84,85,86,87,88,89,90,91,92,93,94,95,96,105,106,107,108,109,
5;1;5404;5488;1;0,15,24,25,26,27,28,29,30,31,32,33,34,35,36,37,38,39,40,41,42,43,44,45,46,47,48,49,50,51,52,53,54,55,56,57,58,59,60,61,62,63,64,65,66,67,68,69,70,71,72,73,74,75,76,77,78,79,80,81,82,83,84,85,86,87,88,89,90,91,92,93,94,95,96,105,106,107,108,109,
21;0;5488;5594;1;0,15,24,25,26,27,28,29,30,31,32,33,34,35,36,37,38,39,40,41,42,43,44,45,46,47,48,49,50,51,52,53,54,55,56,57,58,59,60,61,62,63,64,65,66,67,68,69,70,71,72,73,74,75,76,77,78,79,80,81,82,83,84,85,86,87,88,89,90,91,92,93,94,95,96,105,106,107,108,109,
21;1;5594;5745;1;0,15,24,25,26,27,28,29,30,31,32,33,34,35,36,37,38,39,40,41,42,43,44,45,46,47,48,49,50,51,52,53,54,55,56,57,58,59,60,61,62,63,64,65,66,67,68,69,70,71,72,73,74,75,76,77,78,79,80,81,82,83,84,85,86,87,88,89,90,91,92,93,94,95,96,105,106,107,108,109,
Machine: 1
2;0;0;11;1;8,9,10,11,12,13,14,15,16,17,18,19,20,21,22,23,24,25,26,27,29,36,37,67,68,93,94,95,96,97,98,99,100,101,102,103,104,105,108,109,110,111,112,113,114,115,116,117,118,119,120,121,122,123,124,125,126,127,128,129,130,131,136,137,139,140,143,147,203,204,214,215,216,217,218,219,220,221,222,223,
19;0;11;22;0;8,9,10,11,12,13,14,15,16,17,18,19,20,21,22,23,24,25,26,27,29,36,37,67,68,93,94,95,96,97,98,99,100,101,102,103,104,105,108,109,110,111,112,113,114,115,116,117,118,119,120,121,122,123,124,125,126,127,128,129,130,131,136,137,139,140,143,147,203,204,214,215,216,217,218,219,220,221,222,223,
19;1;22;186;0;8,9,10,11,12,13,14,15,16,17,18,19,20,21,22,23,24,25,26,27,29,36,37,67,68,93,94,95,96,97,98,99,100,101,102,103,104,105,108,109,110,111,112,113,114,115,116,117,118,119,120,121,122,123,124,125,126,127,128,129,130,131,136,137,139,140,143,147,203,204,214,215,216,217,218,219,220,221,222,223,
34;0;186;349;0;8,9,10,11,12,13,14,15,16,17,18,19,20,21,22,23,24,25,26,27,29,36,37,67,68,93,94,95,96,97,98,99,100,101,102,103,104,105,108,109,110,111,112,113,114,115,116,117,118,119,120,121,122,123,124,125,126,127,128,129,130,131,136,137,139,140,143,147,203,204,214,215,216,217,218,219,220,221,222,223,
82;0;349;501;0;8,9,10,11,12,13,14,15,16,17,18,19,20,21,22,23,24,25,26,27,29,36,37,67,68,93,94,95,96,97,98,99,100,101,102,103,104,105,108,109,110,111,112,113,114,115,116,117,118,119,120,121,122,123,124,125,126,127,128,129,130,131,136,137,139,140,143,147,203,204,214,215,216,217,218,219,220,221,222,223,
1;0;501;540;0;8,9,10,11,12,13,14,15,16,17,18,19,20,21,22,23,24,25,26,27,29,36,37,67,68,93,94,95,96,97,98,99,100,101,102,103,104,105,108,109,110,111,112,113,114,115,116,117,118,119,120,121,122,123,124,125,126,127,128,129,130,131,136,137,139,140,143,147,203,204,214,215,216,217,218,219,220,221,222,223,
1;1;540;626;0;8,9,10,11,12,13,14,15,16,17,18,19,20,21,22,23,24,25,26,27,29,36,37,67,68,93,94,95,96,97,98,99,100,101,102,103,104,105,108,109,110,111,112,113,114,115,116,117,118,119,120,121,122,123,124,125,126,127,128,129,130,131,136,137,139,140,143,147,203,204,214,215,216,217,218,219,220,221,222,223,
83;0;626;680;0;8,9,10,11,12,13,14,15,16,17,18,19,20,21,22,23,24,25,26,27,29,36,37,67,68,93,94,95,96,97,98,99,100,101,102,103,104,105,108,109,110,111,112,113,114,115,116,117,118,119,120,121,122,123,124,125,126,127,128,129,130,131,136,137,139,140,143,147,203,204,214,215,216,217,218,219,220,221,222,223,
83;1;680;746;0;8,9,10,11,12,13,14,15,16,17,18,19,20,21,22,23,24,25,26,27,29,36,37,67,68,93,94,95,96,97,98,99,100,101,102,103,104,105,108,109,110,111,112,113,114,115,116,117,118,119,120,121,122,123,124,125,126,127,128,129,130,131,136,137,139,140,143,147,203,204,214,215,216,217,218,219,220,221,222,223,
58;0;746;860;0;8,9,10,11,12,13,14,15,16,17,18,19,20,21,22,23,24,25,26,27,29,36,37,67,68,93,94,95,96,97,98,99,100,101,102,103,104,105,108,109,110,111,112,113,114,115,116,117,118,119,120,121,122,123,124,125,126,127,128,129,130,131,136,137,139,140,143,147,203,204,214,215,216,217,218,219,220,221,222,223,
3;0;860;888;0;8,9,10,11,12,13,14,15,16,17,18,19,20,21,22,23,24,25,26,27,29,36,37,67,68,93,94,95,96,97,98,99,100,101,102,103,104,105,108,109,110,111,112,113,114,115,116,117,118,119,120,121,122,123,124,125,126,127,128,129,130,131,136,137,139,140,143,147,203,204,214,215,216,217,218,219,220,221,222,223,
3;1;888;968;0;8,9,10,11,12,13,14,15,16,17,18,19,20,21,22,23,24,25,26,27,29,36,37,67,68,93,94,95,96,97,98,99,100,101,102,103,104,105,108,109,110,111,112,113,114,115,116,117,118,119,120,121,122,123,124,125,126,127,128,129,130,131,136,137,139,140,143,147,203,204,214,215,216,217,218,219,220,221,222,223,
31;0;968;996;0;8,9,10,11,12,13,14,15,16,17,18,19,20,21,22,23,24,25,26,27,29,36,37,67,68,93,94,95,96,97,98,99,100,101,102,103,104,105,108,109,110,111,112,113,114,115,116,117,118,119,120,121,122,123,124,125,126,127,128,129,130,131,136,137,139,140,143,147,203,204,214,215,216,217,218,219,220,221,222,223,
31;1;996;1172;0;8,9,10,11,12,13,14,15,16,17,18,19,20,21,22,23,24,25,26,27,29,36,37,67,68,93,94,95,96,97,98,99,100,101,102,103,104,105,108,109,110,111,112,113,114,115,116,117,118,119,120,121,122,123,124,125,126,127,128,129,130,131,136,137,139,140,143,147,203,204,214,215,216,217,218,219,220,221,222,223,
14;0;1172;1267;0;8,9,10,11,12,13,14,15,16,17,18,19,20,21,22,23,24,25,26,27,29,36,37,67,68,93,94,95,96,97,98,99,100,101,102,103,104,105,108,109,110,111,112,113,114,115,116,117,118,119,120,121,122,123,124,125,126,127,128,129,130,131,136,137,139,140,143,147,203,204,214,215,216,217,218,219,220,221,222,223,
67;0;1267;1362;0;8,9,10,11,12,13,14,15,16,17,18,19,20,21,22,23,24,25,26,27,29,36,37,67,68,93,94,95,96,97,98,99,100,101,102,103,104,105,108,109,110,111,112,113,114,115,116,117,118,119,120,121,122,123,124,125,126,127,128,129,130,131,136,137,139,140,143,147,203,204,214,215,216,217,218,219,220,221,222,223,
67;1;1362;1373;0;8,9,10,11,12,13,14,15,16,17,18,19,20,21,22,23,24,25,26,27,29,36,37,67,68,93,94,95,96,97,98,99,100,101,102,103,104,105,108,109,110,111,112,113,114,115,116,117,118,119,120,121,122,123,124,125,126,127,128,129,130,131,136,137,139,140,143,147,203,204,214,215,216,217,218,219,220,221,222,223,
75;0;1373;1384;0;8,9,10,11,12,13,14,15,16,17,18,19,20,21,22,23,24,25,26,27,29,36,37,67,68,93,94,95,96,97,98,99,100,101,102,103,104,105,108,109,110,111,112,113,114,115,116,117,118,119,120,121,122,123,124,125,126,127,128,129,130,131,136,137,139,140,143,147,203,204,214,215,216,217,218,219,220,221,222,223,
75;1;1384;1439;0;8,9,10,11,12,13,14,15,16,17,18,19,20,21,22,23,24,25,26,27,29,36,37,67,68,93,94,95,96,97,98,99,100,101,102,103,104,105,108,109,110,111,112,113,114,115,116,117,118,119,120,121,122,123,124,125,126,127,128,129,130,131,136,137,139,140,143,147,203,204,214,215,216,217,218,219,220,221,222,223,
64;0;1439;1450;1;8,9,10,11,12,13,14,15,16,17,18,19,20,21,22,23,24,25,26,27,29,36,37,67,68,93,94,95,96,97,98,99,100,101,102,103,104,105,108,109,110,111,112,113,114,115,116,117,118,119,120,121,122,123,124,125,126,127,128,129,130,131,136,137,139,140,143,147,203,204,214,215,216,217,218,219,220,221,222,223,
16;0;1450;1475;1;8,9,10,11,12,13,14,15,16,17,18,19,20,21,22,23,24,25,26,27,29,36,37,67,68,93,94,95,96,97,98,99,100,101,102,103,104,105,108,109,110,111,112,113,114,115,116,117,118,119,120,121,122,123,124,125,126,127,128,129,130,131,136,137,139,140,143,147,203,204,214,215,216,217,218,219,220,221,222,223,
49;0;1475;1479;1;8,9,10,11,12,13,14,15,16,17,18,19,20,21,22,23,24,25,26,27,29,36,37,67,68,93,94,95,96,97,98,99,100,101,102,103,104,105,108,109,110,111,112,113,114,115,116,117,118,119,120,121,122,123,124,125,126,127,128,129,130,131,136,137,139,140,143,147,203,204,214,215,216,217,218,219,220,221,222,223,
49;1;1479;1506;1;8,9,10,11,12,13,14,15,16,17,18,19,20,21,22,23,24,25,26,27,29,36,37,67,68,93,94,95,96,97,98,99,100,101,102,103,104,105,108,109,110,111,112,113,114,115,116,117,118,119,120,121,122,123,124,125,126,127,128,129,130,131,136,137,139,140,143,147,203,204,214,215,216,217,218,219,220,221,222,223,
37;0;1506;1522;1;8,9,10,11,12,13,14,15,16,17,18,19,20,21,22,23,24,25,26,27,29,36,37,67,68,93,94,95,96,97,98,99,100,101,102,103,104,105,108,109,110,111,112,113,114,115,116,117,118,119,120,121,122,123,124,125,126,127,128,129,130,131,136,137,139,140,143,147,203,204,214,215,216,217,218,219,220,221,222,223,
37;1;1522;1550;1;8,9,10,11,12,13,14,15,16,17,18,19,20,21,22,23,24,25,26,27,29,36,37,67,68,93,94,95,96,97,98,99,100,101,102,103,104,105,108,109,110,111,112,113,114,115,116,117,118,119,120,121,122,123,124,125,126,127,128,129,130,131,136,137,139,140,143,147,203,204,214,215,216,217,218,219,220,221,222,223,
55;0;1550;1672;0;8,9,10,11,12,13,14,15,16,17,18,19,20,21,22,23,24,25,26,27,29,36,37,67,68,93,94,95,96,97,98,99,100,101,102,103,104,105,108,109,110,111,112,113,114,115,116,117,118,119,120,121,122,123,124,125,126,127,128,129,130,131,132,133,136,137,139,140,143,147,203,204,214,215,216,217,218,219,220,221,
55;1;1672;1777;0;8,9,10,11,12,13,14,15,16,17,18,19,20,21,22,23,24,25,26,27,29,36,37,67,68,93,94,95,96,97,98,99,100,101,102,103,104,105,108,109,110,111,112,113,114,115,116,117,118,119,120,121,122,123,124,125,126,127,128,129,130,131,132,133,136,137,139,140,143,147,203,204,214,215,216,217,218,219,220,221,
41;0;1777;1781;1;8,9,10,11,12,13,14,15,16,17,18,19,20,21,22,23,24,25,26,27,29,36,37,67,68,93,94,95,96,97,98,99,100,101,102,103,104,105,108,109,110,111,112,113,114,115,116,117,118,119,120,121,122,123,124,125,126,127,128,129,130,131,132,133,136,137,139,140,143,147,203,204,214,215,216,217,218,219,220,221,
41;1;1781;1826;1;8,9,10,11,12,13,14,15,16,17,18,19,20,21,22,23,24,25,26,27,29,36,37,67,68,93,94,95,96,97,98,99,100,101,102,103,104,105,108,109,110,111,112,113,114,115,116,117,118,119,120,121,122,123,124,125,126,127,128,129,130,131,132,133,136,137,139,140,143,147,203,204,214,215,216,217,218,219,220,221,
85;0;1826;1867;1;8,9,10,11,12,13,14,15,16,17,18,19,20,21,22,23,24,25,26,27,29,36,37,38,39,67,68,93,94,95,96,97,98,99,100,101,102,103,104,105,108,109,110,111,112,113,114,115,116,117,118,119,120,121,122,123,124,125,126,127,128,129,130,131,132,133,136,137,139,140,143,147,203,204,214,215,216,217,218,219,
85;1;1867;1903;1;8,9,10,11,12,13,14,15,16,17,18,19,20,21,22,23,24,25,26,27,29,36,37,38,39,67,68,93,94,95,96,97,98,99,100,101,102,103,104,105,108,109,110,111,112,113,114,115,116,117,118,119,120,121,122,123,124,125,126,127,128,129,130,131,132,133,136,137,139,140,143,147,203,204,214,215,216,217,218,219,
42;0;1903;1944;0;8,9,10,11,12,13,14,15,16,17,18,19,20,21,22,23,24,25,26,27,29,36,37,38,39,67,68,93,94,95,96,97,98,99,100,101,102,103,104,105,108,109,110,111,112,113,114,115,116,117,118,119,120,121,122,123,124,125,126,127,128,129,130,131,132,133,136,137,139,140,143,147,203,204,214,215,216,217,218,219,
24;0;1944;2045;1;8,9,10,11,12,13,14,15,16,17,18,19,20,21,22,23,24,25,26,27,29,36,37,38,39,67,68,72,93,94,95,96,97,98,99,100,101,102,103,104,105,108,109,110,111,112,113,114,115,116,117,118,119,120,121,122,123,124,125,126,127,128,129,130,131,132,133,134,136,137,139,140,143,147,203,204,214,215,216,217,
50;0;2045;2104;0;8,9,10,11,12,13,14,15,16,17,18,19,20,21,22,23,24,25,26,27,29,36,37,38,39,47,50,51,53,63,67,68,69,70,72,93,94,95,96,97,98,99,100,101,102,103,104,105,110,111,120,134,150,151,152,153,154,155,156,157,158,159,160,161,162,163,164,165,166,167,168,169,170,171,172,173,174,175,176,177,
0;0;2104;2172;1;0,1,2,3,4,5,6,7,8,9,10,11,12,13,14,15,16,17,18,19,20,21,22,23,24,25,26,27,29,30,31,36,37,38,39,47,50,51,53,63,67,68,69,70,71,72,73,74,75,76,77,78,79,80,81,82,83,84,85,86,87,88,89,90,91,92,93,94,95,96,97,98,99,100,110,111,120,175,178,179,
0;1;2172;2206;1;0,1,2,3,4,5,6,7,8,9,10,11,12,13,14,15,16,17,18,19,20,21,22,23,24,25,26,27,29,30,31,36,37,38,39,47,50,51,53,63,67,68,69,70,71,72,73,74,75,76,77,78,79,80,81,82,83,84,85,86,87,88,89,90,91,92,93,94,95,96,97,98,99,100,110,111,120,175,178,179,
56;0;2206;2340;1;0,1,2,3,4,5,6,7,8,9,10,11,12,13,14,15,16,17,18,19,20,21,22,23,24,25,26,27,29,30,31,36,37,38,39,47,50,51,53,63,67,68,69,70,71,72,73,74,75,76,77,78,79,80,81,82,83,84,85,86,87,88,89,90,91,92,93,94,95,96,97,98,99,100,110,111,120,175,178,179,
45;0;2340;2453;1;0,1,2,3,4,5,6,7,8,9,10,11,12,13,14,15,16,17,18,19,20,21,22,23,24,25,26,27,29,30,31,36,37,38,39,47,50,51,53,63,67,68,69,70,71,72,73,74,75,76,77,78,79,80,81,82,83,84,85,86,87,88,89,90,91,92,93,94,95,96,97,98,99,100,110,111,120,175,178,179,
45;1;2453;2475;1;0,1,2,3,4,5,6,7,8,9,10,11,12,13,14,15,16,17,18,19,20,21,22,23,24,25,26,27,29,30,31,36,37,38,39,47,50,51,53,63,67,68,69,70,71,72,73,74,75,76,77,78,79,80,81,82,83,84,85,86,87,88,89,90,91,92,93,94,95,96,97,98,99,100,110,111,120,175,178,179,
72;0;2475;2613;1;0,1,2,3,4,5,6,7,8,9,10,11,12,13,14,15,16,17,18,19,20,21,22,23,24,25,26,27,29,30,31,36,37,38,39,47,50,51,53,63,67,68,69,70,71,72,73,74,75,76,77,78,79,80,81,82,83,84,85,86,87,88,89,90,91,92,93,94,95,96,97,98,99,100,110,111,120,175,178,179,
48;0;2613;2760;1;0,1,2,3,4,5,6,7,8,9,10,11,12,13,14,15,16,17,18,19,20,21,22,23,24,25,26,27,29,30,31,36,37,38,39,47,50,51,53,63,67,68,69,70,71,72,73,74,75,76,77,78,79,80,81,82,83,84,85,86,87,88,89,90,91,92,93,94,95,96,97,98,99,100,110,111,120,175,178,179,
68;0;2760;2920;1;0,1,2,3,4,5,6,7,8,9,10,11,12,13,14,15,16,17,18,19,20,21,22,23,24,25,26,27,29,30,31,36,37,38,39,47,50,51,53,63,67,68,69,70,71,72,73,74,75,76,77,78,79,80,81,82,83,84,85,86,87,88,89,90,91,92,93,94,95,96,97,98,99,100,110,111,120,175,178,179,
66;0;2920;3037;0;0,1,2,3,4,5,6,7,8,9,10,11,12,13,14,15,16,17,18,19,20,21,22,23,24,25,26,27,29,30,31,36,37,38,39,47,50,51,53,63,67,68,69,70,71,72,73,74,75,76,77,78,79,80,81,82,83,84,85,86,87,88,89,90,91,92,93,94,95,96,97,98,99,100,110,111,120,175,178,179,
32;0;3037;3205;1;0,1,2,3,4,5,6,7,8,9,10,11,12,13,14,15,16,17,18,19,20,21,22,23,24,25,26,27,29,30,31,35,36,37,38,39,47,50,51,53,63,67,68,69,70,71,72,73,74,75,76,77,78,79,80,81,82,83,84,85,86,87,88,89,90,91,92,93,94,95,96,97,98,99,100,110,111,120,138,175,
59;0;3205;3250;0;0,1,2,3,4,5,6,7,8,9,10,11,12,13,14,15,16,17,18,19,20,21,22,23,24,25,26,27,29,30,31,34,35,36,37,38,39,47,50,51,53,63,67,68,69,70,71,72,73,74,75,76,77,78,79,80,81,82,83,84,85,86,87,88,89,90,91,92,93,94,95,96,97,98,99,100,111,120,138,175,
59;1;3250;3382;0;0,1,2,3,4,5,6,7,8,9,10,11,12,13,14,15,16,17,18,19,20,21,22,23,24,25,26,27,29,30,31,34,35,36,37,38,39,47,50,51,53,63,67,68,69,70,71,72,73,74,75,76,77,78,79,80,81,82,83,84,85,86,87,88,89,90,91,92,93,94,95,96,97,98,99,100,111,120,138,175,
77;0;3382;3401;1;0,1,2,3,4,5,6,7,8,9,10,11,12,13,14,15,16,17,18,19,20,21,22,23,24,25,26,27,29,30,31,34,35,36,37,38,39,47,50,51,53,63,67,68,69,70,71,72,73,74,75,76,77,78,79,80,81,82,83,84,85,86,87,88,89,90,91,111,120,138,175,205,206,207,208,209,210,211,212,213,
77;1;3401;3561;1;0,1,2,3,4,5,6,7,8,9,10,11,12,13,14,15,16,17,18,19,20,21,22,23,24,25,26,27,29,30,31,34,35,36,37,38,39,47,50,51,53,63,67,68,69,70,71,72,73,74,75,76,77,78,79,80,81,82,83,84,85,86,87,88,89,90,91,111,120,138,175,205,206,207,208,209,210,211,212,213,
53;0;3561;3721;1;0,1,2,3,4,5,6,7,8,9,10,11,12,13,14,15,16,17,18,19,20,21,22,23,24,25,26,27,29,30,31,34,35,36,37,38,39,47,50,51,53,63,65,66,67,68,69,70,71,72,73,74,75,76,77,78,79,80,81,82,83,84,85,86,87,88,89,90,91,111,120,138,175,205,206,207,208,209,210,211,
53;1;3721;3753;1;0,1,2,3,4,5,6,7,8,9,10,11,12,13,14,15,16,17,18,19,20,21,22,23,24,25,26,27,29,30,31,34,35,36,37,38,39,47,50,51,53,63,65,66,67,68,69,70,71,72,73,74,75,76,77,78,79,80,81,82,83,84,85,86,87,88,89,90,91,111,120,138,175,205,206,207,208,209,210,211,
13;0;3753;3859;1;0,1,2,3,4,5,6,7,8,9,10,11,12,13,14,15,16,17,18,19,20,21,22,23,24,25,26,27,29,30,31,34,35,36,37,38,39,47,50,51,53,63,65,66,67,68,69,70,71,72,73,74,75,76,77,78,79,80,81,82,83,84,85,86,87,88,89,90,91,111,120,138,175,205,206,207,208,209,210,211,
13;1;3859;3965;1;0,1,2,3,4,5,6,7,8,9,10,11,12,13,14,15,16,17,18,19,20,21,22,23,24,25,26,27,29,30,31,34,35,36,37,38,39,47,50,51,53,63,65,66,67,68,69,70,71,72,73,74,75,76,77,78,79,80,81,82,83,84,85,86,87,88,89,90,91,111,120,138,175,205,206,207,208,209,210,211,
47;0;3965;4071;0;0,1,2,3,4,5,6,7,8,9,10,11,12,13,14,15,16,17,18,19,20,21,22,23,24,25,26,27,29,30,31,34,35,36,37,38,39,47,50,51,53,63,65,66,67,68,69,70,71,72,73,74,75,76,77,78,79,80,81,82,83,84,85,86,87,88,89,90,91,111,120,138,175,205,206,207,208,209,210,211,
47;1;4071;4154;0;0,1,2,3,4,5,6,7,8,9,10,11,12,13,14,15,16,17,18,19,20,21,22,23,24,25,26,27,29,30,31,34,35,36,37,38,39,47,50,51,53,63,65,66,67,68,69,70,71,72,73,74,75,76,77,78,79,80,81,82,83,84,85,86,87,88,89,90,91,111,120,138,175,205,206,207,208,209,210,211,
69;0;4154;4312;1;0,1,2,3,4,5,6,7,8,9,10,11,12,13,14,15,16,17,18,19,20,21,22,23,24,25,26,27,29,30,31,34,35,36,37,38,39,47,50,51,53,63,65,66,67,68,69,70,71,72,73,74,75,76,77,78,79,80,81,82,83,84,85,86,87,88,89,90,91,111,120,138,175,205,206,207,208,209,210,211,
69;1;4312;4391;1;0,1,2,3,4,5,6,7,8,9,10,11,12,13,14,15,16,17,18,19,20,21,22,23,24,25,26,27,29,30,31,34,35,36,37,38,39,47,50,51,53,63,65,66,67,68,69,70,71,72,73,74,75,76,77,78,79,80,81,82,83,84,85,86,87,88,89,90,91,111,120,138,175,205,206,207,208,209,210,211,
27;0;4391;4565;0;0,1,2,3,4,5,6,7,8,9,10,11,12,13,14,15,16,17,18,19,20,21,22,23,24,25,26,27,29,30,31,34,35,36,37,38,39,47,50,51,53,63,65,66,67,68,69,70,71,72,73,74,75,76,77,78,79,80,81,82,83,84,85,86,87,88,89,90,91,111,120,138,175,205,206,207,208,209,210,211,
27;1;4565;4629;0;0,1,2,3,4,5,6,7,8,9,10,11,12,13,14,15,16,17,18,19,20,21,22,23,24,25,26,27,29,30,31,34,35,36,37,38,39,47,50,51,53,63,65,66,67,68,69,70,71,72,73,74,75,76,77,78,79,80,81,82,83,84,85,86,87,88,89,90,91,111,120,138,175,205,206,207,208,209,210,211,
38;0;4629;4787;0;0,1,2,3,4,5,6,7,8,9,10,11,12,13,14,15,16,17,18,19,20,21,22,23,24,25,26,27,29,30,31,34,35,36,37,38,39,47,50,51,53,63,65,66,67,68,69,70,71,72,73,74,75,76,77,78,79,80,81,82,83,84,85,86,87,88,89,90,91,111,120,138,175,205,206,207,208,209,210,211,
25;0;4787;4917;1;0,1,2,3,4,5,6,7,8,9,10,11,12,13,14,15,16,17,18,19,20,21,22,23,24,25,26,27,28,29,30,31,34,35,36,37,38,39,47,50,51,53,63,65,66,67,68,69,70,71,72,73,74,75,76,77,78,79,80,81,82,83,84,85,86,87,88,89,90,91,111,120,135,138,175,205,206,207,208,209,
25;1;4917;5042;1;0,1,2,3,4,5,6,7,8,9,10,11,12,13,14,15,16,17,18,19,20,21,22,23,24,25,26,27,28,29,30,31,34,35,36,37,38,39,47,50,51,53,63,65,66,67,68,69,70,71,72,73,74,75,76,77,78,79,80,81,82,83,84,85,86,87,88,89,90,91,111,120,135,138,175,205,206,207,208,209,
22;0;5042;5172;0;0,1,2,3,4,5,6,7,8,9,10,11,12,13,14,15,16,17,18,19,20,21,22,23,24,25,26,27,28,29,30,31,34,35,36,37,38,39,47,50,51,53,63,65,66,67,68,69,70,71,72,73,74,75,76,77,78,79,80,81,82,83,84,85,86,87,88,89,90,91,111,120,135,138,175,205,206,207,208,209,
29;0;5172;5337;1;0,1,2,3,4,5,6,7,8,9,10,11,12,13,14,15,16,17,18,19,20,21,22,23,24,25,26,27,28,29,30,31,34,35,36,37,38,39,47,50,51,53,63,65,66,67,68,69,70,71,72,73,74,75,76,77,78,79,80,81,82,83,84,85,86,87,88,89,90,91,111,120,135,138,175,205,206,207,208,209,
29;1;5337;5451;1;0,1,2,3,4,5,6,7,8,9,10,11,12,13,14,15,16,17,18,19,20,21,22,23,24,25,26,27,28,29,30,31,34,35,36,37,38,39,47,50,51,53,63,65,66,67,68,69,70,71,72,73,74,75,76,77,78,79,80,81,82,83,84,85,86,87,88,89,90,91,111,120,135,138,175,205,206,207,208,209,
54;0;5451;5616;0;0,1,2,3,4,5,6,7,8,9,10,11,12,13,14,15,16,17,18,19,20,21,22,23,24,25,26,27,28,29,30,31,34,35,36,37,38,39,47,50,51,53,63,65,66,67,68,69,70,71,72,73,74,75,76,77,78,79,80,81,82,83,84,85,86,87,88,89,90,91,111,120,135,138,175,205,206,207,208,209,
73;0;5616;5784;1;0,1,2,3,4,5,6,7,8,9,10,11,12,13,14,15,16,17,18,19,20,21,22,23,24,25,26,27,28,29,30,31,34,35,36,37,38,39,47,50,51,53,63,65,66,67,68,69,70,71,72,73,74,75,76,77,78,79,80,81,82,83,84,85,86,87,88,89,90,91,111,120,135,138,175,205,206,207,208,209,
73;1;5784;5936;1;0,1,2,3,4,5,6,7,8,9,10,11,12,13,14,15,16,17,18,19,20,21,22,23,24,25,26,27,28,29,30,31,34,35,36,37,38,39,47,50,51,53,63,65,66,67,68,69,70,71,72,73,74,75,76,77,78,79,80,81,82,83,84,85,86,87,88,89,90,91,111,120,135,138,175,205,206,207,208,209,
END
fineshedJobsCount: 130
switchs: 162
switchsInstances: 17
unfineshedPriorityCount: 0
finalSolution: 3568
totalUnfineshed: 0
Time: 0
