input/BaseInstances/6M1/n=130,r=0.6,t=165,v0.txt;
7;720;1440;10080
Machine: 0
11;0;0;14;1;0,1,2,3,4,5,6,7,8,9,10,11,12,13,14,15,16,17,18,19,20,21,22,23,24,25,26,27,28,29,30,36,38,53,54,55,56,57,58,59,60,61,62,63,64,67,69,80,81,82,83,84,85,86,87,88,90,98,99,100,101,102,103,104,105,106,107,108,135,137,151,154,157,158,159,160,161,162,163,164,
11;1;14;50;1;0,1,2,3,4,5,6,7,8,9,10,11,12,13,14,15,16,17,18,19,20,21,22,23,24,25,26,27,28,29,30,36,38,53,54,55,56,57,58,59,60,61,62,63,64,67,69,80,81,82,83,84,85,86,87,88,90,98,99,100,101,102,103,104,105,106,107,108,135,137,151,154,157,158,159,160,161,162,163,164,
24;0;50;62;1;0,1,2,3,4,5,6,7,8,9,10,11,12,13,14,15,16,17,18,19,20,21,22,23,24,25,26,27,28,29,30,36,38,53,54,55,56,57,58,59,60,61,62,63,64,67,69,80,81,82,83,84,85,86,87,88,90,98,99,100,101,102,103,104,105,106,107,108,135,137,151,154,157,158,159,160,161,162,163,164,
24;1;62;122;1;0,1,2,3,4,5,6,7,8,9,10,11,12,13,14,15,16,17,18,19,20,21,22,23,24,25,26,27,28,29,30,36,38,53,54,55,56,57,58,59,60,61,62,63,64,67,69,80,81,82,83,84,85,86,87,88,90,98,99,100,101,102,103,104,105,106,107,108,135,137,151,154,157,158,159,160,161,162,163,164,
13;0;122;302;0;0,1,2,3,4,5,6,7,8,9,10,11,12,13,14,15,16,17,18,19,20,21,22,23,24,25,26,27,28,29,30,36,38,53,54,55,56,57,58,59,60,61,62,63,64,67,69,80,81,82,83,84,85,86,87,88,90,98,99,100,101,102,103,104,105,106,107,108,135,137,151,154,157,158,159,160,161,162,163,164,
13;1;302;453;0;0,1,2,3,4,5,6,7,8,9,10,11,12,13,14,15,16,17,18,19,20,21,22,23,24,25,26,27,28,29,30,36,38,53,54,55,56,57,58,59,60,61,62,63,64,67,69,80,81,82,83,84,85,86,87,88,90,98,99,100,101,102,103,104,105,106,107,108,135,137,151,154,157,158,159,160,161,162,163,164,
28;0;453;597;0;0,1,2,3,4,5,6,7,8,9,10,11,12,13,14,15,16,17,18,19,20,21,22,23,24,25,26,27,28,29,30,36,38,53,54,55,56,57,58,59,60,61,62,63,64,67,69,80,81,82,83,84,85,86,87,88,90,98,99,100,101,102,103,104,105,106,107,108,135,137,151,154,157,158,159,160,161,162,163,164,
28;1;597;745;0;0,1,2,3,4,5,6,7,8,9,10,11,12,13,14,15,16,17,18,19,20,21,22,23,24,25,26,27,28,29,30,36,38,53,54,55,56,57,58,59,60,61,62,63,64,67,69,80,81,82,83,84,85,86,87,88,90,98,99,100,101,102,103,104,105,106,107,108,135,137,151,154,157,158,159,160,161,162,163,164,
33;0;745;888;0;0,1,2,3,4,5,6,7,8,9,10,11,12,13,14,15,16,17,18,19,20,21,22,23,24,25,26,27,28,29,30,36,38,53,54,55,56,57,58,59,60,61,62,63,64,67,69,80,81,82,83,84,85,86,87,88,90,98,99,100,101,102,103,104,105,106,107,108,135,137,151,154,157,158,159,160,161,162,163,164,
33;1;888;952;0;0,1,2,3,4,5,6,7,8,9,10,11,12,13,14,15,16,17,18,19,20,21,22,23,24,25,26,27,28,29,30,36,38,53,54,55,56,57,58,59,60,61,62,63,64,67,69,80,81,82,83,84,85,86,87,88,90,98,99,100,101,102,103,104,105,106,107,108,135,137,151,154,157,158,159,160,161,162,163,164,
50;0;952;1091;0;0,1,2,3,4,5,6,7,8,9,10,11,12,13,14,15,16,17,18,19,20,21,22,23,24,25,26,27,28,29,30,36,38,53,54,55,56,57,58,59,60,61,62,63,64,67,69,80,81,82,83,84,85,86,87,88,90,98,99,100,101,102,103,104,105,106,107,108,135,137,151,154,157,158,159,160,161,162,163,164,
25;0;1091;1175;0;0,1,2,3,4,5,6,7,8,9,10,11,12,13,14,15,16,17,18,19,20,21,22,23,24,25,26,27,28,29,30,36,38,53,54,55,56,57,58,59,60,61,62,63,64,67,69,80,81,82,83,84,85,86,87,88,90,98,99,100,101,102,103,104,105,106,107,108,135,137,151,154,157,158,159,160,161,162,163,164,
35;0;1175;1179;0;0,1,2,3,4,5,6,7,8,9,10,11,12,13,14,15,16,17,18,19,20,21,22,23,24,25,26,27,28,29,30,36,38,53,54,55,56,57,58,59,60,61,62,63,64,67,69,80,81,82,83,84,85,86,87,88,90,98,99,100,101,102,103,104,105,106,107,108,135,137,151,154,157,158,159,160,161,162,163,164,
26;0;1179;1220;1;0,1,2,3,4,5,6,7,8,9,10,11,12,13,14,15,16,17,18,19,20,21,22,23,24,25,26,27,28,29,30,36,38,53,54,55,56,57,58,59,60,61,62,63,64,67,69,80,81,82,83,84,85,86,87,88,90,98,99,100,101,102,103,104,105,106,107,108,135,137,151,154,157,158,159,160,161,162,163,164,
26;1;1220;1286;1;0,1,2,3,4,5,6,7,8,9,10,11,12,13,14,15,16,17,18,19,20,21,22,23,24,25,26,27,28,29,30,36,38,53,54,55,56,57,58,59,60,61,62,63,64,67,69,80,81,82,83,84,85,86,87,88,90,98,99,100,101,102,103,104,105,106,107,108,135,137,151,154,157,158,159,160,161,162,163,164,
69;0;1286;1319;1;0,1,2,3,4,5,6,7,8,9,10,11,12,13,14,15,16,17,18,19,20,21,22,23,24,25,26,27,28,29,30,36,38,53,54,55,56,57,58,59,60,61,62,63,64,67,69,80,81,82,83,84,85,86,87,88,90,98,99,100,101,102,103,104,105,106,107,108,135,137,151,154,157,158,159,160,161,162,163,164,
69;1;1319;1399;1;0,1,2,3,4,5,6,7,8,9,10,11,12,13,14,15,16,17,18,19,20,21,22,23,24,25,26,27,28,29,30,36,38,53,54,55,56,57,58,59,60,61,62,63,64,67,69,80,81,82,83,84,85,86,87,88,90,98,99,100,101,102,103,104,105,106,107,108,135,137,151,154,157,158,159,160,161,162,163,164,
21;0;1399;1508;1;0,1,2,3,4,5,6,7,8,9,10,11,12,13,14,15,16,17,18,19,20,21,22,23,24,25,26,27,28,29,30,36,38,53,54,55,56,57,58,59,60,61,62,63,64,67,69,80,81,82,83,84,85,86,87,88,90,98,99,100,101,102,103,104,105,106,107,108,135,137,151,154,157,158,159,160,161,162,163,164,
21;1;1508;1549;1;0,1,2,3,4,5,6,7,8,9,10,11,12,13,14,15,16,17,18,19,20,21,22,23,24,25,26,27,28,29,30,36,38,53,54,55,56,57,58,59,60,61,62,63,64,67,69,80,81,82,83,84,85,86,87,88,90,98,99,100,101,102,103,104,105,106,107,108,135,137,151,154,157,158,159,160,161,162,163,164,
2;0;1549;1721;1;0,1,2,3,4,5,6,7,8,9,10,11,12,13,14,15,16,17,18,19,20,21,22,23,24,25,26,27,28,29,30,36,38,53,54,55,56,57,58,59,60,61,62,63,64,67,69,80,81,82,83,84,85,86,87,88,90,98,99,100,101,102,103,104,105,106,107,108,135,137,151,154,157,158,159,160,161,162,163,164,
54;0;1721;1812;1;0,1,2,3,4,5,6,7,8,9,10,11,12,13,14,15,16,17,18,19,20,21,22,23,24,25,26,27,28,29,30,36,38,53,54,55,56,57,58,59,60,61,62,63,64,67,69,80,81,82,83,84,85,86,87,88,90,98,99,100,101,102,103,104,105,106,107,108,135,137,151,154,157,158,159,160,161,162,163,164,
54;1;1812;1915;1;0,1,2,3,4,5,6,7,8,9,10,11,12,13,14,15,16,17,18,19,20,21,22,23,24,25,26,27,28,29,30,36,38,53,54,55,56,57,58,59,60,61,62,63,64,67,69,80,81,82,83,84,85,86,87,88,90,98,99,100,101,102,103,104,105,106,107,108,135,137,151,154,157,158,159,160,161,162,163,164,
39;0;1915;2066;1;0,1,2,3,4,5,6,7,8,9,10,11,12,13,14,15,16,17,18,19,20,21,22,23,24,25,26,27,28,29,30,36,38,53,54,55,56,57,58,59,60,61,62,63,64,67,69,80,81,82,83,84,85,86,87,88,90,98,99,100,101,102,103,104,105,106,107,108,135,137,151,154,157,158,159,160,161,162,163,164,
39;1;2066;2142;1;0,1,2,3,4,5,6,7,8,9,10,11,12,13,14,15,16,17,18,19,20,21,22,23,24,25,26,27,28,29,30,36,38,53,54,55,56,57,58,59,60,61,62,63,64,67,69,80,81,82,83,84,85,86,87,88,90,98,99,100,101,102,103,104,105,106,107,108,135,137,151,154,157,158,159,160,161,162,163,164,
Machine: 1
41;0;0;34;1;0,1,2,3,4,5,6,7,8,9,10,20,24,26,30,31,32,33,34,35,36,37,38,48,53,54,55,56,57,58,59,60,61,62,63,64,65,66,67,68,69,81,82,84,85,90,100,103,104,105,106,107,108,120,132,133,134,135,136,137,138,139,140,141,142,143,144,145,146,147,148,149,150,151,152,153,154,155,156,157,
41;1;34;52;1;0,1,2,3,4,5,6,7,8,9,10,20,24,26,30,31,32,33,34,35,36,37,38,48,53,54,55,56,57,58,59,60,61,62,63,64,65,66,67,68,69,81,82,84,85,90,100,103,104,105,106,107,108,120,132,133,134,135,136,137,138,139,140,141,142,143,144,145,146,147,148,149,150,151,152,153,154,155,156,157,
48;0;52;104;0;0,1,2,3,4,5,6,7,8,9,10,20,24,26,30,31,32,33,34,35,36,37,38,48,53,54,55,56,57,58,59,60,61,62,63,64,65,66,67,68,69,81,82,84,85,90,100,103,104,105,106,107,108,120,132,133,134,135,136,137,138,139,140,141,142,143,144,145,146,147,148,149,150,151,152,153,154,155,156,157,
48;1;104;209;0;0,1,2,3,4,5,6,7,8,9,10,20,24,26,30,31,32,33,34,35,36,37,38,48,53,54,55,56,57,58,59,60,61,62,63,64,65,66,67,68,69,81,82,84,85,90,100,103,104,105,106,107,108,120,132,133,134,135,136,137,138,139,140,141,142,143,144,145,146,147,148,149,150,151,152,153,154,155,156,157,
75;0;209;324;0;0,1,2,3,4,5,6,7,8,9,10,20,24,26,30,31,32,33,34,35,36,37,38,48,53,54,55,56,57,58,59,60,61,62,63,64,65,66,67,68,69,81,82,84,85,90,100,103,104,105,106,107,108,120,132,133,134,135,136,137,138,139,140,141,142,143,144,145,146,147,148,149,150,151,152,153,154,155,156,157,
22;0;324;433;0;0,1,2,3,4,5,6,7,8,9,10,20,24,26,30,31,32,33,34,35,36,37,38,48,53,54,55,56,57,58,59,60,61,62,63,64,65,66,67,68,69,81,82,84,85,90,100,103,104,105,106,107,108,120,132,133,134,135,136,137,138,139,140,141,142,143,144,145,146,147,148,149,150,151,152,153,154,155,156,157,
18;0;433;567;0;0,1,2,3,4,5,6,7,8,9,10,20,24,26,30,31,32,33,34,35,36,37,38,48,53,54,55,56,57,58,59,60,61,62,63,64,65,66,67,68,69,81,82,84,85,90,100,103,104,105,106,107,108,120,132,133,134,135,136,137,138,139,140,141,142,143,144,145,146,147,148,149,150,151,152,153,154,155,156,157,
18;1;567;736;0;0,1,2,3,4,5,6,7,8,9,10,20,24,26,30,31,32,33,34,35,36,37,38,48,53,54,55,56,57,58,59,60,61,62,63,64,65,66,67,68,69,81,82,84,85,90,100,103,104,105,106,107,108,120,132,133,134,135,136,137,138,139,140,141,142,143,144,145,146,147,148,149,150,151,152,153,154,155,156,157,
3;0;736;778;0;0,1,2,3,4,5,6,7,8,9,10,20,24,26,30,31,32,33,34,35,36,37,38,48,53,54,55,56,57,58,59,60,61,62,63,64,65,66,67,68,69,81,82,84,85,90,100,103,104,105,106,107,108,120,132,133,134,135,136,137,138,139,140,141,142,143,144,145,146,147,148,149,150,151,152,153,154,155,156,157,
3;1;778;909;0;0,1,2,3,4,5,6,7,8,9,10,20,24,26,30,31,32,33,34,35,36,37,38,48,53,54,55,56,57,58,59,60,61,62,63,64,65,66,67,68,69,81,82,84,85,90,100,103,104,105,106,107,108,120,132,133,134,135,136,137,138,139,140,141,142,143,144,145,146,147,148,149,150,151,152,153,154,155,156,157,
20;0;909;982;0;0,1,2,3,4,5,6,7,8,9,10,20,24,26,30,31,32,33,34,35,36,37,38,48,53,54,55,56,57,58,59,60,61,62,63,64,65,66,67,68,69,81,82,84,85,90,100,103,104,105,106,107,108,120,132,133,134,135,136,137,138,139,140,141,142,143,144,145,146,147,148,149,150,151,152,153,154,155,156,157,
7;0;982;1013;0;0,1,2,3,4,5,6,7,8,9,10,20,24,26,30,31,32,33,34,35,36,37,38,48,53,54,55,56,57,58,59,60,61,62,63,64,65,66,67,68,69,81,82,84,85,90,100,103,104,105,106,107,108,120,132,133,134,135,136,137,138,139,140,141,142,143,144,145,146,147,148,149,150,151,152,153,154,155,156,157,
10;0;1013;1109;0;0,1,2,3,4,5,6,7,8,9,10,20,24,26,30,31,32,33,34,35,36,37,38,48,53,54,55,56,57,58,59,60,61,62,63,64,65,66,67,68,69,81,82,84,85,90,100,103,104,105,106,107,108,120,132,133,134,135,136,137,138,139,140,141,142,143,144,145,146,147,148,149,150,151,152,153,154,155,156,157,
51;0;1109;1246;1;0,1,2,3,4,5,6,7,8,9,10,20,24,26,30,31,32,33,34,35,36,37,38,48,53,54,55,56,57,58,59,60,61,62,63,64,65,66,67,68,69,81,82,84,85,90,100,103,104,105,106,107,108,120,132,133,134,135,136,137,138,139,140,141,142,143,144,145,146,147,148,149,150,151,152,153,154,155,156,157,
51;1;1246;1250;1;0,1,2,3,4,5,6,7,8,9,10,20,24,26,30,31,32,33,34,35,36,37,38,48,53,54,55,56,57,58,59,60,61,62,63,64,65,66,67,68,69,81,82,84,85,90,100,103,104,105,106,107,108,120,132,133,134,135,136,137,138,139,140,141,142,143,144,145,146,147,148,149,150,151,152,153,154,155,156,157,
44;0;1250;1289;1;0,1,2,3,4,5,6,7,8,9,10,20,24,26,30,31,32,33,34,35,36,37,38,48,53,54,55,56,57,58,59,60,61,62,63,64,65,66,67,68,69,81,82,84,85,90,100,103,104,105,106,107,108,120,132,133,134,135,136,137,138,139,140,141,142,143,144,145,146,147,148,149,150,151,152,153,154,155,156,157,
44;1;1289;1452;1;0,1,2,3,4,5,6,7,8,9,10,20,24,26,30,31,32,33,34,35,36,37,38,48,53,54,55,56,57,58,59,60,61,62,63,64,65,66,67,68,69,81,82,84,85,90,100,103,104,105,106,107,108,120,132,133,134,135,136,137,138,139,140,141,142,143,144,145,146,147,148,149,150,151,152,153,154,155,156,157,
76;0;1452;1588;1;0,1,2,3,4,5,6,7,8,9,10,20,24,26,30,31,32,33,34,35,36,37,38,48,53,54,55,56,57,58,59,60,61,62,63,64,65,66,67,68,69,81,82,84,85,90,100,103,104,105,106,107,108,120,132,133,134,135,136,137,138,139,140,141,142,143,144,145,146,147,148,149,150,151,152,153,154,155,156,157,
76;1;1588;1660;1;0,1,2,3,4,5,6,7,8,9,10,20,24,26,30,31,32,33,34,35,36,37,38,48,53,54,55,56,57,58,59,60,61,62,63,64,65,66,67,68,69,81,82,84,85,90,100,103,104,105,106,107,108,120,132,133,134,135,136,137,138,139,140,141,142,143,144,145,146,147,148,149,150,151,152,153,154,155,156,157,
14;0;1660;1811;1;0,1,2,3,4,5,6,7,8,9,10,20,24,26,30,31,32,33,34,35,36,37,38,48,53,54,55,56,57,58,59,60,61,62,63,64,65,66,67,68,69,81,82,84,85,90,100,103,104,105,106,107,108,120,132,133,134,135,136,137,138,139,140,141,142,143,144,145,146,147,148,149,150,151,152,153,154,155,156,157,
14;1;1811;1891;1;0,1,2,3,4,5,6,7,8,9,10,20,24,26,30,31,32,33,34,35,36,37,38,48,53,54,55,56,57,58,59,60,61,62,63,64,65,66,67,68,69,81,82,84,85,90,100,103,104,105,106,107,108,120,132,133,134,135,136,137,138,139,140,141,142,143,144,145,146,147,148,149,150,151,152,153,154,155,156,157,
19;0;1891;2055;1;0,1,2,3,4,5,6,7,8,9,10,20,24,26,30,31,32,33,34,35,36,37,38,48,53,54,55,56,57,58,59,60,61,62,63,64,65,66,67,68,69,81,82,84,85,90,100,103,104,105,106,107,108,120,132,133,134,135,136,137,138,139,140,141,142,143,144,145,146,147,148,149,150,151,152,153,154,155,156,157,
19;1;2055;2226;1;0,1,2,3,4,5,6,7,8,9,10,20,24,26,30,31,32,33,34,35,36,37,38,48,53,54,55,56,57,58,59,60,61,62,63,64,65,66,67,68,69,81,82,84,85,90,100,103,104,105,106,107,108,120,132,133,134,135,136,137,138,139,140,141,142,143,144,145,146,147,148,149,150,151,152,153,154,155,156,157,
Machine: 2
56;0;0;104;1;0,1,2,3,4,5,6,7,8,9,10,11,12,13,14,15,16,17,18,19,20,21,22,23,24,25,26,27,28,29,30,31,32,33,34,35,36,37,38,39,40,41,42,43,44,45,46,48,53,54,55,56,57,58,59,60,61,62,63,64,65,66,67,68,69,85,127,134,135,142,143,144,145,146,147,148,149,150,151,156,
56;1;104;109;1;0,1,2,3,4,5,6,7,8,9,10,11,12,13,14,15,16,17,18,19,20,21,22,23,24,25,26,27,28,29,30,31,32,33,34,35,36,37,38,39,40,41,42,43,44,45,46,48,53,54,55,56,57,58,59,60,61,62,63,64,65,66,67,68,69,85,127,134,135,142,143,144,145,146,147,148,149,150,151,156,
79;0;109;130;1;0,1,2,3,4,5,6,7,8,9,10,11,12,13,14,15,16,17,18,19,20,21,22,23,24,25,26,27,28,29,30,31,32,33,34,35,36,37,38,39,40,41,42,43,44,45,46,48,53,54,55,56,57,58,59,60,61,62,63,64,65,66,67,68,69,85,127,134,135,142,143,144,145,146,147,148,149,150,151,156,
79;1;130;224;1;0,1,2,3,4,5,6,7,8,9,10,11,12,13,14,15,16,17,18,19,20,21,22,23,24,25,26,27,28,29,30,31,32,33,34,35,36,37,38,39,40,41,42,43,44,45,46,48,53,54,55,56,57,58,59,60,61,62,63,64,65,66,67,68,69,85,127,134,135,142,143,144,145,146,147,148,149,150,151,156,
43;0;224;388;0;0,1,2,3,4,5,6,7,8,9,10,11,12,13,14,15,16,17,18,19,20,21,22,23,24,25,26,27,28,29,30,31,32,33,34,35,36,37,38,39,40,41,42,43,44,45,46,48,53,54,55,56,57,58,59,60,61,62,63,64,65,66,67,68,69,85,127,134,135,142,143,144,145,146,147,148,149,150,151,156,
43;1;388;566;0;0,1,2,3,4,5,6,7,8,9,10,11,12,13,14,15,16,17,18,19,20,21,22,23,24,25,26,27,28,29,30,31,32,33,34,35,36,37,38,39,40,41,42,43,44,45,46,48,53,54,55,56,57,58,59,60,61,62,63,64,65,66,67,68,69,85,127,134,135,142,143,144,145,146,147,148,149,150,151,156,
8;0;566;702;0;0,1,2,3,4,5,6,7,8,9,10,11,12,13,14,15,16,17,18,19,20,21,22,23,24,25,26,27,28,29,30,31,32,33,34,35,36,37,38,39,40,41,42,43,44,45,46,48,53,54,55,56,57,58,59,60,61,62,63,64,65,66,67,68,69,85,127,134,135,142,143,144,145,146,147,148,149,150,151,156,
8;1;702;870;0;0,1,2,3,4,5,6,7,8,9,10,11,12,13,14,15,16,17,18,19,20,21,22,23,24,25,26,27,28,29,30,31,32,33,34,35,36,37,38,39,40,41,42,43,44,45,46,48,53,54,55,56,57,58,59,60,61,62,63,64,65,66,67,68,69,85,127,134,135,142,143,144,145,146,147,148,149,150,151,156,
1;0;870;935;0;0,1,2,3,4,5,6,7,8,9,10,11,12,13,14,15,16,17,18,19,20,21,22,23,24,25,26,27,28,29,30,31,32,33,34,35,36,37,38,39,40,41,42,43,44,45,46,48,53,54,55,56,57,58,59,60,61,62,63,64,65,66,67,68,69,85,127,134,135,142,143,144,145,146,147,148,149,150,151,156,
1;1;935;1074;0;0,1,2,3,4,5,6,7,8,9,10,11,12,13,14,15,16,17,18,19,20,21,22,23,24,25,26,27,28,29,30,31,32,33,34,35,36,37,38,39,40,41,42,43,44,45,46,48,53,54,55,56,57,58,59,60,61,62,63,64,65,66,67,68,69,85,127,134,135,142,143,144,145,146,147,148,149,150,151,156,
65;0;1074;1238;0;0,1,2,3,4,5,6,7,8,9,10,11,12,13,14,15,16,17,18,19,20,21,22,23,24,25,26,27,28,29,30,31,32,33,34,35,36,37,38,39,40,41,42,43,44,45,46,48,53,54,55,56,57,58,59,60,61,62,63,64,65,66,67,68,69,85,127,134,135,142,143,144,145,146,147,148,149,150,151,156,
57;0;1238;1336;0;0,1,2,3,4,5,6,7,8,9,10,11,12,13,14,15,16,17,18,19,20,21,22,23,24,25,26,27,28,29,30,31,32,33,34,35,36,37,38,39,40,41,42,43,44,45,46,48,53,54,55,56,57,58,59,60,61,62,63,64,65,66,67,68,69,85,127,134,135,142,143,144,145,146,147,148,149,150,151,156,
63;0;1336;1367;0;0,1,2,3,4,5,6,7,8,9,10,11,12,13,14,15,16,17,18,19,20,21,22,23,24,25,26,27,28,29,30,31,32,33,34,35,36,37,38,39,40,41,42,43,44,45,46,48,53,54,55,56,57,58,59,60,61,62,63,64,65,66,67,68,69,85,127,134,135,142,143,144,145,146,147,148,149,150,151,156,
63;1;1367;1509;0;0,1,2,3,4,5,6,7,8,9,10,11,12,13,14,15,16,17,18,19,20,21,22,23,24,25,26,27,28,29,30,31,32,33,34,35,36,37,38,39,40,41,42,43,44,45,46,48,53,54,55,56,57,58,59,60,61,62,63,64,65,66,67,68,69,85,127,134,135,142,143,144,145,146,147,148,149,150,151,156,
72;0;1509;1653;0;0,1,2,3,4,5,6,7,8,9,10,11,12,13,14,15,16,17,18,19,20,21,22,23,24,25,26,27,28,29,30,31,32,33,34,35,36,37,38,39,40,41,42,43,44,45,46,48,53,54,55,56,57,58,59,60,61,62,63,64,65,66,67,68,69,85,127,134,135,142,143,144,145,146,147,148,149,150,151,156,
80;0;1653;1730;0;0,1,2,3,4,5,6,7,8,9,10,11,12,13,14,15,16,17,18,19,20,21,22,23,24,25,26,27,28,29,30,31,32,33,34,35,36,37,38,39,40,41,42,43,44,45,46,48,53,54,55,56,57,58,59,60,61,62,63,64,65,66,67,68,69,85,127,134,135,142,143,144,145,146,147,148,149,150,151,156,
67;0;1730;1785;0;0,1,2,3,4,5,6,7,8,9,10,11,12,13,14,15,16,17,18,19,20,21,22,23,24,25,26,27,28,29,30,31,32,33,34,35,36,37,38,39,40,41,42,43,44,45,46,48,53,54,55,56,57,58,59,60,61,62,63,64,65,66,67,68,69,85,127,134,135,142,143,144,145,146,147,148,149,150,151,156,
52;0;1785;1819;0;0,1,2,3,4,5,6,7,8,9,10,11,12,13,14,15,16,17,18,19,20,21,22,23,24,25,26,27,28,29,30,31,32,33,34,35,36,37,38,39,40,41,42,43,44,45,46,48,53,54,55,56,57,58,59,60,61,62,63,64,65,66,67,68,69,85,127,134,135,142,143,144,145,146,147,148,149,150,151,156,
4;0;1819;1863;1;0,1,2,3,4,5,6,7,8,9,10,11,12,13,14,15,16,17,18,19,20,21,22,23,24,25,26,27,28,29,30,31,32,33,34,35,36,37,38,39,40,41,42,43,44,45,46,48,53,54,55,56,57,58,59,60,61,62,63,64,65,66,67,68,69,85,127,134,135,142,143,144,145,146,147,148,149,150,151,156,
4;1;1863;2039;1;0,1,2,3,4,5,6,7,8,9,10,11,12,13,14,15,16,17,18,19,20,21,22,23,24,25,26,27,28,29,30,31,32,33,34,35,36,37,38,39,40,41,42,43,44,45,46,48,53,54,55,56,57,58,59,60,61,62,63,64,65,66,67,68,69,85,127,134,135,142,143,144,145,146,147,148,149,150,151,156,
49;0;2039;2112;1;0,1,2,3,4,5,6,7,8,9,10,11,12,13,14,15,16,17,18,19,20,21,22,23,24,25,26,27,28,29,30,31,32,33,34,35,36,37,38,39,40,41,42,43,44,45,46,48,53,54,55,56,57,58,59,60,61,62,63,64,65,66,67,68,69,85,127,134,135,142,143,144,145,146,147,148,149,150,151,156,
49;1;2112;2275;1;0,1,2,3,4,5,6,7,8,9,10,11,12,13,14,15,16,17,18,19,20,21,22,23,24,25,26,27,28,29,30,31,32,33,34,35,36,37,38,39,40,41,42,43,44,45,46,48,53,54,55,56,57,58,59,60,61,62,63,64,65,66,67,68,69,85,127,134,135,142,143,144,145,146,147,148,149,150,151,156,
Machine: 3
74;0;0;42;1;0,1,2,3,4,5,6,7,8,9,10,11,12,20,21,28,30,31,32,33,34,35,36,38,40,45,46,47,48,49,50,51,52,53,54,55,56,57,58,59,60,61,62,63,64,66,67,69,70,71,72,73,74,75,76,77,78,79,85,88,102,104,106,109,110,111,112,113,114,115,116,117,118,119,120,121,122,123,124,151,
74;1;42;81;1;0,1,2,3,4,5,6,7,8,9,10,11,12,20,21,28,30,31,32,33,34,35,36,38,40,45,46,47,48,49,50,51,52,53,54,55,56,57,58,59,60,61,62,63,64,66,67,69,70,71,72,73,74,75,76,77,78,79,85,88,102,104,106,109,110,111,112,113,114,115,116,117,118,119,120,121,122,123,124,151,
47;0;81;225;0;0,1,2,3,4,5,6,7,8,9,10,11,12,20,21,28,30,31,32,33,34,35,36,38,40,45,46,47,48,49,50,51,52,53,54,55,56,57,58,59,60,61,62,63,64,66,67,69,70,71,72,73,74,75,76,77,78,79,85,88,102,104,106,109,110,111,112,113,114,115,116,117,118,119,120,121,122,123,124,151,
30;0;225;356;0;0,1,2,3,4,5,6,7,8,9,10,11,12,20,21,28,30,31,32,33,34,35,36,38,40,45,46,47,48,49,50,51,52,53,54,55,56,57,58,59,60,61,62,63,64,66,67,69,70,71,72,73,74,75,76,77,78,79,85,88,102,104,106,109,110,111,112,113,114,115,116,117,118,119,120,121,122,123,124,151,
5;0;356;422;0;0,1,2,3,4,5,6,7,8,9,10,11,12,20,21,28,30,31,32,33,34,35,36,38,40,45,46,47,48,49,50,51,52,53,54,55,56,57,58,59,60,61,62,63,64,66,67,69,70,71,72,73,74,75,76,77,78,79,85,88,102,104,106,109,110,111,112,113,114,115,116,117,118,119,120,121,122,123,124,151,
16;0;422;519;1;0,1,2,3,4,5,6,7,8,9,10,11,12,20,21,28,30,31,32,33,34,35,36,38,40,45,46,47,48,49,50,51,52,53,54,55,56,57,58,59,60,61,62,63,64,66,67,69,70,71,72,73,74,75,76,77,78,79,85,88,102,104,106,109,110,111,112,113,114,115,116,117,118,119,120,121,122,123,124,151,
16;1;519;524;1;0,1,2,3,4,5,6,7,8,9,10,11,12,20,21,28,30,31,32,33,34,35,36,38,40,45,46,47,48,49,50,51,52,53,54,55,56,57,58,59,60,61,62,63,64,66,67,69,70,71,72,73,74,75,76,77,78,79,85,88,102,104,106,109,110,111,112,113,114,115,116,117,118,119,120,121,122,123,124,151,
29;0;524;568;1;0,1,2,3,4,5,6,7,8,9,10,11,12,20,21,28,30,31,32,33,34,35,36,38,40,45,46,47,48,49,50,51,52,53,54,55,56,57,58,59,60,61,62,63,64,66,67,69,70,71,72,73,74,75,76,77,78,79,85,88,102,104,106,109,110,111,112,113,114,115,116,117,118,119,120,121,122,123,124,151,
29;1;568;634;1;0,1,2,3,4,5,6,7,8,9,10,11,12,20,21,28,30,31,32,33,34,35,36,38,40,45,46,47,48,49,50,51,52,53,54,55,56,57,58,59,60,61,62,63,64,66,67,69,70,71,72,73,74,75,76,77,78,79,85,88,102,104,106,109,110,111,112,113,114,115,116,117,118,119,120,121,122,123,124,151,
66;0;634;795;1;0,1,2,3,4,5,6,7,8,9,10,11,12,20,21,28,30,31,32,33,34,35,36,38,40,45,46,47,48,49,50,51,52,53,54,55,56,57,58,59,60,61,62,63,64,66,67,69,70,71,72,73,74,75,76,77,78,79,85,88,102,104,106,109,110,111,112,113,114,115,116,117,118,119,120,121,122,123,124,151,
66;1;795;809;1;0,1,2,3,4,5,6,7,8,9,10,11,12,20,21,28,30,31,32,33,34,35,36,38,40,45,46,47,48,49,50,51,52,53,54,55,56,57,58,59,60,61,62,63,64,66,67,69,70,71,72,73,74,75,76,77,78,79,85,88,102,104,106,109,110,111,112,113,114,115,116,117,118,119,120,121,122,123,124,151,
38;0;809;885;0;0,1,2,3,4,5,6,7,8,9,10,11,12,20,21,28,30,31,32,33,34,35,36,38,40,45,46,47,48,49,50,51,52,53,54,55,56,57,58,59,60,61,62,63,64,66,67,69,70,71,72,73,74,75,76,77,78,79,85,88,102,104,106,109,110,111,112,113,114,115,116,117,118,119,120,121,122,123,124,151,
38;1;885;1054;0;0,1,2,3,4,5,6,7,8,9,10,11,12,20,21,28,30,31,32,33,34,35,36,38,40,45,46,47,48,49,50,51,52,53,54,55,56,57,58,59,60,61,62,63,64,66,67,69,70,71,72,73,74,75,76,77,78,79,85,88,102,104,106,109,110,111,112,113,114,115,116,117,118,119,120,121,122,123,124,151,
78;0;1054;1215;0;0,1,2,3,4,5,6,7,8,9,10,11,12,20,21,28,30,31,32,33,34,35,36,38,40,45,46,47,48,49,50,51,52,53,54,55,56,57,58,59,60,61,62,63,64,66,67,69,70,71,72,73,74,75,76,77,78,79,85,88,102,104,106,109,110,111,112,113,114,115,116,117,118,119,120,121,122,123,124,151,
78;1;1215;1276;0;0,1,2,3,4,5,6,7,8,9,10,11,12,20,21,28,30,31,32,33,34,35,36,38,40,45,46,47,48,49,50,51,52,53,54,55,56,57,58,59,60,61,62,63,64,66,67,69,70,71,72,73,74,75,76,77,78,79,85,88,102,104,106,109,110,111,112,113,114,115,116,117,118,119,120,121,122,123,124,151,
45;0;1276;1315;0;0,1,2,3,4,5,6,7,8,9,10,11,12,20,21,28,30,31,32,33,34,35,36,38,40,45,46,47,48,49,50,51,52,53,54,55,56,57,58,59,60,61,62,63,64,66,67,69,70,71,72,73,74,75,76,77,78,79,85,88,102,104,106,109,110,111,112,113,114,115,116,117,118,119,120,121,122,123,124,151,
23;0;1315;1472;0;0,1,2,3,4,5,6,7,8,9,10,11,12,20,21,28,30,31,32,33,34,35,36,38,40,45,46,47,48,49,50,51,52,53,54,55,56,57,58,59,60,61,62,63,64,66,67,69,70,71,72,73,74,75,76,77,78,79,85,88,102,104,106,109,110,111,112,113,114,115,116,117,118,119,120,121,122,123,124,151,
23;1;1472;1622;0;0,1,2,3,4,5,6,7,8,9,10,11,12,20,21,28,30,31,32,33,34,35,36,38,40,45,46,47,48,49,50,51,52,53,54,55,56,57,58,59,60,61,62,63,64,66,67,69,70,71,72,73,74,75,76,77,78,79,85,88,102,104,106,109,110,111,112,113,114,115,116,117,118,119,120,121,122,123,124,151,
40;0;1622;1786;0;0,1,2,3,4,5,6,7,8,9,10,11,12,20,21,28,30,31,32,33,34,35,36,38,40,45,46,47,48,49,50,51,52,53,54,55,56,57,58,59,60,61,62,63,64,66,67,69,70,71,72,73,74,75,76,77,78,79,85,88,102,104,106,109,110,111,112,113,114,115,116,117,118,119,120,121,122,123,124,151,
9;0;1786;1849;1;0,1,2,3,4,5,6,7,8,9,10,11,12,20,21,28,30,31,32,33,34,35,36,38,40,45,46,47,48,49,50,51,52,53,54,55,56,57,58,59,60,61,62,63,64,66,67,69,70,71,72,73,74,75,76,77,78,79,85,88,102,104,106,109,110,111,112,113,114,115,116,117,118,119,120,121,122,123,124,151,
9;1;1849;1990;1;0,1,2,3,4,5,6,7,8,9,10,11,12,20,21,28,30,31,32,33,34,35,36,38,40,45,46,47,48,49,50,51,52,53,54,55,56,57,58,59,60,61,62,63,64,66,67,69,70,71,72,73,74,75,76,77,78,79,85,88,102,104,106,109,110,111,112,113,114,115,116,117,118,119,120,121,122,123,124,151,
Machine: 4
31;0;0;72;1;0,1,2,3,4,5,6,7,8,9,10,11,12,13,14,15,16,17,18,19,20,21,22,23,24,25,26,27,28,29,30,33,36,38,53,54,57,63,64,66,67,69,77,81,85,89,90,91,92,93,94,95,96,97,100,101,102,103,104,105,106,107,108,109,110,111,112,113,114,115,116,125,126,127,128,129,130,131,135,155,
31;1;72;111;1;0,1,2,3,4,5,6,7,8,9,10,11,12,13,14,15,16,17,18,19,20,21,22,23,24,25,26,27,28,29,30,33,36,38,53,54,57,63,64,66,67,69,77,81,85,89,90,91,92,93,94,95,96,97,100,101,102,103,104,105,106,107,108,109,110,111,112,113,114,115,116,125,126,127,128,129,130,131,135,155,
6;0;111;201;1;0,1,2,3,4,5,6,7,8,9,10,11,12,13,14,15,16,17,18,19,20,21,22,23,24,25,26,27,28,29,30,33,36,38,53,54,57,63,64,66,67,69,77,81,85,89,90,91,92,93,94,95,96,97,100,101,102,103,104,105,106,107,108,109,110,111,112,113,114,115,116,125,126,127,128,129,130,131,135,155,
6;1;201;298;1;0,1,2,3,4,5,6,7,8,9,10,11,12,13,14,15,16,17,18,19,20,21,22,23,24,25,26,27,28,29,30,33,36,38,53,54,57,63,64,66,67,69,77,81,85,89,90,91,92,93,94,95,96,97,100,101,102,103,104,105,106,107,108,109,110,111,112,113,114,115,116,125,126,127,128,129,130,131,135,155,
68;0;298;460;0;0,1,2,3,4,5,6,7,8,9,10,11,12,13,14,15,16,17,18,19,20,21,22,23,24,25,26,27,28,29,30,33,36,38,53,54,57,63,64,66,67,69,77,81,85,89,90,91,92,93,94,95,96,97,100,101,102,103,104,105,106,107,108,109,110,111,112,113,114,115,116,125,126,127,128,129,130,131,135,155,
68;1;460;544;0;0,1,2,3,4,5,6,7,8,9,10,11,12,13,14,15,16,17,18,19,20,21,22,23,24,25,26,27,28,29,30,33,36,38,53,54,57,63,64,66,67,69,77,81,85,89,90,91,92,93,94,95,96,97,100,101,102,103,104,105,106,107,108,109,110,111,112,113,114,115,116,125,126,127,128,129,130,131,135,155,
60;0;544;709;0;0,1,2,3,4,5,6,7,8,9,10,11,12,13,14,15,16,17,18,19,20,21,22,23,24,25,26,27,28,29,30,33,36,38,53,54,57,63,64,66,67,69,77,81,85,89,90,91,92,93,94,95,96,97,100,101,102,103,104,105,106,107,108,109,110,111,112,113,114,115,116,125,126,127,128,129,130,131,135,155,
12;0;709;856;0;0,1,2,3,4,5,6,7,8,9,10,11,12,13,14,15,16,17,18,19,20,21,22,23,24,25,26,27,28,29,30,33,36,38,53,54,57,63,64,66,67,69,77,81,85,89,90,91,92,93,94,95,96,97,100,101,102,103,104,105,106,107,108,109,110,111,112,113,114,115,116,125,126,127,128,129,130,131,135,155,
15;0;856;987;0;0,1,2,3,4,5,6,7,8,9,10,11,12,13,14,15,16,17,18,19,20,21,22,23,24,25,26,27,28,29,30,33,36,38,53,54,57,63,64,66,67,69,77,81,85,89,90,91,92,93,94,95,96,97,100,101,102,103,104,105,106,107,108,109,110,111,112,113,114,115,116,125,126,127,128,129,130,131,135,155,
32;0;987;1091;0;0,1,2,3,4,5,6,7,8,9,10,11,12,13,14,15,16,17,18,19,20,21,22,23,24,25,26,27,28,29,30,33,36,38,53,54,57,63,64,66,67,69,77,81,85,89,90,91,92,93,94,95,96,97,100,101,102,103,104,105,106,107,108,109,110,111,112,113,114,115,116,125,126,127,128,129,130,131,135,155,
17;0;1091;1174;0;0,1,2,3,4,5,6,7,8,9,10,11,12,13,14,15,16,17,18,19,20,21,22,23,24,25,26,27,28,29,30,33,36,38,53,54,57,63,64,66,67,69,77,81,85,89,90,91,92,93,94,95,96,97,100,101,102,103,104,105,106,107,108,109,110,111,112,113,114,115,116,125,126,127,128,129,130,131,135,155,
42;0;1174;1245;0;0,1,2,3,4,5,6,7,8,9,10,11,12,13,14,15,16,17,18,19,20,21,22,23,24,25,26,27,28,29,30,33,36,38,53,54,57,63,64,66,67,69,77,81,85,89,90,91,92,93,94,95,96,97,100,101,102,103,104,105,106,107,108,109,110,111,112,113,114,115,116,125,126,127,128,129,130,131,135,155,
77;0;1245;1290;0;0,1,2,3,4,5,6,7,8,9,10,11,12,13,14,15,16,17,18,19,20,21,22,23,24,25,26,27,28,29,30,33,36,38,53,54,57,63,64,66,67,69,77,81,85,89,90,91,92,93,94,95,96,97,100,101,102,103,104,105,106,107,108,109,110,111,112,113,114,115,116,125,126,127,128,129,130,131,135,155,
59;0;1290;1414;1;0,1,2,3,4,5,6,7,8,9,10,11,12,13,14,15,16,17,18,19,20,21,22,23,24,25,26,27,28,29,30,33,36,38,53,54,57,63,64,66,67,69,77,81,85,89,90,91,92,93,94,95,96,97,100,101,102,103,104,105,106,107,108,109,110,111,112,113,114,115,116,125,126,127,128,129,130,131,135,155,
59;1;1414;1497;1;0,1,2,3,4,5,6,7,8,9,10,11,12,13,14,15,16,17,18,19,20,21,22,23,24,25,26,27,28,29,30,33,36,38,53,54,57,63,64,66,67,69,77,81,85,89,90,91,92,93,94,95,96,97,100,101,102,103,104,105,106,107,108,109,110,111,112,113,114,115,116,125,126,127,128,129,130,131,135,155,
64;0;1497;1562;1;0,1,2,3,4,5,6,7,8,9,10,11,12,13,14,15,16,17,18,19,20,21,22,23,24,25,26,27,28,29,30,33,36,38,53,54,57,63,64,66,67,69,77,81,85,89,90,91,92,93,94,95,96,97,100,101,102,103,104,105,106,107,108,109,110,111,112,113,114,115,116,125,126,127,128,129,130,131,135,155,
64;1;1562;1719;1;0,1,2,3,4,5,6,7,8,9,10,11,12,13,14,15,16,17,18,19,20,21,22,23,24,25,26,27,28,29,30,33,36,38,53,54,57,63,64,66,67,69,77,81,85,89,90,91,92,93,94,95,96,97,100,101,102,103,104,105,106,107,108,109,110,111,112,113,114,115,116,125,126,127,128,129,130,131,135,155,
71;0;1719;1870;1;0,1,2,3,4,5,6,7,8,9,10,11,12,13,14,15,16,17,18,19,20,21,22,23,24,25,26,27,28,29,30,33,36,38,53,54,57,63,64,66,67,69,77,81,85,89,90,91,92,93,94,95,96,97,100,101,102,103,104,105,106,107,108,109,110,111,112,113,114,115,116,125,126,127,128,129,130,131,135,155,
71;1;1870;2035;1;0,1,2,3,4,5,6,7,8,9,10,11,12,13,14,15,16,17,18,19,20,21,22,23,24,25,26,27,28,29,30,33,36,38,53,54,57,63,64,66,67,69,77,81,85,89,90,91,92,93,94,95,96,97,100,101,102,103,104,105,106,107,108,109,110,111,112,113,114,115,116,125,126,127,128,129,130,131,135,155,
Machine: 5
0;0;0;55;1;0,1,2,3,4,5,6,7,8,9,10,11,12,13,14,15,16,17,18,19,20,21,22,23,24,25,26,27,28,29,30,31,32,33,34,35,36,37,38,44,53,54,55,56,57,58,59,60,61,62,63,64,67,69,70,77,80,81,82,84,85,89,90,91,92,93,94,95,96,97,98,99,100,103,104,106,107,151,153,155,
0;1;55;83;1;0,1,2,3,4,5,6,7,8,9,10,11,12,13,14,15,16,17,18,19,20,21,22,23,24,25,26,27,28,29,30,31,32,33,34,35,36,37,38,44,53,54,55,56,57,58,59,60,61,62,63,64,67,69,70,77,80,81,82,84,85,89,90,91,92,93,94,95,96,97,98,99,100,103,104,106,107,151,153,155,
61;0;83;173;1;0,1,2,3,4,5,6,7,8,9,10,11,12,13,14,15,16,17,18,19,20,21,22,23,24,25,26,27,28,29,30,31,32,33,34,35,36,37,38,44,53,54,55,56,57,58,59,60,61,62,63,64,67,69,70,77,80,81,82,84,85,89,90,91,92,93,94,95,96,97,98,99,100,103,104,106,107,151,153,155,
61;1;173;270;1;0,1,2,3,4,5,6,7,8,9,10,11,12,13,14,15,16,17,18,19,20,21,22,23,24,25,26,27,28,29,30,31,32,33,34,35,36,37,38,44,53,54,55,56,57,58,59,60,61,62,63,64,67,69,70,77,80,81,82,84,85,89,90,91,92,93,94,95,96,97,98,99,100,103,104,106,107,151,153,155,
53;0;270;330;0;0,1,2,3,4,5,6,7,8,9,10,11,12,13,14,15,16,17,18,19,20,21,22,23,24,25,26,27,28,29,30,31,32,33,34,35,36,37,38,44,53,54,55,56,57,58,59,60,61,62,63,64,67,69,70,77,80,81,82,84,85,89,90,91,92,93,94,95,96,97,98,99,100,103,104,106,107,151,153,155,
53;1;330;495;0;0,1,2,3,4,5,6,7,8,9,10,11,12,13,14,15,16,17,18,19,20,21,22,23,24,25,26,27,28,29,30,31,32,33,34,35,36,37,38,44,53,54,55,56,57,58,59,60,61,62,63,64,67,69,70,77,80,81,82,84,85,89,90,91,92,93,94,95,96,97,98,99,100,103,104,106,107,151,153,155,
73;0;495;579;0;0,1,2,3,4,5,6,7,8,9,10,11,12,13,14,15,16,17,18,19,20,21,22,23,24,25,26,27,28,29,30,31,32,33,34,35,36,37,38,44,53,54,55,56,57,58,59,60,61,62,63,64,67,69,70,77,80,81,82,84,85,89,90,91,92,93,94,95,96,97,98,99,100,103,104,106,107,151,153,155,
73;1;579;666;0;0,1,2,3,4,5,6,7,8,9,10,11,12,13,14,15,16,17,18,19,20,21,22,23,24,25,26,27,28,29,30,31,32,33,34,35,36,37,38,44,53,54,55,56,57,58,59,60,61,62,63,64,67,69,70,77,80,81,82,84,85,89,90,91,92,93,94,95,96,97,98,99,100,103,104,106,107,151,153,155,
62;0;666;813;0;0,1,2,3,4,5,6,7,8,9,10,11,12,13,14,15,16,17,18,19,20,21,22,23,24,25,26,27,28,29,30,31,32,33,34,35,36,37,38,44,53,54,55,56,57,58,59,60,61,62,63,64,67,69,70,77,80,81,82,84,85,89,90,91,92,93,94,95,96,97,98,99,100,103,104,106,107,151,153,155,
70;0;813;950;0;0,1,2,3,4,5,6,7,8,9,10,11,12,13,14,15,16,17,18,19,20,21,22,23,24,25,26,27,28,29,30,31,32,33,34,35,36,37,38,44,53,54,55,56,57,58,59,60,61,62,63,64,67,69,70,77,80,81,82,84,85,89,90,91,92,93,94,95,96,97,98,99,100,103,104,106,107,151,153,155,
27;0;950;1055;0;0,1,2,3,4,5,6,7,8,9,10,11,12,13,14,15,16,17,18,19,20,21,22,23,24,25,26,27,28,29,30,31,32,33,34,35,36,37,38,44,53,54,55,56,57,58,59,60,61,62,63,64,67,69,70,77,80,81,82,84,85,89,90,91,92,93,94,95,96,97,98,99,100,103,104,106,107,151,153,155,
55;0;1055;1127;0;0,1,2,3,4,5,6,7,8,9,10,11,12,13,14,15,16,17,18,19,20,21,22,23,24,25,26,27,28,29,30,31,32,33,34,35,36,37,38,44,53,54,55,56,57,58,59,60,61,62,63,64,67,69,70,77,80,81,82,84,85,89,90,91,92,93,94,95,96,97,98,99,100,103,104,106,107,151,153,155,
37;0;1127;1177;0;0,1,2,3,4,5,6,7,8,9,10,11,12,13,14,15,16,17,18,19,20,21,22,23,24,25,26,27,28,29,30,31,32,33,34,35,36,37,38,44,53,54,55,56,57,58,59,60,61,62,63,64,67,69,70,77,80,81,82,84,85,89,90,91,92,93,94,95,96,97,98,99,100,103,104,106,107,151,153,155,
34;0;1177;1226;1;0,1,2,3,4,5,6,7,8,9,10,11,12,13,14,15,16,17,18,19,20,21,22,23,24,25,26,27,28,29,30,31,32,33,34,35,36,37,38,44,53,54,55,56,57,58,59,60,61,62,63,64,67,69,70,77,80,81,82,84,85,89,90,91,92,93,94,95,96,97,98,99,100,103,104,106,107,151,153,155,
34;1;1226;1384;1;0,1,2,3,4,5,6,7,8,9,10,11,12,13,14,15,16,17,18,19,20,21,22,23,24,25,26,27,28,29,30,31,32,33,34,35,36,37,38,44,53,54,55,56,57,58,59,60,61,62,63,64,67,69,70,77,80,81,82,84,85,89,90,91,92,93,94,95,96,97,98,99,100,103,104,106,107,151,153,155,
36;0;1384;1483;1;0,1,2,3,4,5,6,7,8,9,10,11,12,13,14,15,16,17,18,19,20,21,22,23,24,25,26,27,28,29,30,31,32,33,34,35,36,37,38,44,53,54,55,56,57,58,59,60,61,62,63,64,67,69,70,77,80,81,82,84,85,89,90,91,92,93,94,95,96,97,98,99,100,103,104,106,107,151,153,155,
36;1;1483;1640;1;0,1,2,3,4,5,6,7,8,9,10,11,12,13,14,15,16,17,18,19,20,21,22,23,24,25,26,27,28,29,30,31,32,33,34,35,36,37,38,44,53,54,55,56,57,58,59,60,61,62,63,64,67,69,70,77,80,81,82,84,85,89,90,91,92,93,94,95,96,97,98,99,100,103,104,106,107,151,153,155,
46;0;1640;1810;1;0,1,2,3,4,5,6,7,8,9,10,11,12,13,14,15,16,17,18,19,20,21,22,23,24,25,26,27,28,29,30,31,32,33,34,35,36,37,38,44,53,54,55,56,57,58,59,60,61,62,63,64,67,69,70,77,80,81,82,84,85,89,90,91,92,93,94,95,96,97,98,99,100,103,104,106,107,151,153,155,
46;1;1810;1960;1;0,1,2,3,4,5,6,7,8,9,10,11,12,13,14,15,16,17,18,19,20,21,22,23,24,25,26,27,28,29,30,31,32,33,34,35,36,37,38,44,53,54,55,56,57,58,59,60,61,62,63,64,67,69,70,77,80,81,82,84,85,89,90,91,92,93,94,95,96,97,98,99,100,103,104,106,107,151,153,155,
58;0;1960;2037;0;0,1,2,3,4,5,6,7,8,9,10,11,12,13,14,15,16,17,18,19,20,21,22,23,24,25,26,27,28,29,30,31,32,33,34,35,36,37,38,44,53,54,55,56,57,58,59,60,61,62,63,64,67,69,70,77,80,81,82,84,85,89,90,91,92,93,94,95,96,97,98,99,100,103,104,106,107,151,153,155,
58;1;2037;2072;0;0,1,2,3,4,5,6,7,8,9,10,11,12,13,14,15,16,17,18,19,20,21,22,23,24,25,26,27,28,29,30,31,32,33,34,35,36,37,38,44,53,54,55,56,57,58,59,60,61,62,63,64,67,69,70,77,80,81,82,84,85,89,90,91,92,93,94,95,96,97,98,99,100,103,104,106,107,151,153,155,
END
fineshedJobsCount: 130
switchs: 0
switchsInstances: 0
unfineshedPriorityCount: 0
finalSolution: 3900
totalUnfineshed: 0
Time: 0
