input/BaseInstances/6M1/n=10,r=0.6,t=12,v0.txt;
7;720;1440;10080
Machine: 0
5;0;0;66;0;0,1,2,3,4,5,6,7,8,9,10,11,
Machine: 1
0;0;0;55;1;0,1,2,3,4,5,6,7,8,9,10,11,
0;1;55;108;1;0,1,2,3,4,5,6,7,8,9,10,11,
Machine: 2
3;0;0;42;0;0,1,2,3,4,5,6,7,8,9,10,11,
3;1;42;132;0;0,1,2,3,4,5,6,7,8,9,10,11,
Machine: 3
4;0;0;44;1;0,1,2,3,4,5,6,7,8,9,10,11,
4;1;44;145;1;0,1,2,3,4,5,6,7,8,9,10,11,
Machine: 4
2;0;0;172;1;0,1,2,3,4,5,6,7,8,9,10,11,
Machine: 5
1;0;0;65;0;0,1,2,3,4,5,6,7,8,9,10,11,
1;1;65;202;0;0,1,2,3,4,5,6,7,8,9,10,11,
END
fineshedJobsCount: 10
switchs: 0
switchsInstances: 0
unfineshedPriorityCount: 0
finalSolution: 300
totalUnfineshed: 0
Time: 0
