input/BaseInstances/6M1/n=15,r=0.6,t=19,v0.txt;
7;720;1440;10080
Machine: 0
7;0;0;31;0;0,1,2,3,4,5,6,7,8,9,10,11,12,13,14,15,16,17,18,
3;0;31;73;0;0,1,2,3,4,5,6,7,8,9,10,11,12,13,14,15,16,17,18,
3;1;73;239;0;0,1,2,3,4,5,6,7,8,9,10,11,12,13,14,15,16,17,18,
Machine: 1
5;0;0;66;0;0,1,2,3,4,5,6,7,8,9,10,11,12,13,14,15,16,17,18,
1;0;66;131;0;0,1,2,3,4,5,6,7,8,9,10,11,12,13,14,15,16,17,18,
1;1;131;289;0;0,1,2,3,4,5,6,7,8,9,10,11,12,13,14,15,16,17,18,
Machine: 2
0;0;0;55;1;0,1,2,3,4,5,6,7,8,9,10,11,12,13,14,15,16,17,18,
0;1;55;87;1;0,1,2,3,4,5,6,7,8,9,10,11,12,13,14,15,16,17,18,
8;0;87;223;0;0,1,2,3,4,5,6,7,8,9,10,11,12,13,14,15,16,17,18,
8;1;223;328;0;0,1,2,3,4,5,6,7,8,9,10,11,12,13,14,15,16,17,18,
Machine: 3
4;0;0;44;1;0,1,2,3,4,5,6,7,8,9,10,11,12,13,14,15,16,17,18,
4;1;44;117;1;0,1,2,3,4,5,6,7,8,9,10,11,12,13,14,15,16,17,18,
Machine: 4
6;0;0;90;1;0,1,2,3,4,5,6,7,8,9,10,11,12,13,14,15,16,17,18,
6;1;90;120;1;0,1,2,3,4,5,6,7,8,9,10,11,12,13,14,15,16,17,18,
Machine: 5
2;0;0;172;1;0,1,2,3,4,5,6,7,8,9,10,11,12,13,14,15,16,17,18,
END
fineshedJobsCount: 15
switchs: 0
switchsInstances: 0
unfineshedPriorityCount: 0
finalSolution: 450
totalUnfineshed: 0
Time: 0
