input/BaseInstances/6M2/n=20,r=0.4,t=20,v0.txt;
7;720;1440;10080
Machine: 0
4;0;0;97;1;0,1,2,3,4,5,6,7,8,9,10,11,12,13,14,15,16,17,18,19,
4;1;97;181;1;0,1,2,3,4,5,6,7,8,9,10,11,12,13,14,15,16,17,18,19,
5;0;181;210;0;0,1,2,3,4,5,6,7,8,9,10,11,12,13,14,15,16,17,18,19,
9;0;210;270;0;0,1,2,3,4,5,6,7,8,9,10,11,12,13,14,15,16,17,18,19,
9;1;270;320;0;0,1,2,3,4,5,6,7,8,9,10,11,12,13,14,15,16,17,18,19,
Machine: 1
3;0;0;49;1;0,1,2,3,4,5,6,7,8,9,10,11,12,13,14,15,16,17,18,19,
0;0;49;95;1;0,1,2,3,4,5,6,7,8,9,10,11,12,13,14,15,16,17,18,19,
0;1;95;175;1;0,1,2,3,4,5,6,7,8,9,10,11,12,13,14,15,16,17,18,19,
7;0;175;349;1;0,1,2,3,4,5,6,7,8,9,10,11,12,13,14,15,16,17,18,19,
7;1;349;447;1;0,1,2,3,4,5,6,7,8,9,10,11,12,13,14,15,16,17,18,19,
Machine: 2
13;0;0;51;1;0,1,2,3,4,5,6,7,8,9,10,11,12,13,14,15,16,17,18,19,
6;0;51;182;0;0,1,2,3,4,5,6,7,8,9,10,11,12,13,14,15,16,17,18,19,
Machine: 3
11;0;0;66;1;0,1,2,3,4,5,6,7,8,9,10,11,12,13,14,15,16,17,18,19,
1;0;66;213;0;0,1,2,3,4,5,6,7,8,9,10,11,12,13,14,15,16,17,18,19,
Machine: 4
8;0;0;77;0;0,1,2,3,4,5,6,7,8,9,10,11,12,13,14,15,16,17,18,19,
12;0;77;130;0;0,1,2,3,4,5,6,7,8,9,10,11,12,13,14,15,16,17,18,19,
12;1;130;230;0;0,1,2,3,4,5,6,7,8,9,10,11,12,13,14,15,16,17,18,19,
Machine: 5
10;0;0;103;1;0,1,2,3,4,5,6,7,8,9,10,11,12,13,14,15,16,17,18,19,
2;0;103;150;0;0,1,2,3,4,5,6,7,8,9,10,11,12,13,14,15,16,17,18,19,
2;1;150;273;0;0,1,2,3,4,5,6,7,8,9,10,11,12,13,14,15,16,17,18,19,
END
fineshedJobsCount: 20
switchs: 0
switchsInstances: 0
unfineshedPriorityCount: 0
finalSolution: 600
totalUnfineshed: 0
Time: 0
