input/BaseInstances/6M2/n=15,r=0.4,t=15,v0.txt;
7;720;1440;10080
Machine: 0
0;0;0;46;1;0,1,2,3,4,5,6,7,8,9,10,11,12,13,14,
0;1;46;152;1;0,1,2,3,4,5,6,7,8,9,10,11,12,13,14,
5;0;152;181;0;0,1,2,3,4,5,6,7,8,9,10,11,12,13,14,
Machine: 1
3;0;0;49;1;0,1,2,3,4,5,6,7,8,9,10,11,12,13,14,
2;0;49;96;0;0,1,2,3,4,5,6,7,8,9,10,11,12,13,14,
2;1;96;201;0;0,1,2,3,4,5,6,7,8,9,10,11,12,13,14,
Machine: 2
4;0;0;97;1;0,1,2,3,4,5,6,7,8,9,10,11,12,13,14,
4;1;97;200;1;0,1,2,3,4,5,6,7,8,9,10,11,12,13,14,
8;0;200;277;0;0,1,2,3,4,5,6,7,8,9,10,11,12,13,14,
Machine: 3
7;0;0;174;1;0,1,2,3,4,5,6,7,8,9,10,11,12,13,14,
7;1;174;235;1;0,1,2,3,4,5,6,7,8,9,10,11,12,13,14,
9;0;235;295;0;0,1,2,3,4,5,6,7,8,9,10,11,12,13,14,
9;1;295;357;0;0,1,2,3,4,5,6,7,8,9,10,11,12,13,14,
Machine: 4
6;0;0;131;0;0,1,2,3,4,5,6,7,8,9,10,11,12,13,14,
Machine: 5
1;0;0;147;0;0,1,2,3,4,5,6,7,8,9,10,11,12,13,14,
END
fineshedJobsCount: 15
switchs: 0
switchsInstances: 0
unfineshedPriorityCount: 0
finalSolution: 450
totalUnfineshed: 0
Time: 0
