./input/BaseInstances/2M1_n=80,r=0.5,t=138,v0.txt;./input/Processed/ToolSetInt.csv
7;720;1440
Machine: 0
9;0;0;34;1;0,1,2,3,4,5,6,7,8,9,10,11,12,13,14,15,16,17,20,22,23,24,25,26,27,28,29,30,31,32,33,34,35,36,37,38,39,40,41,42,43,73,74,75,76,77,78,79,80,81,82,83,84,85,86,87,88,89,90,91,92,93,94,95,96,97,98,99,100,101,102,104,108,109,110,111,112,113,114,115,
9;1;34;108;1;0,1,2,3,4,5,6,7,8,9,10,11,12,13,14,15,16,17,20,22,23,24,25,26,27,28,29,30,31,32,33,34,35,36,37,38,39,40,41,42,43,73,74,75,76,77,78,79,80,81,82,83,84,85,86,87,88,89,90,91,92,93,94,95,96,97,98,99,100,101,102,104,108,109,110,111,112,113,114,115,
40;0;108;221;1;0,1,2,3,4,5,6,7,8,9,10,11,12,13,14,15,16,17,20,22,23,24,25,26,27,28,29,30,31,32,33,34,35,36,37,38,39,40,41,42,43,73,74,75,76,77,78,79,80,81,82,83,84,85,86,87,88,89,90,91,92,93,94,95,96,97,98,99,100,101,102,104,108,109,110,111,112,113,114,115,
35;0;221;255;0;0,1,2,3,4,5,6,7,8,9,10,11,12,13,14,15,16,17,20,22,23,24,25,26,27,28,29,30,31,32,33,34,35,36,37,38,39,40,41,42,43,73,74,75,76,77,78,79,80,81,82,83,84,85,86,87,88,89,90,91,92,93,94,95,96,97,98,99,100,101,102,104,108,109,110,111,112,113,114,115,
35;1;255;347;0;0,1,2,3,4,5,6,7,8,9,10,11,12,13,14,15,16,17,20,22,23,24,25,26,27,28,29,30,31,32,33,34,35,36,37,38,39,40,41,42,43,73,74,75,76,77,78,79,80,81,82,83,84,85,86,87,88,89,90,91,92,93,94,95,96,97,98,99,100,101,102,104,108,109,110,111,112,113,114,115,
12;0;347;388;1;0,1,2,3,4,5,6,7,8,9,10,11,12,13,14,15,16,17,20,22,23,24,25,26,27,28,29,30,31,32,33,34,35,36,37,38,39,40,41,42,43,73,74,75,76,77,78,79,80,81,82,83,84,85,86,87,88,89,90,91,92,93,94,95,96,97,98,99,100,101,102,104,108,109,110,111,112,113,114,115,
4;0;388;518;1;0,1,2,3,4,5,6,7,8,9,10,11,12,13,14,15,16,17,20,22,23,24,25,26,27,28,29,30,31,32,33,34,35,36,37,38,39,40,41,42,43,73,74,75,76,77,78,79,80,81,82,83,84,85,86,87,88,89,90,91,92,93,94,95,96,97,98,99,100,101,102,104,108,109,110,111,112,113,114,115,
25;0;518;548;1;0,1,2,3,4,5,6,7,8,9,10,11,12,13,14,15,16,17,20,22,23,24,25,26,27,28,29,30,31,32,33,34,35,36,37,38,39,40,41,42,43,73,74,75,76,77,78,79,80,81,82,83,84,85,86,87,88,89,90,91,92,93,94,95,96,97,98,99,100,101,102,104,108,109,110,111,112,113,114,115,
25;1;548;678;1;0,1,2,3,4,5,6,7,8,9,10,11,12,13,14,15,16,17,20,22,23,24,25,26,27,28,29,30,31,32,33,34,35,36,37,38,39,40,41,42,43,73,74,75,76,77,78,79,80,81,82,83,84,85,86,87,88,89,90,91,92,93,94,95,96,97,98,99,100,101,102,104,108,109,110,111,112,113,114,115,
43;0;678;682;0;0,1,2,3,4,5,6,7,8,9,10,11,12,13,14,15,16,17,20,22,23,24,25,26,27,28,29,30,31,32,33,34,35,36,37,38,39,40,41,42,43,73,74,75,76,77,78,79,80,81,82,83,84,85,86,87,88,89,90,91,92,93,94,95,96,97,98,99,100,101,102,104,108,109,110,111,112,113,114,115,
43;1;682;735;0;0,1,2,3,4,5,6,7,8,9,10,11,12,13,14,15,16,17,20,22,23,24,25,26,27,28,29,30,31,32,33,34,35,36,37,38,39,40,41,42,43,73,74,75,76,77,78,79,80,81,82,83,84,85,86,87,88,89,90,91,92,93,94,95,96,97,98,99,100,101,102,104,108,109,110,111,112,113,114,115,
44;0;735;865;1;0,1,2,3,4,5,6,7,8,9,10,11,12,13,14,15,16,17,20,22,23,24,25,26,27,28,29,30,31,32,33,34,35,36,37,38,39,40,41,42,43,73,74,75,76,77,78,79,80,81,82,83,84,85,86,87,88,89,90,91,92,93,94,95,96,97,98,99,100,101,102,104,108,109,110,111,112,113,114,115,
2;0;865;876;1;0,1,2,3,4,5,6,7,8,9,10,11,12,13,14,15,16,17,20,22,23,24,25,26,27,28,29,30,31,32,33,34,35,36,37,38,39,40,41,42,43,73,74,75,76,77,78,79,80,81,82,83,84,85,86,87,88,89,90,91,92,93,94,95,96,97,98,99,100,101,102,104,108,109,110,111,112,113,114,115,
22;0;876;1006;0;0,1,2,3,4,5,6,7,8,9,10,11,12,13,14,15,16,17,20,22,23,24,25,26,27,28,29,30,31,32,33,34,35,36,37,38,39,40,41,42,43,73,74,75,76,77,78,79,80,81,82,83,84,85,86,87,88,89,90,91,92,93,94,95,96,97,98,99,100,101,102,104,108,109,110,111,112,113,114,115,
23;0;1006;1083;0;0,1,2,3,4,5,6,7,8,9,10,11,12,13,14,15,16,17,20,22,23,24,25,26,27,28,29,30,31,32,33,34,35,36,37,38,39,40,41,42,43,73,74,75,76,77,78,79,80,81,82,83,84,85,86,87,88,89,90,91,92,93,94,95,96,97,98,99,100,101,102,104,108,109,110,111,112,113,114,115,
23;1;1083;1124;0;0,1,2,3,4,5,6,7,8,9,10,11,12,13,14,15,16,17,20,22,23,24,25,26,27,28,29,30,31,32,33,34,35,36,37,38,39,40,41,42,43,73,74,75,76,77,78,79,80,81,82,83,84,85,86,87,88,89,90,91,92,93,94,95,96,97,98,99,100,101,102,104,108,109,110,111,112,113,114,115,
10;0;1124;1158;0;0,1,2,3,4,5,6,7,8,9,10,11,12,13,14,15,16,17,20,22,23,24,25,26,27,28,29,30,31,32,33,34,35,36,37,38,39,40,41,42,43,73,74,75,76,77,78,79,80,81,82,83,84,85,86,87,88,89,90,91,92,93,94,95,96,97,98,99,100,101,102,104,108,109,110,111,112,113,114,115,
34;0;1158;1321;0;0,1,2,3,4,5,6,7,8,9,10,11,12,13,14,15,16,17,20,22,23,24,25,26,27,28,29,30,31,32,33,34,35,36,37,38,39,40,41,42,43,73,74,75,76,77,78,79,80,81,82,83,84,85,86,87,88,89,90,91,92,93,94,95,96,97,98,99,100,101,102,104,108,109,110,111,112,113,114,115,
1;0;1321;1486;0;0,1,2,3,4,5,6,7,8,9,10,11,12,13,14,15,16,17,20,22,23,24,25,26,27,28,29,30,31,32,33,34,35,36,37,38,39,40,41,42,43,73,74,75,76,77,78,79,80,81,82,83,84,85,86,87,88,89,90,91,92,93,94,95,96,97,98,99,100,101,102,104,108,109,110,111,112,113,114,115,
1;1;1486;1525;0;0,1,2,3,4,5,6,7,8,9,10,11,12,13,14,15,16,17,20,22,23,24,25,26,27,28,29,30,31,32,33,34,35,36,37,38,39,40,41,42,43,73,74,75,76,77,78,79,80,81,82,83,84,85,86,87,88,89,90,91,92,93,94,95,96,97,98,99,100,101,102,104,108,109,110,111,112,113,114,115,
6;0;1525;1675;0;0,1,2,3,4,5,6,7,8,9,10,11,12,13,14,15,16,17,20,22,23,24,25,26,27,28,29,30,31,32,33,34,35,36,37,38,39,40,41,42,43,73,74,75,76,77,78,79,80,81,82,83,84,85,86,87,88,89,90,91,92,93,94,95,96,97,98,99,100,101,102,104,108,109,110,111,112,113,114,115,
17;0;1675;1843;1;0,1,2,3,4,5,6,7,8,9,10,11,12,13,14,15,16,17,20,22,23,24,25,26,27,28,29,30,31,32,33,34,35,36,37,38,39,40,41,42,43,73,74,75,76,77,78,79,80,81,82,83,84,85,86,87,88,89,90,91,92,93,94,95,96,97,98,99,100,101,102,104,108,109,110,111,112,113,114,115,
17;1;1843;1867;1;0,1,2,3,4,5,6,7,8,9,10,11,12,13,14,15,16,17,20,22,23,24,25,26,27,28,29,30,31,32,33,34,35,36,37,38,39,40,41,42,43,73,74,75,76,77,78,79,80,81,82,83,84,85,86,87,88,89,90,91,92,93,94,95,96,97,98,99,100,101,102,104,108,109,110,111,112,113,114,115,
28;0;1867;1895;1;0,1,2,3,4,5,6,7,8,9,10,11,12,13,14,15,16,17,20,22,23,24,25,26,27,28,29,30,31,32,33,34,35,36,37,38,39,40,41,42,43,73,74,75,76,77,78,79,80,81,82,83,84,85,86,87,88,89,90,91,92,93,94,95,96,97,98,99,100,101,102,104,108,109,110,111,112,113,114,115,
29;0;1895;1957;1;0,1,2,3,4,5,6,7,8,9,10,11,12,13,14,15,16,17,20,22,23,24,25,26,27,28,29,30,31,32,33,34,35,36,37,38,39,40,41,42,43,73,74,75,76,77,78,79,80,81,82,83,84,85,86,87,88,89,90,91,92,93,94,95,96,97,98,99,100,101,102,104,108,109,110,111,112,113,114,115,
29;1;1957;2122;1;0,1,2,3,4,5,6,7,8,9,10,11,12,13,14,15,16,17,20,22,23,24,25,26,27,28,29,30,31,32,33,34,35,36,37,38,39,40,41,42,43,73,74,75,76,77,78,79,80,81,82,83,84,85,86,87,88,89,90,91,92,93,94,95,96,97,98,99,100,101,102,104,108,109,110,111,112,113,114,115,
45;0;2122;2163;1;0,1,2,3,4,5,6,7,8,9,10,11,12,13,14,15,16,17,20,22,23,24,25,26,27,28,29,30,31,32,33,34,35,36,37,38,39,40,41,42,43,73,74,75,76,77,78,79,80,81,82,83,84,85,86,87,88,89,90,91,92,93,94,95,96,97,98,99,100,101,102,104,108,109,110,111,112,113,114,115,
45;1;2163;2276;1;0,1,2,3,4,5,6,7,8,9,10,11,12,13,14,15,16,17,20,22,23,24,25,26,27,28,29,30,31,32,33,34,35,36,37,38,39,40,41,42,43,73,74,75,76,77,78,79,80,81,82,83,84,85,86,87,88,89,90,91,92,93,94,95,96,97,98,99,100,101,102,104,108,109,110,111,112,113,114,115,
41;0;2276;2327;1;0,1,2,3,4,5,6,7,8,9,10,11,12,13,14,15,16,17,20,22,23,24,25,26,27,28,29,30,31,32,33,34,35,36,37,38,39,40,41,42,43,73,74,75,76,77,78,79,80,81,82,83,84,85,86,87,88,89,90,91,92,93,94,95,96,97,98,99,100,101,102,104,108,109,110,111,112,113,114,115,
41;1;2327;2331;1;0,1,2,3,4,5,6,7,8,9,10,11,12,13,14,15,16,17,20,22,23,24,25,26,27,28,29,30,31,32,33,34,35,36,37,38,39,40,41,42,43,73,74,75,76,77,78,79,80,81,82,83,84,85,86,87,88,89,90,91,92,93,94,95,96,97,98,99,100,101,102,104,108,109,110,111,112,113,114,115,
5;0;2331;2377;1;0,1,2,3,4,5,6,7,8,9,10,11,12,13,14,15,16,17,20,22,23,24,25,26,27,28,29,30,31,32,33,34,35,36,37,38,39,40,41,42,43,73,74,75,76,77,78,79,80,81,82,83,84,85,86,87,88,89,90,91,92,93,94,95,96,97,98,99,100,101,102,104,108,109,110,111,112,113,114,115,
5;1;2377;2524;1;0,1,2,3,4,5,6,7,8,9,10,11,12,13,14,15,16,17,20,22,23,24,25,26,27,28,29,30,31,32,33,34,35,36,37,38,39,40,41,42,43,73,74,75,76,77,78,79,80,81,82,83,84,85,86,87,88,89,90,91,92,93,94,95,96,97,98,99,100,101,102,104,108,109,110,111,112,113,114,115,
14;0;2524;2619;0;0,1,2,3,4,5,6,7,8,9,10,11,12,13,14,15,16,17,20,22,23,24,25,26,27,28,29,30,31,32,33,34,35,36,37,38,39,40,41,42,43,73,74,75,76,77,78,79,80,81,82,83,84,85,86,87,88,89,90,91,92,93,94,95,96,97,98,99,100,101,102,104,108,109,110,111,112,113,114,115,
37;0;2619;2623;1;0,1,2,3,4,5,6,7,8,9,10,11,12,13,14,15,16,17,20,22,23,24,25,26,27,28,29,30,31,32,33,34,35,36,37,38,39,40,41,42,43,73,74,75,76,77,78,79,80,81,82,83,84,85,86,87,88,89,90,91,92,93,94,95,96,97,98,99,100,101,102,104,108,109,110,111,112,113,114,115,
37;1;2623;2639;1;0,1,2,3,4,5,6,7,8,9,10,11,12,13,14,15,16,17,20,22,23,24,25,26,27,28,29,30,31,32,33,34,35,36,37,38,39,40,41,42,43,73,74,75,76,77,78,79,80,81,82,83,84,85,86,87,88,89,90,91,92,93,94,95,96,97,98,99,100,101,102,104,108,109,110,111,112,113,114,115,
21;0;2639;2790;1;0,1,2,3,4,5,6,7,8,9,10,11,12,13,14,15,16,17,20,22,23,24,25,26,27,28,29,30,31,32,33,34,35,36,37,38,39,40,41,42,43,73,74,75,76,77,78,79,80,81,82,83,84,85,86,87,88,89,90,91,92,93,94,95,96,97,98,99,100,101,102,104,108,109,110,111,112,113,114,115,
21;1;2790;2896;1;0,1,2,3,4,5,6,7,8,9,10,11,12,13,14,15,16,17,20,22,23,24,25,26,27,28,29,30,31,32,33,34,35,36,37,38,39,40,41,42,43,73,74,75,76,77,78,79,80,81,82,83,84,85,86,87,88,89,90,91,92,93,94,95,96,97,98,99,100,101,102,104,108,109,110,111,112,113,114,115,
20;0;2896;3018;1;0,1,2,3,4,5,6,7,8,9,10,11,12,13,14,15,16,17,20,22,23,24,25,26,27,28,29,30,31,32,33,34,35,36,37,38,39,40,41,42,43,73,74,75,76,77,78,79,80,81,82,83,84,85,86,87,88,89,90,91,92,93,94,95,96,97,98,99,100,101,102,104,108,109,110,111,112,113,114,115,
48;0;3018;3165;1;0,1,2,3,4,5,6,7,8,9,10,11,12,13,14,15,16,17,20,22,23,24,25,26,27,28,29,30,31,32,33,34,35,36,37,38,39,40,41,42,43,73,74,75,76,77,78,79,80,81,82,83,84,85,86,87,88,89,90,91,92,93,94,95,96,97,98,99,100,101,102,104,108,109,110,111,112,113,114,115,
31;0;3165;3246;0;0,1,2,3,4,5,6,7,8,9,10,11,12,13,14,15,16,17,20,22,23,24,25,26,27,28,29,30,31,32,33,34,35,36,37,38,39,40,41,42,43,73,74,75,76,77,78,79,80,81,82,83,84,85,86,87,88,89,90,91,92,93,94,95,96,97,98,99,100,101,102,104,108,109,110,111,112,113,114,115,
31;1;3246;3274;0;0,1,2,3,4,5,6,7,8,9,10,11,12,13,14,15,16,17,20,22,23,24,25,26,27,28,29,30,31,32,33,34,35,36,37,38,39,40,41,42,43,73,74,75,76,77,78,79,80,81,82,83,84,85,86,87,88,89,90,91,92,93,94,95,96,97,98,99,100,101,102,104,108,109,110,111,112,113,114,115,
Machine: 1
46;0;0;163;0;0,1,8,9,10,11,18,19,20,21,22,23,35,36,38,40,41,42,43,44,45,46,47,48,49,50,51,52,53,54,55,56,57,58,59,60,61,62,63,64,65,66,67,68,69,70,71,72,75,77,103,105,106,107,108,109,112,113,116,117,118,119,120,121,122,123,124,125,126,127,128,129,130,131,132,133,134,135,136,137,
15;0;163;327;0;0,1,8,9,10,11,18,19,20,21,22,23,35,36,38,40,41,42,43,44,45,46,47,48,49,50,51,52,53,54,55,56,57,58,59,60,61,62,63,64,65,66,67,68,69,70,71,72,75,77,103,105,106,107,108,109,112,113,116,117,118,119,120,121,122,123,124,125,126,127,128,129,130,131,132,133,134,135,136,137,
15;1;327;465;0;0,1,8,9,10,11,18,19,20,21,22,23,35,36,38,40,41,42,43,44,45,46,47,48,49,50,51,52,53,54,55,56,57,58,59,60,61,62,63,64,65,66,67,68,69,70,71,72,75,77,103,105,106,107,108,109,112,113,116,117,118,119,120,121,122,123,124,125,126,127,128,129,130,131,132,133,134,135,136,137,
16;0;465;490;1;0,1,8,9,10,11,18,19,20,21,22,23,35,36,38,40,41,42,43,44,45,46,47,48,49,50,51,52,53,54,55,56,57,58,59,60,61,62,63,64,65,66,67,68,69,70,71,72,75,77,103,105,106,107,108,109,112,113,116,117,118,119,120,121,122,123,124,125,126,127,128,129,130,131,132,133,134,135,136,137,
24;0;490;591;1;0,1,8,9,10,11,18,19,20,21,22,23,35,36,38,40,41,42,43,44,45,46,47,48,49,50,51,52,53,54,55,56,57,58,59,60,61,62,63,64,65,66,67,68,69,70,71,72,75,77,103,105,106,107,108,109,112,113,116,117,118,119,120,121,122,123,124,125,126,127,128,129,130,131,132,133,134,135,136,137,
52;0;591;749;1;0,1,8,9,10,11,18,19,20,21,22,23,35,36,38,40,41,42,43,44,45,46,47,48,49,50,51,52,53,54,55,56,57,58,59,60,61,62,63,64,65,66,67,68,69,70,71,72,75,77,103,105,106,107,108,109,112,113,116,117,118,119,120,121,122,123,124,125,126,127,128,129,130,131,132,133,134,135,136,137,
30;0;749;863;0;0,1,8,9,10,11,18,19,20,21,22,23,35,36,38,40,41,42,43,44,45,46,47,48,49,50,51,52,53,54,55,56,57,58,59,60,61,62,63,64,65,66,67,68,69,70,71,72,75,77,103,105,106,107,108,109,112,113,116,117,118,119,120,121,122,123,124,125,126,127,128,129,130,131,132,133,134,135,136,137,
7;0;863;1015;0;0,1,8,9,10,11,18,19,20,21,22,23,35,36,38,40,41,42,43,44,45,46,47,48,49,50,51,52,53,54,55,56,57,58,59,60,61,62,63,64,65,66,67,68,69,70,71,72,75,77,103,105,106,107,108,109,112,113,116,117,118,119,120,121,122,123,124,125,126,127,128,129,130,131,132,133,134,135,136,137,
7;1;1015;1060;0;0,1,8,9,10,11,18,19,20,21,22,23,35,36,38,40,41,42,43,44,45,46,47,48,49,50,51,52,53,54,55,56,57,58,59,60,61,62,63,64,65,66,67,68,69,70,71,72,75,77,103,105,106,107,108,109,112,113,116,117,118,119,120,121,122,123,124,125,126,127,128,129,130,131,132,133,134,135,136,137,
26;0;1060;1220;0;0,1,8,9,10,11,18,19,20,21,22,23,35,36,38,40,41,42,43,44,45,46,47,48,49,50,51,52,53,54,55,56,57,58,59,60,61,62,63,64,65,66,67,68,69,70,71,72,75,77,103,105,106,107,108,109,112,113,116,117,118,119,120,121,122,123,124,125,126,127,128,129,130,131,132,133,134,135,136,137,
13;0;1220;1257;1;0,1,8,9,10,11,18,19,20,21,22,23,35,36,38,40,41,42,43,44,45,46,47,48,49,50,51,52,53,54,55,56,57,58,59,60,61,62,63,64,65,66,67,68,69,70,71,72,75,77,103,105,106,107,108,109,112,113,116,117,118,119,120,121,122,123,124,125,126,127,128,129,130,131,132,133,134,135,136,137,
13;1;1257;1363;1;0,1,8,9,10,11,18,19,20,21,22,23,35,36,38,40,41,42,43,44,45,46,47,48,49,50,51,52,53,54,55,56,57,58,59,60,61,62,63,64,65,66,67,68,69,70,71,72,75,77,103,105,106,107,108,109,112,113,116,117,118,119,120,121,122,123,124,125,126,127,128,129,130,131,132,133,134,135,136,137,
0;0;1363;1502;1;0,1,8,9,10,11,18,19,20,21,22,23,35,36,38,40,41,42,43,44,45,46,47,48,49,50,51,52,53,54,55,56,57,58,59,60,61,62,63,64,65,66,67,68,69,70,71,72,75,77,103,105,106,107,108,109,112,113,116,117,118,119,120,121,122,123,124,125,126,127,128,129,130,131,132,133,134,135,136,137,
0;1;1502;1570;1;0,1,8,9,10,11,18,19,20,21,22,23,35,36,38,40,41,42,43,44,45,46,47,48,49,50,51,52,53,54,55,56,57,58,59,60,61,62,63,64,65,66,67,68,69,70,71,72,75,77,103,105,106,107,108,109,112,113,116,117,118,119,120,121,122,123,124,125,126,127,128,129,130,131,132,133,134,135,136,137,
50;0;1570;1629;0;0,1,8,9,10,11,18,19,20,21,22,23,35,36,38,40,41,42,43,44,45,46,47,48,49,50,51,52,53,54,55,56,57,58,59,60,61,62,63,64,65,66,67,68,69,70,71,72,75,77,103,105,106,107,108,109,112,113,116,117,118,119,120,121,122,123,124,125,126,127,128,129,130,131,132,133,134,135,136,137,
42;0;1629;1670;0;0,1,8,9,10,11,18,19,20,21,22,23,35,36,38,40,41,42,43,44,45,46,47,48,49,50,51,52,53,54,55,56,57,58,59,60,61,62,63,64,65,66,67,68,69,70,71,72,75,77,103,105,106,107,108,109,112,113,116,117,118,119,120,121,122,123,124,125,126,127,128,129,130,131,132,133,134,135,136,137,
51;0;1670;1759;0;0,1,8,9,10,11,18,19,20,21,22,23,35,36,38,40,41,42,43,44,45,46,47,48,49,50,51,52,53,54,55,56,57,58,59,60,61,62,63,64,65,66,67,68,69,70,71,72,75,77,103,105,106,107,108,109,112,113,116,117,118,119,120,121,122,123,124,125,126,127,128,129,130,131,132,133,134,135,136,137,
51;1;1759;1873;0;0,1,8,9,10,11,18,19,20,21,22,23,35,36,38,40,41,42,43,44,45,46,47,48,49,50,51,52,53,54,55,56,57,58,59,60,61,62,63,64,65,66,67,68,69,70,71,72,75,77,103,105,106,107,108,109,112,113,116,117,118,119,120,121,122,123,124,125,126,127,128,129,130,131,132,133,134,135,136,137,
47;0;1873;1946;0;0,1,8,9,10,11,18,19,20,21,22,23,35,36,38,40,41,42,43,44,45,46,47,48,49,50,51,52,53,54,55,56,57,58,59,60,61,62,63,64,65,66,67,68,69,70,71,72,75,77,103,105,106,107,108,109,112,113,116,117,118,119,120,121,122,123,124,125,126,127,128,129,130,131,132,133,134,135,136,137,
47;1;1946;2052;0;0,1,8,9,10,11,18,19,20,21,22,23,35,36,38,40,41,42,43,44,45,46,47,48,49,50,51,52,53,54,55,56,57,58,59,60,61,62,63,64,65,66,67,68,69,70,71,72,75,77,103,105,106,107,108,109,112,113,116,117,118,119,120,121,122,123,124,125,126,127,128,129,130,131,132,133,134,135,136,137,
19;0;2052;2105;0;0,1,8,9,10,11,18,19,20,21,22,23,35,36,38,40,41,42,43,44,45,46,47,48,49,50,51,52,53,54,55,56,57,58,59,60,61,62,63,64,65,66,67,68,69,70,71,72,75,77,103,105,106,107,108,109,112,113,116,117,118,119,120,121,122,123,124,125,126,127,128,129,130,131,132,133,134,135,136,137,
19;1;2105;2116;0;0,1,8,9,10,11,18,19,20,21,22,23,35,36,38,40,41,42,43,44,45,46,47,48,49,50,51,52,53,54,55,56,57,58,59,60,61,62,63,64,65,66,67,68,69,70,71,72,75,77,103,105,106,107,108,109,112,113,116,117,118,119,120,121,122,123,124,125,126,127,128,129,130,131,132,133,134,135,136,137,
33;0;2116;2156;1;0,1,8,9,10,11,18,19,20,21,22,23,35,36,38,40,41,42,43,44,45,46,47,48,49,50,51,52,53,54,55,56,57,58,59,60,61,62,63,64,65,66,67,68,69,70,71,72,75,77,103,105,106,107,108,109,112,113,116,117,118,119,120,121,122,123,124,125,126,127,128,129,130,131,132,133,134,135,136,137,
33;1;2156;2172;1;0,1,8,9,10,11,18,19,20,21,22,23,35,36,38,40,41,42,43,44,45,46,47,48,49,50,51,52,53,54,55,56,57,58,59,60,61,62,63,64,65,66,67,68,69,70,71,72,75,77,103,105,106,107,108,109,112,113,116,117,118,119,120,121,122,123,124,125,126,127,128,129,130,131,132,133,134,135,136,137,
8;0;2172;2278;1;0,1,8,9,10,11,18,19,20,21,22,23,35,36,38,40,41,42,43,44,45,46,47,48,49,50,51,52,53,54,55,56,57,58,59,60,61,62,63,64,65,66,67,68,69,70,71,72,75,77,103,105,106,107,108,109,112,113,116,117,118,119,120,121,122,123,124,125,126,127,128,129,130,131,132,133,134,135,136,137,
18;0;2278;2373;0;0,1,8,9,10,11,18,19,20,21,22,23,35,36,38,40,41,42,43,44,45,46,47,48,49,50,51,52,53,54,55,56,57,58,59,60,61,62,63,64,65,66,67,68,69,70,71,72,75,77,103,105,106,107,108,109,112,113,116,117,118,119,120,121,122,123,124,125,126,127,128,129,130,131,132,133,134,135,136,137,
27;0;2373;2478;0;0,1,8,9,10,11,18,19,20,21,22,23,35,36,38,40,41,42,43,44,45,46,47,48,49,50,51,52,53,54,55,56,57,58,59,60,61,62,63,64,65,66,67,68,69,70,71,72,75,77,103,105,106,107,108,109,112,113,116,117,118,119,120,121,122,123,124,125,126,127,128,129,130,131,132,133,134,135,136,137,
27;1;2478;2652;0;0,1,8,9,10,11,18,19,20,21,22,23,35,36,38,40,41,42,43,44,45,46,47,48,49,50,51,52,53,54,55,56,57,58,59,60,61,62,63,64,65,66,67,68,69,70,71,72,75,77,103,105,106,107,108,109,112,113,116,117,118,119,120,121,122,123,124,125,126,127,128,129,130,131,132,133,134,135,136,137,
39;0;2652;2824;0;0,1,8,9,10,11,18,19,20,21,22,23,35,36,38,40,41,42,43,44,45,46,47,48,49,50,51,52,53,54,55,56,57,58,59,60,61,62,63,64,65,66,67,68,69,70,71,72,75,77,103,105,106,107,108,109,112,113,116,117,118,119,120,121,122,123,124,125,126,127,128,129,130,131,132,133,134,135,136,137,
39;1;2824;2982;0;0,1,8,9,10,11,18,19,20,21,22,23,35,36,38,40,41,42,43,44,45,46,47,48,49,50,51,52,53,54,55,56,57,58,59,60,61,62,63,64,65,66,67,68,69,70,71,72,75,77,103,105,106,107,108,109,112,113,116,117,118,119,120,121,122,123,124,125,126,127,128,129,130,131,132,133,134,135,136,137,
38;0;2982;3140;0;0,1,8,9,10,11,18,19,20,21,22,23,35,36,38,40,41,42,43,44,45,46,47,48,49,50,51,52,53,54,55,56,57,58,59,60,61,62,63,64,65,66,67,68,69,70,71,72,75,77,103,105,106,107,108,109,112,113,116,117,118,119,120,121,122,123,124,125,126,127,128,129,130,131,132,133,134,135,136,137,
32;0;3140;3308;1;0,1,8,9,10,11,18,19,20,21,22,23,35,36,38,40,41,42,43,44,45,46,47,48,49,50,51,52,53,54,55,56,57,58,59,60,61,62,63,64,65,66,67,68,69,70,71,72,75,77,103,105,106,107,108,109,112,113,116,117,118,119,120,121,122,123,124,125,126,127,128,129,130,131,132,133,134,135,136,137,
36;0;3308;3468;1;0,1,8,9,10,11,18,19,20,21,22,23,35,36,38,40,41,42,43,44,45,46,47,48,49,50,51,52,53,54,55,56,57,58,59,60,61,62,63,64,65,66,67,68,69,70,71,72,75,77,103,105,106,107,108,109,112,113,116,117,118,119,120,121,122,123,124,125,126,127,128,129,130,131,132,133,134,135,136,137,
11;0;3468;3509;0;0,1,8,9,10,11,18,19,20,21,22,23,35,36,38,40,41,42,43,44,45,46,47,48,49,50,51,52,53,54,55,56,57,58,59,60,61,62,63,64,65,66,67,68,69,70,71,72,75,77,103,105,106,107,108,109,112,113,116,117,118,119,120,121,122,123,124,125,126,127,128,129,130,131,132,133,134,135,136,137,
11;1;3509;3615;0;0,1,8,9,10,11,18,19,20,21,22,23,35,36,38,40,41,42,43,44,45,46,47,48,49,50,51,52,53,54,55,56,57,58,59,60,61,62,63,64,65,66,67,68,69,70,71,72,75,77,103,105,106,107,108,109,112,113,116,117,118,119,120,121,122,123,124,125,126,127,128,129,130,131,132,133,134,135,136,137,
49;0;3615;3684;1;0,1,8,9,10,11,18,19,20,21,22,23,35,36,38,40,41,42,43,44,45,46,47,48,49,50,51,52,53,54,55,56,57,58,59,60,61,62,63,64,65,66,67,68,69,70,71,72,75,77,103,105,106,107,108,109,112,113,116,117,118,119,120,121,122,123,124,125,126,127,128,129,130,131,132,133,134,135,136,137,
49;1;3684;3688;1;0,1,8,9,10,11,18,19,20,21,22,23,35,36,38,40,41,42,43,44,45,46,47,48,49,50,51,52,53,54,55,56,57,58,59,60,61,62,63,64,65,66,67,68,69,70,71,72,75,77,103,105,106,107,108,109,112,113,116,117,118,119,120,121,122,123,124,125,126,127,128,129,130,131,132,133,134,135,136,137,
3;0;3688;3717;0;0,1,8,9,10,11,18,19,20,21,22,23,35,36,38,40,41,42,43,44,45,46,47,48,49,50,51,52,53,54,55,56,57,58,59,60,61,62,63,64,65,66,67,68,69,70,71,72,75,77,103,105,106,107,108,109,112,113,116,117,118,119,120,121,122,123,124,125,126,127,128,129,130,131,132,133,134,135,136,137,
3;1;3717;3745;0;0,1,8,9,10,11,18,19,20,21,22,23,35,36,38,40,41,42,43,44,45,46,47,48,49,50,51,52,53,54,55,56,57,58,59,60,61,62,63,64,65,66,67,68,69,70,71,72,75,77,103,105,106,107,108,109,112,113,116,117,118,119,120,121,122,123,124,125,126,127,128,129,130,131,132,133,134,135,136,137,
END
fineshedJobsCount: 80
switchs: 0
switchsInstances: 0
unfineshedPriorityCount: 0
totalUnfineshed: 0
criticalMachineSwitchs: 0
criticalMachineTime: 3745
Final Solution: 2400
Time: 53767
PTL: 0
MCMC: 26
Best Initial: 2385
Mean Initial: 2374.09
