./input/BaseInstances/2M1_n=209,r=0.5,t=361,v0.txt;./input/Processed/ToolSetInt.csv
7;720;1440
Machine: 0
45;0;0;125;1;35,38,39,49,50,51,52,53,54,55,56,57,58,59,60,61,62,63,64,65,66,67,98,99,136,137,138,139,140,141,142,145,146,147,148,152,154,155,157,158,163,165,170,171,175,177,183,187,188,189,190,191,192,193,194,195,198,199,200,241,242,243,270,271,272,273,274,290,291,292,293,294,295,296,297,298,299,300,301,302,
45;1;125;238;1;35,38,39,49,50,51,52,53,54,55,56,57,58,59,60,61,62,63,64,65,66,67,98,99,136,137,138,139,140,141,142,145,146,147,148,152,154,155,157,158,163,165,170,171,175,177,183,187,188,189,190,191,192,193,194,195,198,199,200,241,242,243,270,271,272,273,274,290,291,292,293,294,295,296,297,298,299,300,301,302,
60;0;238;344;1;35,38,39,49,50,51,52,53,54,55,56,57,58,59,60,61,62,63,64,65,66,67,98,99,136,137,138,139,140,141,142,145,146,147,148,152,154,155,157,158,163,165,170,171,175,177,183,187,188,189,190,191,192,193,194,195,198,199,200,241,242,243,270,271,272,273,274,290,291,292,293,294,295,296,297,298,299,300,301,302,
125;0;344;386;1;35,38,39,49,50,51,52,53,54,55,56,57,58,59,60,61,62,63,64,65,66,67,98,99,136,137,138,139,140,141,142,145,146,147,148,152,154,155,157,158,163,165,170,171,175,177,183,187,188,189,190,191,192,193,194,195,198,199,200,241,242,243,270,271,272,273,274,290,291,292,293,294,295,296,297,298,299,300,301,302,
125;1;386;560;1;35,38,39,49,50,51,52,53,54,55,56,57,58,59,60,61,62,63,64,65,66,67,98,99,136,137,138,139,140,141,142,145,146,147,148,152,154,155,157,158,163,165,170,171,175,177,183,187,188,189,190,191,192,193,194,195,198,199,200,241,242,243,270,271,272,273,274,290,291,292,293,294,295,296,297,298,299,300,301,302,
66;0;560;677;0;35,38,39,49,50,51,52,53,54,55,56,57,58,59,60,61,62,63,64,65,66,67,98,99,136,137,138,139,140,141,142,145,146,147,148,152,154,155,157,158,163,165,170,171,175,177,183,187,188,189,190,191,192,193,194,195,198,199,200,241,242,243,270,271,272,273,274,290,291,292,293,294,295,296,297,298,299,300,301,302,
137;0;677;766;1;35,38,39,49,50,51,52,53,54,55,56,57,58,59,60,61,62,63,64,65,66,67,98,99,136,137,138,139,140,141,142,145,146,147,148,152,154,155,157,158,163,165,170,171,175,177,183,187,188,189,190,191,192,193,194,195,198,199,200,241,242,243,270,271,272,273,274,290,291,292,293,294,295,296,297,298,299,300,301,302,
137;1;766;931;1;35,38,39,49,50,51,52,53,54,55,56,57,58,59,60,61,62,63,64,65,66,67,98,99,136,137,138,139,140,141,142,145,146,147,148,152,154,155,157,158,163,165,170,171,175,177,183,187,188,189,190,191,192,193,194,195,198,199,200,241,242,243,270,271,272,273,274,290,291,292,293,294,295,296,297,298,299,300,301,302,
82;0;931;1083;0;35,38,39,49,50,51,52,53,54,55,56,57,58,59,60,61,62,63,64,65,66,67,98,99,136,137,138,139,140,141,142,145,146,147,148,152,154,155,157,158,163,165,170,171,175,177,183,187,188,189,190,191,192,193,194,195,198,199,200,241,242,243,270,271,272,273,274,290,291,292,293,294,295,296,297,298,299,300,301,302,
85;0;1083;1245;1;35,38,39,49,50,51,52,53,54,55,56,57,58,59,60,61,62,63,64,65,66,67,98,99,136,137,138,139,140,141,142,145,146,147,148,152,154,155,157,158,163,165,170,171,175,177,183,187,188,189,190,191,192,193,194,195,198,199,200,241,242,243,270,271,272,273,274,290,291,292,293,294,295,296,297,298,299,300,301,302,
85;1;1245;1286;1;35,38,39,49,50,51,52,53,54,55,56,57,58,59,60,61,62,63,64,65,66,67,98,99,136,137,138,139,140,141,142,145,146,147,148,152,154,155,157,158,163,165,170,171,175,177,183,187,188,189,190,191,192,193,194,195,198,199,200,241,242,243,270,271,272,273,274,290,291,292,293,294,295,296,297,298,299,300,301,302,
104;0;1286;1378;1;35,38,39,49,50,51,52,53,54,55,56,57,58,59,60,61,62,63,64,65,66,67,98,99,136,137,138,139,140,141,142,145,146,147,148,152,154,155,157,158,163,165,170,171,175,177,183,187,188,189,190,191,192,193,194,195,198,199,200,241,242,243,270,271,272,273,274,290,291,292,293,294,295,296,297,298,299,300,301,302,
80;0;1378;1394;1;35,38,39,49,50,51,52,53,54,55,56,57,58,59,60,61,62,63,64,65,66,67,98,99,136,137,138,139,140,141,142,145,146,147,148,152,154,155,157,158,163,165,170,171,175,177,183,187,188,189,190,191,192,193,194,195,198,199,200,241,242,243,270,271,272,273,274,290,291,292,293,294,295,296,297,298,299,300,301,302,
91;0;1394;1458;0;35,38,39,49,50,51,52,53,54,55,56,57,58,59,60,61,62,63,64,65,66,67,98,99,136,137,138,139,140,141,142,145,146,147,148,152,154,155,157,158,163,165,170,171,175,177,183,187,188,189,190,191,192,193,194,195,198,199,200,241,242,243,270,271,272,273,274,290,291,292,293,294,295,296,297,298,299,300,301,302,
91;1;1458;1523;0;35,38,39,49,50,51,52,53,54,55,56,57,58,59,60,61,62,63,64,65,66,67,98,99,136,137,138,139,140,141,142,145,146,147,148,152,154,155,157,158,163,165,170,171,175,177,183,187,188,189,190,191,192,193,194,195,198,199,200,241,242,243,270,271,272,273,274,290,291,292,293,294,295,296,297,298,299,300,301,302,
27;0;1523;1619;0;35,38,39,49,50,51,52,53,54,55,56,57,58,59,60,61,62,63,64,65,66,67,98,99,136,137,138,139,140,141,142,145,146,147,148,152,154,155,157,158,163,165,170,171,175,177,183,187,188,189,190,191,192,193,194,195,198,199,200,241,242,243,270,271,272,273,274,290,291,292,293,294,295,296,297,298,299,300,301,302,
27;1;1619;1793;0;35,38,39,49,50,51,52,53,54,55,56,57,58,59,60,61,62,63,64,65,66,67,98,99,136,137,138,139,140,141,142,145,146,147,148,152,154,155,157,158,163,165,170,171,175,177,183,187,188,189,190,191,192,193,194,195,198,199,200,241,242,243,270,271,272,273,274,290,291,292,293,294,295,296,297,298,299,300,301,302,
23;0;1793;1881;0;35,38,39,49,50,51,52,53,54,55,56,57,58,59,60,61,62,63,64,65,66,67,98,99,136,137,138,139,140,141,142,145,146,147,148,152,154,155,157,158,163,165,170,171,175,177,183,187,188,189,190,191,192,193,194,195,198,199,200,241,242,243,270,271,272,273,274,290,291,292,293,294,295,296,297,298,299,300,301,302,
23;1;1881;1922;0;35,38,39,49,50,51,52,53,54,55,56,57,58,59,60,61,62,63,64,65,66,67,98,99,136,137,138,139,140,141,142,145,146,147,148,152,154,155,157,158,163,165,170,171,175,177,183,187,188,189,190,191,192,193,194,195,198,199,200,241,242,243,270,271,272,273,274,290,291,292,293,294,295,296,297,298,299,300,301,302,
97;0;1922;2086;1;35,38,39,49,50,51,52,53,54,55,56,57,58,59,60,61,62,63,64,65,66,67,98,99,136,137,138,139,140,141,142,145,146,147,148,152,154,155,157,158,163,165,170,171,175,177,183,187,188,189,190,191,192,193,194,195,198,199,200,241,242,243,270,271,272,273,274,290,291,292,293,294,295,296,297,298,299,300,301,302,
97;1;2086;2236;1;35,38,39,49,50,51,52,53,54,55,56,57,58,59,60,61,62,63,64,65,66,67,98,99,136,137,138,139,140,141,142,145,146,147,148,152,154,155,157,158,163,165,170,171,175,177,183,187,188,189,190,191,192,193,194,195,198,199,200,241,242,243,270,271,272,273,274,290,291,292,293,294,295,296,297,298,299,300,301,302,
67;0;2236;2373;0;35,38,39,49,50,51,52,53,54,55,56,57,58,59,60,61,62,63,64,65,66,67,98,99,136,137,138,139,140,141,142,145,146,147,148,152,154,155,157,158,163,165,170,171,175,177,183,187,188,189,190,191,192,193,194,195,198,199,200,241,242,243,270,271,272,273,274,290,291,292,293,294,295,296,297,298,299,300,301,302,
67;1;2373;2468;0;35,38,39,49,50,51,52,53,54,55,56,57,58,59,60,61,62,63,64,65,66,67,98,99,136,137,138,139,140,141,142,145,146,147,148,152,154,155,157,158,163,165,170,171,175,177,183,187,188,189,190,191,192,193,194,195,198,199,200,241,242,243,270,271,272,273,274,290,291,292,293,294,295,296,297,298,299,300,301,302,
37;0;2468;2564;1;35,38,39,49,50,51,52,53,54,55,56,57,58,59,60,61,62,63,64,65,66,67,98,99,136,137,138,139,140,141,142,145,146,147,148,152,154,155,157,158,163,165,170,171,175,177,183,187,188,189,190,191,192,193,194,195,198,199,200,241,242,243,270,271,272,273,274,290,291,292,293,294,295,296,297,298,299,300,301,302,
37;1;2564;2580;1;35,38,39,49,50,51,52,53,54,55,56,57,58,59,60,61,62,63,64,65,66,67,98,99,136,137,138,139,140,141,142,145,146,147,148,152,154,155,157,158,163,165,170,171,175,177,183,187,188,189,190,191,192,193,194,195,198,199,200,241,242,243,270,271,272,273,274,290,291,292,293,294,295,296,297,298,299,300,301,302,
40;0;2580;2693;1;35,38,39,49,50,51,52,53,54,55,56,57,58,59,60,61,62,63,64,65,66,67,98,99,136,137,138,139,140,141,142,145,146,147,148,152,154,155,157,158,163,165,170,171,175,177,183,187,188,189,190,191,192,193,194,195,198,199,200,241,242,243,270,271,272,273,274,290,291,292,293,294,295,296,297,298,299,300,301,302,
65;0;2693;2808;1;35,38,39,49,50,51,52,53,54,55,56,57,58,59,60,61,62,63,64,65,66,67,98,99,136,137,138,139,140,141,142,145,146,147,148,152,154,155,157,158,163,165,170,171,175,177,183,187,188,189,190,191,192,193,194,195,198,199,200,241,242,243,270,271,272,273,274,290,291,292,293,294,295,296,297,298,299,300,301,302,
65;1;2808;2925;1;35,38,39,49,50,51,52,53,54,55,56,57,58,59,60,61,62,63,64,65,66,67,98,99,136,137,138,139,140,141,142,145,146,147,148,152,154,155,157,158,163,165,170,171,175,177,183,187,188,189,190,191,192,193,194,195,198,199,200,241,242,243,270,271,272,273,274,290,291,292,293,294,295,296,297,298,299,300,301,302,
122;0;2925;3075;0;35,38,39,49,50,51,52,53,54,55,56,57,58,59,60,61,62,63,64,65,66,67,98,99,136,137,138,139,140,141,142,145,146,147,148,152,154,155,157,158,163,165,170,171,175,177,183,187,188,189,190,191,192,193,194,195,198,199,200,241,242,243,270,271,272,273,274,290,291,292,293,294,295,296,297,298,299,300,301,302,
112;0;3075;3225;1;35,38,39,49,50,51,52,53,54,55,56,57,58,59,60,61,62,63,64,65,66,67,98,99,136,137,138,139,140,141,142,145,146,147,148,152,154,155,157,158,163,165,170,171,175,177,183,187,188,189,190,191,192,193,194,195,198,199,200,241,242,243,270,271,272,273,274,290,291,292,293,294,295,296,297,298,299,300,301,302,
33;0;3225;3313;1;35,38,39,49,50,51,52,53,54,55,56,57,58,59,60,61,62,63,64,65,66,67,98,99,136,137,138,139,140,141,142,145,146,147,148,152,154,155,157,158,163,165,170,171,175,177,183,187,188,189,190,191,192,193,194,195,198,199,200,241,242,243,270,271,272,273,274,290,291,292,293,294,295,296,297,298,299,300,301,302,
33;1;3313;3329;1;35,38,39,49,50,51,52,53,54,55,56,57,58,59,60,61,62,63,64,65,66,67,98,99,136,137,138,139,140,141,142,145,146,147,148,152,154,155,157,158,163,165,170,171,175,177,183,187,188,189,190,191,192,193,194,195,198,199,200,241,242,243,270,271,272,273,274,290,291,292,293,294,295,296,297,298,299,300,301,302,
128;0;3329;3370;1;35,38,39,49,50,51,52,53,54,55,56,57,58,59,60,61,62,63,64,65,66,67,98,99,136,137,138,139,140,141,142,145,146,147,148,152,154,155,157,158,163,165,170,171,175,177,183,187,188,189,190,191,192,193,194,195,198,199,200,241,242,243,270,271,272,273,274,290,291,292,293,294,295,296,297,298,299,300,301,302,
38;0;3370;3528;0;35,38,39,49,50,51,52,53,54,55,56,57,58,59,60,61,62,63,64,65,66,67,98,99,136,137,138,139,140,141,142,145,146,147,148,152,154,155,157,158,163,165,170,171,175,177,183,187,188,189,190,191,192,193,194,195,198,199,200,241,242,243,270,271,272,273,274,290,291,292,293,294,295,296,297,298,299,300,301,302,
54;0;3528;3693;0;35,38,39,49,50,51,52,53,54,55,56,57,58,59,60,61,62,63,64,65,66,67,98,99,136,137,138,139,140,141,142,145,146,147,148,152,154,155,157,158,163,165,170,171,175,177,183,187,188,189,190,191,192,193,194,195,198,199,200,241,242,243,270,271,272,273,274,290,291,292,293,294,295,296,297,298,299,300,301,302,
68;0;3693;3853;1;35,38,39,49,50,51,52,53,54,55,56,57,58,59,60,61,62,63,64,65,66,67,98,99,136,137,138,139,140,141,142,145,146,147,148,152,154,155,157,158,163,165,170,171,175,177,183,187,188,189,190,191,192,193,194,195,198,199,200,241,242,243,270,271,272,273,274,290,291,292,293,294,295,296,297,298,299,300,301,302,
100;0;3853;3948;1;35,38,39,49,50,51,52,53,54,55,56,57,58,59,60,61,62,63,64,65,66,67,98,99,136,137,138,139,140,141,142,145,146,147,148,152,154,155,157,158,163,165,170,171,175,177,183,187,188,189,190,191,192,193,194,195,198,199,200,241,242,243,270,271,272,273,274,290,291,292,293,294,295,296,297,298,299,300,301,302,
75;0;3948;4009;0;35,38,39,49,50,51,52,53,54,55,56,57,58,59,60,61,62,63,64,65,66,67,98,99,136,137,138,139,140,141,142,145,146,147,148,152,154,155,157,158,163,165,170,171,175,177,183,187,188,189,190,191,192,193,194,195,198,199,200,241,242,243,270,271,272,273,274,290,291,292,293,294,295,296,297,298,299,300,301,302,
75;1;4009;4020;0;35,38,39,49,50,51,52,53,54,55,56,57,58,59,60,61,62,63,64,65,66,67,98,99,136,137,138,139,140,141,142,145,146,147,148,152,154,155,157,158,163,165,170,171,175,177,183,187,188,189,190,191,192,193,194,195,198,199,200,241,242,243,270,271,272,273,274,290,291,292,293,294,295,296,297,298,299,300,301,302,
81;0;4020;4177;1;35,38,39,49,50,51,52,53,54,55,56,57,58,59,60,61,62,63,64,65,66,67,98,99,136,137,138,139,140,141,142,145,146,147,148,152,154,155,157,158,163,165,170,171,175,177,183,187,188,189,190,191,192,193,194,195,198,199,200,241,242,243,270,271,272,273,274,290,291,292,293,294,295,296,297,298,299,300,301,302,
81;1;4177;4329;1;35,38,39,49,50,51,52,53,54,55,56,57,58,59,60,61,62,63,64,65,66,67,98,99,136,137,138,139,140,141,142,145,146,147,148,152,154,155,157,158,163,165,170,171,175,177,183,187,188,189,190,191,192,193,194,195,198,199,200,241,242,243,270,271,272,273,274,290,291,292,293,294,295,296,297,298,299,300,301,302,
88;0;4329;4442;1;35,38,39,49,50,51,52,53,54,55,56,57,58,59,60,61,62,63,64,65,66,67,98,99,136,137,138,139,140,141,142,145,146,147,148,152,154,155,157,158,163,165,170,171,175,177,183,187,188,189,190,191,192,193,194,195,198,199,200,241,242,243,270,271,272,273,274,290,291,292,293,294,295,296,297,298,299,300,301,302,
108;0;4442;4594;1;35,38,39,49,50,51,52,53,54,55,56,57,58,59,60,61,62,63,64,65,66,67,98,99,136,137,138,139,140,141,142,145,146,147,148,152,154,155,157,158,163,165,170,171,175,177,183,187,188,189,190,191,192,193,194,195,198,199,200,241,242,243,270,271,272,273,274,290,291,292,293,294,295,296,297,298,299,300,301,302,
8;0;4594;4700;1;35,38,39,49,50,51,52,53,54,55,56,57,58,59,60,61,62,63,64,65,66,67,98,99,136,137,138,139,140,141,142,145,146,147,148,152,154,155,157,158,163,165,170,171,175,177,183,187,188,189,190,191,192,193,194,195,198,199,200,241,242,243,270,271,272,273,274,290,291,292,293,294,295,296,297,298,299,300,301,302,
53;0;4700;4829;1;35,38,39,49,50,51,52,53,54,55,56,57,58,59,60,61,62,63,64,65,66,67,98,99,136,137,138,139,140,141,142,145,146,147,148,152,154,155,157,158,163,165,170,171,175,177,183,187,188,189,190,191,192,193,194,195,198,199,200,241,242,243,270,271,272,273,274,290,291,292,293,294,295,296,297,298,299,300,301,302,
53;1;4829;4989;1;35,38,39,49,50,51,52,53,54,55,56,57,58,59,60,61,62,63,64,65,66,67,98,99,136,137,138,139,140,141,142,145,146,147,148,152,154,155,157,158,163,165,170,171,175,177,183,187,188,189,190,191,192,193,194,195,198,199,200,241,242,243,270,271,272,273,274,290,291,292,293,294,295,296,297,298,299,300,301,302,
11;0;4989;4997;0;35,38,39,49,50,51,52,53,54,55,56,57,58,59,60,61,62,63,64,65,66,67,98,99,136,137,138,139,140,141,142,145,146,147,148,152,154,155,157,158,163,165,170,171,175,177,183,187,188,189,190,191,192,193,194,195,198,199,200,241,242,243,270,271,272,273,274,290,291,292,293,294,295,296,297,298,299,300,301,302,
11;1;4997;5103;0;35,38,39,49,50,51,52,53,54,55,56,57,58,59,60,61,62,63,64,65,66,67,98,99,136,137,138,139,140,141,142,145,146,147,148,152,154,155,157,158,163,165,170,171,175,177,183,187,188,189,190,191,192,193,194,195,198,199,200,241,242,243,270,271,272,273,274,290,291,292,293,294,295,296,297,298,299,300,301,302,
36;0;5103;5263;1;35,38,39,49,50,51,52,53,54,55,56,57,58,59,60,61,62,63,64,65,66,67,98,99,136,137,138,139,140,141,142,145,146,147,148,152,154,155,157,158,163,165,170,171,175,177,183,187,188,189,190,191,192,193,194,195,198,199,200,241,242,243,270,271,272,273,274,290,291,292,293,294,295,296,297,298,299,300,301,302,
99;0;5263;5329;0;35,38,39,49,50,51,52,53,54,55,56,57,58,59,60,61,62,63,64,65,66,67,98,99,136,137,138,139,140,141,142,145,146,147,148,152,154,155,157,158,163,165,170,171,175,177,183,187,188,189,190,191,192,193,194,195,198,199,200,241,242,243,270,271,272,273,274,290,291,292,293,294,295,296,297,298,299,300,301,302,
99;1;5329;5421;0;35,38,39,49,50,51,52,53,54,55,56,57,58,59,60,61,62,63,64,65,66,67,98,99,136,137,138,139,140,141,142,145,146,147,148,152,154,155,157,158,163,165,170,171,175,177,183,187,188,189,190,191,192,193,194,195,198,199,200,241,242,243,270,271,272,273,274,290,291,292,293,294,295,296,297,298,299,300,301,302,
29;0;5421;5569;1;35,38,39,49,50,51,52,53,54,55,56,57,58,59,60,61,62,63,64,65,66,67,98,99,136,137,138,139,140,141,142,145,146,147,148,152,154,155,157,158,163,165,170,171,175,177,183,187,188,189,190,191,192,193,194,195,198,199,200,241,242,243,270,271,272,273,274,290,291,292,293,294,295,296,297,298,299,300,301,302,
29;1;5569;5734;1;35,38,39,49,50,51,52,53,54,55,56,57,58,59,60,61,62,63,64,65,66,67,98,99,136,137,138,139,140,141,142,145,146,147,148,152,154,155,157,158,163,165,170,171,175,177,183,187,188,189,190,191,192,193,194,195,198,199,200,241,242,243,270,271,272,273,274,290,291,292,293,294,295,296,297,298,299,300,301,302,
84;0;5734;5745;1;35,38,39,49,50,51,52,53,54,55,56,57,58,59,60,61,62,63,64,65,66,67,98,99,136,137,138,139,140,141,142,145,146,147,148,152,154,155,157,158,163,165,170,171,175,177,183,187,188,189,190,191,192,193,194,195,198,199,200,241,242,243,270,271,272,273,274,290,291,292,293,294,295,296,297,298,299,300,301,302,
26;0;5745;5905;0;35,38,39,49,50,51,52,53,54,55,56,57,58,59,60,61,62,63,64,65,66,67,98,99,136,137,138,139,140,141,142,145,146,147,148,152,154,155,157,158,163,165,170,171,175,177,183,187,188,189,190,191,192,193,194,195,198,199,200,241,242,243,270,271,272,273,274,290,291,292,293,294,295,296,297,298,299,300,301,302,
94;0;5905;6011;0;35,38,39,49,50,51,52,53,54,55,56,57,58,59,60,61,62,63,64,65,66,67,98,99,136,137,138,139,140,141,142,145,146,147,148,152,154,155,157,158,163,165,170,171,175,177,183,187,188,189,190,191,192,193,194,195,198,199,200,241,242,243,270,271,272,273,274,290,291,292,293,294,295,296,297,298,299,300,301,302,
35;0;6011;6112;0;35,38,39,49,50,51,52,53,54,55,56,57,58,59,60,61,62,63,64,65,66,67,98,99,136,137,138,139,140,141,142,145,146,147,148,152,154,155,157,158,163,165,170,171,175,177,183,187,188,189,190,191,192,193,194,195,198,199,200,241,242,243,270,271,272,273,274,290,291,292,293,294,295,296,297,298,299,300,301,302,
35;1;6112;6204;0;35,38,39,49,50,51,52,53,54,55,56,57,58,59,60,61,62,63,64,65,66,67,98,99,136,137,138,139,140,141,142,145,146,147,148,152,154,155,157,158,163,165,170,171,175,177,183,187,188,189,190,191,192,193,194,195,198,199,200,241,242,243,270,271,272,273,274,290,291,292,293,294,295,296,297,298,299,300,301,302,
113;0;6204;6270;1;35,38,39,49,50,51,52,53,54,55,56,57,58,59,60,61,62,63,64,65,66,67,98,99,136,137,138,139,140,141,142,145,146,147,148,152,154,155,157,158,163,165,170,171,175,177,183,187,188,189,190,191,192,193,194,195,198,199,200,241,242,243,270,271,272,273,274,290,291,292,293,294,295,296,297,298,299,300,301,302,
113;1;6270;6362;1;35,38,39,49,50,51,52,53,54,55,56,57,58,59,60,61,62,63,64,65,66,67,98,99,136,137,138,139,140,141,142,145,146,147,148,152,154,155,157,158,163,165,170,171,175,177,183,187,188,189,190,191,192,193,194,195,198,199,200,241,242,243,270,271,272,273,274,290,291,292,293,294,295,296,297,298,299,300,301,302,
16;0;6362;6387;1;35,38,39,49,50,51,52,53,54,55,56,57,58,59,60,61,62,63,64,65,66,67,98,99,136,137,138,139,140,141,142,145,146,147,148,152,154,155,157,158,163,165,170,171,175,177,183,187,188,189,190,191,192,193,194,195,198,199,200,241,242,243,270,271,272,273,274,290,291,292,293,294,295,296,297,298,299,300,301,302,
132;0;6387;6482;1;35,38,39,49,50,51,52,53,54,55,56,57,58,61,62,63,66,67,68,69,98,99,141,143,144,145,146,147,148,149,150,151,152,153,154,155,156,157,158,159,160,161,162,163,164,165,166,167,168,169,170,171,172,173,174,175,176,177,178,179,180,181,200,229,243,275,276,277,278,279,280,281,282,283,284,285,286,287,288,289,
20;0;6482;6604;1;35,38,39,49,50,51,52,53,54,55,56,57,58,61,62,63,66,67,68,69,98,99,141,143,144,145,146,147,148,149,150,151,152,153,154,155,156,157,158,159,160,161,162,163,164,165,166,167,168,169,170,171,172,173,174,175,176,177,178,179,180,181,200,229,243,275,276,277,278,279,280,281,282,283,284,285,286,287,288,289,
17;0;6604;6608;1;35,38,39,49,50,51,52,53,54,55,56,57,58,61,62,63,66,67,68,69,98,99,141,143,144,145,146,147,148,149,150,151,152,153,154,155,156,157,158,159,160,161,162,163,164,165,166,167,168,169,170,171,172,173,174,175,176,177,178,179,180,181,200,229,243,275,276,277,278,279,280,281,282,283,284,285,286,287,288,289,
17;1;6608;6632;1;35,38,39,49,50,51,52,53,54,55,56,57,58,61,62,63,66,67,68,69,98,99,141,143,144,145,146,147,148,149,150,151,152,153,154,155,156,157,158,159,160,161,162,163,164,165,166,167,168,169,170,171,172,173,174,175,176,177,178,179,180,181,200,229,243,275,276,277,278,279,280,281,282,283,284,285,286,287,288,289,
126;0;6632;6656;0;35,38,39,49,50,51,52,53,54,55,56,57,58,61,62,63,66,67,68,69,98,99,141,143,144,145,146,147,148,149,150,151,152,153,154,155,156,157,158,159,160,161,162,163,164,165,166,167,168,169,170,171,172,173,174,175,176,177,178,179,180,181,200,229,243,275,276,277,278,279,280,281,282,283,284,285,286,287,288,289,
103;0;6656;6830;0;35,38,39,49,50,51,52,53,54,55,56,57,58,61,62,63,66,67,68,69,98,99,141,143,144,145,146,147,148,149,150,151,152,153,154,155,156,157,158,159,160,161,162,163,164,165,166,167,168,169,170,171,172,173,174,175,176,177,178,179,180,181,200,229,243,275,276,277,278,279,280,281,282,283,284,285,286,287,288,289,
103;1;6830;6871;0;35,38,39,49,50,51,52,53,54,55,56,57,58,61,62,63,66,67,68,69,98,99,141,143,144,145,146,147,148,149,150,151,152,153,154,155,156,157,158,159,160,161,162,163,164,165,166,167,168,169,170,171,172,173,174,175,176,177,178,179,180,181,200,229,243,275,276,277,278,279,280,281,282,283,284,285,286,287,288,289,
61;0;6871;6959;1;35,38,39,49,50,51,52,53,54,55,56,57,58,61,62,63,66,67,68,69,98,99,141,143,144,145,146,147,148,149,150,151,152,153,154,155,156,157,158,159,160,161,162,163,164,165,166,167,168,169,170,171,172,173,174,175,176,177,178,179,180,181,200,229,243,275,276,277,278,279,280,281,282,283,284,285,286,287,288,289,
61;1;6959;7000;1;35,38,39,49,50,51,52,53,54,55,56,57,58,61,62,63,66,67,68,69,98,99,141,143,144,145,146,147,148,149,150,151,152,153,154,155,156,157,158,159,160,161,162,163,164,165,166,167,168,169,170,171,172,173,174,175,176,177,178,179,180,181,200,229,243,275,276,277,278,279,280,281,282,283,284,285,286,287,288,289,
14;0;7000;7095;0;35,38,39,49,50,51,52,53,54,55,56,57,58,61,62,63,66,67,68,69,98,99,141,143,144,145,146,147,148,149,150,151,152,153,154,155,156,157,158,159,160,161,162,163,164,165,166,167,168,169,170,171,172,173,174,175,176,177,178,179,180,181,200,229,243,275,276,277,278,279,280,281,282,283,284,285,286,287,288,289,
69;0;7095;7150;1;35,38,39,49,50,51,52,53,54,55,56,57,58,61,62,63,66,67,68,69,98,99,141,143,144,145,146,147,148,149,150,151,152,153,154,155,156,157,158,159,160,161,162,163,164,165,166,167,168,169,170,171,172,173,174,175,176,177,178,179,180,181,200,229,243,275,276,277,278,279,280,281,282,283,284,285,286,287,288,289,
69;1;7150;7308;1;35,38,39,49,50,51,52,53,54,55,56,57,58,61,62,63,66,67,68,69,98,99,141,143,144,145,146,147,148,149,150,151,152,153,154,155,156,157,158,159,160,161,162,163,164,165,166,167,168,169,170,171,172,173,174,175,176,177,178,179,180,181,200,229,243,275,276,277,278,279,280,281,282,283,284,285,286,287,288,289,
77;0;7308;7352;1;35,38,39,49,50,51,52,53,54,55,56,57,58,61,62,63,66,67,68,69,98,99,141,143,144,145,146,147,148,149,150,151,152,153,154,155,156,157,158,159,160,161,162,163,164,165,166,167,168,169,170,171,172,173,174,175,176,177,178,179,180,181,200,229,243,275,276,277,278,279,280,281,282,283,284,285,286,287,288,289,
77;1;7352;7371;1;35,38,39,49,50,51,52,53,54,55,56,57,58,61,62,63,66,67,68,69,98,99,141,143,144,145,146,147,148,149,150,151,152,153,154,155,156,157,158,159,160,161,162,163,164,165,166,167,168,169,170,171,172,173,174,175,176,177,178,179,180,181,200,229,243,275,276,277,278,279,280,281,282,283,284,285,286,287,288,289,
136;0;7371;7395;1;35,38,39,49,50,51,52,53,54,55,56,57,58,61,62,63,66,67,68,69,98,99,141,143,144,145,146,147,148,149,150,151,152,153,154,155,156,157,158,159,160,161,162,163,164,165,166,167,168,169,170,171,172,173,174,175,176,177,178,179,180,181,200,229,243,275,276,277,278,279,280,281,282,283,284,285,286,287,288,289,
55;0;7395;7510;0;35,38,39,49,50,51,52,53,54,55,56,57,58,61,62,63,66,67,68,69,98,99,141,143,144,145,146,147,148,149,150,151,152,153,154,155,156,157,158,159,160,161,162,163,164,165,166,167,168,169,170,171,172,173,174,175,176,177,178,179,180,181,200,229,243,275,276,277,278,279,280,281,282,283,284,285,286,287,288,289,
55;1;7510;7632;0;35,38,39,49,50,51,52,53,54,55,56,57,58,61,62,63,66,67,68,69,98,99,141,143,144,145,146,147,148,149,150,151,152,153,154,155,156,157,158,159,160,161,162,163,164,165,166,167,168,169,170,171,172,173,174,175,176,177,178,179,180,181,200,229,243,275,276,277,278,279,280,281,282,283,284,285,286,287,288,289,
106;0;7632;7727;0;35,38,39,49,50,51,52,53,54,55,56,57,58,61,62,63,66,67,68,69,98,99,141,143,144,145,146,147,148,149,150,151,152,153,154,155,156,157,158,159,160,161,162,163,164,165,166,167,168,169,170,171,172,173,174,175,176,177,178,179,180,181,200,229,243,275,276,277,278,279,280,281,282,283,284,285,286,287,288,289,
121;0;7727;7864;1;18,38,39,49,66,67,68,69,70,71,72,73,74,75,76,77,78,79,80,81,82,83,84,85,86,87,88,89,90,91,92,93,94,98,99,148,200,229,243,312,313,314,315,316,317,318,319,320,321,322,323,324,325,326,327,328,334,335,336,337,338,339,340,341,342,343,344,345,346,347,348,349,350,351,352,353,354,355,359,360,
121;1;7864;8042;1;18,38,39,49,66,67,68,69,70,71,72,73,74,75,76,77,78,79,80,81,82,83,84,85,86,87,88,89,90,91,92,93,94,98,99,148,200,229,243,312,313,314,315,316,317,318,319,320,321,322,323,324,325,326,327,328,334,335,336,337,338,339,340,341,342,343,344,345,346,347,348,349,350,351,352,353,354,355,359,360,
124;0;8042;8192;1;18,38,39,49,66,67,68,69,70,71,72,73,74,75,76,77,78,79,80,81,82,83,84,85,86,87,88,89,90,91,92,93,94,98,99,148,200,229,243,312,313,314,315,316,317,318,319,320,321,322,323,324,325,326,327,328,334,335,336,337,338,339,340,341,342,343,344,345,346,347,348,349,350,351,352,353,354,355,359,360,
52;0;8192;8350;1;18,38,39,49,66,67,68,69,70,71,72,73,74,75,76,77,78,79,80,81,82,83,84,85,86,87,88,89,90,91,92,93,94,98,99,148,200,229,243,312,313,314,315,316,317,318,319,320,321,322,323,324,325,326,327,328,334,335,336,337,338,339,340,341,342,343,344,345,346,347,348,349,350,351,352,353,354,355,359,360,
92;0;8350;8445;1;18,38,39,49,66,67,68,69,70,71,72,73,74,75,76,77,78,79,80,81,82,83,84,85,86,87,88,89,90,91,92,93,94,98,99,148,200,229,243,312,313,314,315,316,317,318,319,320,321,322,323,324,325,326,327,328,334,335,336,337,338,339,340,341,342,343,344,345,346,347,348,349,350,351,352,353,354,355,359,360,
39;0;8445;8528;0;18,38,39,49,66,67,68,69,70,71,72,73,74,75,76,77,78,79,80,81,82,83,84,85,86,87,88,89,90,91,92,93,94,98,99,148,200,229,243,312,313,314,315,316,317,318,319,320,321,322,323,324,325,326,327,328,334,335,336,337,338,339,340,341,342,343,344,345,346,347,348,349,350,351,352,353,354,355,359,360,
39;1;8528;8686;0;18,38,39,49,66,67,68,69,70,71,72,73,74,75,76,77,78,79,80,81,82,83,84,85,86,87,88,89,90,91,92,93,94,98,99,148,200,229,243,312,313,314,315,316,317,318,319,320,321,322,323,324,325,326,327,328,334,335,336,337,338,339,340,341,342,343,344,345,346,347,348,349,350,351,352,353,354,355,359,360,
96;0;8686;8775;1;18,38,39,49,66,67,68,69,70,71,72,73,74,75,76,77,78,79,80,81,82,83,84,85,86,87,88,89,90,91,92,93,94,98,99,148,200,229,243,312,313,314,315,316,317,318,319,320,321,322,323,324,325,326,327,328,334,335,336,337,338,339,340,341,342,343,344,345,346,347,348,349,350,351,352,353,354,355,359,360,
18;0;8775;8870;0;18,38,39,49,66,67,68,69,70,71,72,73,74,75,76,77,78,79,80,81,82,83,84,85,86,87,88,89,90,91,92,93,94,98,99,148,200,229,243,312,313,314,315,316,317,318,319,320,321,322,323,324,325,326,327,328,334,335,336,337,338,339,340,341,342,343,344,345,346,347,348,349,350,351,352,353,354,355,359,360,
98;0;8870;8959;0;18,38,39,49,66,67,68,69,70,71,72,73,74,75,76,77,78,79,80,81,82,83,84,85,86,87,88,89,90,91,92,93,94,98,99,148,200,229,243,312,313,314,315,316,317,318,319,320,321,322,323,324,325,326,327,328,334,335,336,337,338,339,340,341,342,343,344,345,346,347,348,349,350,351,352,353,354,355,359,360,
42;0;8959;9000;0;18,38,39,49,66,67,68,69,70,71,72,73,74,75,76,77,78,79,80,81,82,83,84,85,86,87,88,89,90,91,92,93,94,98,99,148,200,229,243,312,313,314,315,316,317,318,319,320,321,322,323,324,325,326,327,328,334,335,336,337,338,339,340,341,342,343,344,345,346,347,348,349,350,351,352,353,354,355,359,360,
105;0;9000;9011;1;18,38,39,49,66,67,68,69,70,71,72,73,74,75,76,77,78,79,80,81,82,83,84,85,86,87,88,89,90,91,92,93,94,98,99,148,200,229,243,312,313,314,315,316,317,318,319,320,321,322,323,324,325,326,327,328,334,335,336,337,338,339,340,341,342,343,344,345,346,347,348,349,350,351,352,353,354,355,359,360,
105;1;9011;9100;1;18,38,39,49,66,67,68,69,70,71,72,73,74,75,76,77,78,79,80,81,82,83,84,85,86,87,88,89,90,91,92,93,94,98,99,148,200,229,243,312,313,314,315,316,317,318,319,320,321,322,323,324,325,326,327,328,334,335,336,337,338,339,340,341,342,343,344,345,346,347,348,349,350,351,352,353,354,355,359,360,
134;0;9100;9174;0;18,38,39,49,66,67,68,69,70,71,72,73,74,75,76,77,78,79,80,81,82,83,84,85,86,87,88,89,90,91,92,93,94,98,99,148,200,229,243,312,313,314,315,316,317,318,319,320,321,322,323,324,325,326,327,328,334,335,336,337,338,339,340,341,342,343,344,345,346,347,348,349,350,351,352,353,354,355,359,360,
9;0;9174;9295;1;18,38,39,49,66,67,68,69,70,71,72,73,74,75,76,77,78,79,80,81,82,83,84,85,86,87,88,89,90,91,92,93,94,98,99,148,200,229,243,312,313,314,315,316,317,318,319,320,321,322,323,324,325,326,327,328,334,335,336,337,338,339,340,341,342,343,344,345,346,347,348,349,350,351,352,353,354,355,359,360,
9;1;9295;9369;1;18,38,39,49,66,67,68,69,70,71,72,73,74,75,76,77,78,79,80,81,82,83,84,85,86,87,88,89,90,91,92,93,94,98,99,148,200,229,243,312,313,314,315,316,317,318,319,320,321,322,323,324,325,326,327,328,334,335,336,337,338,339,340,341,342,343,344,345,346,347,348,349,350,351,352,353,354,355,359,360,
6;0;9369;9519;0;18,38,39,49,66,67,68,69,70,71,72,73,74,75,76,77,78,79,80,81,82,83,84,85,86,87,88,89,90,91,92,93,94,98,99,148,200,229,243,312,313,314,315,316,317,318,319,320,321,322,323,324,325,326,327,328,334,335,336,337,338,339,340,341,342,343,344,345,346,347,348,349,350,351,352,353,354,355,359,360,
101;0;9519;9619;1;18,38,39,49,66,67,68,69,70,71,72,73,74,75,76,77,78,79,80,81,82,83,84,85,86,87,88,89,90,91,92,93,94,98,99,148,200,229,243,312,313,314,315,316,317,318,319,320,321,322,323,324,325,326,327,328,334,335,336,337,338,339,340,341,342,343,344,345,346,347,348,349,350,351,352,353,354,355,359,360,
101;1;9619;9636;1;18,38,39,49,66,67,68,69,70,71,72,73,74,75,76,77,78,79,80,81,82,83,84,85,86,87,88,89,90,91,92,93,94,98,99,148,200,229,243,312,313,314,315,316,317,318,319,320,321,322,323,324,325,326,327,328,334,335,336,337,338,339,340,341,342,343,344,345,346,347,348,349,350,351,352,353,354,355,359,360,
133;0;9636;9756;1;18,38,39,49,66,67,68,69,70,71,72,73,74,75,76,77,78,79,80,81,82,83,84,85,86,87,88,89,90,91,92,93,94,98,99,148,200,229,243,312,313,314,315,316,317,318,319,320,321,322,323,324,325,326,327,328,334,335,336,337,338,339,340,341,342,343,344,345,346,347,348,349,350,351,352,353,354,355,359,360,
133;1;9756;9924;1;18,38,39,49,66,67,68,69,70,71,72,73,74,75,76,77,78,79,80,81,82,83,84,85,86,87,88,89,90,91,92,93,94,98,99,148,200,229,243,312,313,314,315,316,317,318,319,320,321,322,323,324,325,326,327,328,334,335,336,337,338,339,340,341,342,343,344,345,346,347,348,349,350,351,352,353,354,355,359,360,
12;0;9924;9965;1;18,38,39,49,66,67,68,69,70,71,72,73,74,75,76,77,78,79,80,81,82,83,84,85,86,87,88,89,90,91,92,93,94,98,99,148,200,229,243,312,313,314,315,316,317,318,319,320,321,322,323,324,325,326,327,328,334,335,336,337,338,339,340,341,342,343,344,345,346,347,348,349,350,351,352,353,354,355,359,360,
Machine: 1
130;0;0;53;0;0,1,2,3,4,5,6,7,8,9,10,17,18,30,31,32,33,34,35,36,37,38,41,42,46,48,95,96,97,100,103,106,107,110,182,186,196,197,201,202,203,204,224,239,240,244,245,246,247,248,249,250,251,252,253,254,255,256,257,258,259,260,261,262,263,264,265,266,267,268,269,307,329,330,331,332,333,356,357,358,
64;0;53;64;1;0,1,2,3,4,5,6,7,8,9,10,17,18,30,31,32,33,34,35,36,37,38,41,42,46,48,95,96,97,100,103,106,107,110,182,186,196,197,201,202,203,204,224,239,240,244,245,246,247,248,249,250,251,252,253,254,255,256,257,258,259,260,261,262,263,264,265,266,267,268,269,307,329,330,331,332,333,356,357,358,
129;0;64;195;1;0,1,2,3,4,5,6,7,8,9,10,17,18,30,31,32,33,34,35,36,37,38,41,42,46,48,95,96,97,100,103,106,107,110,182,186,196,197,201,202,203,204,224,239,240,244,245,246,247,248,249,250,251,252,253,254,255,256,257,258,259,260,261,262,263,264,265,266,267,268,269,307,329,330,331,332,333,356,357,358,
129;1;195;248;1;0,1,2,3,4,5,6,7,8,9,10,17,18,30,31,32,33,34,35,36,37,38,41,42,46,48,95,96,97,100,103,106,107,110,182,186,196,197,201,202,203,204,224,239,240,244,245,246,247,248,249,250,251,252,253,254,255,256,257,258,259,260,261,262,263,264,265,266,267,268,269,307,329,330,331,332,333,356,357,358,
25;0;248;409;1;0,1,2,3,4,5,6,7,8,9,10,17,18,30,31,32,33,34,35,36,37,38,41,42,46,48,95,96,97,100,103,106,107,110,182,186,196,197,201,202,203,204,224,239,240,244,245,246,247,248,249,250,251,252,253,254,255,256,257,258,259,260,261,262,263,264,265,266,267,268,269,307,329,330,331,332,333,356,357,358,
25;1;409;539;1;0,1,2,3,4,5,6,7,8,9,10,17,18,30,31,32,33,34,35,36,37,38,41,42,46,48,95,96,97,100,103,106,107,110,182,186,196,197,201,202,203,204,224,239,240,244,245,246,247,248,249,250,251,252,253,254,255,256,257,258,259,260,261,262,263,264,265,266,267,268,269,307,329,330,331,332,333,356,357,358,
46;0;539;702;0;0,1,2,3,4,5,6,7,8,9,10,17,18,30,31,32,33,34,35,36,37,38,41,42,46,48,95,96,97,100,103,106,107,110,182,186,196,197,201,202,203,204,224,239,240,244,245,246,247,248,249,250,251,252,253,254,255,256,257,258,259,260,261,262,263,264,265,266,267,268,269,307,329,330,331,332,333,356,357,358,
4;0;702;832;1;0,1,2,3,4,5,6,7,8,9,10,17,18,30,31,32,33,34,35,36,37,38,41,42,46,48,95,96,97,100,103,106,107,110,182,186,196,197,201,202,203,204,224,239,240,244,245,246,247,248,249,250,251,252,253,254,255,256,257,258,259,260,261,262,263,264,265,266,267,268,269,307,329,330,331,332,333,356,357,358,
28;0;832;860;1;0,1,2,3,4,5,6,7,8,9,10,17,18,30,31,32,33,34,35,36,37,38,41,42,46,48,95,96,97,100,103,106,107,110,182,186,196,197,201,202,203,204,224,239,240,244,245,246,247,248,249,250,251,252,253,254,255,256,257,258,259,260,261,262,263,264,265,266,267,268,269,307,329,330,331,332,333,356,357,358,
34;0;860;1023;0;0,1,2,3,4,5,6,7,8,9,10,17,18,30,31,32,33,34,35,36,37,38,41,42,46,48,95,96,97,100,103,106,107,110,182,186,196,197,201,202,203,204,224,239,240,244,245,246,247,248,249,250,251,252,253,254,255,256,257,258,259,260,261,262,263,264,265,266,267,268,269,307,329,330,331,332,333,356,357,358,
135;0;1023;1122;0;0,1,2,3,4,5,6,7,8,9,10,17,18,30,31,32,33,34,35,36,37,38,41,42,46,48,95,96,97,100,103,106,107,110,182,186,196,197,201,202,203,204,224,239,240,244,245,246,247,248,249,250,251,252,253,254,255,256,257,258,259,260,261,262,263,264,265,266,267,268,269,307,329,330,331,332,333,356,357,358,
135;1;1122;1288;0;0,1,2,3,4,5,6,7,8,9,10,17,18,30,31,32,33,34,35,36,37,38,41,42,46,48,95,96,97,100,103,106,107,110,182,186,196,197,201,202,203,204,224,239,240,244,245,246,247,248,249,250,251,252,253,254,255,256,257,258,259,260,261,262,263,264,265,266,267,268,269,307,329,330,331,332,333,356,357,358,
123;0;1288;1402;0;0,1,2,3,4,5,6,7,8,9,10,17,18,30,31,32,33,34,35,36,37,38,41,42,46,48,95,96,97,100,103,106,107,110,182,186,196,197,201,202,203,204,224,239,240,244,245,246,247,248,249,250,251,252,253,254,255,256,257,258,259,260,261,262,263,264,265,266,267,268,269,307,329,330,331,332,333,356,357,358,
123;1;1402;1565;0;0,1,2,3,4,5,6,7,8,9,10,17,18,30,31,32,33,34,35,36,37,38,41,42,46,48,95,96,97,100,103,106,107,110,182,186,196,197,201,202,203,204,224,239,240,244,245,246,247,248,249,250,251,252,253,254,255,256,257,258,259,260,261,262,263,264,265,266,267,268,269,307,329,330,331,332,333,356,357,358,
115;0;1565;1569;0;0,1,2,3,4,5,6,7,8,9,10,17,18,30,31,32,33,34,35,36,37,38,41,42,46,48,95,96,97,100,103,106,107,110,182,186,196,197,201,202,203,204,224,239,240,244,245,246,247,248,249,250,251,252,253,254,255,256,257,258,259,260,261,262,263,264,265,266,267,268,269,307,329,330,331,332,333,356,357,358,
115;1;1569;1699;0;0,1,2,3,4,5,6,7,8,9,10,17,18,30,31,32,33,34,35,36,37,38,41,42,46,48,95,96,97,100,103,106,107,110,182,186,196,197,201,202,203,204,224,239,240,244,245,246,247,248,249,250,251,252,253,254,255,256,257,258,259,260,261,262,263,264,265,266,267,268,269,307,329,330,331,332,333,356,357,358,
44;0;1699;1829;1;0,1,2,3,4,5,6,7,8,9,10,17,18,30,31,32,33,34,35,36,37,38,41,42,46,48,95,96,97,100,103,106,107,110,182,186,196,197,201,202,203,204,224,239,240,244,245,246,247,248,249,250,251,252,253,254,255,256,257,258,259,260,261,262,263,264,265,266,267,268,269,307,329,330,331,332,333,356,357,358,
3;0;1829;1941;0;0,1,2,3,4,5,6,7,8,9,10,17,18,30,31,32,33,34,35,36,37,38,41,42,46,48,95,96,97,100,103,106,107,110,182,186,196,197,201,202,203,204,224,239,240,244,245,246,247,248,249,250,251,252,253,254,255,256,257,258,259,260,261,262,263,264,265,266,267,268,269,307,329,330,331,332,333,356,357,358,
3;1;1941;1969;0;0,1,2,3,4,5,6,7,8,9,10,17,18,30,31,32,33,34,35,36,37,38,41,42,46,48,95,96,97,100,103,106,107,110,182,186,196,197,201,202,203,204,224,239,240,244,245,246,247,248,249,250,251,252,253,254,255,256,257,258,259,260,261,262,263,264,265,266,267,268,269,307,329,330,331,332,333,356,357,358,
110;0;1969;2070;0;0,1,2,3,4,5,6,7,8,9,10,17,18,30,31,32,33,34,35,36,37,38,41,42,46,48,95,96,97,100,103,106,107,110,182,186,196,197,201,202,203,204,224,239,240,244,245,246,247,248,249,250,251,252,253,254,255,256,257,258,259,260,261,262,263,264,265,266,267,268,269,307,329,330,331,332,333,356,357,358,
5;0;2070;2246;1;0,1,2,3,4,5,6,7,8,9,10,17,18,30,31,32,33,34,35,36,37,38,41,42,46,48,95,96,97,100,103,106,107,110,182,186,196,197,201,202,203,204,224,239,240,244,245,246,247,248,249,250,251,252,253,254,255,256,257,258,259,260,261,262,263,264,265,266,267,268,269,307,329,330,331,332,333,356,357,358,
5;1;2246;2393;1;0,1,2,3,4,5,6,7,8,9,10,17,18,30,31,32,33,34,35,36,37,38,41,42,46,48,95,96,97,100,103,106,107,110,182,186,196,197,201,202,203,204,224,239,240,244,245,246,247,248,249,250,251,252,253,254,255,256,257,258,259,260,261,262,263,264,265,266,267,268,269,307,329,330,331,332,333,356,357,358,
10;0;2393;2427;0;0,1,2,3,4,5,6,7,8,9,10,17,18,30,31,32,33,34,35,36,37,38,41,42,46,48,95,96,97,100,103,106,107,110,182,186,196,197,201,202,203,204,224,239,240,244,245,246,247,248,249,250,251,252,253,254,255,256,257,258,259,260,261,262,263,264,265,266,267,268,269,307,329,330,331,332,333,356,357,358,
93;0;2427;2578;1;0,1,2,3,4,5,6,7,8,9,10,17,18,30,31,32,33,34,35,36,37,38,41,42,46,48,95,96,97,100,103,106,107,110,182,186,196,197,201,202,203,204,224,239,240,244,245,246,247,248,249,250,251,252,253,254,255,256,257,258,259,260,261,262,263,264,265,266,267,268,269,307,329,330,331,332,333,356,357,358,
93;1;2578;2631;1;0,1,2,3,4,5,6,7,8,9,10,17,18,30,31,32,33,34,35,36,37,38,41,42,46,48,95,96,97,100,103,106,107,110,182,186,196,197,201,202,203,204,224,239,240,244,245,246,247,248,249,250,251,252,253,254,255,256,257,258,259,260,261,262,263,264,265,266,267,268,269,307,329,330,331,332,333,356,357,358,
118;0;2631;2692;0;0,1,2,3,4,5,6,7,8,9,10,17,18,30,31,32,33,34,35,36,37,38,41,42,46,48,95,96,97,100,103,106,107,110,182,186,196,197,201,202,203,204,224,239,240,244,245,246,247,248,249,250,251,252,253,254,255,256,257,258,259,260,261,262,263,264,265,266,267,268,269,307,329,330,331,332,333,356,357,358,
116;0;2692;2760;1;0,1,2,3,4,5,6,7,8,9,10,17,18,30,31,32,33,34,35,36,37,38,41,42,46,48,95,96,97,100,103,106,107,110,182,186,196,197,201,202,203,204,224,239,240,244,245,246,247,248,249,250,251,252,253,254,255,256,257,258,259,260,261,262,263,264,265,266,267,268,269,307,329,330,331,332,333,356,357,358,
78;0;2760;2861;0;0,1,2,3,4,5,6,7,8,9,10,17,18,30,31,32,33,34,35,36,37,38,41,42,46,48,95,96,97,100,103,106,107,110,182,186,196,197,201,202,203,204,224,239,240,244,245,246,247,248,249,250,251,252,253,254,255,256,257,258,259,260,261,262,263,264,265,266,267,268,269,307,329,330,331,332,333,356,357,358,
0;0;2861;2987;1;0,1,2,3,4,5,6,7,8,9,10,17,18,30,31,32,33,34,35,36,37,38,41,42,46,48,95,96,97,100,103,106,107,110,182,186,196,197,201,202,203,204,224,239,240,244,245,246,247,248,249,250,251,252,253,254,255,256,257,258,259,260,261,262,263,264,265,266,267,268,269,307,329,330,331,332,333,356,357,358,
0;1;2987;3055;1;0,1,2,3,4,5,6,7,8,9,10,17,18,30,31,32,33,34,35,36,37,38,41,42,46,48,95,96,97,100,103,106,107,110,182,186,196,197,201,202,203,204,224,239,240,244,245,246,247,248,249,250,251,252,253,254,255,256,257,258,259,260,261,262,263,264,265,266,267,268,269,307,329,330,331,332,333,356,357,358,
57;0;3055;3084;1;0,1,2,3,4,5,6,7,8,9,10,17,18,30,31,32,33,34,35,36,37,38,41,42,46,48,95,96,97,100,103,106,107,110,182,186,196,197,201,202,203,204,224,239,240,244,245,246,247,248,249,250,251,252,253,254,255,256,257,258,259,260,261,262,263,264,265,266,267,268,269,307,329,330,331,332,333,356,357,358,
57;1;3084;3185;1;0,1,2,3,4,5,6,7,8,9,10,17,18,30,31,32,33,34,35,36,37,38,41,42,46,48,95,96,97,100,103,106,107,110,182,186,196,197,201,202,203,204,224,239,240,244,245,246,247,248,249,250,251,252,253,254,255,256,257,258,259,260,261,262,263,264,265,266,267,268,269,307,329,330,331,332,333,356,357,358,
19;0;3185;3305;0;0,1,2,3,4,5,6,7,8,9,10,17,18,30,31,32,33,34,35,36,37,38,41,42,46,48,95,96,97,100,103,106,107,110,182,186,196,197,201,202,203,204,224,239,240,244,245,246,247,248,249,250,251,252,253,254,255,256,257,258,259,260,261,262,263,264,265,266,267,268,269,307,329,330,331,332,333,356,357,358,
19;1;3305;3316;0;0,1,2,3,4,5,6,7,8,9,10,17,18,30,31,32,33,34,35,36,37,38,41,42,46,48,95,96,97,100,103,106,107,110,182,186,196,197,201,202,203,204,224,239,240,244,245,246,247,248,249,250,251,252,253,254,255,256,257,258,259,260,261,262,263,264,265,266,267,268,269,307,329,330,331,332,333,356,357,358,
89;0;3316;3355;1;0,1,2,3,4,5,6,7,8,9,10,17,18,30,31,32,33,34,35,36,37,38,41,42,46,48,95,96,97,100,103,106,107,110,182,186,196,197,201,202,203,204,224,239,240,244,245,246,247,248,249,250,251,252,253,254,255,256,257,258,259,260,261,262,263,264,265,266,267,268,269,307,329,330,331,332,333,356,357,358,
89;1;3355;3489;1;0,1,2,3,4,5,6,7,8,9,10,17,18,30,31,32,33,34,35,36,37,38,41,42,46,48,95,96,97,100,103,106,107,110,182,186,196,197,201,202,203,204,224,239,240,244,245,246,247,248,249,250,251,252,253,254,255,256,257,258,259,260,261,262,263,264,265,266,267,268,269,307,329,330,331,332,333,356,357,358,
43;0;3489;3500;0;0,1,2,3,4,5,6,7,8,9,10,17,18,30,31,32,33,34,35,36,37,38,41,42,46,48,95,96,97,100,103,106,107,110,182,186,196,197,201,202,203,204,224,239,240,244,245,246,247,248,249,250,251,252,253,254,255,256,257,258,259,260,261,262,263,264,265,266,267,268,269,307,329,330,331,332,333,356,357,358,
43;1;3500;3553;0;0,1,2,3,4,5,6,7,8,9,10,17,18,30,31,32,33,34,35,36,37,38,41,42,46,48,95,96,97,100,103,106,107,110,182,186,196,197,201,202,203,204,224,239,240,244,245,246,247,248,249,250,251,252,253,254,255,256,257,258,259,260,261,262,263,264,265,266,267,268,269,307,329,330,331,332,333,356,357,358,
13;0;3553;3717;1;0,1,2,3,4,5,6,7,8,9,10,17,18,30,31,32,33,34,35,36,37,38,41,42,46,48,95,96,97,100,103,106,107,110,182,186,196,197,201,202,203,204,224,239,240,244,245,246,247,248,249,250,251,252,253,254,255,256,257,258,259,260,261,262,263,264,265,266,267,268,269,307,329,330,331,332,333,356,357,358,
13;1;3717;3823;1;0,1,2,3,4,5,6,7,8,9,10,17,18,30,31,32,33,34,35,36,37,38,41,42,46,48,95,96,97,100,103,106,107,110,182,186,196,197,201,202,203,204,224,239,240,244,245,246,247,248,249,250,251,252,253,254,255,256,257,258,259,260,261,262,263,264,265,266,267,268,269,307,329,330,331,332,333,356,357,358,
74;0;3823;3989;0;0,1,2,3,4,5,6,7,8,9,10,17,18,30,31,32,33,34,35,36,37,38,41,42,46,48,95,96,97,100,103,106,107,110,182,186,196,197,201,202,203,204,224,239,240,244,245,246,247,248,249,250,251,252,253,254,255,256,257,258,259,260,261,262,263,264,265,266,267,268,269,307,329,330,331,332,333,356,357,358,
22;0;3989;4119;0;0,1,2,3,4,5,6,7,8,9,10,17,18,30,31,32,33,34,35,36,37,38,41,42,46,48,95,96,97,100,103,106,107,110,182,186,196,197,201,202,203,204,224,239,240,244,245,246,247,248,249,250,251,252,253,254,255,256,257,258,259,260,261,262,263,264,265,266,267,268,269,307,329,330,331,332,333,356,357,358,
32;0;4119;4287;1;0,1,2,3,4,5,6,7,8,9,10,17,18,30,31,32,33,34,35,36,37,38,41,42,46,48,95,96,97,100,103,106,107,110,182,186,196,197,201,202,203,204,224,239,240,244,245,246,247,248,249,250,251,252,253,254,255,256,257,258,259,260,261,262,263,264,265,266,267,268,269,307,329,330,331,332,333,356,357,358,
102;0;4287;4421;0;0,1,2,3,4,5,6,7,8,9,10,17,18,30,31,32,33,34,35,36,37,38,41,42,46,48,95,96,97,100,103,106,107,110,182,186,196,197,201,202,203,204,224,239,240,244,245,246,247,248,249,250,251,252,253,254,255,256,257,258,259,260,261,262,263,264,265,266,267,268,269,307,329,330,331,332,333,356,357,358,
31;0;4421;4575;0;0,1,2,3,4,5,6,7,8,9,10,17,18,30,31,32,33,34,35,36,37,38,41,42,46,48,95,96,97,100,103,106,107,110,182,186,196,197,201,202,203,204,224,239,240,244,245,246,247,248,249,250,251,252,253,254,255,256,257,258,259,260,261,262,263,264,265,266,267,268,269,307,329,330,331,332,333,356,357,358,
31;1;4575;4603;0;0,1,2,3,4,5,6,7,8,9,10,17,18,30,31,32,33,34,35,36,37,38,41,42,46,48,95,96,97,100,103,106,107,110,182,186,196,197,201,202,203,204,224,239,240,244,245,246,247,248,249,250,251,252,253,254,255,256,257,258,259,260,261,262,263,264,265,266,267,268,269,307,329,330,331,332,333,356,357,358,
63;0;4603;4737;0;0,1,2,3,4,5,6,7,8,9,10,17,18,30,31,32,33,34,35,36,37,38,41,42,46,48,95,96,97,100,103,106,107,110,182,186,196,197,201,202,203,204,224,239,240,244,245,246,247,248,249,250,251,252,253,254,255,256,257,258,259,260,261,262,263,264,265,266,267,268,269,307,329,330,331,332,333,356,357,358,
63;1;4737;4900;0;0,1,2,3,4,5,6,7,8,9,10,17,18,30,31,32,33,34,35,36,37,38,41,42,46,48,95,96,97,100,103,106,107,110,182,186,196,197,201,202,203,204,224,239,240,244,245,246,247,248,249,250,251,252,253,254,255,256,257,258,259,260,261,262,263,264,265,266,267,268,269,307,329,330,331,332,333,356,357,358,
49;0;4900;5056;1;0,17,18,30,31,32,33,34,35,36,37,40,41,42,43,44,45,46,47,48,75,95,96,97,100,101,102,103,104,105,106,107,108,109,110,111,112,113,114,115,116,117,118,119,120,121,122,123,124,125,126,127,128,129,130,131,132,133,134,135,182,184,185,186,196,197,201,202,239,240,263,303,304,305,306,307,308,309,310,311,
49;1;5056;5060;1;0,17,18,30,31,32,33,34,35,36,37,40,41,42,43,44,45,46,47,48,75,95,96,97,100,101,102,103,104,105,106,107,108,109,110,111,112,113,114,115,116,117,118,119,120,121,122,123,124,125,126,127,128,129,130,131,132,133,134,135,182,184,185,186,196,197,201,202,239,240,263,303,304,305,306,307,308,309,310,311,
15;0;5060;5179;0;0,17,18,30,31,32,33,34,35,36,37,40,41,42,43,44,45,46,47,48,75,95,96,97,100,101,102,103,104,105,106,107,108,109,110,111,112,113,114,115,116,117,118,119,120,121,122,123,124,125,126,127,128,129,130,131,132,133,134,135,182,184,185,186,196,197,201,202,239,240,263,303,304,305,306,307,308,309,310,311,
15;1;5179;5317;0;0,17,18,30,31,32,33,34,35,36,37,40,41,42,43,44,45,46,47,48,75,95,96,97,100,101,102,103,104,105,106,107,108,109,110,111,112,113,114,115,116,117,118,119,120,121,122,123,124,125,126,127,128,129,130,131,132,133,134,135,182,184,185,186,196,197,201,202,239,240,263,303,304,305,306,307,308,309,310,311,
76;0;5317;5362;1;0,17,18,30,31,32,33,34,35,36,37,40,41,42,43,44,45,46,47,48,75,95,96,97,100,101,102,103,104,105,106,107,108,109,110,111,112,113,114,115,116,117,118,119,120,121,122,123,124,125,126,127,128,129,130,131,132,133,134,135,182,184,185,186,196,197,201,202,239,240,263,303,304,305,306,307,308,309,310,311,
48;0;5362;5509;1;0,17,18,30,31,32,33,34,35,36,37,40,41,42,43,44,45,46,47,48,75,95,96,97,100,101,102,103,104,105,106,107,108,109,110,111,112,113,114,115,116,117,118,119,120,121,122,123,124,125,126,127,128,129,130,131,132,133,134,135,182,184,185,186,196,197,201,202,239,240,263,303,304,305,306,307,308,309,310,311,
83;0;5509;5560;0;0,17,18,30,31,32,33,34,35,36,37,40,41,42,43,44,45,46,47,48,75,95,96,97,100,101,102,103,104,105,106,107,108,109,110,111,112,113,114,115,116,117,118,119,120,121,122,123,124,125,126,127,128,129,130,131,132,133,134,135,182,184,185,186,196,197,201,202,239,240,263,303,304,305,306,307,308,309,310,311,
83;1;5560;5614;0;0,17,18,30,31,32,33,34,35,36,37,40,41,42,43,44,45,46,47,48,75,95,96,97,100,101,102,103,104,105,106,107,108,109,110,111,112,113,114,115,116,117,118,119,120,121,122,123,124,125,126,127,128,129,130,131,132,133,134,135,182,184,185,186,196,197,201,202,239,240,263,303,304,305,306,307,308,309,310,311,
86;0;5614;5664;0;0,17,18,30,31,32,33,34,35,36,37,40,41,42,43,44,45,46,47,48,75,95,96,97,100,101,102,103,104,105,106,107,108,109,110,111,112,113,114,115,116,117,118,119,120,121,122,123,124,125,126,127,128,129,130,131,132,133,134,135,182,184,185,186,196,197,201,202,239,240,263,303,304,305,306,307,308,309,310,311,
2;0;5664;5675;1;0,17,18,30,31,32,33,34,35,36,37,40,41,42,43,44,45,46,47,48,75,95,96,97,100,101,102,103,104,105,106,107,108,109,110,111,112,113,114,115,116,117,118,119,120,121,122,123,124,125,126,127,128,129,130,131,132,133,134,135,182,184,185,186,196,197,201,202,239,240,263,303,304,305,306,307,308,309,310,311,
95;0;5675;5705;0;0,17,18,30,31,32,33,34,35,36,37,40,41,42,43,44,45,46,47,48,75,95,96,97,100,101,102,103,104,105,106,107,108,109,110,111,112,113,114,115,116,117,118,119,120,121,122,123,124,125,126,127,128,129,130,131,132,133,134,135,182,184,185,186,196,197,201,202,239,240,263,303,304,305,306,307,308,309,310,311,
95;1;5705;5852;0;0,17,18,30,31,32,33,34,35,36,37,40,41,42,43,44,45,46,47,48,75,95,96,97,100,101,102,103,104,105,106,107,108,109,110,111,112,113,114,115,116,117,118,119,120,121,122,123,124,125,126,127,128,129,130,131,132,133,134,135,182,184,185,186,196,197,201,202,239,240,263,303,304,305,306,307,308,309,310,311,
90;0;5852;5880;0;0,17,18,30,31,32,33,34,35,36,37,40,41,42,43,44,45,46,47,48,75,95,96,97,100,101,102,103,104,105,106,107,108,109,110,111,112,113,114,115,116,117,118,119,120,121,122,123,124,125,126,127,128,129,130,131,132,133,134,135,182,184,185,186,196,197,201,202,239,240,263,303,304,305,306,307,308,309,310,311,
70;0;5880;5884;0;0,17,18,30,31,32,33,34,35,36,37,40,41,42,43,44,45,46,47,48,75,95,96,97,100,101,102,103,104,105,106,107,108,109,110,111,112,113,114,115,116,117,118,119,120,121,122,123,124,125,126,127,128,129,130,131,132,133,134,135,182,184,185,186,196,197,201,202,239,240,263,303,304,305,306,307,308,309,310,311,
30;0;5884;5998;0;0,17,18,30,31,32,33,34,35,36,37,40,41,42,43,44,45,46,47,48,75,95,96,97,100,101,102,103,104,105,106,107,108,109,110,111,112,113,114,115,116,117,118,119,120,121,122,123,124,125,126,127,128,129,130,131,132,133,134,135,182,184,185,186,196,197,201,202,239,240,263,303,304,305,306,307,308,309,310,311,
119;0;5998;6070;0;0,17,18,30,31,32,33,34,35,36,37,40,41,42,43,44,45,46,47,48,75,95,96,97,100,101,102,103,104,105,106,107,108,109,110,111,112,113,114,115,116,117,118,119,120,121,122,123,124,125,126,127,128,129,130,131,132,133,134,135,182,184,185,186,196,197,201,202,239,240,263,303,304,305,306,307,308,309,310,311,
119;1;6070;6217;0;0,17,18,30,31,32,33,34,35,36,37,40,41,42,43,44,45,46,47,48,75,95,96,97,100,101,102,103,104,105,106,107,108,109,110,111,112,113,114,115,116,117,118,119,120,121,122,123,124,125,126,127,128,129,130,131,132,133,134,135,182,184,185,186,196,197,201,202,239,240,263,303,304,305,306,307,308,309,310,311,
47;0;6217;6281;0;0,17,18,30,31,32,33,34,35,36,37,40,41,42,43,44,45,46,47,48,75,95,96,97,100,101,102,103,104,105,106,107,108,109,110,111,112,113,114,115,116,117,118,119,120,121,122,123,124,125,126,127,128,129,130,131,132,133,134,135,182,184,185,186,196,197,201,202,239,240,263,303,304,305,306,307,308,309,310,311,
47;1;6281;6387;0;0,17,18,30,31,32,33,34,35,36,37,40,41,42,43,44,45,46,47,48,75,95,96,97,100,101,102,103,104,105,106,107,108,109,110,111,112,113,114,115,116,117,118,119,120,121,122,123,124,125,126,127,128,129,130,131,132,133,134,135,182,184,185,186,196,197,201,202,239,240,263,303,304,305,306,307,308,309,310,311,
51;0;6387;6423;0;0,17,18,30,31,32,33,34,35,36,37,40,41,42,43,44,45,46,47,48,75,95,96,97,100,101,102,103,104,105,106,107,108,109,110,111,112,113,114,115,116,117,118,119,120,121,122,123,124,125,126,127,128,129,130,131,132,133,134,135,182,184,185,186,196,197,201,202,239,240,263,303,304,305,306,307,308,309,310,311,
51;1;6423;6537;0;0,17,18,30,31,32,33,34,35,36,37,40,41,42,43,44,45,46,47,48,75,95,96,97,100,101,102,103,104,105,106,107,108,109,110,111,112,113,114,115,116,117,118,119,120,121,122,123,124,125,126,127,128,129,130,131,132,133,134,135,182,184,185,186,196,197,201,202,239,240,263,303,304,305,306,307,308,309,310,311,
7;0;6537;6594;0;0,17,18,30,31,32,33,34,35,36,37,40,41,42,43,44,45,46,47,48,75,95,96,97,100,101,102,103,104,105,106,107,108,109,110,111,112,113,114,115,116,117,118,119,120,121,122,123,124,125,126,127,128,129,130,131,132,133,134,135,182,184,185,186,196,197,201,202,239,240,263,303,304,305,306,307,308,309,310,311,
7;1;6594;6639;0;0,17,18,30,31,32,33,34,35,36,37,40,41,42,43,44,45,46,47,48,75,95,96,97,100,101,102,103,104,105,106,107,108,109,110,111,112,113,114,115,116,117,118,119,120,121,122,123,124,125,126,127,128,129,130,131,132,133,134,135,182,184,185,186,196,197,201,202,239,240,263,303,304,305,306,307,308,309,310,311,
58;0;6639;6753;0;0,17,18,30,31,32,33,34,35,36,37,40,41,42,43,44,45,46,47,48,75,95,96,97,100,101,102,103,104,105,106,107,108,109,110,111,112,113,114,115,116,117,118,119,120,121,122,123,124,125,126,127,128,129,130,131,132,133,134,135,182,184,185,186,196,197,201,202,239,240,263,303,304,305,306,307,308,309,310,311,
21;0;6753;6794;1;0,17,18,30,31,32,33,34,35,36,37,40,41,42,43,44,45,46,47,48,75,95,96,97,100,101,102,103,104,105,106,107,108,109,110,111,112,113,114,115,116,117,118,119,120,121,122,123,124,125,126,127,128,129,130,131,132,133,134,135,182,184,185,186,196,197,201,202,239,240,263,303,304,305,306,307,308,309,310,311,
21;1;6794;6900;1;0,17,18,30,31,32,33,34,35,36,37,40,41,42,43,44,45,46,47,48,75,95,96,97,100,101,102,103,104,105,106,107,108,109,110,111,112,113,114,115,116,117,118,119,120,121,122,123,124,125,126,127,128,129,130,131,132,133,134,135,182,184,185,186,196,197,201,202,239,240,263,303,304,305,306,307,308,309,310,311,
111;0;6900;7058;0;0,17,18,30,31,32,33,34,35,36,37,40,41,42,43,44,45,46,47,48,75,95,96,97,100,101,102,103,104,105,106,107,108,109,110,111,112,113,114,115,116,117,118,119,120,121,122,123,124,125,126,127,128,129,130,131,132,133,134,135,182,184,185,186,196,197,201,202,239,240,263,303,304,305,306,307,308,309,310,311,
111;1;7058;7192;0;0,17,18,30,31,32,33,34,35,36,37,40,41,42,43,44,45,46,47,48,75,95,96,97,100,101,102,103,104,105,106,107,108,109,110,111,112,113,114,115,116,117,118,119,120,121,122,123,124,125,126,127,128,129,130,131,132,133,134,135,182,184,185,186,196,197,201,202,239,240,263,303,304,305,306,307,308,309,310,311,
107;0;7192;7364;0;0,17,18,30,31,32,33,34,35,36,37,40,41,42,43,44,45,46,47,48,75,95,96,97,100,101,102,103,104,105,106,107,108,109,110,111,112,113,114,115,116,117,118,119,120,121,122,123,124,125,126,127,128,129,130,131,132,133,134,135,182,184,185,186,196,197,201,202,239,240,263,303,304,305,306,307,308,309,310,311,
107;1;7364;7478;0;0,17,18,30,31,32,33,34,35,36,37,40,41,42,43,44,45,46,47,48,75,95,96,97,100,101,102,103,104,105,106,107,108,109,110,111,112,113,114,115,116,117,118,119,120,121,122,123,124,125,126,127,128,129,130,131,132,133,134,135,182,184,185,186,196,197,201,202,239,240,263,303,304,305,306,307,308,309,310,311,
62;0;7478;7612;0;0,17,18,30,31,32,33,34,35,36,37,40,41,42,43,44,45,46,47,48,75,95,96,97,100,101,102,103,104,105,106,107,108,109,110,111,112,113,114,115,116,117,118,119,120,121,122,123,124,125,126,127,128,129,130,131,132,133,134,135,182,184,185,186,196,197,201,202,239,240,263,303,304,305,306,307,308,309,310,311,
41;0;7612;7657;1;0,17,18,30,31,32,33,34,35,36,37,40,41,42,43,44,45,46,47,48,75,95,96,97,100,101,102,103,104,105,106,107,108,109,110,111,112,113,114,115,116,117,118,119,120,121,122,123,124,125,126,127,128,129,130,131,132,133,134,135,182,184,185,186,196,197,201,202,239,240,263,303,304,305,306,307,308,309,310,311,
41;1;7657;7661;1;0,17,18,30,31,32,33,34,35,36,37,40,41,42,43,44,45,46,47,48,75,95,96,97,100,101,102,103,104,105,106,107,108,109,110,111,112,113,114,115,116,117,118,119,120,121,122,123,124,125,126,127,128,129,130,131,132,133,134,135,182,184,185,186,196,197,201,202,239,240,263,303,304,305,306,307,308,309,310,311,
109;0;7661;7762;1;0,17,18,30,31,32,33,34,35,36,37,40,41,42,43,44,45,46,47,48,75,95,96,97,100,101,102,103,104,105,106,107,108,109,110,111,112,113,114,115,116,117,118,119,120,121,122,123,124,125,126,127,128,129,130,131,132,133,134,135,182,184,185,186,196,197,201,202,239,240,263,303,304,305,306,307,308,309,310,311,
109;1;7762;7925;1;0,17,18,30,31,32,33,34,35,36,37,40,41,42,43,44,45,46,47,48,75,95,96,97,100,101,102,103,104,105,106,107,108,109,110,111,112,113,114,115,116,117,118,119,120,121,122,123,124,125,126,127,128,129,130,131,132,133,134,135,182,184,185,186,196,197,201,202,239,240,263,303,304,305,306,307,308,309,310,311,
87;0;7925;7947;0;0,17,18,30,31,32,33,34,35,36,37,40,41,42,43,44,45,46,47,48,75,95,96,97,100,101,102,103,104,105,106,107,108,109,110,111,112,113,114,115,116,117,118,119,120,121,122,123,124,125,126,127,128,129,130,131,132,133,134,135,182,184,185,186,196,197,201,202,239,240,263,303,304,305,306,307,308,309,310,311,
87;1;7947;8001;0;0,17,18,30,31,32,33,34,35,36,37,40,41,42,43,44,45,46,47,48,75,95,96,97,100,101,102,103,104,105,106,107,108,109,110,111,112,113,114,115,116,117,118,119,120,121,122,123,124,125,126,127,128,129,130,131,132,133,134,135,182,184,185,186,196,197,201,202,239,240,263,303,304,305,306,307,308,309,310,311,
73;0;8001;8173;1;0,17,18,30,31,32,33,34,35,36,37,40,41,42,43,44,45,46,47,48,75,95,96,97,100,101,102,103,104,105,106,107,108,109,110,111,112,113,114,115,116,117,118,119,120,121,122,123,124,125,126,127,128,129,130,131,132,133,134,135,182,184,185,186,196,197,201,202,239,240,263,303,304,305,306,307,308,309,310,311,
73;1;8173;8341;1;0,17,18,30,31,32,33,34,35,36,37,40,41,42,43,44,45,46,47,48,75,95,96,97,100,101,102,103,104,105,106,107,108,109,110,111,112,113,114,115,116,117,118,119,120,121,122,123,124,125,126,127,128,129,130,131,132,133,134,135,182,184,185,186,196,197,201,202,239,240,263,303,304,305,306,307,308,309,310,311,
127;0;8341;8382;0;0,17,18,30,31,32,33,34,35,36,37,40,41,42,43,44,45,46,47,48,75,95,96,97,100,101,102,103,104,105,106,107,108,109,110,111,112,113,114,115,116,117,118,119,120,121,122,123,124,125,126,127,128,129,130,131,132,133,134,135,182,184,185,186,196,197,201,202,239,240,263,303,304,305,306,307,308,309,310,311,
127;1;8382;8416;0;0,17,18,30,31,32,33,34,35,36,37,40,41,42,43,44,45,46,47,48,75,95,96,97,100,101,102,103,104,105,106,107,108,109,110,111,112,113,114,115,116,117,118,119,120,121,122,123,124,125,126,127,128,129,130,131,132,133,134,135,182,184,185,186,196,197,201,202,239,240,263,303,304,305,306,307,308,309,310,311,
1;0;8640;8672;0;0,11,12,13,14,15,16,17,18,19,20,21,22,23,24,25,26,27,28,29,30,31,32,33,34,35,36,37,40,41,42,43,44,45,46,47,48,75,100,101,102,103,104,105,106,107,108,109,110,111,112,113,114,115,116,117,118,119,120,121,122,123,124,125,126,127,128,129,130,131,132,133,134,135,182,186,201,202,239,240,
1;1;8672;8711;0;0,11,12,13,14,15,16,17,18,19,20,21,22,23,24,25,26,27,28,29,30,31,32,33,34,35,36,37,40,41,42,43,44,45,46,47,48,75,100,101,102,103,104,105,106,107,108,109,110,111,112,113,114,115,116,117,118,119,120,121,122,123,124,125,126,127,128,129,130,131,132,133,134,135,182,186,201,202,239,240,
56;0;8711;8845;1;0,11,12,13,14,15,16,17,18,19,20,21,22,23,24,25,26,27,28,29,30,31,32,33,34,35,36,37,40,41,42,43,44,45,46,47,48,75,100,101,102,103,104,105,106,107,108,109,110,111,112,113,114,115,116,117,118,119,120,121,122,123,124,125,126,127,128,129,130,131,132,133,134,135,182,186,201,202,239,240,
71;0;8845;8849;0;0,11,12,13,14,15,16,17,18,19,20,21,22,23,24,25,26,27,28,29,30,31,32,33,34,35,36,37,40,41,42,43,44,45,46,47,48,75,100,101,102,103,104,105,106,107,108,109,110,111,112,113,114,115,116,117,118,119,120,121,122,123,124,125,126,127,128,129,130,131,132,133,134,135,182,186,201,202,239,240,
71;1;8849;8860;0;0,11,12,13,14,15,16,17,18,19,20,21,22,23,24,25,26,27,28,29,30,31,32,33,34,35,36,37,40,41,42,43,44,45,46,47,48,75,100,101,102,103,104,105,106,107,108,109,110,111,112,113,114,115,116,117,118,119,120,121,122,123,124,125,126,127,128,129,130,131,132,133,134,135,182,186,201,202,239,240,
24;0;8860;8961;1;0,11,12,13,14,15,16,17,18,19,20,21,22,23,24,25,26,27,28,29,30,31,32,33,34,35,36,37,40,41,42,43,44,45,46,47,48,75,100,101,102,103,104,105,106,107,108,109,110,111,112,113,114,115,116,117,118,119,120,121,122,123,124,125,126,127,128,129,130,131,132,133,134,135,182,186,201,202,239,240,
114;0;8961;9000;0;0,11,12,13,14,15,16,17,18,19,20,21,22,23,24,25,26,27,28,29,30,31,32,33,34,35,36,37,40,41,42,43,44,45,46,47,48,75,100,101,102,103,104,105,106,107,108,109,110,111,112,113,114,115,116,117,118,119,120,121,122,123,124,125,126,127,128,129,130,131,132,133,134,135,182,186,201,202,239,240,
59;0;9000;9039;0;0,11,12,13,14,15,16,17,18,19,20,21,22,23,24,25,26,27,28,29,30,31,32,33,34,35,36,37,40,41,42,43,44,45,46,47,48,75,100,101,102,103,104,105,106,107,108,109,110,111,112,113,114,115,116,117,118,119,120,121,122,123,124,125,126,127,128,129,130,131,132,133,134,135,182,186,201,202,239,240,
59;1;9039;9084;0;0,11,12,13,14,15,16,17,18,19,20,21,22,23,24,25,26,27,28,29,30,31,32,33,34,35,36,37,40,41,42,43,44,45,46,47,48,75,100,101,102,103,104,105,106,107,108,109,110,111,112,113,114,115,116,117,118,119,120,121,122,123,124,125,126,127,128,129,130,131,132,133,134,135,182,186,201,202,239,240,
79;0;9084;9150;0;0,11,12,13,14,15,16,17,18,19,20,21,22,23,24,25,26,27,28,29,30,31,32,33,34,35,36,37,40,41,42,43,44,45,46,47,48,75,100,101,102,103,104,105,106,107,108,109,110,111,112,113,114,115,116,117,118,119,120,121,122,123,124,125,126,127,128,129,130,131,132,133,134,135,182,186,201,202,239,240,
79;1;9150;9318;0;0,11,12,13,14,15,16,17,18,19,20,21,22,23,24,25,26,27,28,29,30,31,32,33,34,35,36,37,40,41,42,43,44,45,46,47,48,75,100,101,102,103,104,105,106,107,108,109,110,111,112,113,114,115,116,117,118,119,120,121,122,123,124,125,126,127,128,129,130,131,132,133,134,135,182,186,201,202,239,240,
131;0;9318;9450;0;0,11,12,13,14,15,16,17,18,19,20,21,22,23,24,25,26,27,28,29,30,31,32,33,34,35,36,37,40,41,42,43,44,45,46,47,48,75,100,101,102,103,104,105,106,107,108,109,110,111,112,113,114,115,116,117,118,119,120,121,122,123,124,125,126,127,128,129,130,131,132,133,134,135,182,186,201,202,239,240,
131;1;9450;9580;0;0,11,12,13,14,15,16,17,18,19,20,21,22,23,24,25,26,27,28,29,30,31,32,33,34,35,36,37,40,41,42,43,44,45,46,47,48,75,100,101,102,103,104,105,106,107,108,109,110,111,112,113,114,115,116,117,118,119,120,121,122,123,124,125,126,127,128,129,130,131,132,133,134,135,182,186,201,202,239,240,
138;0;9580;9584;0;0,11,12,13,14,15,16,17,18,19,20,21,22,23,24,25,26,27,28,29,30,31,32,33,34,35,36,37,40,41,42,43,44,45,46,47,48,75,100,101,102,103,104,105,106,107,108,109,110,111,112,113,114,115,116,117,118,119,120,121,122,123,124,125,126,127,128,129,130,131,132,133,134,135,182,186,201,202,239,240,
72;0;9584;9722;1;0,11,12,13,14,15,16,17,18,19,20,21,22,23,24,25,26,27,28,29,30,31,32,33,34,35,36,37,40,41,42,43,44,45,46,47,48,75,100,101,102,103,104,105,106,107,108,109,110,111,112,113,114,115,116,117,118,119,120,121,122,123,124,125,126,127,128,129,130,131,132,133,134,135,182,186,201,202,239,240,
117;0;9722;9883;1;0,11,12,13,14,15,16,17,18,19,20,21,22,23,24,25,26,27,28,29,30,31,32,33,34,35,36,37,40,41,42,43,44,45,46,47,48,75,100,101,102,103,104,105,106,107,108,109,110,111,112,113,114,115,116,117,118,119,120,121,122,123,124,125,126,127,128,129,130,131,132,133,134,135,182,186,201,202,239,240,
117;1;9883;9894;1;0,11,12,13,14,15,16,17,18,19,20,21,22,23,24,25,26,27,28,29,30,31,32,33,34,35,36,37,40,41,42,43,44,45,46,47,48,75,100,101,102,103,104,105,106,107,108,109,110,111,112,113,114,115,116,117,118,119,120,121,122,123,124,125,126,127,128,129,130,131,132,133,134,135,182,186,201,202,239,240,
120;0;9894;9898;1;0,11,12,13,14,15,16,17,18,19,20,21,22,23,24,25,26,27,28,29,30,31,32,33,34,35,36,37,40,41,42,43,44,45,46,47,48,75,100,101,102,103,104,105,106,107,108,109,110,111,112,113,114,115,116,117,118,119,120,121,122,123,124,125,126,127,128,129,130,131,132,133,134,135,182,186,201,202,239,240,
END
fineshedJobsCount: 208
switchs: 173
switchsInstances: 4
unfineshedPriorityCount: 0
totalUnfineshed: 1
criticalMachineSwitchs: 109
criticalMachineTime: 9965
Final Solution: 6027
Time: 239026
PTL: 231
MCMC: 9
Best Initial: 5363
Mean Initial: 5081.36
