./input/BaseInstances/2M1_n=130,r=0.5,t=224,v0.txt;./input/Processed/ToolSetInt.csv
7;720;1440
Machine: 0
21;0;0;151;1;0,1,2,3,4,5,6,7,24,25,30,31,34,35,38,39,40,63,64,65,66,67,68,69,70,71,72,73,74,75,76,77,78,79,80,81,82,83,84,85,86,87,88,89,90,91,92,106,107,134,138,139,140,143,147,180,181,182,183,184,185,186,187,188,189,190,191,192,193,194,195,196,197,198,199,200,201,202,203,204,
21;1;151;257;1;0,1,2,3,4,5,6,7,24,25,30,31,34,35,38,39,40,63,64,65,66,67,68,69,70,71,72,73,74,75,76,77,78,79,80,81,82,83,84,85,86,87,88,89,90,91,92,106,107,134,138,139,140,143,147,180,181,182,183,184,185,186,187,188,189,190,191,192,193,194,195,196,197,198,199,200,201,202,203,204,
64;0;257;268;1;0,1,2,3,4,5,6,7,24,25,30,31,34,35,38,39,40,63,64,65,66,67,68,69,70,71,72,73,74,75,76,77,78,79,80,81,82,83,84,85,86,87,88,89,90,91,92,106,107,134,138,139,140,143,147,180,181,182,183,184,185,186,187,188,189,190,191,192,193,194,195,196,197,198,199,200,201,202,203,204,
75;0;268;323;0;0,1,2,3,4,5,6,7,24,25,30,31,34,35,38,39,40,63,64,65,66,67,68,69,70,71,72,73,74,75,76,77,78,79,80,81,82,83,84,85,86,87,88,89,90,91,92,106,107,134,138,139,140,143,147,180,181,182,183,184,185,186,187,188,189,190,191,192,193,194,195,196,197,198,199,200,201,202,203,204,
75;1;323;334;0;0,1,2,3,4,5,6,7,24,25,30,31,34,35,38,39,40,63,64,65,66,67,68,69,70,71,72,73,74,75,76,77,78,79,80,81,82,83,84,85,86,87,88,89,90,91,92,106,107,134,138,139,140,143,147,180,181,182,183,184,185,186,187,188,189,190,191,192,193,194,195,196,197,198,199,200,201,202,203,204,
42;0;334;375;0;0,1,2,3,4,5,6,7,24,25,30,31,34,35,38,39,40,63,64,65,66,67,68,69,70,71,72,73,74,75,76,77,78,79,80,81,82,83,84,85,86,87,88,89,90,91,92,106,107,134,138,139,140,143,147,180,181,182,183,184,185,186,187,188,189,190,191,192,193,194,195,196,197,198,199,200,201,202,203,204,
70;0;375;379;0;0,1,2,3,4,5,6,7,24,25,30,31,34,35,38,39,40,63,64,65,66,67,68,69,70,71,72,73,74,75,76,77,78,79,80,81,82,83,84,85,86,87,88,89,90,91,92,106,107,134,138,139,140,143,147,180,181,182,183,184,185,186,187,188,189,190,191,192,193,194,195,196,197,198,199,200,201,202,203,204,
72;0;379;517;1;0,1,2,3,4,5,6,7,24,25,30,31,34,35,38,39,40,63,64,65,66,67,68,69,70,71,72,73,74,75,76,77,78,79,80,81,82,83,84,85,86,87,88,89,90,91,92,106,107,134,138,139,140,143,147,180,181,182,183,184,185,186,187,188,189,190,191,192,193,194,195,196,197,198,199,200,201,202,203,204,
34;0;517;680;0;0,1,2,3,4,5,6,7,24,25,30,31,34,35,38,39,40,63,64,65,66,67,68,69,70,71,72,73,74,75,76,77,78,79,80,81,82,83,84,85,86,87,88,89,90,91,92,106,107,134,138,139,140,143,147,180,181,182,183,184,185,186,187,188,189,190,191,192,193,194,195,196,197,198,199,200,201,202,203,204,
71;0;680;848;0;0,1,2,3,4,5,6,7,24,25,30,31,34,35,38,39,40,63,64,65,66,67,68,69,70,71,72,73,74,75,76,77,78,79,80,81,82,83,84,85,86,87,88,89,90,91,92,106,107,134,138,139,140,143,147,180,181,182,183,184,185,186,187,188,189,190,191,192,193,194,195,196,197,198,199,200,201,202,203,204,
71;1;848;859;0;0,1,2,3,4,5,6,7,24,25,30,31,34,35,38,39,40,63,64,65,66,67,68,69,70,71,72,73,74,75,76,77,78,79,80,81,82,83,84,85,86,87,88,89,90,91,92,106,107,134,138,139,140,143,147,180,181,182,183,184,185,186,187,188,189,190,191,192,193,194,195,196,197,198,199,200,201,202,203,204,
23;0;859;883;0;0,1,2,3,4,5,6,7,24,25,30,31,34,35,38,39,40,63,64,65,66,67,68,69,70,71,72,73,74,75,76,77,78,79,80,81,82,83,84,85,86,87,88,89,90,91,92,106,107,134,138,139,140,143,147,180,181,182,183,184,185,186,187,188,189,190,191,192,193,194,195,196,197,198,199,200,201,202,203,204,
23;1;883;924;0;0,1,2,3,4,5,6,7,24,25,30,31,34,35,38,39,40,63,64,65,66,67,68,69,70,71,72,73,74,75,76,77,78,79,80,81,82,83,84,85,86,87,88,89,90,91,92,106,107,134,138,139,140,143,147,180,181,182,183,184,185,186,187,188,189,190,191,192,193,194,195,196,197,198,199,200,201,202,203,204,
78;0;924;1025;0;0,1,2,3,4,5,6,7,24,25,30,31,34,35,38,39,40,63,64,65,66,67,68,69,70,71,72,73,74,75,76,77,78,79,80,81,82,83,84,85,86,87,88,89,90,91,92,106,107,134,138,139,140,143,147,180,181,182,183,184,185,186,187,188,189,190,191,192,193,194,195,196,197,198,199,200,201,202,203,204,
14;0;1025;1120;0;0,1,2,3,4,5,6,7,24,25,30,31,34,35,38,39,40,63,64,65,66,67,68,69,70,71,72,73,74,75,76,77,78,79,80,81,82,83,84,85,86,87,88,89,90,91,92,106,107,134,138,139,140,143,147,180,181,182,183,184,185,186,187,188,189,190,191,192,193,194,195,196,197,198,199,200,201,202,203,204,
10;0;1120;1154;0;0,1,2,3,4,5,6,7,24,25,30,31,34,35,38,39,40,63,64,65,66,67,68,69,70,71,72,73,74,75,76,77,78,79,80,81,82,83,84,85,86,87,88,89,90,91,92,106,107,134,138,139,140,143,147,180,181,182,183,184,185,186,187,188,189,190,191,192,193,194,195,196,197,198,199,200,201,202,203,204,
41;0;1154;1199;1;0,1,2,3,4,5,6,7,24,25,30,31,34,35,38,39,40,63,64,65,66,67,68,69,70,71,72,73,74,75,76,77,78,79,80,81,82,83,84,85,86,87,88,89,90,91,92,106,107,134,138,139,140,143,147,180,181,182,183,184,185,186,187,188,189,190,191,192,193,194,195,196,197,198,199,200,201,202,203,204,
41;1;1199;1203;1;0,1,2,3,4,5,6,7,24,25,30,31,34,35,38,39,40,63,64,65,66,67,68,69,70,71,72,73,74,75,76,77,78,79,80,81,82,83,84,85,86,87,88,89,90,91,92,106,107,134,138,139,140,143,147,180,181,182,183,184,185,186,187,188,189,190,191,192,193,194,195,196,197,198,199,200,201,202,203,204,
32;0;1203;1371;1;0,1,2,3,4,5,6,7,24,25,30,31,34,35,38,39,40,63,64,65,66,67,68,69,70,71,72,73,74,75,76,77,78,79,80,81,82,83,84,85,86,87,88,89,90,91,92,106,107,134,138,139,140,143,147,180,181,182,183,184,185,186,187,188,189,190,191,192,193,194,195,196,197,198,199,200,201,202,203,204,
84;0;1371;1382;1;0,1,2,3,4,5,6,7,24,25,30,31,34,35,38,39,40,63,64,65,66,67,68,69,70,71,72,73,74,75,76,77,78,79,80,81,82,83,84,85,86,87,88,89,90,91,92,106,107,134,138,139,140,143,147,180,181,182,183,184,185,186,187,188,189,190,191,192,193,194,195,196,197,198,199,200,201,202,203,204,
57;0;1382;1457;1;0,1,2,3,4,5,6,7,24,25,30,31,34,35,38,39,40,63,64,65,66,67,68,69,70,71,72,73,74,75,76,77,78,79,80,81,82,83,84,85,86,87,88,89,90,91,92,106,107,134,138,139,140,143,147,180,181,182,183,184,185,186,187,188,189,190,191,192,193,194,195,196,197,198,199,200,201,202,203,204,
57;1;1457;1558;1;0,1,2,3,4,5,6,7,24,25,30,31,34,35,38,39,40,63,64,65,66,67,68,69,70,71,72,73,74,75,76,77,78,79,80,81,82,83,84,85,86,87,88,89,90,91,92,106,107,134,138,139,140,143,147,180,181,182,183,184,185,186,187,188,189,190,191,192,193,194,195,196,197,198,199,200,201,202,203,204,
79;0;1558;1673;0;0,1,2,3,4,5,6,7,24,25,30,31,34,35,38,39,40,63,64,65,66,67,68,69,70,71,72,73,74,75,76,77,78,79,80,81,82,83,84,85,86,87,88,89,90,91,92,106,107,134,138,139,140,143,147,180,181,182,183,184,185,186,187,188,189,190,191,192,193,194,195,196,197,198,199,200,201,202,203,204,
79;1;1673;1841;0;0,1,2,3,4,5,6,7,24,25,30,31,34,35,38,39,40,63,64,65,66,67,68,69,70,71,72,73,74,75,76,77,78,79,80,81,82,83,84,85,86,87,88,89,90,91,92,106,107,134,138,139,140,143,147,180,181,182,183,184,185,186,187,188,189,190,191,192,193,194,195,196,197,198,199,200,201,202,203,204,
13;0;1841;1947;1;0,1,2,3,4,5,6,7,24,25,30,31,34,35,38,39,40,63,64,65,66,67,68,69,70,71,72,73,74,75,76,77,78,79,80,81,82,83,84,85,86,87,88,89,90,91,92,106,107,134,138,139,140,143,147,180,181,182,183,184,185,186,187,188,189,190,191,192,193,194,195,196,197,198,199,200,201,202,203,204,
13;1;1947;2053;1;0,1,2,3,4,5,6,7,24,25,30,31,34,35,38,39,40,63,64,65,66,67,68,69,70,71,72,73,74,75,76,77,78,79,80,81,82,83,84,85,86,87,88,89,90,91,92,106,107,134,138,139,140,143,147,180,181,182,183,184,185,186,187,188,189,190,191,192,193,194,195,196,197,198,199,200,201,202,203,204,
48;0;2053;2200;1;0,1,2,3,4,5,6,7,24,25,30,31,34,35,38,39,40,63,64,65,66,67,68,69,70,71,72,73,74,75,76,77,78,79,80,81,82,83,84,85,86,87,88,89,90,91,92,106,107,134,138,139,140,143,147,180,181,182,183,184,185,186,187,188,189,190,191,192,193,194,195,196,197,198,199,200,201,202,203,204,
73;0;2200;2352;1;0,1,2,3,4,5,6,7,24,25,30,31,34,35,38,39,40,63,64,65,66,67,68,69,70,71,72,73,74,75,76,77,78,79,80,81,82,83,84,85,86,87,88,89,90,91,92,106,107,134,138,139,140,143,147,180,181,182,183,184,185,186,187,188,189,190,191,192,193,194,195,196,197,198,199,200,201,202,203,204,
73;1;2352;2520;1;0,1,2,3,4,5,6,7,24,25,30,31,34,35,38,39,40,63,64,65,66,67,68,69,70,71,72,73,74,75,76,77,78,79,80,81,82,83,84,85,86,87,88,89,90,91,92,106,107,134,138,139,140,143,147,180,181,182,183,184,185,186,187,188,189,190,191,192,193,194,195,196,197,198,199,200,201,202,203,204,
63;0;2520;2600;0;0,1,2,3,4,5,6,7,24,25,30,31,34,35,38,39,40,63,64,65,66,67,68,69,70,71,72,73,74,75,76,77,78,79,80,81,82,83,84,85,86,87,88,89,90,91,92,106,107,134,138,139,140,143,147,180,181,182,183,184,185,186,187,188,189,190,191,192,193,194,195,196,197,198,199,200,201,202,203,204,
63;1;2600;2763;0;0,1,2,3,4,5,6,7,24,25,30,31,34,35,38,39,40,63,64,65,66,67,68,69,70,71,72,73,74,75,76,77,78,79,80,81,82,83,84,85,86,87,88,89,90,91,92,106,107,134,138,139,140,143,147,180,181,182,183,184,185,186,187,188,189,190,191,192,193,194,195,196,197,198,199,200,201,202,203,204,
59;0;2763;2895;0;0,1,2,3,4,5,6,7,24,25,30,31,34,35,38,39,40,63,64,65,66,67,68,69,70,71,72,73,74,75,76,77,78,79,80,81,82,83,84,85,86,87,88,89,90,91,92,106,107,134,138,139,140,143,147,180,181,182,183,184,185,186,187,188,189,190,191,192,193,194,195,196,197,198,199,200,201,202,203,204,
59;1;2895;2940;0;0,1,2,3,4,5,6,7,24,25,30,31,34,35,38,39,40,63,64,65,66,67,68,69,70,71,72,73,74,75,76,77,78,79,80,81,82,83,84,85,86,87,88,89,90,91,92,106,107,134,138,139,140,143,147,180,181,182,183,184,185,186,187,188,189,190,191,192,193,194,195,196,197,198,199,200,201,202,203,204,
61;0;2940;3094;1;0,1,2,3,4,5,6,7,24,25,30,31,34,35,38,39,40,63,64,65,66,67,68,69,70,71,72,73,74,75,76,77,78,79,80,81,82,83,84,85,86,87,88,89,90,91,92,106,107,134,138,139,140,143,147,180,181,182,183,184,185,186,187,188,189,190,191,192,193,194,195,196,197,198,199,200,201,202,203,204,
61;1;3094;3135;1;0,1,2,3,4,5,6,7,24,25,30,31,34,35,38,39,40,63,64,65,66,67,68,69,70,71,72,73,74,75,76,77,78,79,80,81,82,83,84,85,86,87,88,89,90,91,92,106,107,134,138,139,140,143,147,180,181,182,183,184,185,186,187,188,189,190,191,192,193,194,195,196,197,198,199,200,201,202,203,204,
17;0;3135;3284;1;0,1,2,3,4,5,6,7,24,25,30,31,34,35,38,39,40,63,64,65,66,67,68,69,70,71,72,73,74,75,76,77,78,79,80,81,82,83,84,85,86,87,88,89,90,91,92,106,107,134,138,139,140,143,147,180,181,182,183,184,185,186,187,188,189,190,191,192,193,194,195,196,197,198,199,200,201,202,203,204,
17;1;3284;3308;1;0,1,2,3,4,5,6,7,24,25,30,31,34,35,38,39,40,63,64,65,66,67,68,69,70,71,72,73,74,75,76,77,78,79,80,81,82,83,84,85,86,87,88,89,90,91,92,106,107,134,138,139,140,143,147,180,181,182,183,184,185,186,187,188,189,190,191,192,193,194,195,196,197,198,199,200,201,202,203,204,
12;0;3308;3349;1;0,1,2,3,4,5,6,7,24,25,30,31,34,35,38,39,40,63,64,65,66,67,68,69,70,71,72,73,74,75,76,77,78,79,80,81,82,83,84,85,86,87,88,89,90,91,92,106,107,134,138,139,140,143,147,180,181,182,183,184,185,186,187,188,189,190,191,192,193,194,195,196,197,198,199,200,201,202,203,204,
5;0;3349;3433;1;0,1,2,3,4,5,6,7,24,25,30,31,34,35,38,39,40,63,64,65,66,67,68,69,70,71,72,73,74,75,76,77,78,79,80,81,82,83,84,85,86,87,88,89,90,91,92,106,107,134,138,139,140,143,147,180,181,182,183,184,185,186,187,188,189,190,191,192,193,194,195,196,197,198,199,200,201,202,203,204,
5;1;3433;3580;1;0,1,2,3,4,5,6,7,24,25,30,31,34,35,38,39,40,63,64,65,66,67,68,69,70,71,72,73,74,75,76,77,78,79,80,81,82,83,84,85,86,87,88,89,90,91,92,106,107,134,138,139,140,143,147,180,181,182,183,184,185,186,187,188,189,190,191,192,193,194,195,196,197,198,199,200,201,202,203,204,
24;0;3580;3681;1;0,1,2,3,4,5,6,7,24,25,30,31,34,35,38,39,40,63,64,65,66,67,68,69,70,71,72,73,74,75,76,77,78,79,80,81,82,83,84,85,86,87,88,89,90,91,92,106,107,134,138,139,140,143,147,180,181,182,183,184,185,186,187,188,189,190,191,192,193,194,195,196,197,198,199,200,201,202,203,204,
85;0;3681;3717;1;0,1,2,3,4,5,6,7,24,25,30,31,34,35,38,39,40,63,64,65,66,67,68,69,70,71,72,73,74,75,76,77,78,79,80,81,82,83,84,85,86,87,88,89,90,91,92,106,107,134,138,139,140,143,147,180,181,182,183,184,185,186,187,188,189,190,191,192,193,194,195,196,197,198,199,200,201,202,203,204,
85;1;3717;3758;1;0,1,2,3,4,5,6,7,24,25,30,31,34,35,38,39,40,63,64,65,66,67,68,69,70,71,72,73,74,75,76,77,78,79,80,81,82,83,84,85,86,87,88,89,90,91,92,106,107,134,138,139,140,143,147,180,181,182,183,184,185,186,187,188,189,190,191,192,193,194,195,196,197,198,199,200,201,202,203,204,
18;0;3758;3853;0;0,1,2,3,4,5,6,7,24,25,30,31,34,35,38,39,40,63,64,65,66,67,68,69,70,71,72,73,74,75,76,77,78,79,80,81,82,83,84,85,86,87,88,89,90,91,92,106,107,134,138,139,140,143,147,180,181,182,183,184,185,186,187,188,189,190,191,192,193,194,195,196,197,198,199,200,201,202,203,204,
15;0;3853;3931;0;0,1,2,3,4,5,6,7,24,25,30,31,34,35,38,39,40,63,64,65,66,67,68,69,70,71,72,73,74,75,76,77,78,79,80,81,82,83,84,85,86,87,88,89,90,91,92,106,107,134,138,139,140,143,147,180,181,182,183,184,185,186,187,188,189,190,191,192,193,194,195,196,197,198,199,200,201,202,203,204,
15;1;3931;4069;0;0,1,2,3,4,5,6,7,24,25,30,31,34,35,38,39,40,63,64,65,66,67,68,69,70,71,72,73,74,75,76,77,78,79,80,81,82,83,84,85,86,87,88,89,90,91,92,106,107,134,138,139,140,143,147,180,181,182,183,184,185,186,187,188,189,190,191,192,193,194,195,196,197,198,199,200,201,202,203,204,
67;0;4069;4080;0;0,1,2,3,4,5,6,7,24,25,30,31,34,35,38,39,40,63,64,65,66,67,68,69,70,71,72,73,74,75,76,77,78,79,80,81,82,83,84,85,86,87,88,89,90,91,92,106,107,134,138,139,140,143,147,180,181,182,183,184,185,186,187,188,189,190,191,192,193,194,195,196,197,198,199,200,201,202,203,204,
67;1;4080;4175;0;0,1,2,3,4,5,6,7,24,25,30,31,34,35,38,39,40,63,64,65,66,67,68,69,70,71,72,73,74,75,76,77,78,79,80,81,82,83,84,85,86,87,88,89,90,91,92,106,107,134,138,139,140,143,147,180,181,182,183,184,185,186,187,188,189,190,191,192,193,194,195,196,197,198,199,200,201,202,203,204,
47;0;4175;4258;0;0,1,2,3,4,5,6,7,24,25,30,31,34,35,38,39,40,63,64,65,66,67,68,69,70,71,72,73,74,75,76,77,78,79,80,81,82,83,84,85,86,87,88,89,90,91,92,106,107,134,138,139,140,143,147,180,181,182,183,184,185,186,187,188,189,190,191,192,193,194,195,196,197,198,199,200,201,202,203,204,
47;1;4258;4364;0;0,1,2,3,4,5,6,7,24,25,30,31,34,35,38,39,40,63,64,65,66,67,68,69,70,71,72,73,74,75,76,77,78,79,80,81,82,83,84,85,86,87,88,89,90,91,92,106,107,134,138,139,140,143,147,180,181,182,183,184,185,186,187,188,189,190,191,192,193,194,195,196,197,198,199,200,201,202,203,204,
19;0;4364;4528;0;0,1,2,3,4,5,6,7,24,25,30,31,34,35,38,39,40,63,64,65,66,67,68,69,70,71,72,73,74,75,76,77,78,79,80,81,82,83,84,85,86,87,88,89,90,91,92,106,107,134,138,139,140,143,147,180,181,182,183,184,185,186,187,188,189,190,191,192,193,194,195,196,197,198,199,200,201,202,203,204,
19;1;4528;4539;0;0,1,2,3,4,5,6,7,24,25,30,31,34,35,38,39,40,63,64,65,66,67,68,69,70,71,72,73,74,75,76,77,78,79,80,81,82,83,84,85,86,87,88,89,90,91,92,106,107,134,138,139,140,143,147,180,181,182,183,184,185,186,187,188,189,190,191,192,193,194,195,196,197,198,199,200,201,202,203,204,
46;0;4539;4702;0;0,1,2,3,4,5,6,7,24,25,30,31,34,35,38,39,40,63,64,65,66,67,68,69,70,71,72,73,74,75,76,77,78,79,80,81,82,83,84,85,86,87,88,89,90,91,92,106,107,134,138,139,140,143,147,180,181,182,183,184,185,186,187,188,189,190,191,192,193,194,195,196,197,198,199,200,201,202,203,204,
0;0;4702;4736;1;0,1,2,3,4,5,6,7,24,25,30,31,34,35,38,39,40,63,64,65,66,67,68,69,70,71,72,73,74,75,76,77,78,79,80,81,82,83,84,85,86,87,88,89,90,91,92,106,107,134,138,139,140,143,147,180,181,182,183,184,185,186,187,188,189,190,191,192,193,194,195,196,197,198,199,200,201,202,203,204,
0;1;4736;4804;1;0,1,2,3,4,5,6,7,24,25,30,31,34,35,38,39,40,63,64,65,66,67,68,69,70,71,72,73,74,75,76,77,78,79,80,81,82,83,84,85,86,87,88,89,90,91,92,106,107,134,138,139,140,143,147,180,181,182,183,184,185,186,187,188,189,190,191,192,193,194,195,196,197,198,199,200,201,202,203,204,
7;0;4804;4808;0;0,1,2,3,4,5,6,7,24,25,30,31,34,35,38,39,40,63,64,65,66,67,68,69,70,71,72,73,74,75,76,77,78,79,80,81,82,83,84,85,86,87,88,89,90,91,92,106,107,134,138,139,140,143,147,180,181,182,183,184,185,186,187,188,189,190,191,192,193,194,195,196,197,198,199,200,201,202,203,204,
7;1;4808;4853;0;0,1,2,3,4,5,6,7,24,25,30,31,34,35,38,39,40,63,64,65,66,67,68,69,70,71,72,73,74,75,76,77,78,79,80,81,82,83,84,85,86,87,88,89,90,91,92,106,107,134,138,139,140,143,147,180,181,182,183,184,185,186,187,188,189,190,191,192,193,194,195,196,197,198,199,200,201,202,203,204,
74;0;4853;5019;0;0,1,2,3,4,5,6,7,24,25,30,31,34,35,38,39,40,63,64,65,66,67,68,69,70,71,72,73,74,75,76,77,78,79,80,81,82,83,84,85,86,87,88,89,90,91,92,106,107,134,138,139,140,143,147,180,181,182,183,184,185,186,187,188,189,190,191,192,193,194,195,196,197,198,199,200,201,202,203,204,
1;0;5019;5105;0;8,9,10,11,12,13,14,15,16,17,18,19,20,21,22,23,24,25,34,35,38,39,40,41,42,43,44,45,46,47,48,49,50,51,52,53,54,55,56,57,58,59,60,61,62,63,69,70,72,134,143,147,150,151,152,153,154,155,156,157,158,159,160,161,162,163,164,165,166,167,168,169,170,171,172,173,174,175,176,177,
1;1;5105;5144;0;8,9,10,11,12,13,14,15,16,17,18,19,20,21,22,23,24,25,34,35,38,39,40,41,42,43,44,45,46,47,48,49,50,51,52,53,54,55,56,57,58,59,60,61,62,63,69,70,72,134,143,147,150,151,152,153,154,155,156,157,158,159,160,161,162,163,164,165,166,167,168,169,170,171,172,173,174,175,176,177,
9;0;5144;5213;1;8,9,10,11,12,13,14,15,16,17,18,19,20,21,22,23,24,25,34,35,38,39,40,41,42,43,44,45,46,47,48,49,50,51,52,53,54,55,56,57,58,59,60,61,62,63,69,70,72,134,143,147,150,151,152,153,154,155,156,157,158,159,160,161,162,163,164,165,166,167,168,169,170,171,172,173,174,175,176,177,
9;1;5213;5287;1;8,9,10,11,12,13,14,15,16,17,18,19,20,21,22,23,24,25,34,35,38,39,40,41,42,43,44,45,46,47,48,49,50,51,52,53,54,55,56,57,58,59,60,61,62,63,69,70,72,134,143,147,150,151,152,153,154,155,156,157,158,159,160,161,162,163,164,165,166,167,168,169,170,171,172,173,174,175,176,177,
50;0;5287;5346;0;8,9,10,11,12,13,14,15,16,17,18,19,20,21,22,23,24,25,34,35,38,39,40,41,42,43,44,45,46,47,48,49,50,51,52,53,54,55,56,57,58,59,60,61,62,63,69,70,72,134,143,147,150,151,152,153,154,155,156,157,158,159,160,161,162,163,164,165,166,167,168,169,170,171,172,173,174,175,176,177,
76;0;5346;5391;1;8,9,10,11,12,13,14,15,16,17,18,19,20,21,22,23,24,25,34,35,38,39,40,41,42,43,44,45,46,47,48,49,50,51,52,53,54,55,56,57,58,59,60,61,62,63,69,70,72,134,143,147,150,151,152,153,154,155,156,157,158,159,160,161,162,163,164,165,166,167,168,169,170,171,172,173,174,175,176,177,
2;0;5391;5402;1;8,9,10,11,12,13,14,15,16,17,18,19,20,21,22,23,24,25,34,35,38,39,40,41,42,43,44,45,46,47,48,49,50,51,52,53,54,55,56,57,58,59,60,61,62,63,69,70,72,134,143,147,150,151,152,153,154,155,156,157,158,159,160,161,162,163,164,165,166,167,168,169,170,171,172,173,174,175,176,177,
49;0;5402;5429;1;8,9,10,11,12,13,14,15,16,17,18,19,20,21,22,23,24,25,34,35,38,39,40,41,42,43,44,45,46,47,48,49,50,51,52,53,54,55,56,57,58,59,60,61,62,63,69,70,72,134,143,147,150,151,152,153,154,155,156,157,158,159,160,161,162,163,164,165,166,167,168,169,170,171,172,173,174,175,176,177,
49;1;5429;5433;1;8,9,10,11,12,13,14,15,16,17,18,19,20,21,22,23,24,25,34,35,38,39,40,41,42,43,44,45,46,47,48,49,50,51,52,53,54,55,56,57,58,59,60,61,62,63,69,70,72,134,143,147,150,151,152,153,154,155,156,157,158,159,160,161,162,163,164,165,166,167,168,169,170,171,172,173,174,175,176,177,
Machine: 1
35;0;0;4;0;26,27,28,29,32,33,36,37,93,94,95,96,97,98,99,100,101,102,103,104,105,108,109,110,111,112,113,114,115,116,117,118,119,120,121,122,123,124,125,126,127,128,129,130,131,132,133,135,136,137,141,142,143,144,145,146,148,149,175,178,179,205,206,207,208,209,210,211,212,213,214,215,216,217,218,219,220,221,222,223,
35;1;4;96;0;26,27,28,29,32,33,36,37,93,94,95,96,97,98,99,100,101,102,103,104,105,108,109,110,111,112,113,114,115,116,117,118,119,120,121,122,123,124,125,126,127,128,129,130,131,132,133,135,136,137,141,142,143,144,145,146,148,149,175,178,179,205,206,207,208,209,210,211,212,213,214,215,216,217,218,219,220,221,222,223,
81;0;96;135;1;26,27,28,29,32,33,36,37,93,94,95,96,97,98,99,100,101,102,103,104,105,108,109,110,111,112,113,114,115,116,117,118,119,120,121,122,123,124,125,126,127,128,129,130,131,132,133,135,136,137,141,142,143,144,145,146,148,149,175,178,179,205,206,207,208,209,210,211,212,213,214,215,216,217,218,219,220,221,222,223,
81;1;135;287;1;26,27,28,29,32,33,36,37,93,94,95,96,97,98,99,100,101,102,103,104,105,108,109,110,111,112,113,114,115,116,117,118,119,120,121,122,123,124,125,126,127,128,129,130,131,132,133,135,136,137,141,142,143,144,145,146,148,149,175,178,179,205,206,207,208,209,210,211,212,213,214,215,216,217,218,219,220,221,222,223,
82;0;287;439;0;26,27,28,29,32,33,36,37,93,94,95,96,97,98,99,100,101,102,103,104,105,108,109,110,111,112,113,114,115,116,117,118,119,120,121,122,123,124,125,126,127,128,129,130,131,132,133,135,136,137,141,142,143,144,145,146,148,149,175,178,179,205,206,207,208,209,210,211,212,213,214,215,216,217,218,219,220,221,222,223,
36;0;439;599;1;26,27,28,29,32,33,36,37,93,94,95,96,97,98,99,100,101,102,103,104,105,108,109,110,111,112,113,114,115,116,117,118,119,120,121,122,123,124,125,126,127,128,129,130,131,132,133,135,136,137,141,142,143,144,145,146,148,149,175,178,179,205,206,207,208,209,210,211,212,213,214,215,216,217,218,219,220,221,222,223,
28;0;599;627;1;26,27,28,29,32,33,36,37,93,94,95,96,97,98,99,100,101,102,103,104,105,108,109,110,111,112,113,114,115,116,117,118,119,120,121,122,123,124,125,126,127,128,129,130,131,132,133,135,136,137,141,142,143,144,145,146,148,149,175,178,179,205,206,207,208,209,210,211,212,213,214,215,216,217,218,219,220,221,222,223,
54;0;627;792;0;26,27,28,29,32,33,36,37,93,94,95,96,97,98,99,100,101,102,103,104,105,108,109,110,111,112,113,114,115,116,117,118,119,120,121,122,123,124,125,126,127,128,129,130,131,132,133,135,136,137,141,142,143,144,145,146,148,149,175,178,179,205,206,207,208,209,210,211,212,213,214,215,216,217,218,219,220,221,222,223,
40;0;792;905;1;26,27,28,29,32,33,36,37,93,94,95,96,97,98,99,100,101,102,103,104,105,108,109,110,111,112,113,114,115,116,117,118,119,120,121,122,123,124,125,126,127,128,129,130,131,132,133,135,136,137,141,142,143,144,145,146,148,149,175,178,179,205,206,207,208,209,210,211,212,213,214,215,216,217,218,219,220,221,222,223,
20;0;905;1027;1;26,27,28,29,32,33,36,37,93,94,95,96,97,98,99,100,101,102,103,104,105,108,109,110,111,112,113,114,115,116,117,118,119,120,121,122,123,124,125,126,127,128,129,130,131,132,133,135,136,137,141,142,143,144,145,146,148,149,175,178,179,205,206,207,208,209,210,211,212,213,214,215,216,217,218,219,220,221,222,223,
38;0;1027;1185;0;26,27,28,29,32,33,36,37,93,94,95,96,97,98,99,100,101,102,103,104,105,108,109,110,111,112,113,114,115,116,117,118,119,120,121,122,123,124,125,126,127,128,129,130,131,132,133,135,136,137,141,142,143,144,145,146,148,149,175,178,179,205,206,207,208,209,210,211,212,213,214,215,216,217,218,219,220,221,222,223,
16;0;1185;1210;1;26,27,28,29,32,33,36,37,93,94,95,96,97,98,99,100,101,102,103,104,105,108,109,110,111,112,113,114,115,116,117,118,119,120,121,122,123,124,125,126,127,128,129,130,131,132,133,135,136,137,141,142,143,144,145,146,148,149,175,178,179,205,206,207,208,209,210,211,212,213,214,215,216,217,218,219,220,221,222,223,
3;0;1210;1290;0;26,27,28,29,32,33,36,37,93,94,95,96,97,98,99,100,101,102,103,104,105,108,109,110,111,112,113,114,115,116,117,118,119,120,121,122,123,124,125,126,127,128,129,130,131,132,133,135,136,137,141,142,143,144,145,146,148,149,175,178,179,205,206,207,208,209,210,211,212,213,214,215,216,217,218,219,220,221,222,223,
3;1;1290;1318;0;26,27,28,29,32,33,36,37,93,94,95,96,97,98,99,100,101,102,103,104,105,108,109,110,111,112,113,114,115,116,117,118,119,120,121,122,123,124,125,126,127,128,129,130,131,132,133,135,136,137,141,142,143,144,145,146,148,149,175,178,179,205,206,207,208,209,210,211,212,213,214,215,216,217,218,219,220,221,222,223,
77;0;1318;1478;1;26,27,28,29,32,33,36,37,93,94,95,96,97,98,99,100,101,102,103,104,105,108,109,110,111,112,113,114,115,116,117,118,119,120,121,122,123,124,125,126,127,128,129,130,131,132,133,135,136,137,141,142,143,144,145,146,148,149,175,178,179,205,206,207,208,209,210,211,212,213,214,215,216,217,218,219,220,221,222,223,
77;1;1478;1497;1;26,27,28,29,32,33,36,37,93,94,95,96,97,98,99,100,101,102,103,104,105,108,109,110,111,112,113,114,115,116,117,118,119,120,121,122,123,124,125,126,127,128,129,130,131,132,133,135,136,137,141,142,143,144,145,146,148,149,175,178,179,205,206,207,208,209,210,211,212,213,214,215,216,217,218,219,220,221,222,223,
45;0;1497;1519;1;26,27,28,29,32,33,36,37,93,94,95,96,97,98,99,100,101,102,103,104,105,108,109,110,111,112,113,114,115,116,117,118,119,120,121,122,123,124,125,126,127,128,129,130,131,132,133,135,136,137,141,142,143,144,145,146,148,149,175,178,179,205,206,207,208,209,210,211,212,213,214,215,216,217,218,219,220,221,222,223,
45;1;1519;1632;1;26,27,28,29,32,33,36,37,93,94,95,96,97,98,99,100,101,102,103,104,105,108,109,110,111,112,113,114,115,116,117,118,119,120,121,122,123,124,125,126,127,128,129,130,131,132,133,135,136,137,141,142,143,144,145,146,148,149,175,178,179,205,206,207,208,209,210,211,212,213,214,215,216,217,218,219,220,221,222,223,
8;0;1632;1738;1;26,27,28,29,32,33,36,37,93,94,95,96,97,98,99,100,101,102,103,104,105,108,109,110,111,112,113,114,115,116,117,118,119,120,121,122,123,124,125,126,127,128,129,130,131,132,133,135,136,137,141,142,143,144,145,146,148,149,175,178,179,205,206,207,208,209,210,211,212,213,214,215,216,217,218,219,220,221,222,223,
30;0;1738;1852;0;26,27,28,29,32,33,36,37,93,94,95,96,97,98,99,100,101,102,103,104,105,108,109,110,111,112,113,114,115,116,117,118,119,120,121,122,123,124,125,126,127,128,129,130,131,132,133,135,136,137,141,142,143,144,145,146,148,149,175,178,179,205,206,207,208,209,210,211,212,213,214,215,216,217,218,219,220,221,222,223,
60;0;1852;1958;1;26,27,28,29,32,33,36,37,93,94,95,96,97,98,99,100,101,102,103,104,105,108,109,110,111,112,113,114,115,116,117,118,119,120,121,122,123,124,125,126,127,128,129,130,131,132,133,135,136,137,141,142,143,144,145,146,148,149,175,178,179,205,206,207,208,209,210,211,212,213,214,215,216,217,218,219,220,221,222,223,
39;0;1958;2037;0;26,27,28,29,32,33,36,37,93,94,95,96,97,98,99,100,101,102,103,104,105,108,109,110,111,112,113,114,115,116,117,118,119,120,121,122,123,124,125,126,127,128,129,130,131,132,133,135,136,137,141,142,143,144,145,146,148,149,175,178,179,205,206,207,208,209,210,211,212,213,214,215,216,217,218,219,220,221,222,223,
39;1;2037;2195;0;26,27,28,29,32,33,36,37,93,94,95,96,97,98,99,100,101,102,103,104,105,108,109,110,111,112,113,114,115,116,117,118,119,120,121,122,123,124,125,126,127,128,129,130,131,132,133,135,136,137,141,142,143,144,145,146,148,149,175,178,179,205,206,207,208,209,210,211,212,213,214,215,216,217,218,219,220,221,222,223,
22;0;2195;2325;0;26,27,28,29,32,33,36,37,93,94,95,96,97,98,99,100,101,102,103,104,105,108,109,110,111,112,113,114,115,116,117,118,119,120,121,122,123,124,125,126,127,128,129,130,131,132,133,135,136,137,141,142,143,144,145,146,148,149,175,178,179,205,206,207,208,209,210,211,212,213,214,215,216,217,218,219,220,221,222,223,
62;0;2325;2459;0;26,27,28,29,32,33,36,37,93,94,95,96,97,98,99,100,101,102,103,104,105,108,109,110,111,112,113,114,115,116,117,118,119,120,121,122,123,124,125,126,127,128,129,130,131,132,133,135,136,137,141,142,143,144,145,146,148,149,175,178,179,205,206,207,208,209,210,211,212,213,214,215,216,217,218,219,220,221,222,223,
65;0;2459;2549;1;26,27,28,29,32,33,36,37,93,94,95,96,97,98,99,100,101,102,103,104,105,108,109,110,111,112,113,114,115,116,117,118,119,120,121,122,123,124,125,126,127,128,129,130,131,132,133,135,136,137,141,142,143,144,145,146,148,149,175,178,179,205,206,207,208,209,210,211,212,213,214,215,216,217,218,219,220,221,222,223,
65;1;2549;2666;1;26,27,28,29,32,33,36,37,93,94,95,96,97,98,99,100,101,102,103,104,105,108,109,110,111,112,113,114,115,116,117,118,119,120,121,122,123,124,125,126,127,128,129,130,131,132,133,135,136,137,141,142,143,144,145,146,148,149,175,178,179,205,206,207,208,209,210,211,212,213,214,215,216,217,218,219,220,221,222,223,
44;0;2666;2796;1;26,27,28,29,32,33,36,37,93,94,95,96,97,98,99,100,101,102,103,104,105,108,109,110,111,112,113,114,115,116,117,118,119,120,121,122,123,124,125,126,127,128,129,130,131,132,133,135,136,137,141,142,143,144,145,146,148,149,175,178,179,205,206,207,208,209,210,211,212,213,214,215,216,217,218,219,220,221,222,223,
56;0;2796;2930;1;26,27,28,29,32,33,36,37,93,94,95,96,97,98,99,100,101,102,103,104,105,108,109,110,111,112,113,114,115,116,117,118,119,120,121,122,123,124,125,126,127,128,129,130,131,132,133,135,136,137,141,142,143,144,145,146,148,149,175,178,179,205,206,207,208,209,210,211,212,213,214,215,216,217,218,219,220,221,222,223,
55;0;2930;3035;0;26,27,28,29,32,33,36,37,93,94,95,96,97,98,99,100,101,102,103,104,105,108,109,110,111,112,113,114,115,116,117,118,119,120,121,122,123,124,125,126,127,128,129,130,131,132,133,135,136,137,141,142,143,144,145,146,148,149,175,178,179,205,206,207,208,209,210,211,212,213,214,215,216,217,218,219,220,221,222,223,
55;1;3035;3157;0;26,27,28,29,32,33,36,37,93,94,95,96,97,98,99,100,101,102,103,104,105,108,109,110,111,112,113,114,115,116,117,118,119,120,121,122,123,124,125,126,127,128,129,130,131,132,133,135,136,137,141,142,143,144,145,146,148,149,175,178,179,205,206,207,208,209,210,211,212,213,214,215,216,217,218,219,220,221,222,223,
26;0;3157;3317;0;26,27,28,29,32,33,36,37,93,94,95,96,97,98,99,100,101,102,103,104,105,108,109,110,111,112,113,114,115,116,117,118,119,120,121,122,123,124,125,126,127,128,129,130,131,132,133,135,136,137,141,142,143,144,145,146,148,149,175,178,179,205,206,207,208,209,210,211,212,213,214,215,216,217,218,219,220,221,222,223,
68;0;3317;3477;1;26,27,28,29,32,33,36,37,93,94,95,96,97,98,99,100,101,102,103,104,105,108,109,110,111,112,113,114,115,116,117,118,119,120,121,122,123,124,125,126,127,128,129,130,131,132,133,135,136,137,141,142,143,144,145,146,148,149,175,178,179,205,206,207,208,209,210,211,212,213,214,215,216,217,218,219,220,221,222,223,
11;0;3477;3507;0;26,27,28,29,32,33,36,37,93,94,95,96,97,98,99,100,101,102,103,104,105,108,109,110,111,112,113,114,115,116,117,118,119,120,121,122,123,124,125,126,127,128,129,130,131,132,133,135,136,137,141,142,143,144,145,146,148,149,175,178,179,205,206,207,208,209,210,211,212,213,214,215,216,217,218,219,220,221,222,223,
11;1;3507;3613;0;26,27,28,29,32,33,36,37,93,94,95,96,97,98,99,100,101,102,103,104,105,108,109,110,111,112,113,114,115,116,117,118,119,120,121,122,123,124,125,126,127,128,129,130,131,132,133,135,136,137,141,142,143,144,145,146,148,149,175,178,179,205,206,207,208,209,210,211,212,213,214,215,216,217,218,219,220,221,222,223,
51;0;3613;3685;0;26,27,28,29,32,33,36,37,93,94,95,96,97,98,99,100,101,102,103,104,105,108,109,110,111,112,113,114,115,116,117,118,119,120,121,122,123,124,125,126,127,128,129,130,131,132,133,135,136,137,141,142,143,144,145,146,148,149,175,178,179,205,206,207,208,209,210,211,212,213,214,215,216,217,218,219,220,221,222,223,
51;1;3685;3799;0;26,27,28,29,32,33,36,37,93,94,95,96,97,98,99,100,101,102,103,104,105,108,109,110,111,112,113,114,115,116,117,118,119,120,121,122,123,124,125,126,127,128,129,130,131,132,133,135,136,137,141,142,143,144,145,146,148,149,175,178,179,205,206,207,208,209,210,211,212,213,214,215,216,217,218,219,220,221,222,223,
4;0;3799;3929;1;26,27,28,29,32,33,36,37,93,94,95,96,97,98,99,100,101,102,103,104,105,108,109,110,111,112,113,114,115,116,117,118,119,120,121,122,123,124,125,126,127,128,129,130,131,132,133,135,136,137,141,142,143,144,145,146,148,149,175,178,179,205,206,207,208,209,210,211,212,213,214,215,216,217,218,219,220,221,222,223,
69;0;3929;4008;1;26,27,28,29,32,33,36,37,93,94,95,96,97,98,99,100,101,102,103,104,105,108,109,110,111,112,113,114,115,116,117,118,119,120,121,122,123,124,125,126,127,128,129,130,131,132,133,135,136,137,141,142,143,144,145,146,148,149,175,178,179,205,206,207,208,209,210,211,212,213,214,215,216,217,218,219,220,221,222,223,
69;1;4008;4166;1;26,27,28,29,32,33,36,37,93,94,95,96,97,98,99,100,101,102,103,104,105,108,109,110,111,112,113,114,115,116,117,118,119,120,121,122,123,124,125,126,127,128,129,130,131,132,133,135,136,137,141,142,143,144,145,146,148,149,175,178,179,205,206,207,208,209,210,211,212,213,214,215,216,217,218,219,220,221,222,223,
29;0;4166;4280;1;26,27,28,29,32,33,36,37,93,94,95,96,97,98,99,100,101,102,103,104,105,108,109,110,111,112,113,114,115,116,117,118,119,120,121,122,123,124,125,126,127,128,129,130,131,132,133,135,136,137,141,142,143,144,145,146,148,149,175,178,179,205,206,207,208,209,210,211,212,213,214,215,216,217,218,219,220,221,222,223,
29;1;4280;4445;1;26,27,28,29,32,33,36,37,93,94,95,96,97,98,99,100,101,102,103,104,105,108,109,110,111,112,113,114,115,116,117,118,119,120,121,122,123,124,125,126,127,128,129,130,131,132,133,135,136,137,141,142,143,144,145,146,148,149,175,178,179,205,206,207,208,209,210,211,212,213,214,215,216,217,218,219,220,221,222,223,
43;0;4445;4511;0;26,27,28,29,32,33,36,37,93,94,95,96,97,98,99,100,101,102,103,104,105,108,109,110,111,112,113,114,115,116,117,118,119,120,121,122,123,124,125,126,127,128,129,130,131,132,133,135,136,137,141,142,143,144,145,146,148,149,175,178,179,205,206,207,208,209,210,211,212,213,214,215,216,217,218,219,220,221,222,223,
43;1;4511;4564;0;26,27,28,29,32,33,36,37,93,94,95,96,97,98,99,100,101,102,103,104,105,108,109,110,111,112,113,114,115,116,117,118,119,120,121,122,123,124,125,126,127,128,129,130,131,132,133,135,136,137,141,142,143,144,145,146,148,149,175,178,179,205,206,207,208,209,210,211,212,213,214,215,216,217,218,219,220,221,222,223,
31;0;4564;4740;0;26,27,28,29,32,33,36,37,93,94,95,96,97,98,99,100,101,102,103,104,105,108,109,110,111,112,113,114,115,116,117,118,119,120,121,122,123,124,125,126,127,128,129,130,131,132,133,135,136,137,141,142,143,144,145,146,148,149,175,178,179,205,206,207,208,209,210,211,212,213,214,215,216,217,218,219,220,221,222,223,
31;1;4740;4768;0;26,27,28,29,32,33,36,37,93,94,95,96,97,98,99,100,101,102,103,104,105,108,109,110,111,112,113,114,115,116,117,118,119,120,121,122,123,124,125,126,127,128,129,130,131,132,133,135,136,137,141,142,143,144,145,146,148,149,175,178,179,205,206,207,208,209,210,211,212,213,214,215,216,217,218,219,220,221,222,223,
33;0;4768;4828;1;26,27,28,29,32,33,36,37,93,94,95,96,97,98,99,100,101,102,103,104,105,108,109,110,111,112,113,114,115,116,117,118,119,120,121,122,123,124,125,126,127,128,129,130,131,132,133,135,136,137,141,142,143,144,145,146,148,149,175,178,179,205,206,207,208,209,210,211,212,213,214,215,216,217,218,219,220,221,222,223,
33;1;4828;4844;1;26,27,28,29,32,33,36,37,93,94,95,96,97,98,99,100,101,102,103,104,105,108,109,110,111,112,113,114,115,116,117,118,119,120,121,122,123,124,125,126,127,128,129,130,131,132,133,135,136,137,141,142,143,144,145,146,148,149,175,178,179,205,206,207,208,209,210,211,212,213,214,215,216,217,218,219,220,221,222,223,
53;0;4844;4876;1;26,27,28,29,32,33,36,37,93,94,95,96,97,98,99,100,101,102,103,104,105,108,109,110,111,112,113,114,115,116,117,118,119,120,121,122,123,124,125,126,127,128,129,130,131,132,133,135,136,137,141,142,143,144,145,146,148,149,175,178,179,205,206,207,208,209,210,211,212,213,214,215,216,217,218,219,220,221,222,223,
53;1;4876;5036;1;26,27,28,29,32,33,36,37,93,94,95,96,97,98,99,100,101,102,103,104,105,108,109,110,111,112,113,114,115,116,117,118,119,120,121,122,123,124,125,126,127,128,129,130,131,132,133,135,136,137,141,142,143,144,145,146,148,149,175,178,179,205,206,207,208,209,210,211,212,213,214,215,216,217,218,219,220,221,222,223,
66;0;5036;5153;0;26,27,28,29,32,33,36,37,93,94,95,96,97,98,99,100,101,102,103,104,105,108,109,110,111,112,113,114,115,116,117,118,119,120,121,122,123,124,125,126,127,128,129,130,131,132,133,135,136,137,141,142,143,144,145,146,148,149,175,178,179,205,206,207,208,209,210,211,212,213,214,215,216,217,218,219,220,221,222,223,
52;0;5153;5311;1;26,27,28,29,32,33,36,37,93,94,95,96,97,98,99,100,101,102,103,104,105,108,109,110,111,112,113,114,115,116,117,118,119,120,121,122,123,124,125,126,127,128,129,130,131,132,133,135,136,137,141,142,143,144,145,146,148,149,175,178,179,205,206,207,208,209,210,211,212,213,214,215,216,217,218,219,220,221,222,223,
37;0;5311;5339;1;26,27,28,29,32,33,36,37,93,94,95,96,97,98,99,100,101,102,103,104,105,108,109,110,111,112,113,114,115,116,117,118,119,120,121,122,123,124,125,126,127,128,129,130,131,132,133,135,136,137,141,142,143,144,145,146,148,149,175,178,179,205,206,207,208,209,210,211,212,213,214,215,216,217,218,219,220,221,222,223,
37;1;5339;5355;1;26,27,28,29,32,33,36,37,93,94,95,96,97,98,99,100,101,102,103,104,105,108,109,110,111,112,113,114,115,116,117,118,119,120,121,122,123,124,125,126,127,128,129,130,131,132,133,135,136,137,141,142,143,144,145,146,148,149,175,178,179,205,206,207,208,209,210,211,212,213,214,215,216,217,218,219,220,221,222,223,
6;0;5355;5505;0;26,27,28,29,32,33,36,37,93,94,95,96,97,98,99,100,101,102,103,104,105,108,109,110,111,112,113,114,115,116,117,118,119,120,121,122,123,124,125,126,127,128,129,130,131,132,133,135,136,137,141,142,143,144,145,146,148,149,175,178,179,205,206,207,208,209,210,211,212,213,214,215,216,217,218,219,220,221,222,223,
80;0;5505;5521;1;26,27,28,29,32,33,36,37,93,94,95,96,97,98,99,100,101,102,103,104,105,108,109,110,111,112,113,114,115,116,117,118,119,120,121,122,123,124,125,126,127,128,129,130,131,132,133,135,136,137,141,142,143,144,145,146,148,149,175,178,179,205,206,207,208,209,210,211,212,213,214,215,216,217,218,219,220,221,222,223,
27;0;5521;5585;0;26,27,28,29,32,33,36,37,93,94,95,96,97,98,99,100,101,102,103,104,105,108,109,110,111,112,113,114,115,116,117,118,119,120,121,122,123,124,125,126,127,128,129,130,131,132,133,135,136,137,141,142,143,144,145,146,148,149,175,178,179,205,206,207,208,209,210,211,212,213,214,215,216,217,218,219,220,221,222,223,
27;1;5585;5759;0;26,27,28,29,32,33,36,37,93,94,95,96,97,98,99,100,101,102,103,104,105,108,109,110,111,112,113,114,115,116,117,118,119,120,121,122,123,124,125,126,127,128,129,130,131,132,133,135,136,137,141,142,143,144,145,146,148,149,175,178,179,205,206,207,208,209,210,211,212,213,214,215,216,217,218,219,220,221,222,223,
83;0;5759;5825;0;26,27,28,29,32,33,36,37,93,94,95,96,97,98,99,100,101,102,103,104,105,108,109,110,111,112,113,114,115,116,117,118,119,120,121,122,123,124,125,126,127,128,129,130,131,132,133,135,136,137,141,142,143,144,145,146,148,149,175,178,179,205,206,207,208,209,210,211,212,213,214,215,216,217,218,219,220,221,222,223,
83;1;5825;5879;0;26,27,28,29,32,33,36,37,93,94,95,96,97,98,99,100,101,102,103,104,105,108,109,110,111,112,113,114,115,116,117,118,119,120,121,122,123,124,125,126,127,128,129,130,131,132,133,135,136,137,141,142,143,144,145,146,148,149,175,178,179,205,206,207,208,209,210,211,212,213,214,215,216,217,218,219,220,221,222,223,
58;0;5879;5993;0;26,27,28,29,32,33,36,37,93,94,95,96,97,98,99,100,101,102,103,104,105,108,109,110,111,112,113,114,115,116,117,118,119,120,121,122,123,124,125,126,127,128,129,130,131,132,133,135,136,137,141,142,143,144,145,146,148,149,175,178,179,205,206,207,208,209,210,211,212,213,214,215,216,217,218,219,220,221,222,223,
25;0;5993;6118;1;26,27,28,29,32,33,36,37,93,94,95,96,97,98,99,100,101,102,103,104,105,108,109,110,111,112,113,114,115,116,117,118,119,120,121,122,123,124,125,126,127,128,129,130,131,132,133,135,136,137,141,142,143,144,145,146,148,149,175,178,179,205,206,207,208,209,210,211,212,213,214,215,216,217,218,219,220,221,222,223,
25;1;6118;6248;1;26,27,28,29,32,33,36,37,93,94,95,96,97,98,99,100,101,102,103,104,105,108,109,110,111,112,113,114,115,116,117,118,119,120,121,122,123,124,125,126,127,128,129,130,131,132,133,135,136,137,141,142,143,144,145,146,148,149,175,178,179,205,206,207,208,209,210,211,212,213,214,215,216,217,218,219,220,221,222,223,
END
fineshedJobsCount: 130
switchs: 66
switchsInstances: 1
unfineshedPriorityCount: 0
totalUnfineshed: 0
criticalMachineSwitchs: 0
criticalMachineTime: 6248
Final Solution: 3824
Time: 114949
PTL: 449
MCMC: 499
Best Initial: 3685
Mean Initial: 3617.91
