./input/BaseInstances/2M1_n=209,r=0.5,t=361,v0.txt;./input/Processed/ToolSetInt.csv
7;720;1440
Machine: 0
11;0;0;8;0;36,37,48,49,50,51,52,53,54,55,56,57,58,59,60,61,62,63,64,65,66,67,68,69,95,96,97,98,99,136,137,138,139,140,141,142,143,144,147,148,152,154,155,157,158,163,165,171,175,177,183,187,200,201,202,239,240,241,242,243,270,271,272,273,274,290,291,292,293,294,295,296,297,298,299,300,301,302,359,360,
11;1;8;114;0;36,37,48,49,50,51,52,53,54,55,56,57,58,59,60,61,62,63,64,65,66,67,68,69,95,96,97,98,99,136,137,138,139,140,141,142,143,144,147,148,152,154,155,157,158,163,165,171,175,177,183,187,200,201,202,239,240,241,242,243,270,271,272,273,274,290,291,292,293,294,295,296,297,298,299,300,301,302,359,360,
108;0;114;266;1;36,37,48,49,50,51,52,53,54,55,56,57,58,59,60,61,62,63,64,65,66,67,68,69,95,96,97,98,99,136,137,138,139,140,141,142,143,144,147,148,152,154,155,157,158,163,165,171,175,177,183,187,200,201,202,239,240,241,242,243,270,271,272,273,274,290,291,292,293,294,295,296,297,298,299,300,301,302,359,360,
48;0;266;413;1;36,37,48,49,50,51,52,53,54,55,56,57,58,59,60,61,62,63,64,65,66,67,68,69,95,96,97,98,99,136,137,138,139,140,141,142,143,144,147,148,152,154,155,157,158,163,165,171,175,177,183,187,200,201,202,239,240,241,242,243,270,271,272,273,274,290,291,292,293,294,295,296,297,298,299,300,301,302,359,360,
60;0;413;519;1;36,37,48,49,50,51,52,53,54,55,56,57,58,59,60,61,62,63,64,65,66,67,68,69,95,96,97,98,99,136,137,138,139,140,141,142,143,144,147,148,152,154,155,157,158,163,165,171,175,177,183,187,200,201,202,239,240,241,242,243,270,271,272,273,274,290,291,292,293,294,295,296,297,298,299,300,301,302,359,360,
38;0;519;677;0;36,37,48,49,50,51,52,53,54,55,56,57,58,59,60,61,62,63,64,65,66,67,68,69,95,96,97,98,99,136,137,138,139,140,141,142,143,144,147,148,152,154,155,157,158,163,165,171,175,177,183,187,200,201,202,239,240,241,242,243,270,271,272,273,274,290,291,292,293,294,295,296,297,298,299,300,301,302,359,360,
39;0;677;760;0;36,37,48,49,50,51,52,53,54,55,56,57,58,59,60,61,62,63,64,65,66,67,68,69,95,96,97,98,99,136,137,138,139,140,141,142,143,144,147,148,152,154,155,157,158,163,165,171,175,177,183,187,200,201,202,239,240,241,242,243,270,271,272,273,274,290,291,292,293,294,295,296,297,298,299,300,301,302,359,360,
39;1;760;918;0;36,37,48,49,50,51,52,53,54,55,56,57,58,59,60,61,62,63,64,65,66,67,68,69,95,96,97,98,99,136,137,138,139,140,141,142,143,144,147,148,152,154,155,157,158,163,165,171,175,177,183,187,200,201,202,239,240,241,242,243,270,271,272,273,274,290,291,292,293,294,295,296,297,298,299,300,301,302,359,360,
100;0;918;1013;1;36,37,48,49,50,51,52,53,54,55,56,57,58,59,60,61,62,63,64,65,66,67,68,69,95,96,97,98,99,136,137,138,139,140,141,142,143,144,147,148,152,154,155,157,158,163,165,171,175,177,183,187,200,201,202,239,240,241,242,243,270,271,272,273,274,290,291,292,293,294,295,296,297,298,299,300,301,302,359,360,
92;0;1013;1108;1;36,37,48,49,50,51,52,53,54,55,56,57,58,59,60,61,62,63,64,65,66,67,68,69,95,96,97,98,99,136,137,138,139,140,141,142,143,144,147,148,152,154,155,157,158,163,165,171,175,177,183,187,200,201,202,239,240,241,242,243,270,271,272,273,274,290,291,292,293,294,295,296,297,298,299,300,301,302,359,360,
45;0;1108;1233;1;36,37,48,49,50,51,52,53,54,55,56,57,58,59,60,61,62,63,64,65,66,67,68,69,95,96,97,98,99,136,137,138,139,140,141,142,143,144,147,148,152,154,155,157,158,163,165,171,175,177,183,187,200,201,202,239,240,241,242,243,270,271,272,273,274,290,291,292,293,294,295,296,297,298,299,300,301,302,359,360,
45;1;1233;1346;1;36,37,48,49,50,51,52,53,54,55,56,57,58,59,60,61,62,63,64,65,66,67,68,69,95,96,97,98,99,136,137,138,139,140,141,142,143,144,147,148,152,154,155,157,158,163,165,171,175,177,183,187,200,201,202,239,240,241,242,243,270,271,272,273,274,290,291,292,293,294,295,296,297,298,299,300,301,302,359,360,
26;0;1346;1506;0;36,37,48,49,50,51,52,53,54,55,56,57,58,59,60,61,62,63,64,65,66,67,68,69,95,96,97,98,99,136,137,138,139,140,141,142,143,144,147,148,152,154,155,157,158,163,165,171,175,177,183,187,200,201,202,239,240,241,242,243,270,271,272,273,274,290,291,292,293,294,295,296,297,298,299,300,301,302,359,360,
17;0;1506;1510;1;36,37,48,49,50,51,52,53,54,55,56,57,58,59,60,61,62,63,64,65,66,67,68,69,95,96,97,98,99,136,137,138,139,140,141,142,143,144,147,148,152,154,155,157,158,163,165,171,175,177,183,187,200,201,202,239,240,241,242,243,270,271,272,273,274,290,291,292,293,294,295,296,297,298,299,300,301,302,359,360,
17;1;1510;1534;1;36,37,48,49,50,51,52,53,54,55,56,57,58,59,60,61,62,63,64,65,66,67,68,69,95,96,97,98,99,136,137,138,139,140,141,142,143,144,147,148,152,154,155,157,158,163,165,171,175,177,183,187,200,201,202,239,240,241,242,243,270,271,272,273,274,290,291,292,293,294,295,296,297,298,299,300,301,302,359,360,
13;0;1534;1698;1;36,37,48,49,50,51,52,53,54,55,56,57,58,59,60,61,62,63,64,65,66,67,68,69,95,96,97,98,99,136,137,138,139,140,141,142,143,144,147,148,152,154,155,157,158,163,165,171,175,177,183,187,200,201,202,239,240,241,242,243,270,271,272,273,274,290,291,292,293,294,295,296,297,298,299,300,301,302,359,360,
13;1;1698;1804;1;36,37,48,49,50,51,52,53,54,55,56,57,58,59,60,61,62,63,64,65,66,67,68,69,95,96,97,98,99,136,137,138,139,140,141,142,143,144,147,148,152,154,155,157,158,163,165,171,175,177,183,187,200,201,202,239,240,241,242,243,270,271,272,273,274,290,291,292,293,294,295,296,297,298,299,300,301,302,359,360,
47;0;1804;1868;0;36,37,48,49,50,51,52,53,54,55,56,57,58,59,60,61,62,63,64,65,66,67,68,69,95,96,97,98,99,136,137,138,139,140,141,142,143,144,147,148,152,154,155,157,158,163,165,171,175,177,183,187,200,201,202,239,240,241,242,243,270,271,272,273,274,290,291,292,293,294,295,296,297,298,299,300,301,302,359,360,
47;1;1868;1974;0;36,37,48,49,50,51,52,53,54,55,56,57,58,59,60,61,62,63,64,65,66,67,68,69,95,96,97,98,99,136,137,138,139,140,141,142,143,144,147,148,152,154,155,157,158,163,165,171,175,177,183,187,200,201,202,239,240,241,242,243,270,271,272,273,274,290,291,292,293,294,295,296,297,298,299,300,301,302,359,360,
69;0;1974;2029;1;36,37,48,49,50,51,52,53,54,55,56,57,58,59,60,61,62,63,64,65,66,67,68,69,95,96,97,98,99,136,137,138,139,140,141,142,143,144,147,148,152,154,155,157,158,163,165,171,175,177,183,187,200,201,202,239,240,241,242,243,270,271,272,273,274,290,291,292,293,294,295,296,297,298,299,300,301,302,359,360,
69;1;2029;2187;1;36,37,48,49,50,51,52,53,54,55,56,57,58,59,60,61,62,63,64,65,66,67,68,69,95,96,97,98,99,136,137,138,139,140,141,142,143,144,147,148,152,154,155,157,158,163,165,171,175,177,183,187,200,201,202,239,240,241,242,243,270,271,272,273,274,290,291,292,293,294,295,296,297,298,299,300,301,302,359,360,
133;0;2187;2307;1;36,37,48,49,50,51,52,53,54,55,56,57,58,59,60,61,62,63,64,65,66,67,68,69,95,96,97,98,99,136,137,138,139,140,141,142,143,144,147,148,152,154,155,157,158,163,165,171,175,177,183,187,200,201,202,239,240,241,242,243,270,271,272,273,274,290,291,292,293,294,295,296,297,298,299,300,301,302,359,360,
133;1;2307;2475;1;36,37,48,49,50,51,52,53,54,55,56,57,58,59,60,61,62,63,64,65,66,67,68,69,95,96,97,98,99,136,137,138,139,140,141,142,143,144,147,148,152,154,155,157,158,163,165,171,175,177,183,187,200,201,202,239,240,241,242,243,270,271,272,273,274,290,291,292,293,294,295,296,297,298,299,300,301,302,359,360,
103;0;2475;2649;0;36,37,48,49,50,51,52,53,54,55,56,57,58,59,60,61,62,63,64,65,66,67,68,69,95,96,97,98,99,136,137,138,139,140,141,142,143,144,147,148,152,154,155,157,158,163,165,171,175,177,183,187,200,201,202,239,240,241,242,243,270,271,272,273,274,290,291,292,293,294,295,296,297,298,299,300,301,302,359,360,
103;1;2649;2690;0;36,37,48,49,50,51,52,53,54,55,56,57,58,59,60,61,62,63,64,65,66,67,68,69,95,96,97,98,99,136,137,138,139,140,141,142,143,144,147,148,152,154,155,157,158,163,165,171,175,177,183,187,200,201,202,239,240,241,242,243,270,271,272,273,274,290,291,292,293,294,295,296,297,298,299,300,301,302,359,360,
84;0;2690;2701;1;36,37,48,49,50,51,52,53,54,55,56,57,58,59,60,61,62,63,64,65,66,67,68,69,95,96,97,98,99,136,137,138,139,140,141,142,143,144,147,148,152,154,155,157,158,163,165,171,175,177,183,187,200,201,202,239,240,241,242,243,270,271,272,273,274,290,291,292,293,294,295,296,297,298,299,300,301,302,359,360,
5;0;2701;2877;1;36,37,48,49,50,51,52,53,54,55,56,57,58,59,60,61,62,63,64,65,66,67,68,69,95,96,97,98,99,136,137,138,139,140,141,142,143,144,147,148,152,154,155,157,158,163,165,171,175,177,183,187,200,201,202,239,240,241,242,243,270,271,272,273,274,290,291,292,293,294,295,296,297,298,299,300,301,302,359,360,
5;1;2877;3024;1;36,37,48,49,50,51,52,53,54,55,56,57,58,59,60,61,62,63,64,65,66,67,68,69,95,96,97,98,99,136,137,138,139,140,141,142,143,144,147,148,152,154,155,157,158,163,165,171,175,177,183,187,200,201,202,239,240,241,242,243,270,271,272,273,274,290,291,292,293,294,295,296,297,298,299,300,301,302,359,360,
89;0;3024;3063;1;36,37,48,49,50,51,52,53,54,55,56,57,58,59,60,61,62,63,64,65,66,67,68,69,95,96,97,98,99,136,137,138,139,140,141,142,143,144,147,148,152,154,155,157,158,163,165,171,175,177,183,187,200,201,202,239,240,241,242,243,270,271,272,273,274,290,291,292,293,294,295,296,297,298,299,300,301,302,359,360,
89;1;3063;3197;1;36,37,48,49,50,51,52,53,54,55,56,57,58,59,60,61,62,63,64,65,66,67,68,69,95,96,97,98,99,136,137,138,139,140,141,142,143,144,147,148,152,154,155,157,158,163,165,171,175,177,183,187,200,201,202,239,240,241,242,243,270,271,272,273,274,290,291,292,293,294,295,296,297,298,299,300,301,302,359,360,
138;0;3197;3201;0;36,37,48,49,50,51,52,53,54,55,56,57,58,59,60,61,62,63,64,65,66,67,68,69,95,96,97,98,99,136,137,138,139,140,141,142,143,144,147,148,152,154,155,157,158,163,165,171,175,177,183,187,200,201,202,239,240,241,242,243,270,271,272,273,274,290,291,292,293,294,295,296,297,298,299,300,301,302,359,360,
16;0;3201;3226;1;36,37,48,49,50,51,52,53,54,55,56,57,58,59,60,61,62,63,64,65,66,67,68,69,95,96,97,98,99,136,137,138,139,140,141,142,143,144,147,148,152,154,155,157,158,163,165,171,175,177,183,187,200,201,202,239,240,241,242,243,270,271,272,273,274,290,291,292,293,294,295,296,297,298,299,300,301,302,359,360,
53;0;3226;3355;1;36,37,48,49,50,51,52,53,54,55,56,57,58,59,60,61,62,63,64,65,66,67,68,69,95,96,97,98,99,136,137,138,139,140,141,142,143,144,147,148,152,154,155,157,158,163,165,171,175,177,183,187,200,201,202,239,240,241,242,243,270,271,272,273,274,290,291,292,293,294,295,296,297,298,299,300,301,302,359,360,
53;1;3355;3515;1;36,37,48,49,50,51,52,53,54,55,56,57,58,59,60,61,62,63,64,65,66,67,68,69,95,96,97,98,99,136,137,138,139,140,141,142,143,144,147,148,152,154,155,157,158,163,165,171,175,177,183,187,200,201,202,239,240,241,242,243,270,271,272,273,274,290,291,292,293,294,295,296,297,298,299,300,301,302,359,360,
29;0;3515;3663;1;36,37,48,49,50,51,52,53,54,55,56,57,58,59,60,61,62,63,64,65,66,67,68,69,95,96,97,98,99,136,137,138,139,140,141,142,143,144,147,148,152,154,155,157,158,163,165,171,175,177,183,187,200,201,202,239,240,241,242,243,270,271,272,273,274,290,291,292,293,294,295,296,297,298,299,300,301,302,359,360,
29;1;3663;3828;1;36,37,48,49,50,51,52,53,54,55,56,57,58,59,60,61,62,63,64,65,66,67,68,69,95,96,97,98,99,136,137,138,139,140,141,142,143,144,147,148,152,154,155,157,158,163,165,171,175,177,183,187,200,201,202,239,240,241,242,243,270,271,272,273,274,290,291,292,293,294,295,296,297,298,299,300,301,302,359,360,
21;0;3828;3869;1;36,37,48,49,50,51,52,53,54,55,56,57,58,59,60,61,62,63,64,65,66,67,68,69,95,96,97,98,99,136,137,138,139,140,141,142,143,144,147,148,152,154,155,157,158,163,165,171,175,177,183,187,200,201,202,239,240,241,242,243,270,271,272,273,274,290,291,292,293,294,295,296,297,298,299,300,301,302,359,360,
21;1;3869;3975;1;36,37,48,49,50,51,52,53,54,55,56,57,58,59,60,61,62,63,64,65,66,67,68,69,95,96,97,98,99,136,137,138,139,140,141,142,143,144,147,148,152,154,155,157,158,163,165,171,175,177,183,187,200,201,202,239,240,241,242,243,270,271,272,273,274,290,291,292,293,294,295,296,297,298,299,300,301,302,359,360,
56;0;3975;4109;1;36,37,48,49,50,51,52,53,54,55,56,57,58,59,60,61,62,63,64,65,66,67,68,69,95,96,97,98,99,136,137,138,139,140,141,142,143,144,147,148,152,154,155,157,158,163,165,171,175,177,183,187,200,201,202,239,240,241,242,243,270,271,272,273,274,290,291,292,293,294,295,296,297,298,299,300,301,302,359,360,
81;0;4109;4266;1;36,37,48,49,50,51,52,53,54,55,56,57,58,59,60,61,62,63,64,65,66,67,68,69,95,96,97,98,99,136,137,138,139,140,141,142,143,144,147,148,152,154,155,157,158,163,165,171,175,177,183,187,200,201,202,239,240,241,242,243,270,271,272,273,274,290,291,292,293,294,295,296,297,298,299,300,301,302,359,360,
81;1;4266;4418;1;36,37,48,49,50,51,52,53,54,55,56,57,58,59,60,61,62,63,64,65,66,67,68,69,95,96,97,98,99,136,137,138,139,140,141,142,143,144,147,148,152,154,155,157,158,163,165,171,175,177,183,187,200,201,202,239,240,241,242,243,270,271,272,273,274,290,291,292,293,294,295,296,297,298,299,300,301,302,359,360,
12;0;4418;4459;1;36,37,48,49,50,51,52,53,54,55,56,57,58,59,60,61,62,63,64,65,66,67,68,69,95,96,97,98,99,136,137,138,139,140,141,142,143,144,147,148,152,154,155,157,158,163,165,171,175,177,183,187,200,201,202,239,240,241,242,243,270,271,272,273,274,290,291,292,293,294,295,296,297,298,299,300,301,302,359,360,
126;0;4459;4483;0;36,37,48,49,50,51,52,53,54,55,56,57,58,59,60,61,62,63,64,65,66,67,68,69,95,96,97,98,99,136,137,138,139,140,141,142,143,144,147,148,152,154,155,157,158,163,165,171,175,177,183,187,200,201,202,239,240,241,242,243,270,271,272,273,274,290,291,292,293,294,295,296,297,298,299,300,301,302,359,360,
94;0;4483;4589;0;36,37,48,49,50,51,52,53,54,55,56,57,58,59,60,61,62,63,64,65,66,67,68,69,95,96,97,98,99,136,137,138,139,140,141,142,143,144,147,148,152,154,155,157,158,163,165,171,175,177,183,187,200,201,202,239,240,241,242,243,270,271,272,273,274,290,291,292,293,294,295,296,297,298,299,300,301,302,359,360,
8;0;4589;4695;1;36,37,48,49,50,51,52,53,54,55,56,57,58,59,60,61,62,63,64,65,66,67,68,69,95,96,97,98,99,136,137,138,139,140,141,142,143,144,147,148,152,154,155,157,158,163,165,171,175,177,183,187,200,201,202,239,240,241,242,243,270,271,272,273,274,290,291,292,293,294,295,296,297,298,299,300,301,302,359,360,
75;0;4695;4756;0;36,37,48,49,50,51,52,53,54,55,56,57,58,59,60,61,62,63,64,65,66,67,68,69,95,96,97,98,99,136,137,138,139,140,141,142,143,144,147,148,152,154,155,157,158,163,165,171,175,177,183,187,200,201,202,239,240,241,242,243,270,271,272,273,274,290,291,292,293,294,295,296,297,298,299,300,301,302,359,360,
75;1;4756;4767;0;36,37,48,49,50,51,52,53,54,55,56,57,58,59,60,61,62,63,64,65,66,67,68,69,95,96,97,98,99,136,137,138,139,140,141,142,143,144,147,148,152,154,155,157,158,163,165,171,175,177,183,187,200,201,202,239,240,241,242,243,270,271,272,273,274,290,291,292,293,294,295,296,297,298,299,300,301,302,359,360,
41;0;4767;4812;1;36,37,48,49,50,51,52,53,54,55,56,57,58,59,60,61,62,63,64,65,66,67,68,69,95,96,97,98,99,136,137,138,139,140,141,142,143,144,147,148,152,154,155,157,158,163,165,171,175,177,183,187,200,201,202,239,240,241,242,243,270,271,272,273,274,290,291,292,293,294,295,296,297,298,299,300,301,302,359,360,
41;1;4812;4816;1;36,37,48,49,50,51,52,53,54,55,56,57,58,59,60,61,62,63,64,65,66,67,68,69,95,96,97,98,99,136,137,138,139,140,141,142,143,144,147,148,152,154,155,157,158,163,165,171,175,177,183,187,200,201,202,239,240,241,242,243,270,271,272,273,274,290,291,292,293,294,295,296,297,298,299,300,301,302,359,360,
49;0;4816;4972;1;36,37,48,49,50,51,52,53,54,55,56,57,58,59,60,61,62,63,64,65,66,67,68,69,95,96,97,98,99,136,137,138,139,140,141,142,143,144,147,148,152,154,155,157,158,163,165,171,175,177,183,187,200,201,202,239,240,241,242,243,270,271,272,273,274,290,291,292,293,294,295,296,297,298,299,300,301,302,359,360,
49;1;4972;4976;1;36,37,48,49,50,51,52,53,54,55,56,57,58,59,60,61,62,63,64,65,66,67,68,69,95,96,97,98,99,136,137,138,139,140,141,142,143,144,147,148,152,154,155,157,158,163,165,171,175,177,183,187,200,201,202,239,240,241,242,243,270,271,272,273,274,290,291,292,293,294,295,296,297,298,299,300,301,302,359,360,
85;0;4976;5138;1;36,37,48,49,50,51,52,53,54,55,56,57,58,59,60,61,62,63,64,65,66,67,68,69,95,96,97,98,99,136,137,138,139,140,141,142,143,144,147,148,152,154,155,157,158,163,165,171,175,177,183,187,200,201,202,239,240,241,242,243,270,271,272,273,274,290,291,292,293,294,295,296,297,298,299,300,301,302,359,360,
85;1;5138;5179;1;36,37,48,49,50,51,52,53,54,55,56,57,58,59,60,61,62,63,64,65,66,67,68,69,95,96,97,98,99,136,137,138,139,140,141,142,143,144,147,148,152,154,155,157,158,163,165,171,175,177,183,187,200,201,202,239,240,241,242,243,270,271,272,273,274,290,291,292,293,294,295,296,297,298,299,300,301,302,359,360,
66;0;5179;5296;0;36,37,48,49,50,51,52,53,54,55,56,57,58,59,60,61,62,63,64,65,66,67,68,69,95,96,97,98,99,136,137,138,139,140,141,142,143,144,147,148,152,154,155,157,158,163,165,171,175,177,183,187,200,201,202,239,240,241,242,243,270,271,272,273,274,290,291,292,293,294,295,296,297,298,299,300,301,302,359,360,
52;0;5296;5454;1;36,37,48,49,50,51,52,53,54,55,56,57,58,59,60,61,62,63,64,65,66,67,68,69,95,96,97,98,99,136,137,138,139,140,141,142,143,144,147,148,152,154,155,157,158,163,165,171,175,177,183,187,200,201,202,239,240,241,242,243,270,271,272,273,274,290,291,292,293,294,295,296,297,298,299,300,301,302,359,360,
65;0;5454;5569;1;36,37,48,49,50,51,52,53,54,55,56,57,58,59,60,61,62,63,64,65,66,67,68,69,95,96,97,98,99,136,137,138,139,140,141,142,143,144,147,148,152,154,155,157,158,163,165,171,175,177,183,187,200,201,202,239,240,241,242,243,270,271,272,273,274,290,291,292,293,294,295,296,297,298,299,300,301,302,359,360,
65;1;5569;5686;1;36,37,48,49,50,51,52,53,54,55,56,57,58,59,60,61,62,63,64,65,66,67,68,69,95,96,97,98,99,136,137,138,139,140,141,142,143,144,147,148,152,154,155,157,158,163,165,171,175,177,183,187,200,201,202,239,240,241,242,243,270,271,272,273,274,290,291,292,293,294,295,296,297,298,299,300,301,302,359,360,
91;0;5686;5750;0;36,37,48,49,50,51,52,53,54,55,56,57,58,59,60,61,62,63,64,65,66,67,68,69,95,96,97,98,99,136,137,138,139,140,141,142,143,144,147,148,152,154,155,157,158,163,165,171,175,177,183,187,200,201,202,239,240,241,242,243,270,271,272,273,274,290,291,292,293,294,295,296,297,298,299,300,301,302,359,360,
91;1;5750;5815;0;36,37,48,49,50,51,52,53,54,55,56,57,58,59,60,61,62,63,64,65,66,67,68,69,95,96,97,98,99,136,137,138,139,140,141,142,143,144,147,148,152,154,155,157,158,163,165,171,175,177,183,187,200,201,202,239,240,241,242,243,270,271,272,273,274,290,291,292,293,294,295,296,297,298,299,300,301,302,359,360,
106;0;5815;5910;0;36,37,48,49,50,51,52,53,54,55,56,57,58,59,60,61,62,63,64,65,66,67,68,69,95,96,97,98,99,136,137,138,139,140,141,142,143,144,147,148,152,154,155,157,158,163,165,171,175,177,183,187,200,201,202,239,240,241,242,243,270,271,272,273,274,290,291,292,293,294,295,296,297,298,299,300,301,302,359,360,
10;0;5910;5944;0;36,37,48,49,50,51,52,53,54,55,56,57,58,59,60,61,62,63,64,65,66,67,68,69,95,96,97,98,99,136,137,138,139,140,141,142,143,144,147,148,152,154,155,157,158,163,165,171,175,177,183,187,200,201,202,239,240,241,242,243,270,271,272,273,274,290,291,292,293,294,295,296,297,298,299,300,301,302,359,360,
136;0;5944;5968;1;36,37,48,49,50,51,52,53,54,55,56,57,58,59,60,61,62,63,64,65,66,67,68,69,95,96,97,98,99,136,137,138,139,140,141,142,143,144,147,148,152,154,155,157,158,163,165,171,175,177,183,187,200,201,202,239,240,241,242,243,270,271,272,273,274,290,291,292,293,294,295,296,297,298,299,300,301,302,359,360,
128;0;5968;6009;1;36,37,48,49,50,51,52,53,54,55,56,57,58,59,60,61,62,63,64,65,66,67,68,69,95,96,97,98,99,136,137,138,139,140,141,142,143,144,147,148,152,154,155,157,158,163,165,171,175,177,183,187,200,201,202,239,240,241,242,243,270,271,272,273,274,290,291,292,293,294,295,296,297,298,299,300,301,302,359,360,
82;0;6009;6161;0;36,37,48,49,50,51,52,53,54,55,56,57,58,59,60,61,62,63,64,65,66,67,68,69,95,96,97,98,99,136,137,138,139,140,141,142,143,144,147,148,152,154,155,157,158,163,165,171,175,177,183,187,200,201,202,239,240,241,242,243,270,271,272,273,274,290,291,292,293,294,295,296,297,298,299,300,301,302,359,360,
62;0;6161;6295;0;36,37,48,49,50,51,52,53,54,55,56,57,58,59,60,61,62,63,64,65,66,67,68,69,95,96,97,98,99,136,137,138,139,140,141,142,143,144,147,148,152,154,155,157,158,163,165,171,175,177,183,187,200,201,202,239,240,241,242,243,270,271,272,273,274,290,291,292,293,294,295,296,297,298,299,300,301,302,359,360,
14;0;6295;6390;0;36,37,48,49,50,51,52,53,54,55,56,57,58,59,60,61,62,63,64,65,66,67,68,69,95,96,97,98,99,136,137,138,139,140,141,142,143,144,147,148,152,154,155,157,158,163,165,171,175,177,183,187,200,201,202,239,240,241,242,243,270,271,272,273,274,290,291,292,293,294,295,296,297,298,299,300,301,302,359,360,
119;0;6390;6462;0;36,37,48,49,50,51,52,53,54,55,56,57,58,59,60,61,62,63,64,65,66,67,68,69,95,141,146,147,148,152,154,155,157,158,163,165,170,171,175,177,183,187,188,189,190,191,192,193,194,195,200,201,202,239,240,243,316,317,334,335,336,337,338,339,340,341,342,343,344,345,346,347,348,349,350,351,352,353,354,355,
119;1;6462;6609;0;36,37,48,49,50,51,52,53,54,55,56,57,58,59,60,61,62,63,64,65,66,67,68,69,95,141,146,147,148,152,154,155,157,158,163,165,170,171,175,177,183,187,188,189,190,191,192,193,194,195,200,201,202,239,240,243,316,317,334,335,336,337,338,339,340,341,342,343,344,345,346,347,348,349,350,351,352,353,354,355,
70;0;6609;6613;0;36,37,48,49,50,51,52,53,54,55,56,57,58,59,60,61,62,63,64,65,66,67,68,69,95,141,146,147,148,152,154,155,157,158,163,165,170,171,175,177,183,187,188,189,190,191,192,193,194,195,200,201,202,239,240,243,316,317,334,335,336,337,338,339,340,341,342,343,344,345,346,347,348,349,350,351,352,353,354,355,
36;0;6613;6773;1;36,37,48,49,50,51,52,53,54,55,56,57,58,59,60,61,62,63,64,65,66,67,68,69,95,141,146,147,148,152,154,155,157,158,163,165,170,171,175,177,183,187,188,189,190,191,192,193,194,195,200,201,202,239,240,243,316,317,334,335,336,337,338,339,340,341,342,343,344,345,346,347,348,349,350,351,352,353,354,355,
80;0;6773;6789;1;36,37,48,49,50,51,52,53,54,55,56,57,58,59,60,61,62,63,64,65,66,67,68,69,95,141,146,147,148,152,154,155,157,158,163,165,170,171,175,177,183,187,188,189,190,191,192,193,194,195,200,201,202,239,240,243,316,317,334,335,336,337,338,339,340,341,342,343,344,345,346,347,348,349,350,351,352,353,354,355,
127;0;6789;6830;0;36,37,48,49,50,51,52,53,54,55,56,57,58,59,60,61,62,63,64,65,66,67,68,69,95,141,146,147,148,152,154,155,157,158,163,165,170,171,175,177,183,187,188,189,190,191,192,193,194,195,200,201,202,239,240,243,316,317,334,335,336,337,338,339,340,341,342,343,344,345,346,347,348,349,350,351,352,353,354,355,
127;1;6830;6864;0;36,37,48,49,50,51,52,53,54,55,56,57,58,59,60,61,62,63,64,65,66,67,68,69,95,141,146,147,148,152,154,155,157,158,163,165,170,171,175,177,183,187,188,189,190,191,192,193,194,195,200,201,202,239,240,243,316,317,334,335,336,337,338,339,340,341,342,343,344,345,346,347,348,349,350,351,352,353,354,355,
121;0;6864;7001;1;36,37,48,49,50,51,52,53,54,55,56,57,58,59,60,61,62,63,64,65,66,67,68,69,95,141,146,147,148,152,154,155,157,158,163,165,170,171,175,177,183,187,188,189,190,191,192,193,194,195,200,201,202,239,240,243,316,317,334,335,336,337,338,339,340,341,342,343,344,345,346,347,348,349,350,351,352,353,354,355,
121;1;7001;7179;1;36,37,48,49,50,51,52,53,54,55,56,57,58,59,60,61,62,63,64,65,66,67,68,69,95,141,146,147,148,152,154,155,157,158,163,165,170,171,175,177,183,187,188,189,190,191,192,193,194,195,200,201,202,239,240,243,316,317,334,335,336,337,338,339,340,341,342,343,344,345,346,347,348,349,350,351,352,353,354,355,
54;0;7179;7344;0;36,37,48,49,50,51,52,53,54,55,56,57,58,59,60,61,62,63,64,65,66,67,68,69,95,141,146,147,148,152,154,155,157,158,163,165,170,171,175,177,183,187,188,189,190,191,192,193,194,195,200,201,202,239,240,243,316,317,334,335,336,337,338,339,340,341,342,343,344,345,346,347,348,349,350,351,352,353,354,355,
88;0;7344;7457;1;36,37,48,49,50,51,52,53,54,55,56,57,58,59,60,61,62,63,64,65,66,67,68,69,95,141,146,147,148,152,154,155,157,158,163,165,170,171,175,177,183,187,188,189,190,191,192,193,194,195,200,201,202,239,240,243,316,317,334,335,336,337,338,339,340,341,342,343,344,345,346,347,348,349,350,351,352,353,354,355,
37;0;7457;7553;1;36,37,48,49,50,51,52,53,54,55,56,57,58,59,60,61,62,63,64,65,66,67,68,69,95,141,146,147,148,152,154,155,157,158,163,165,170,171,175,177,183,187,188,189,190,191,192,193,194,195,200,201,202,239,240,243,316,317,334,335,336,337,338,339,340,341,342,343,344,345,346,347,348,349,350,351,352,353,354,355,
37;1;7553;7569;1;36,37,48,49,50,51,52,53,54,55,56,57,58,59,60,61,62,63,64,65,66,67,68,69,95,141,146,147,148,152,154,155,157,158,163,165,170,171,175,177,183,187,188,189,190,191,192,193,194,195,200,201,202,239,240,243,316,317,334,335,336,337,338,339,340,341,342,343,344,345,346,347,348,349,350,351,352,353,354,355,
120;0;7569;7573;1;36,37,48,49,50,51,52,53,54,55,56,57,58,59,60,61,62,63,64,65,66,67,68,69,95,141,146,147,148,152,154,155,157,158,163,165,170,171,175,177,183,187,188,189,190,191,192,193,194,195,200,201,202,239,240,243,316,317,334,335,336,337,338,339,340,341,342,343,344,345,346,347,348,349,350,351,352,353,354,355,
68;0;7573;7733;1;36,37,48,49,50,51,52,53,54,55,56,57,58,59,60,61,62,63,64,65,66,67,68,69,95,141,146,147,148,152,154,155,157,158,163,165,170,171,175,177,183,187,188,189,190,191,192,193,194,195,200,201,202,239,240,243,316,317,334,335,336,337,338,339,340,341,342,343,344,345,346,347,348,349,350,351,352,353,354,355,
33;0;7733;7821;1;36,37,48,49,50,51,52,53,54,55,56,57,58,59,60,61,62,63,64,65,66,67,68,69,95,141,146,147,148,152,154,155,157,158,163,165,170,171,175,177,183,187,188,189,190,191,192,193,194,195,200,201,202,239,240,243,316,317,334,335,336,337,338,339,340,341,342,343,344,345,346,347,348,349,350,351,352,353,354,355,
33;1;7821;7837;1;36,37,48,49,50,51,52,53,54,55,56,57,58,59,60,61,62,63,64,65,66,67,68,69,95,141,146,147,148,152,154,155,157,158,163,165,170,171,175,177,183,187,188,189,190,191,192,193,194,195,200,201,202,239,240,243,316,317,334,335,336,337,338,339,340,341,342,343,344,345,346,347,348,349,350,351,352,353,354,355,
0;0;7837;7963;1;0,1,2,3,4,5,6,7,8,9,10,35,36,37,48,49,50,51,52,53,61,62,63,141,145,146,147,148,149,150,151,152,153,154,155,156,157,158,159,160,161,162,163,164,165,166,167,168,169,170,171,172,173,174,175,176,177,178,179,180,181,183,187,200,239,240,315,316,317,318,319,320,321,322,323,324,325,326,327,328,
0;1;7963;8031;1;0,1,2,3,4,5,6,7,8,9,10,35,36,37,48,49,50,51,52,53,61,62,63,141,145,146,147,148,149,150,151,152,153,154,155,156,157,158,159,160,161,162,163,164,165,166,167,168,169,170,171,172,173,174,175,176,177,178,179,180,181,183,187,200,239,240,315,316,317,318,319,320,321,322,323,324,325,326,327,328,
27;0;8031;8127;0;0,1,2,3,4,5,6,7,8,9,10,35,36,37,48,49,50,51,52,53,61,62,63,141,145,146,147,148,149,150,151,152,153,154,155,156,157,158,159,160,161,162,163,164,165,166,167,168,169,170,171,172,173,174,175,176,177,178,179,180,181,183,187,200,239,240,315,316,317,318,319,320,321,322,323,324,325,326,327,328,
27;1;8127;8301;0;0,1,2,3,4,5,6,7,8,9,10,35,36,37,48,49,50,51,52,53,61,62,63,141,145,146,147,148,149,150,151,152,153,154,155,156,157,158,159,160,161,162,163,164,165,166,167,168,169,170,171,172,173,174,175,176,177,178,179,180,181,183,187,200,239,240,315,316,317,318,319,320,321,322,323,324,325,326,327,328,
101;0;8301;8401;1;0,1,2,3,4,5,6,7,8,9,10,35,36,37,48,49,50,51,52,53,61,62,63,141,145,146,147,148,149,150,151,152,153,154,155,156,157,158,159,160,161,162,163,164,165,166,167,168,169,170,171,172,173,174,175,176,177,178,179,180,181,183,187,200,239,240,315,316,317,318,319,320,321,322,323,324,325,326,327,328,
101;1;8401;8418;1;0,1,2,3,4,5,6,7,8,9,10,35,36,37,48,49,50,51,52,53,61,62,63,141,145,146,147,148,149,150,151,152,153,154,155,156,157,158,159,160,161,162,163,164,165,166,167,168,169,170,171,172,173,174,175,176,177,178,179,180,181,183,187,200,239,240,315,316,317,318,319,320,321,322,323,324,325,326,327,328,
116;0;8418;8486;1;0,1,2,3,4,5,6,7,8,9,10,35,36,37,48,49,50,51,52,53,61,62,63,141,145,146,147,148,149,150,151,152,153,154,155,156,157,158,159,160,161,162,163,164,165,166,167,168,169,170,171,172,173,174,175,176,177,178,179,180,181,183,187,200,239,240,315,316,317,318,319,320,321,322,323,324,325,326,327,328,
125;0;8486;8528;1;0,1,2,3,4,5,6,7,8,9,10,35,36,37,48,49,50,51,52,53,61,62,63,141,145,146,147,148,149,150,151,152,153,154,155,156,157,158,159,160,161,162,163,164,165,166,167,168,169,170,171,172,173,174,175,176,177,178,179,180,181,183,187,200,239,240,315,316,317,318,319,320,321,322,323,324,325,326,327,328,
125;1;8528;8702;1;0,1,2,3,4,5,6,7,8,9,10,35,36,37,48,49,50,51,52,53,61,62,63,141,145,146,147,148,149,150,151,152,153,154,155,156,157,158,159,160,161,162,163,164,165,166,167,168,169,170,171,172,173,174,175,176,177,178,179,180,181,183,187,200,239,240,315,316,317,318,319,320,321,322,323,324,325,326,327,328,
137;0;8702;8791;1;0,1,2,3,4,5,6,7,8,9,10,35,36,37,48,49,50,51,52,53,61,62,63,141,145,146,147,148,149,150,151,152,153,154,155,156,157,158,159,160,161,162,163,164,165,166,167,168,169,170,171,172,173,174,175,176,177,178,179,180,181,183,187,200,239,240,315,316,317,318,319,320,321,322,323,324,325,326,327,328,
137;1;8791;8956;1;0,1,2,3,4,5,6,7,8,9,10,35,36,37,48,49,50,51,52,53,61,62,63,141,145,146,147,148,149,150,151,152,153,154,155,156,157,158,159,160,161,162,163,164,165,166,167,168,169,170,171,172,173,174,175,176,177,178,179,180,181,183,187,200,239,240,315,316,317,318,319,320,321,322,323,324,325,326,327,328,
102;0;8956;9090;0;0,1,2,3,4,5,6,7,8,9,10,35,36,37,48,49,50,51,52,53,61,62,63,141,145,146,147,148,149,150,151,152,153,154,155,156,157,158,159,160,161,162,163,164,165,166,167,168,169,170,171,172,173,174,175,176,177,178,179,180,181,183,187,200,239,240,315,316,317,318,319,320,321,322,323,324,325,326,327,328,
111;0;9090;9248;0;0,1,2,3,4,5,6,7,8,9,10,35,36,37,48,49,50,51,52,53,61,62,63,141,145,146,147,148,149,150,151,152,153,154,155,156,157,158,159,160,161,162,163,164,165,166,167,168,169,170,171,172,173,174,175,176,177,178,179,180,181,183,187,200,239,240,315,316,317,318,319,320,321,322,323,324,325,326,327,328,
111;1;9248;9382;0;0,1,2,3,4,5,6,7,8,9,10,35,36,37,48,49,50,51,52,53,61,62,63,141,145,146,147,148,149,150,151,152,153,154,155,156,157,158,159,160,161,162,163,164,165,166,167,168,169,170,171,172,173,174,175,176,177,178,179,180,181,183,187,200,239,240,315,316,317,318,319,320,321,322,323,324,325,326,327,328,
40;0;9382;9495;1;0,1,2,3,4,5,6,7,8,9,10,35,36,37,48,49,50,51,52,53,61,62,63,141,145,146,147,148,149,150,151,152,153,154,155,156,157,158,159,160,161,162,163,164,165,166,167,168,169,170,171,172,173,174,175,176,177,178,179,180,181,183,187,200,239,240,315,316,317,318,319,320,321,322,323,324,325,326,327,328,
20;0;9495;9617;1;0,1,2,3,4,5,6,7,8,9,10,35,36,37,48,49,50,51,52,53,61,62,63,141,145,146,147,148,149,150,151,152,153,154,155,156,157,158,159,160,161,162,163,164,165,166,167,168,169,170,171,172,173,174,175,176,177,178,179,180,181,183,187,200,239,240,315,316,317,318,319,320,321,322,323,324,325,326,327,328,
55;0;9617;9732;0;0,1,2,3,4,5,6,7,8,9,10,35,36,37,48,49,50,51,52,53,61,62,63,141,145,146,147,148,149,150,151,152,153,154,155,156,157,158,159,160,161,162,163,164,165,166,167,168,169,170,171,172,173,174,175,176,177,178,179,180,181,183,187,200,239,240,315,316,317,318,319,320,321,322,323,324,325,326,327,328,
55;1;9732;9854;0;0,1,2,3,4,5,6,7,8,9,10,35,36,37,48,49,50,51,52,53,61,62,63,141,145,146,147,148,149,150,151,152,153,154,155,156,157,158,159,160,161,162,163,164,165,166,167,168,169,170,171,172,173,174,175,176,177,178,179,180,181,183,187,200,239,240,315,316,317,318,319,320,321,322,323,324,325,326,327,328,
95;0;9854;9884;0;0,1,2,3,4,5,6,7,8,9,10,35,36,37,48,49,50,51,52,53,61,62,63,141,145,146,147,148,149,150,151,152,153,154,155,156,157,158,159,160,161,162,163,164,165,166,167,168,169,170,171,172,173,174,175,176,177,178,179,180,181,183,187,200,239,240,315,316,317,318,319,320,321,322,323,324,325,326,327,328,
95;1;9884;10031;0;0,1,2,3,4,5,6,7,8,9,10,35,36,37,48,49,50,51,52,53,61,62,63,141,145,146,147,148,149,150,151,152,153,154,155,156,157,158,159,160,161,162,163,164,165,166,167,168,169,170,171,172,173,174,175,176,177,178,179,180,181,183,187,200,239,240,315,316,317,318,319,320,321,322,323,324,325,326,327,328,
Machine: 1
63;0;0;134;0;0,17,30,31,41,98,99,100,101,102,103,104,105,106,107,108,109,110,111,112,113,114,115,116,117,118,119,120,121,122,123,124,125,126,127,128,129,130,131,132,133,134,135,184,185,196,197,198,199,203,204,244,245,246,247,248,249,250,251,252,253,254,255,256,257,258,259,260,261,262,263,264,265,266,267,268,269,312,313,314,
63;1;134;297;0;0,17,30,31,41,98,99,100,101,102,103,104,105,106,107,108,109,110,111,112,113,114,115,116,117,118,119,120,121,122,123,124,125,126,127,128,129,130,131,132,133,134,135,184,185,196,197,198,199,203,204,244,245,246,247,248,249,250,251,252,253,254,255,256,257,258,259,260,261,262,263,264,265,266,267,268,269,312,313,314,
72;0;297;435;1;0,17,30,31,41,98,99,100,101,102,103,104,105,106,107,108,109,110,111,112,113,114,115,116,117,118,119,120,121,122,123,124,125,126,127,128,129,130,131,132,133,134,135,184,185,196,197,198,199,203,204,244,245,246,247,248,249,250,251,252,253,254,255,256,257,258,259,260,261,262,263,264,265,266,267,268,269,312,313,314,
51;0;435;471;0;0,17,30,31,41,98,99,100,101,102,103,104,105,106,107,108,109,110,111,112,113,114,115,116,117,118,119,120,121,122,123,124,125,126,127,128,129,130,131,132,133,134,135,184,185,196,197,198,199,203,204,244,245,246,247,248,249,250,251,252,253,254,255,256,257,258,259,260,261,262,263,264,265,266,267,268,269,312,313,314,
51;1;471;585;0;0,17,30,31,41,98,99,100,101,102,103,104,105,106,107,108,109,110,111,112,113,114,115,116,117,118,119,120,121,122,123,124,125,126,127,128,129,130,131,132,133,134,135,184,185,196,197,198,199,203,204,244,245,246,247,248,249,250,251,252,253,254,255,256,257,258,259,260,261,262,263,264,265,266,267,268,269,312,313,314,
19;0;585;705;0;0,17,30,31,41,98,99,100,101,102,103,104,105,106,107,108,109,110,111,112,113,114,115,116,117,118,119,120,121,122,123,124,125,126,127,128,129,130,131,132,133,134,135,184,185,196,197,198,199,203,204,244,245,246,247,248,249,250,251,252,253,254,255,256,257,258,259,260,261,262,263,264,265,266,267,268,269,312,313,314,
19;1;705;716;0;0,17,30,31,41,98,99,100,101,102,103,104,105,106,107,108,109,110,111,112,113,114,115,116,117,118,119,120,121,122,123,124,125,126,127,128,129,130,131,132,133,134,135,184,185,196,197,198,199,203,204,244,245,246,247,248,249,250,251,252,253,254,255,256,257,258,259,260,261,262,263,264,265,266,267,268,269,312,313,314,
93;0;716;867;1;0,17,30,31,41,98,99,100,101,102,103,104,105,106,107,108,109,110,111,112,113,114,115,116,117,118,119,120,121,122,123,124,125,126,127,128,129,130,131,132,133,134,135,184,185,196,197,198,199,203,204,244,245,246,247,248,249,250,251,252,253,254,255,256,257,258,259,260,261,262,263,264,265,266,267,268,269,312,313,314,
93;1;867;920;1;0,17,30,31,41,98,99,100,101,102,103,104,105,106,107,108,109,110,111,112,113,114,115,116,117,118,119,120,121,122,123,124,125,126,127,128,129,130,131,132,133,134,135,184,185,196,197,198,199,203,204,244,245,246,247,248,249,250,251,252,253,254,255,256,257,258,259,260,261,262,263,264,265,266,267,268,269,312,313,314,
135;0;920;1019;0;0,17,30,31,41,98,99,100,101,102,103,104,105,106,107,108,109,110,111,112,113,114,115,116,117,118,119,120,121,122,123,124,125,126,127,128,129,130,131,132,133,134,135,184,185,196,197,198,199,203,204,244,245,246,247,248,249,250,251,252,253,254,255,256,257,258,259,260,261,262,263,264,265,266,267,268,269,312,313,314,
135;1;1019;1185;0;0,17,30,31,41,98,99,100,101,102,103,104,105,106,107,108,109,110,111,112,113,114,115,116,117,118,119,120,121,122,123,124,125,126,127,128,129,130,131,132,133,134,135,184,185,196,197,198,199,203,204,244,245,246,247,248,249,250,251,252,253,254,255,256,257,258,259,260,261,262,263,264,265,266,267,268,269,312,313,314,
74;0;1185;1351;0;0,17,30,31,41,98,99,100,101,102,103,104,105,106,107,108,109,110,111,112,113,114,115,116,117,118,119,120,121,122,123,124,125,126,127,128,129,130,131,132,133,134,135,184,185,196,197,198,199,203,204,244,245,246,247,248,249,250,251,252,253,254,255,256,257,258,259,260,261,262,263,264,265,266,267,268,269,312,313,314,
67;0;1351;1488;0;0,17,30,31,41,98,99,100,101,102,103,104,105,106,107,108,109,110,111,112,113,114,115,116,117,118,119,120,121,122,123,124,125,126,127,128,129,130,131,132,133,134,135,184,185,196,197,198,199,203,204,244,245,246,247,248,249,250,251,252,253,254,255,256,257,258,259,260,261,262,263,264,265,266,267,268,269,312,313,314,
67;1;1488;1583;0;0,17,30,31,41,98,99,100,101,102,103,104,105,106,107,108,109,110,111,112,113,114,115,116,117,118,119,120,121,122,123,124,125,126,127,128,129,130,131,132,133,134,135,184,185,196,197,198,199,203,204,244,245,246,247,248,249,250,251,252,253,254,255,256,257,258,259,260,261,262,263,264,265,266,267,268,269,312,313,314,
105;0;1583;1594;1;0,17,30,31,41,98,99,100,101,102,103,104,105,106,107,108,109,110,111,112,113,114,115,116,117,118,119,120,121,122,123,124,125,126,127,128,129,130,131,132,133,134,135,184,185,196,197,198,199,203,204,244,245,246,247,248,249,250,251,252,253,254,255,256,257,258,259,260,261,262,263,264,265,266,267,268,269,312,313,314,
105;1;1594;1683;1;0,17,30,31,41,98,99,100,101,102,103,104,105,106,107,108,109,110,111,112,113,114,115,116,117,118,119,120,121,122,123,124,125,126,127,128,129,130,131,132,133,134,135,184,185,196,197,198,199,203,204,244,245,246,247,248,249,250,251,252,253,254,255,256,257,258,259,260,261,262,263,264,265,266,267,268,269,312,313,314,
96;0;1683;1772;1;0,17,30,31,41,98,99,100,101,102,103,104,105,106,107,108,109,110,111,112,113,114,115,116,117,118,119,120,121,122,123,124,125,126,127,128,129,130,131,132,133,134,135,184,185,196,197,198,199,203,204,244,245,246,247,248,249,250,251,252,253,254,255,256,257,258,259,260,261,262,263,264,265,266,267,268,269,312,313,314,
15;0;1772;1891;0;0,17,30,31,41,98,99,100,101,102,103,104,105,106,107,108,109,110,111,112,113,114,115,116,117,118,119,120,121,122,123,124,125,126,127,128,129,130,131,132,133,134,135,184,185,196,197,198,199,203,204,244,245,246,247,248,249,250,251,252,253,254,255,256,257,258,259,260,261,262,263,264,265,266,267,268,269,312,313,314,
15;1;1891;2029;0;0,17,30,31,41,98,99,100,101,102,103,104,105,106,107,108,109,110,111,112,113,114,115,116,117,118,119,120,121,122,123,124,125,126,127,128,129,130,131,132,133,134,135,184,185,196,197,198,199,203,204,244,245,246,247,248,249,250,251,252,253,254,255,256,257,258,259,260,261,262,263,264,265,266,267,268,269,312,313,314,
99;0;2029;2095;0;0,4,5,17,18,30,31,32,33,34,35,38,39,41,42,46,66,67,68,69,70,71,72,73,74,75,76,77,78,79,80,81,82,83,84,85,86,87,88,89,90,91,92,93,94,98,99,100,101,102,103,104,105,106,110,182,184,185,186,196,197,198,199,203,204,224,250,263,303,304,305,306,312,313,314,329,330,331,332,333,
99;1;2095;2187;0;0,4,5,17,18,30,31,32,33,34,35,38,39,41,42,46,66,67,68,69,70,71,72,73,74,75,76,77,78,79,80,81,82,83,84,85,86,87,88,89,90,91,92,93,94,98,99,100,101,102,103,104,105,106,110,182,184,185,186,196,197,198,199,203,204,224,250,263,303,304,305,306,312,313,314,329,330,331,332,333,
79;0;2187;2253;0;0,4,5,17,18,30,31,32,33,34,35,38,39,41,42,46,66,67,68,69,70,71,72,73,74,75,76,77,78,79,80,81,82,83,84,85,86,87,88,89,90,91,92,93,94,98,99,100,101,102,103,104,105,106,110,182,184,185,186,196,197,198,199,203,204,224,250,263,303,304,305,306,312,313,314,329,330,331,332,333,
79;1;2253;2421;0;0,4,5,17,18,30,31,32,33,34,35,38,39,41,42,46,66,67,68,69,70,71,72,73,74,75,76,77,78,79,80,81,82,83,84,85,86,87,88,89,90,91,92,93,94,98,99,100,101,102,103,104,105,106,110,182,184,185,186,196,197,198,199,203,204,224,250,263,303,304,305,306,312,313,314,329,330,331,332,333,
57;0;2421;2450;1;0,4,5,17,18,30,31,32,33,34,35,38,39,41,42,46,66,67,68,69,70,71,72,73,74,75,76,77,78,79,80,81,82,83,84,85,86,87,88,89,90,91,92,93,94,98,99,100,101,102,103,104,105,106,110,182,184,185,186,196,197,198,199,203,204,224,250,263,303,304,305,306,312,313,314,329,330,331,332,333,
57;1;2450;2551;1;0,4,5,17,18,30,31,32,33,34,35,38,39,41,42,46,66,67,68,69,70,71,72,73,74,75,76,77,78,79,80,81,82,83,84,85,86,87,88,89,90,91,92,93,94,98,99,100,101,102,103,104,105,106,110,182,184,185,186,196,197,198,199,203,204,224,250,263,303,304,305,306,312,313,314,329,330,331,332,333,
87;0;2551;2573;0;0,4,5,17,18,30,31,32,33,34,35,38,39,41,42,46,66,67,68,69,70,71,72,73,74,75,76,77,78,79,80,81,82,83,84,85,86,87,88,89,90,91,92,93,94,98,99,100,101,102,103,104,105,106,110,182,184,185,186,196,197,198,199,203,204,224,250,263,303,304,305,306,312,313,314,329,330,331,332,333,
87;1;2573;2627;0;0,4,5,17,18,30,31,32,33,34,35,38,39,41,42,46,66,67,68,69,70,71,72,73,74,75,76,77,78,79,80,81,82,83,84,85,86,87,88,89,90,91,92,93,94,98,99,100,101,102,103,104,105,106,110,182,184,185,186,196,197,198,199,203,204,224,250,263,303,304,305,306,312,313,314,329,330,331,332,333,
110;0;2627;2728;0;0,4,5,17,18,30,31,32,33,34,35,38,39,41,42,46,66,67,68,69,70,71,72,73,74,75,76,77,78,79,80,81,82,83,84,85,86,87,88,89,90,91,92,93,94,98,99,100,101,102,103,104,105,106,110,182,184,185,186,196,197,198,199,203,204,224,250,263,303,304,305,306,312,313,314,329,330,331,332,333,
64;0;2728;2739;1;0,4,5,17,18,30,31,32,33,34,35,38,39,41,42,46,66,67,68,69,70,71,72,73,74,75,76,77,78,79,80,81,82,83,84,85,86,87,88,89,90,91,92,93,94,98,99,100,101,102,103,104,105,106,110,182,184,185,186,196,197,198,199,203,204,224,250,263,303,304,305,306,312,313,314,329,330,331,332,333,
71;0;2739;2743;0;0,4,5,17,18,30,31,32,33,34,35,38,39,41,42,46,66,67,68,69,70,71,72,73,74,75,76,77,78,79,80,81,82,83,84,85,86,87,88,89,90,91,92,93,94,98,99,100,101,102,103,104,105,106,110,182,184,185,186,196,197,198,199,203,204,224,250,263,303,304,305,306,312,313,314,329,330,331,332,333,
71;1;2743;2754;0;0,4,5,17,18,30,31,32,33,34,35,38,39,41,42,46,66,67,68,69,70,71,72,73,74,75,76,77,78,79,80,81,82,83,84,85,86,87,88,89,90,91,92,93,94,98,99,100,101,102,103,104,105,106,110,182,184,185,186,196,197,198,199,203,204,224,250,263,303,304,305,306,312,313,314,329,330,331,332,333,
131;0;2754;2886;0;0,4,5,17,18,30,31,32,33,34,35,38,39,41,42,46,66,67,68,69,70,71,72,73,74,75,76,77,78,79,80,81,82,83,84,85,86,87,88,89,90,91,92,93,94,98,99,100,101,102,103,104,105,106,110,182,184,185,186,196,197,198,199,203,204,224,250,263,303,304,305,306,312,313,314,329,330,331,332,333,
131;1;2886;3016;0;0,4,5,17,18,30,31,32,33,34,35,38,39,41,42,46,66,67,68,69,70,71,72,73,74,75,76,77,78,79,80,81,82,83,84,85,86,87,88,89,90,91,92,93,94,98,99,100,101,102,103,104,105,106,110,182,184,185,186,196,197,198,199,203,204,224,250,263,303,304,305,306,312,313,314,329,330,331,332,333,
134;0;3016;3090;0;0,4,5,17,18,30,31,32,33,34,35,38,39,41,42,46,66,67,68,69,70,71,72,73,74,75,76,77,78,79,80,81,82,83,84,85,86,87,88,89,90,91,92,93,94,98,99,100,101,102,103,104,105,106,110,182,184,185,186,196,197,198,199,203,204,224,250,263,303,304,305,306,312,313,314,329,330,331,332,333,
123;0;3090;3204;0;0,4,5,17,18,30,31,32,33,34,35,38,39,41,42,46,66,67,68,69,70,71,72,73,74,75,76,77,78,79,80,81,82,83,84,85,86,87,88,89,90,91,92,93,94,98,99,100,101,102,103,104,105,106,110,182,184,185,186,196,197,198,199,203,204,224,250,263,303,304,305,306,312,313,314,329,330,331,332,333,
123;1;3204;3367;0;0,4,5,17,18,30,31,32,33,34,35,38,39,41,42,46,66,67,68,69,70,71,72,73,74,75,76,77,78,79,80,81,82,83,84,85,86,87,88,89,90,91,92,93,94,98,99,100,101,102,103,104,105,106,110,182,184,185,186,196,197,198,199,203,204,224,250,263,303,304,305,306,312,313,314,329,330,331,332,333,
22;0;3367;3497;0;0,4,5,17,18,30,31,32,33,34,35,38,39,41,42,46,66,67,68,69,70,71,72,73,74,75,76,77,78,79,80,81,82,83,84,85,86,87,88,89,90,91,92,93,94,98,99,100,101,102,103,104,105,106,110,182,184,185,186,196,197,198,199,203,204,224,250,263,303,304,305,306,312,313,314,329,330,331,332,333,
118;0;3497;3558;0;0,4,5,17,18,30,31,32,33,34,35,38,39,41,42,46,66,67,68,69,70,71,72,73,74,75,76,77,78,79,80,81,82,83,84,85,86,87,88,89,90,91,92,93,94,98,99,100,101,102,103,104,105,106,110,182,184,185,186,196,197,198,199,203,204,224,250,263,303,304,305,306,312,313,314,329,330,331,332,333,
30;0;3558;3672;0;0,4,5,17,18,30,31,32,33,34,35,38,39,41,42,46,66,67,68,69,70,71,72,73,74,75,76,77,78,79,80,81,82,83,84,85,86,87,88,89,90,91,92,93,94,98,99,100,101,102,103,104,105,106,110,182,184,185,186,196,197,198,199,203,204,224,250,263,303,304,305,306,312,313,314,329,330,331,332,333,
32;0;3672;3840;1;0,4,5,17,18,30,31,32,33,34,35,38,39,41,42,46,66,67,68,69,70,71,72,73,74,75,76,77,78,79,80,81,82,83,84,85,86,87,88,89,90,91,92,93,94,98,99,100,101,102,103,104,105,106,110,182,184,185,186,196,197,198,199,203,204,224,250,263,303,304,305,306,312,313,314,329,330,331,332,333,
98;0;3840;3929;0;0,4,5,17,18,30,31,32,33,34,35,38,39,41,42,46,66,67,68,69,70,71,72,73,74,75,76,77,78,79,80,81,82,83,84,85,86,87,88,89,90,91,92,93,94,98,99,100,101,102,103,104,105,106,110,182,184,185,186,196,197,198,199,203,204,224,250,263,303,304,305,306,312,313,314,329,330,331,332,333,
28;0;3929;3957;1;0,4,5,17,18,30,31,32,33,34,35,38,39,41,42,46,66,67,68,69,70,71,72,73,74,75,76,77,78,79,80,81,82,83,84,85,86,87,88,89,90,91,92,93,94,98,99,100,101,102,103,104,105,106,110,182,184,185,186,196,197,198,199,203,204,224,250,263,303,304,305,306,312,313,314,329,330,331,332,333,
83;0;3957;4008;0;0,4,5,17,18,30,31,32,33,34,35,38,39,41,42,46,66,67,68,69,70,71,72,73,74,75,76,77,78,79,80,81,82,83,84,85,86,87,88,89,90,91,92,93,94,98,99,100,101,102,103,104,105,106,110,182,184,185,186,196,197,198,199,203,204,224,250,263,303,304,305,306,312,313,314,329,330,331,332,333,
83;1;4008;4062;0;0,4,5,17,18,30,31,32,33,34,35,38,39,41,42,46,66,67,68,69,70,71,72,73,74,75,76,77,78,79,80,81,82,83,84,85,86,87,88,89,90,91,92,93,94,98,99,100,101,102,103,104,105,106,110,182,184,185,186,196,197,198,199,203,204,224,250,263,303,304,305,306,312,313,314,329,330,331,332,333,
9;0;4062;4183;1;0,4,5,17,18,30,31,32,33,34,35,38,39,41,42,46,66,67,68,69,70,71,72,73,74,75,76,77,78,79,80,81,82,83,84,85,86,87,88,89,90,91,92,93,94,98,99,100,101,102,103,104,105,106,110,182,184,185,186,196,197,198,199,203,204,224,250,263,303,304,305,306,312,313,314,329,330,331,332,333,
9;1;4183;4257;1;0,4,5,17,18,30,31,32,33,34,35,38,39,41,42,46,66,67,68,69,70,71,72,73,74,75,76,77,78,79,80,81,82,83,84,85,86,87,88,89,90,91,92,93,94,98,99,100,101,102,103,104,105,106,110,182,184,185,186,196,197,198,199,203,204,224,250,263,303,304,305,306,312,313,314,329,330,331,332,333,
124;0;4257;4407;1;0,4,5,17,18,30,31,32,33,34,35,38,39,41,42,46,66,67,68,69,70,71,72,73,74,75,76,77,78,79,80,81,82,83,84,85,86,87,88,89,90,91,92,93,94,98,99,100,101,102,103,104,105,106,110,182,184,185,186,196,197,198,199,203,204,224,250,263,303,304,305,306,312,313,314,329,330,331,332,333,
117;0;4407;4568;1;0,4,5,17,18,30,31,32,33,34,35,38,39,41,42,46,66,67,68,69,70,71,72,73,74,75,76,77,78,79,80,81,82,83,84,85,86,87,88,89,90,91,92,93,94,98,99,100,101,102,103,104,105,106,110,182,184,185,186,196,197,198,199,203,204,224,250,263,303,304,305,306,312,313,314,329,330,331,332,333,
117;1;4568;4579;1;0,4,5,17,18,30,31,32,33,34,35,38,39,41,42,46,66,67,68,69,70,71,72,73,74,75,76,77,78,79,80,81,82,83,84,85,86,87,88,89,90,91,92,93,94,98,99,100,101,102,103,104,105,106,110,182,184,185,186,196,197,198,199,203,204,224,250,263,303,304,305,306,312,313,314,329,330,331,332,333,
129;0;4579;4710;1;0,4,5,17,18,30,31,32,33,34,35,38,39,41,42,46,66,67,68,69,70,71,72,73,74,75,76,77,78,79,80,81,82,83,84,85,86,87,88,89,90,91,92,93,94,98,99,100,101,102,103,104,105,106,110,182,184,185,186,196,197,198,199,203,204,224,250,263,303,304,305,306,312,313,314,329,330,331,332,333,
129;1;4710;4763;1;0,4,5,17,18,30,31,32,33,34,35,38,39,41,42,46,66,67,68,69,70,71,72,73,74,75,76,77,78,79,80,81,82,83,84,85,86,87,88,89,90,91,92,93,94,98,99,100,101,102,103,104,105,106,110,182,184,185,186,196,197,198,199,203,204,224,250,263,303,304,305,306,312,313,314,329,330,331,332,333,
109;0;4763;4864;1;0,4,5,17,18,30,31,32,33,34,35,38,39,41,42,46,66,67,68,69,70,71,72,73,74,75,76,77,78,79,80,81,82,83,84,85,86,87,88,89,90,91,92,93,94,98,99,100,101,102,103,104,105,106,110,182,184,185,186,196,197,198,199,203,204,224,250,263,303,304,305,306,312,313,314,329,330,331,332,333,
109;1;4864;5027;1;0,4,5,17,18,30,31,32,33,34,35,38,39,41,42,46,66,67,68,69,70,71,72,73,74,75,76,77,78,79,80,81,82,83,84,85,86,87,88,89,90,91,92,93,94,98,99,100,101,102,103,104,105,106,110,182,184,185,186,196,197,198,199,203,204,224,250,263,303,304,305,306,312,313,314,329,330,331,332,333,
34;0;5027;5190;0;0,4,5,11,12,13,14,15,16,17,18,19,20,21,22,23,24,25,26,27,28,29,30,31,32,33,34,35,38,39,40,41,42,43,44,45,46,47,48,66,67,75,98,99,103,110,182,184,185,186,196,197,198,199,203,204,229,275,276,277,278,279,280,281,282,283,284,285,286,287,288,289,307,308,309,310,311,356,357,358,
115;0;5190;5194;0;0,4,5,11,12,13,14,15,16,17,18,19,20,21,22,23,24,25,26,27,28,29,30,31,32,33,34,35,38,39,40,41,42,43,44,45,46,47,48,66,67,75,98,99,103,110,182,184,185,186,196,197,198,199,203,204,229,275,276,277,278,279,280,281,282,283,284,285,286,287,288,289,307,308,309,310,311,356,357,358,
115;1;5194;5324;0;0,4,5,11,12,13,14,15,16,17,18,19,20,21,22,23,24,25,26,27,28,29,30,31,32,33,34,35,38,39,40,41,42,43,44,45,46,47,48,66,67,75,98,99,103,110,182,184,185,186,196,197,198,199,203,204,229,275,276,277,278,279,280,281,282,283,284,285,286,287,288,289,307,308,309,310,311,356,357,358,
3;0;5324;5436;0;0,4,5,11,12,13,14,15,16,17,18,19,20,21,22,23,24,25,26,27,28,29,30,31,32,33,34,35,38,39,40,41,42,43,44,45,46,47,48,66,67,75,98,99,103,110,182,184,185,186,196,197,198,199,203,204,229,275,276,277,278,279,280,281,282,283,284,285,286,287,288,289,307,308,309,310,311,356,357,358,
3;1;5436;5464;0;0,4,5,11,12,13,14,15,16,17,18,19,20,21,22,23,24,25,26,27,28,29,30,31,32,33,34,35,38,39,40,41,42,43,44,45,46,47,48,66,67,75,98,99,103,110,182,184,185,186,196,197,198,199,203,204,229,275,276,277,278,279,280,281,282,283,284,285,286,287,288,289,307,308,309,310,311,356,357,358,
7;0;5464;5521;0;0,4,5,11,12,13,14,15,16,17,18,19,20,21,22,23,24,25,26,27,28,29,30,31,32,33,34,35,38,39,40,41,42,43,44,45,46,47,48,66,67,75,98,99,103,110,182,184,185,186,196,197,198,199,203,204,229,275,276,277,278,279,280,281,282,283,284,285,286,287,288,289,307,308,309,310,311,356,357,358,
7;1;5521;5566;0;0,4,5,11,12,13,14,15,16,17,18,19,20,21,22,23,24,25,26,27,28,29,30,31,32,33,34,35,38,39,40,41,42,43,44,45,46,47,48,66,67,75,98,99,103,110,182,184,185,186,196,197,198,199,203,204,229,275,276,277,278,279,280,281,282,283,284,285,286,287,288,289,307,308,309,310,311,356,357,358,
1;0;5566;5598;0;0,4,5,11,12,13,14,15,16,17,18,19,20,21,22,23,24,25,26,27,28,29,30,31,32,33,34,35,38,39,40,41,42,43,44,45,46,47,48,66,67,75,98,99,103,110,182,184,185,186,196,197,198,199,203,204,229,275,276,277,278,279,280,281,282,283,284,285,286,287,288,289,307,308,309,310,311,356,357,358,
1;1;5598;5637;0;0,4,5,11,12,13,14,15,16,17,18,19,20,21,22,23,24,25,26,27,28,29,30,31,32,33,34,35,38,39,40,41,42,43,44,45,46,47,48,66,67,75,98,99,103,110,182,184,185,186,196,197,198,199,203,204,229,275,276,277,278,279,280,281,282,283,284,285,286,287,288,289,307,308,309,310,311,356,357,358,
46;0;5637;5800;0;0,4,5,11,12,13,14,15,16,17,18,19,20,21,22,23,24,25,26,27,28,29,30,31,32,33,34,35,38,39,40,41,42,43,44,45,46,47,48,66,67,75,98,99,103,110,182,184,185,186,196,197,198,199,203,204,229,275,276,277,278,279,280,281,282,283,284,285,286,287,288,289,307,308,309,310,311,356,357,358,
130;0;5800;5853;0;0,4,5,11,12,13,14,15,16,17,18,19,20,21,22,23,24,25,26,27,28,29,30,31,32,33,34,35,38,39,40,41,42,43,44,45,46,47,48,66,67,75,98,99,103,110,182,184,185,186,196,197,198,199,203,204,229,275,276,277,278,279,280,281,282,283,284,285,286,287,288,289,307,308,309,310,311,356,357,358,
132;0;5853;5948;1;0,4,5,11,12,13,14,15,16,17,18,19,20,21,22,23,24,25,26,27,28,29,30,31,32,33,34,35,38,39,40,41,42,43,44,45,46,47,48,66,67,75,98,99,103,110,182,184,185,186,196,197,198,199,203,204,229,275,276,277,278,279,280,281,282,283,284,285,286,287,288,289,307,308,309,310,311,356,357,358,
18;0;5948;6043;0;0,4,5,11,12,13,14,15,16,17,18,19,20,21,22,23,24,25,26,27,28,29,30,31,32,33,34,35,38,39,40,41,42,43,44,45,46,47,48,66,67,75,98,99,103,110,182,184,185,186,196,197,198,199,203,204,229,275,276,277,278,279,280,281,282,283,284,285,286,287,288,289,307,308,309,310,311,356,357,358,
4;0;6043;6173;1;0,4,5,11,12,13,14,15,16,17,18,19,20,21,22,23,24,25,26,27,28,29,30,31,32,33,34,35,38,39,40,41,42,43,44,45,46,47,48,66,67,75,98,99,103,110,182,184,185,186,196,197,198,199,203,204,229,275,276,277,278,279,280,281,282,283,284,285,286,287,288,289,307,308,309,310,311,356,357,358,
77;0;6173;6217;1;0,4,5,11,12,13,14,15,16,17,18,19,20,21,22,23,24,25,26,27,28,29,30,31,32,33,34,35,38,39,40,41,42,43,44,45,46,47,48,66,67,75,98,99,103,110,182,184,185,186,196,197,198,199,203,204,229,275,276,277,278,279,280,281,282,283,284,285,286,287,288,289,307,308,309,310,311,356,357,358,
77;1;6217;6236;1;0,4,5,11,12,13,14,15,16,17,18,19,20,21,22,23,24,25,26,27,28,29,30,31,32,33,34,35,38,39,40,41,42,43,44,45,46,47,48,66,67,75,98,99,103,110,182,184,185,186,196,197,198,199,203,204,229,275,276,277,278,279,280,281,282,283,284,285,286,287,288,289,307,308,309,310,311,356,357,358,
114;0;6236;6275;0;0,4,5,11,12,13,14,15,16,17,18,19,20,21,22,23,24,25,26,27,28,29,30,31,32,33,34,35,38,39,40,41,42,43,44,45,46,47,48,66,67,75,98,99,103,110,182,184,185,186,196,197,198,199,203,204,229,275,276,277,278,279,280,281,282,283,284,285,286,287,288,289,307,308,309,310,311,356,357,358,
6;0;6275;6425;0;0,4,5,11,12,13,14,15,16,17,18,19,20,21,22,23,24,25,26,27,28,29,30,31,32,33,34,35,38,39,40,41,42,43,44,45,46,47,48,66,67,75,98,99,103,110,182,184,185,186,196,197,198,199,203,204,229,275,276,277,278,279,280,281,282,283,284,285,286,287,288,289,307,308,309,310,311,356,357,358,
35;0;6425;6526;0;0,4,5,11,12,13,14,15,16,17,18,19,20,21,22,23,24,25,26,27,28,29,30,31,32,33,34,35,38,39,40,41,42,43,44,45,46,47,48,66,67,75,98,99,103,110,182,184,185,186,196,197,198,199,203,204,229,275,276,277,278,279,280,281,282,283,284,285,286,287,288,289,307,308,309,310,311,356,357,358,
35;1;6526;6618;0;0,4,5,11,12,13,14,15,16,17,18,19,20,21,22,23,24,25,26,27,28,29,30,31,32,33,34,35,38,39,40,41,42,43,44,45,46,47,48,66,67,75,98,99,103,110,182,184,185,186,196,197,198,199,203,204,229,275,276,277,278,279,280,281,282,283,284,285,286,287,288,289,307,308,309,310,311,356,357,358,
43;0;6618;6629;0;0,4,5,11,12,13,14,15,16,17,18,19,20,21,22,23,24,25,26,27,28,29,30,31,32,33,34,35,38,39,40,41,42,43,44,45,46,47,48,66,67,75,98,99,103,110,182,184,185,186,196,197,198,199,203,204,229,275,276,277,278,279,280,281,282,283,284,285,286,287,288,289,307,308,309,310,311,356,357,358,
43;1;6629;6682;0;0,4,5,11,12,13,14,15,16,17,18,19,20,21,22,23,24,25,26,27,28,29,30,31,32,33,34,35,38,39,40,41,42,43,44,45,46,47,48,66,67,75,98,99,103,110,182,184,185,186,196,197,198,199,203,204,229,275,276,277,278,279,280,281,282,283,284,285,286,287,288,289,307,308,309,310,311,356,357,358,
122;0;6682;6832;0;0,4,5,11,12,13,14,15,16,17,18,19,20,21,22,23,24,25,26,27,28,29,30,31,32,33,34,35,38,39,40,41,42,43,44,45,46,47,48,66,67,75,98,99,103,110,182,184,185,186,196,197,198,199,203,204,229,275,276,277,278,279,280,281,282,283,284,285,286,287,288,289,307,308,309,310,311,356,357,358,
44;0;6832;6962;1;0,4,5,11,12,13,14,15,16,17,18,19,20,21,22,23,24,25,26,27,28,29,30,31,32,33,34,35,38,39,40,41,42,43,44,45,46,47,48,66,67,75,98,99,103,110,182,184,185,186,196,197,198,199,203,204,229,275,276,277,278,279,280,281,282,283,284,285,286,287,288,289,307,308,309,310,311,356,357,358,
107;0;6962;7134;0;0,4,5,11,12,13,14,15,16,17,18,19,20,21,22,23,24,25,26,27,28,29,30,31,32,33,34,35,38,39,40,41,42,43,44,45,46,47,48,66,67,75,98,99,103,110,182,184,185,186,196,197,198,199,203,204,229,275,276,277,278,279,280,281,282,283,284,285,286,287,288,289,307,308,309,310,311,356,357,358,
107;1;7134;7248;0;0,4,5,11,12,13,14,15,16,17,18,19,20,21,22,23,24,25,26,27,28,29,30,31,32,33,34,35,38,39,40,41,42,43,44,45,46,47,48,66,67,75,98,99,103,110,182,184,185,186,196,197,198,199,203,204,229,275,276,277,278,279,280,281,282,283,284,285,286,287,288,289,307,308,309,310,311,356,357,358,
59;0;7248;7287;0;0,4,5,11,12,13,14,15,16,17,18,19,20,21,22,23,24,25,26,27,28,29,30,31,32,33,34,35,38,39,40,41,42,43,44,45,46,47,48,66,67,75,98,99,103,110,182,184,185,186,196,197,198,199,203,204,229,275,276,277,278,279,280,281,282,283,284,285,286,287,288,289,307,308,309,310,311,356,357,358,
59;1;7287;7332;0;0,4,5,11,12,13,14,15,16,17,18,19,20,21,22,23,24,25,26,27,28,29,30,31,32,33,34,35,38,39,40,41,42,43,44,45,46,47,48,66,67,75,98,99,103,110,182,184,185,186,196,197,198,199,203,204,229,275,276,277,278,279,280,281,282,283,284,285,286,287,288,289,307,308,309,310,311,356,357,358,
86;0;7332;7382;0;0,4,5,11,12,13,14,15,16,17,18,19,20,21,22,23,24,25,26,27,28,29,30,31,32,33,34,35,38,39,40,41,42,43,44,45,46,47,48,66,67,75,98,99,103,110,182,184,185,186,196,197,198,199,203,204,229,275,276,277,278,279,280,281,282,283,284,285,286,287,288,289,307,308,309,310,311,356,357,358,
78;0;7382;7483;0;0,4,5,11,12,13,14,15,16,17,18,19,20,21,22,23,24,25,26,27,28,29,30,31,32,33,34,35,38,39,40,41,42,43,44,45,46,47,48,66,67,75,98,99,103,110,182,184,185,186,196,197,198,199,203,204,229,275,276,277,278,279,280,281,282,283,284,285,286,287,288,289,307,308,309,310,311,356,357,358,
76;0;7483;7528;1;0,4,5,11,12,13,14,15,16,17,18,19,20,21,22,23,24,25,26,27,28,29,30,31,32,33,34,35,38,39,40,41,42,43,44,45,46,47,48,66,67,75,98,99,103,110,182,184,185,186,196,197,198,199,203,204,229,275,276,277,278,279,280,281,282,283,284,285,286,287,288,289,307,308,309,310,311,356,357,358,
113;0;7528;7594;1;0,4,5,11,12,13,14,15,16,17,18,19,20,21,22,23,24,25,26,27,28,29,30,31,32,33,34,35,38,39,40,41,42,43,44,45,46,47,48,66,67,75,98,99,103,110,182,184,185,186,196,197,198,199,203,204,229,275,276,277,278,279,280,281,282,283,284,285,286,287,288,289,307,308,309,310,311,356,357,358,
113;1;7594;7686;1;0,4,5,11,12,13,14,15,16,17,18,19,20,21,22,23,24,25,26,27,28,29,30,31,32,33,34,35,38,39,40,41,42,43,44,45,46,47,48,66,67,75,98,99,103,110,182,184,185,186,196,197,198,199,203,204,229,275,276,277,278,279,280,281,282,283,284,285,286,287,288,289,307,308,309,310,311,356,357,358,
73;0;7686;7858;1;0,4,5,11,12,13,14,15,16,17,18,19,20,21,22,23,24,25,26,27,28,29,30,31,32,33,34,35,38,39,40,41,42,43,44,45,46,47,48,66,67,75,98,99,103,110,182,184,185,186,196,197,198,199,203,204,229,275,276,277,278,279,280,281,282,283,284,285,286,287,288,289,307,308,309,310,311,356,357,358,
73;1;7858;8026;1;0,4,5,11,12,13,14,15,16,17,18,19,20,21,22,23,24,25,26,27,28,29,30,31,32,33,34,35,38,39,40,41,42,43,44,45,46,47,48,66,67,75,98,99,103,110,182,184,185,186,196,197,198,199,203,204,229,275,276,277,278,279,280,281,282,283,284,285,286,287,288,289,307,308,309,310,311,356,357,358,
112;0;8026;8176;1;0,4,5,11,12,13,14,15,16,17,18,19,20,21,22,23,24,25,26,27,28,29,30,31,32,33,34,35,38,39,40,41,42,43,44,45,46,47,48,66,67,75,98,99,103,110,182,184,185,186,196,197,198,199,203,204,229,275,276,277,278,279,280,281,282,283,284,285,286,287,288,289,307,308,309,310,311,356,357,358,
90;0;8176;8204;0;0,4,5,11,12,13,14,15,16,17,18,19,20,21,22,23,24,25,26,27,28,29,30,31,32,33,34,35,38,39,40,41,42,43,44,45,46,47,48,66,67,75,98,99,103,110,182,184,185,186,196,197,198,199,203,204,229,275,276,277,278,279,280,281,282,283,284,285,286,287,288,289,307,308,309,310,311,356,357,358,
31;0;8204;8358;0;0,4,5,11,12,13,14,15,16,17,18,19,20,21,22,23,24,25,26,27,28,29,30,31,32,33,34,35,38,39,40,41,42,43,44,45,46,47,48,66,67,75,98,99,103,110,182,184,185,186,196,197,198,199,203,204,229,275,276,277,278,279,280,281,282,283,284,285,286,287,288,289,307,308,309,310,311,356,357,358,
31;1;8358;8386;0;0,4,5,11,12,13,14,15,16,17,18,19,20,21,22,23,24,25,26,27,28,29,30,31,32,33,34,35,38,39,40,41,42,43,44,45,46,47,48,66,67,75,98,99,103,110,182,184,185,186,196,197,198,199,203,204,229,275,276,277,278,279,280,281,282,283,284,285,286,287,288,289,307,308,309,310,311,356,357,358,
58;0;8386;8500;0;0,4,5,11,12,13,14,15,16,17,18,19,20,21,22,23,24,25,26,27,28,29,30,31,32,33,34,35,38,39,40,41,42,43,44,45,46,47,48,66,67,75,98,99,103,110,182,184,185,186,196,197,198,199,203,204,229,275,276,277,278,279,280,281,282,283,284,285,286,287,288,289,307,308,309,310,311,356,357,358,
25;0;8500;8661;1;0,4,5,11,12,13,14,15,16,17,18,19,20,21,22,23,24,25,26,27,28,29,30,31,32,33,34,35,38,39,40,41,42,43,44,45,46,47,48,66,67,75,98,99,103,110,182,184,185,186,196,197,198,199,203,204,229,275,276,277,278,279,280,281,282,283,284,285,286,287,288,289,307,308,309,310,311,356,357,358,
25;1;8661;8791;1;0,4,5,11,12,13,14,15,16,17,18,19,20,21,22,23,24,25,26,27,28,29,30,31,32,33,34,35,38,39,40,41,42,43,44,45,46,47,48,66,67,75,98,99,103,110,182,184,185,186,196,197,198,199,203,204,229,275,276,277,278,279,280,281,282,283,284,285,286,287,288,289,307,308,309,310,311,356,357,358,
104;0;8791;8883;1;0,4,5,11,12,13,14,15,16,17,18,19,20,21,22,23,24,25,26,27,28,29,30,31,32,33,34,35,38,39,40,41,42,43,44,45,46,47,48,66,67,75,98,99,103,110,182,184,185,186,196,197,198,199,203,204,229,275,276,277,278,279,280,281,282,283,284,285,286,287,288,289,307,308,309,310,311,356,357,358,
23;0;8883;8971;0;0,4,5,11,12,13,14,15,16,17,18,19,20,21,22,23,24,25,26,27,28,29,30,31,32,33,34,35,38,39,40,41,42,43,44,45,46,47,48,66,67,75,98,99,103,110,182,184,185,186,196,197,198,199,203,204,229,275,276,277,278,279,280,281,282,283,284,285,286,287,288,289,307,308,309,310,311,356,357,358,
23;1;8971;9012;0;0,4,5,11,12,13,14,15,16,17,18,19,20,21,22,23,24,25,26,27,28,29,30,31,32,33,34,35,38,39,40,41,42,43,44,45,46,47,48,66,67,75,98,99,103,110,182,184,185,186,196,197,198,199,203,204,229,275,276,277,278,279,280,281,282,283,284,285,286,287,288,289,307,308,309,310,311,356,357,358,
97;0;9012;9176;1;0,4,5,11,12,13,14,15,16,17,18,19,20,21,22,23,24,25,26,27,28,29,30,31,32,33,34,35,38,39,40,41,42,43,44,45,46,47,48,66,67,75,98,99,103,110,182,184,185,186,196,197,198,199,203,204,229,275,276,277,278,279,280,281,282,283,284,285,286,287,288,289,307,308,309,310,311,356,357,358,
97;1;9176;9326;1;0,4,5,11,12,13,14,15,16,17,18,19,20,21,22,23,24,25,26,27,28,29,30,31,32,33,34,35,38,39,40,41,42,43,44,45,46,47,48,66,67,75,98,99,103,110,182,184,185,186,196,197,198,199,203,204,229,275,276,277,278,279,280,281,282,283,284,285,286,287,288,289,307,308,309,310,311,356,357,358,
42;0;9326;9367;0;0,4,5,11,12,13,14,15,16,17,18,19,20,21,22,23,24,25,26,27,28,29,30,31,32,33,34,35,38,39,40,41,42,43,44,45,46,47,48,66,67,75,98,99,103,110,182,184,185,186,196,197,198,199,203,204,229,275,276,277,278,279,280,281,282,283,284,285,286,287,288,289,307,308,309,310,311,356,357,358,
24;0;9367;9468;1;0,4,5,11,12,13,14,15,16,17,18,19,20,21,22,23,24,25,26,27,28,29,30,31,32,33,34,35,38,39,40,41,42,43,44,45,46,47,48,66,67,75,98,99,103,110,182,184,185,186,196,197,198,199,203,204,229,275,276,277,278,279,280,281,282,283,284,285,286,287,288,289,307,308,309,310,311,356,357,358,
2;0;9468;9479;1;0,4,5,11,12,13,14,15,16,17,18,19,20,21,22,23,24,25,26,27,28,29,30,31,32,33,34,35,38,39,40,41,42,43,44,45,46,47,48,66,67,75,98,99,103,110,182,184,185,186,196,197,198,199,203,204,229,275,276,277,278,279,280,281,282,283,284,285,286,287,288,289,307,308,309,310,311,356,357,358,
61;0;9479;9567;1;0,4,5,11,12,13,14,15,16,17,18,19,20,21,22,23,24,25,26,27,28,29,30,31,32,33,34,35,38,39,40,41,42,43,44,45,46,47,48,66,67,75,98,99,103,110,182,184,185,186,196,197,198,199,203,204,229,275,276,277,278,279,280,281,282,283,284,285,286,287,288,289,307,308,309,310,311,356,357,358,
61;1;9567;9608;1;0,4,5,11,12,13,14,15,16,17,18,19,20,21,22,23,24,25,26,27,28,29,30,31,32,33,34,35,38,39,40,41,42,43,44,45,46,47,48,66,67,75,98,99,103,110,182,184,185,186,196,197,198,199,203,204,229,275,276,277,278,279,280,281,282,283,284,285,286,287,288,289,307,308,309,310,311,356,357,358,
END
fineshedJobsCount: 208
switchs: 180
switchsInstances: 4
unfineshedPriorityCount: 0
totalUnfineshed: 1
criticalMachineSwitchs: 81
criticalMachineTime: 10031
Final Solution: 6020
Time: 243890
PTL: 192
MCMC: 499
Best Initial: 5320
Mean Initial: 5071.55
