./input/BaseInstances/6M1_n=210,r=0.6,t=266,v0.txt;./input/Processed/ToolSetInt.csv
7;720;1440
Machine: 0
77;0;0;45;0;0,1,2,3,4,5,6,7,8,9,10,11,12,13,14,15,16,17,18,19,20,21,22,23,29,36,37,38,40,44,48,53,63,64,65,66,67,68,69,85,88,90,102,104,106,113,115,134,135,155,167,168,169,170,171,172,177,178,179,180,181,182,183,184,185,186,187,188,189,190,191,192,208,211,212,213,216,250,259,262,
104;0;45;98;1;0,1,2,3,4,5,6,7,8,9,10,11,12,13,14,15,16,17,18,19,20,21,22,23,29,36,37,38,40,44,48,53,63,64,65,66,67,68,69,85,88,90,102,104,106,113,115,134,135,155,167,168,169,170,171,172,177,178,179,180,181,182,183,184,185,186,187,188,189,190,191,192,208,211,212,213,216,250,259,262,
104;1;98;268;1;0,1,2,3,4,5,6,7,8,9,10,11,12,13,14,15,16,17,18,19,20,21,22,23,29,36,37,38,40,44,48,53,63,64,65,66,67,68,69,85,88,90,102,104,106,113,115,134,135,155,167,168,169,170,171,172,177,178,179,180,181,182,183,184,185,186,187,188,189,190,191,192,208,211,212,213,216,250,259,262,
0;0;268;297;1;0,1,2,3,4,5,6,7,8,9,10,11,12,13,14,15,16,17,18,19,20,21,22,23,29,36,37,38,40,44,48,53,63,64,65,66,67,68,69,85,88,90,102,104,106,113,115,134,135,155,167,168,169,170,171,172,177,178,179,180,181,182,183,184,185,186,187,188,189,190,191,192,208,211,212,213,216,250,259,262,
0;1;297;352;1;0,1,2,3,4,5,6,7,8,9,10,11,12,13,14,15,16,17,18,19,20,21,22,23,29,36,37,38,40,44,48,53,63,64,65,66,67,68,69,85,88,90,102,104,106,113,115,134,135,155,167,168,169,170,171,172,177,178,179,180,181,182,183,184,185,186,187,188,189,190,191,192,208,211,212,213,216,250,259,262,
6;0;352;513;1;0,1,2,3,4,5,6,7,8,9,10,11,12,13,14,15,16,17,18,19,20,21,22,23,29,36,37,38,40,44,48,53,63,64,65,66,67,68,69,85,88,90,102,104,106,113,115,134,135,155,167,168,169,170,171,172,177,178,179,180,181,182,183,184,185,186,187,188,189,190,191,192,208,211,212,213,216,250,259,262,
6;1;513;603;1;0,1,2,3,4,5,6,7,8,9,10,11,12,13,14,15,16,17,18,19,20,21,22,23,29,36,37,38,40,44,48,53,63,64,65,66,67,68,69,85,88,90,102,104,106,113,115,134,135,155,167,168,169,170,171,172,177,178,179,180,181,182,183,184,185,186,187,188,189,190,191,192,208,211,212,213,216,250,259,262,
66;0;603;663;1;0,1,2,3,4,5,6,7,8,9,10,11,12,13,14,15,16,17,18,19,20,21,22,23,29,36,37,38,40,44,48,53,63,64,65,66,67,68,69,85,88,90,102,104,106,113,115,134,135,155,167,168,169,170,171,172,177,178,179,180,181,182,183,184,185,186,187,188,189,190,191,192,208,211,212,213,216,250,259,262,
66;1;663;824;1;0,1,2,3,4,5,6,7,8,9,10,11,12,13,14,15,16,17,18,19,20,21,22,23,29,36,37,38,40,44,48,53,63,64,65,66,67,68,69,85,88,90,102,104,106,113,115,134,135,155,167,168,169,170,171,172,177,178,179,180,181,182,183,184,185,186,187,188,189,190,191,192,208,211,212,213,216,250,259,262,
64;0;824;914;1;0,1,2,3,4,5,6,7,8,9,10,11,12,13,14,15,16,17,18,19,20,21,22,23,29,36,37,38,40,44,48,53,63,64,65,66,67,68,69,85,88,90,102,104,106,113,115,134,135,155,167,168,169,170,171,172,177,178,179,180,181,182,183,184,185,186,187,188,189,190,191,192,208,211,212,213,216,250,259,262,
64;1;914;979;1;0,1,2,3,4,5,6,7,8,9,10,11,12,13,14,15,16,17,18,19,20,21,22,23,29,36,37,38,40,44,48,53,63,64,65,66,67,68,69,85,88,90,102,104,106,113,115,134,135,155,167,168,169,170,171,172,177,178,179,180,181,182,183,184,185,186,187,188,189,190,191,192,208,211,212,213,216,250,259,262,
34;0;979;1001;1;0,1,2,3,4,5,6,7,8,9,10,11,12,13,14,15,16,17,18,19,20,21,22,23,29,36,37,38,40,44,48,53,63,64,65,66,67,68,69,85,88,90,102,104,106,113,115,134,135,155,167,168,169,170,171,172,177,178,179,180,181,182,183,184,185,186,187,188,189,190,191,192,208,211,212,213,216,250,259,262,
34;1;1001;1050;1;0,1,2,3,4,5,6,7,8,9,10,11,12,13,14,15,16,17,18,19,20,21,22,23,29,36,37,38,40,44,48,53,63,64,65,66,67,68,69,85,88,90,102,104,106,113,115,134,135,155,167,168,169,170,171,172,177,178,179,180,181,182,183,184,185,186,187,188,189,190,191,192,208,211,212,213,216,250,259,262,
123;0;1050;1170;0;0,1,2,3,4,5,6,7,8,9,10,11,12,13,14,15,16,17,18,19,20,21,22,23,29,36,37,38,40,44,48,53,63,64,65,66,67,68,69,85,88,90,102,104,106,113,115,134,135,155,167,168,169,170,171,172,177,178,179,180,181,182,183,184,185,186,187,188,189,190,191,192,208,211,212,213,216,250,259,262,
123;1;1170;1225;0;0,1,2,3,4,5,6,7,8,9,10,11,12,13,14,15,16,17,18,19,20,21,22,23,29,36,37,38,40,44,48,53,63,64,65,66,67,68,69,85,88,90,102,104,106,113,115,134,135,155,167,168,169,170,171,172,177,178,179,180,181,182,183,184,185,186,187,188,189,190,191,192,208,211,212,213,216,250,259,262,
46;0;1225;1330;1;0,1,2,3,4,5,6,7,8,9,10,11,12,13,14,15,16,17,18,19,20,21,22,23,29,36,37,38,40,44,48,53,63,64,65,66,67,68,69,85,88,90,102,104,106,113,115,134,135,155,167,168,169,170,171,172,177,178,179,180,181,182,183,184,185,186,187,188,189,190,191,192,208,211,212,213,216,250,259,262,
46;1;1330;1500;1;0,1,2,3,4,5,6,7,8,9,10,11,12,13,14,15,16,17,18,19,20,21,22,23,29,36,37,38,40,44,48,53,63,64,65,66,67,68,69,85,88,90,102,104,106,113,115,134,135,155,167,168,169,170,171,172,177,178,179,180,181,182,183,184,185,186,187,188,189,190,191,192,208,211,212,213,216,250,259,262,
67;0;1500;1555;0;0,1,2,3,4,5,6,7,8,9,10,11,12,13,14,15,16,17,18,19,20,21,22,23,29,36,37,38,40,44,48,53,63,64,65,66,67,68,69,85,88,90,102,104,106,113,115,134,135,155,167,168,169,170,171,172,177,178,179,180,181,182,183,184,185,186,187,188,189,190,191,192,208,211,212,213,216,250,259,262,
122;0;1555;1716;0;0,1,2,3,4,5,6,7,8,9,10,11,12,13,14,15,16,17,18,19,20,21,22,23,29,36,37,38,40,44,48,53,63,64,65,66,67,68,69,85,88,90,102,104,106,113,115,134,135,155,167,168,169,170,171,172,177,178,179,180,181,182,183,184,185,186,187,188,189,190,191,192,208,211,212,213,216,250,259,262,
81;0;1716;1781;1;0,1,2,3,4,5,6,7,8,9,10,11,12,13,14,15,16,17,18,19,20,21,22,23,29,36,37,38,40,44,48,53,63,64,65,66,67,68,69,85,88,90,102,104,106,113,115,134,135,155,167,168,169,170,171,172,177,178,179,180,181,182,183,184,185,186,187,188,189,190,191,192,208,211,212,213,216,250,259,262,
81;1;1781;1890;1;0,1,2,3,4,5,6,7,8,9,10,11,12,13,14,15,16,17,18,19,20,21,22,23,29,36,37,38,40,44,48,53,63,64,65,66,67,68,69,85,88,90,102,104,106,113,115,134,135,155,167,168,169,170,171,172,177,178,179,180,181,182,183,184,185,186,187,188,189,190,191,192,208,211,212,213,216,250,259,262,
89;0;1890;1999;1;0,1,2,3,4,5,6,7,8,9,10,11,12,13,14,15,16,17,18,19,20,21,22,23,29,36,37,38,40,44,48,53,63,64,65,66,67,68,69,85,88,90,102,104,106,113,115,134,135,155,167,168,169,170,171,172,177,178,179,180,181,182,183,184,185,186,187,188,189,190,191,192,208,211,212,213,216,250,259,262,
89;1;1999;2083;1;0,1,2,3,4,5,6,7,8,9,10,11,12,13,14,15,16,17,18,19,20,21,22,23,29,36,37,38,40,44,48,53,63,64,65,66,67,68,69,85,88,90,102,104,106,113,115,134,135,155,167,168,169,170,171,172,177,178,179,180,181,182,183,184,185,186,187,188,189,190,191,192,208,211,212,213,216,250,259,262,
23;0;2083;2189;0;0,1,2,3,4,5,6,7,8,9,10,11,12,13,14,15,16,17,18,19,20,21,22,23,29,36,37,38,40,44,48,53,63,64,65,66,67,68,69,85,88,90,102,104,106,113,115,134,135,155,167,168,169,170,171,172,177,178,179,180,181,182,183,184,185,186,187,188,189,190,191,192,208,211,212,213,216,250,259,262,
23;1;2189;2346;0;0,1,2,3,4,5,6,7,8,9,10,11,12,13,14,15,16,17,18,19,20,21,22,23,29,36,37,38,40,44,48,53,63,64,65,66,67,68,69,85,88,90,102,104,106,113,115,134,135,155,167,168,169,170,171,172,177,178,179,180,181,182,183,184,185,186,187,188,189,190,191,192,208,211,212,213,216,250,259,262,
8;0;2346;2459;0;0,1,2,3,4,5,6,7,8,9,10,11,12,13,14,15,16,17,18,19,20,21,22,23,29,36,37,38,40,44,48,53,63,64,65,66,67,68,69,85,88,90,102,104,106,113,115,134,135,155,167,168,169,170,171,172,177,178,179,180,181,182,183,184,185,186,187,188,189,190,191,192,208,211,212,213,216,250,259,262,
8;1;2459;2595;0;0,1,2,3,4,5,6,7,8,9,10,11,12,13,14,15,16,17,18,19,20,21,22,23,29,36,37,38,40,44,48,53,63,64,65,66,67,68,69,85,88,90,102,104,106,113,115,134,135,155,167,168,169,170,171,172,177,178,179,180,181,182,183,184,185,186,187,188,189,190,191,192,208,211,212,213,216,250,259,262,
115;0;2595;2718;0;0,1,2,3,4,5,6,7,8,9,10,11,12,13,14,15,16,17,18,19,20,21,22,23,29,36,37,38,40,44,48,53,63,64,65,66,67,68,69,85,88,90,102,104,106,113,115,134,135,155,167,168,169,170,171,172,177,178,179,180,181,182,183,184,185,186,187,188,189,190,191,192,208,211,212,213,216,250,259,262,
98;0;2718;2791;0;0,1,2,3,4,5,6,7,8,9,10,11,12,13,14,15,16,17,18,19,20,21,22,23,29,36,37,38,40,44,48,53,63,64,65,66,67,68,69,85,88,90,102,104,106,113,115,134,135,155,167,168,169,170,171,172,177,178,179,180,181,182,183,184,185,186,187,188,189,190,191,192,208,211,212,213,216,250,259,262,
98;1;2791;2948;0;0,1,2,3,4,5,6,7,8,9,10,11,12,13,14,15,16,17,18,19,20,21,22,23,29,36,37,38,40,44,48,53,63,64,65,66,67,68,69,85,88,90,102,104,106,113,115,134,135,155,167,168,169,170,171,172,177,178,179,180,181,182,183,184,185,186,187,188,189,190,191,192,208,211,212,213,216,250,259,262,
26;0;2948;3092;1;0,1,2,3,4,5,6,7,8,9,10,11,12,13,14,15,16,17,18,19,20,21,22,23,29,36,37,38,40,44,48,53,63,64,65,66,67,68,69,85,88,90,102,104,106,113,115,134,135,155,167,168,169,170,171,172,177,178,179,180,181,182,183,184,185,186,187,188,189,190,191,192,208,211,212,213,216,250,259,262,
26;1;3092;3133;1;0,1,2,3,4,5,6,7,8,9,10,11,12,13,14,15,16,17,18,19,20,21,22,23,29,36,37,38,40,44,48,53,63,64,65,66,67,68,69,85,88,90,102,104,106,113,115,134,135,155,167,168,169,170,171,172,177,178,179,180,181,182,183,184,185,186,187,188,189,190,191,192,208,211,212,213,216,250,259,262,
58;0;3133;3179;0;0,1,2,3,4,5,6,7,8,9,10,11,12,13,14,15,16,17,18,19,20,21,22,23,29,36,37,38,40,44,48,53,63,64,65,66,67,68,69,85,88,90,102,104,106,113,115,134,135,155,167,168,169,170,171,172,177,178,179,180,181,182,183,184,185,186,187,188,189,190,191,192,208,211,212,213,216,250,259,262,
58;1;3179;3256;0;0,1,2,3,4,5,6,7,8,9,10,11,12,13,14,15,16,17,18,19,20,21,22,23,29,36,37,38,40,44,48,53,63,64,65,66,67,68,69,85,88,90,102,104,106,113,115,134,135,155,167,168,169,170,171,172,177,178,179,180,181,182,183,184,185,186,187,188,189,190,191,192,208,211,212,213,216,250,259,262,
25;0;3256;3340;0;0,1,2,3,4,5,6,7,8,9,10,11,12,13,14,15,16,17,18,19,20,21,22,23,29,36,37,38,40,44,48,53,63,64,65,66,67,68,69,85,88,90,102,104,106,113,115,134,135,155,167,168,169,170,171,172,177,178,179,180,181,182,183,184,185,186,187,188,189,190,191,192,208,211,212,213,216,250,259,262,
128;0;3340;3418;0;0,1,2,3,4,5,6,7,8,9,10,11,12,13,14,15,16,17,18,19,20,21,22,23,29,36,37,38,40,44,48,53,63,64,65,66,67,68,69,85,88,90,102,104,106,113,115,134,135,155,167,168,169,170,171,172,177,178,179,180,181,182,183,184,185,186,187,188,189,190,191,192,208,211,212,213,216,250,259,262,
128;1;3418;3496;0;0,1,2,3,4,5,6,7,8,9,10,11,12,13,14,15,16,17,18,19,20,21,22,23,29,36,37,38,40,44,48,53,63,64,65,66,67,68,69,85,88,90,102,104,106,113,115,134,135,155,167,168,169,170,171,172,177,178,179,180,181,182,183,184,185,186,187,188,189,190,191,192,208,211,212,213,216,250,259,262,
1;0;3496;3664;0;0,1,2,3,4,5,6,7,8,9,10,11,12,13,14,15,16,17,18,19,20,21,22,23,29,36,37,38,40,44,48,53,63,64,65,66,67,68,69,85,88,90,102,104,106,113,115,134,135,155,167,168,169,170,171,172,177,178,179,180,181,182,183,184,185,186,187,188,189,190,191,192,208,211,212,213,216,250,259,262,
1;1;3664;3729;0;0,1,2,3,4,5,6,7,8,9,10,11,12,13,14,15,16,17,18,19,20,21,22,23,29,36,37,38,40,44,48,53,63,64,65,66,67,68,69,85,88,90,102,104,106,113,115,134,135,155,167,168,169,170,171,172,177,178,179,180,181,182,183,184,185,186,187,188,189,190,191,192,208,211,212,213,216,250,259,262,
Machine: 1
95;0;0;137;0;0,1,2,3,4,5,20,24,36,38,53,57,62,63,64,67,69,70,77,80,81,82,83,84,85,89,90,98,99,100,101,102,103,104,105,106,107,108,115,116,117,118,119,120,121,122,123,124,135,142,143,144,145,146,147,148,149,150,151,153,154,157,167,168,171,196,208,209,210,214,215,216,217,218,219,220,221,245,248,249,
36;0;137;167;1;0,1,2,3,4,5,20,24,36,38,53,57,62,63,64,67,69,70,77,80,81,82,83,84,85,89,90,98,99,100,101,102,103,104,105,106,107,108,115,116,117,118,119,120,121,122,123,124,135,142,143,144,145,146,147,148,149,150,151,153,154,157,167,168,171,196,208,209,210,214,215,216,217,218,219,220,221,245,248,249,
36;1;167;266;1;0,1,2,3,4,5,20,24,36,38,53,57,62,63,64,67,69,70,77,80,81,82,83,84,85,89,90,98,99,100,101,102,103,104,105,106,107,108,115,116,117,118,119,120,121,122,123,124,135,142,143,144,145,146,147,148,149,150,151,153,154,157,167,168,171,196,208,209,210,214,215,216,217,218,219,220,221,245,248,249,
100;0;266;366;0;0,1,2,3,4,5,20,24,36,38,53,57,62,63,64,67,69,70,77,80,81,82,83,84,85,89,90,98,99,100,101,102,103,104,105,106,107,108,115,116,117,118,119,120,121,122,123,124,135,142,143,144,145,146,147,148,149,150,151,153,154,157,167,168,171,196,208,209,210,214,215,216,217,218,219,220,221,245,248,249,
37;0;366;416;0;0,1,2,3,4,5,20,24,36,38,53,57,62,63,64,67,69,70,77,80,81,82,83,84,85,89,90,98,99,100,101,102,103,104,105,106,107,108,115,116,117,118,119,120,121,122,123,124,135,142,143,144,145,146,147,148,149,150,151,153,154,157,167,168,171,196,208,209,210,214,215,216,217,218,219,220,221,245,248,249,
85;0;416;443;0;0,1,2,3,4,5,20,24,36,38,53,57,62,63,64,67,69,70,77,80,81,82,83,84,85,89,90,98,99,100,101,102,103,104,105,106,107,108,115,116,117,118,119,120,121,122,123,124,135,142,143,144,145,146,147,148,149,150,151,153,154,157,167,168,171,196,208,209,210,214,215,216,217,218,219,220,221,245,248,249,
50;0;443;582;0;0,1,2,3,4,5,20,24,36,38,53,57,62,63,64,67,69,70,77,80,81,82,83,84,85,89,90,98,99,100,101,102,103,104,105,106,107,108,115,116,117,118,119,120,121,122,123,124,135,142,143,144,145,146,147,148,149,150,151,153,154,157,167,168,171,196,208,209,210,214,215,216,217,218,219,220,221,245,248,249,
19;0;582;685;1;0,1,2,3,4,5,20,24,36,38,53,57,62,63,64,67,69,70,77,80,81,82,83,84,85,89,90,98,99,100,101,102,103,104,105,106,107,108,115,116,117,118,119,120,121,122,123,124,135,142,143,144,145,146,147,148,149,150,151,153,154,157,167,168,171,196,208,209,210,214,215,216,217,218,219,220,221,245,248,249,
19;1;685;849;1;0,1,2,3,4,5,20,24,36,38,53,57,62,63,64,67,69,70,77,80,81,82,83,84,85,89,90,98,99,100,101,102,103,104,105,106,107,108,115,116,117,118,119,120,121,122,123,124,135,142,143,144,145,146,147,148,149,150,151,153,154,157,167,168,171,196,208,209,210,214,215,216,217,218,219,220,221,245,248,249,
65;0;849;1013;0;0,1,2,3,4,5,20,24,36,38,53,57,62,63,64,67,69,70,77,80,81,82,83,84,85,89,90,98,99,100,101,102,103,104,105,106,107,108,115,116,117,118,119,120,121,122,123,124,135,142,143,144,145,146,147,148,149,150,151,153,154,157,167,168,171,196,208,209,210,214,215,216,217,218,219,220,221,245,248,249,
16;0;1013;1178;1;0,1,2,3,4,5,20,24,36,38,53,57,62,63,64,67,69,70,77,80,81,82,83,84,85,89,90,98,99,100,101,102,103,104,105,106,107,108,115,116,117,118,119,120,121,122,123,124,135,142,143,144,145,146,147,148,149,150,151,153,154,157,167,168,171,196,208,209,210,214,215,216,217,218,219,220,221,245,248,249,
16;1;1178;1275;1;0,1,2,3,4,5,20,24,36,38,53,57,62,63,64,67,69,70,77,80,81,82,83,84,85,89,90,98,99,100,101,102,103,104,105,106,107,108,115,116,117,118,119,120,121,122,123,124,135,142,143,144,145,146,147,148,149,150,151,153,154,157,167,168,171,196,208,209,210,214,215,216,217,218,219,220,221,245,248,249,
116;0;1275;1335;1;0,1,2,3,4,5,20,24,36,38,53,57,62,63,64,67,69,70,77,80,81,82,83,84,85,89,90,98,99,100,101,102,103,104,105,106,107,108,115,116,117,118,119,120,121,122,123,124,135,142,143,144,145,146,147,148,149,150,151,153,154,157,167,168,171,196,208,209,210,214,215,216,217,218,219,220,221,245,248,249,
116;1;1335;1487;1;0,1,2,3,4,5,20,24,36,38,53,57,62,63,64,67,69,70,77,80,81,82,83,84,85,89,90,98,99,100,101,102,103,104,105,106,107,108,115,116,117,118,119,120,121,122,123,124,135,142,143,144,145,146,147,148,149,150,151,153,154,157,167,168,171,196,208,209,210,214,215,216,217,218,219,220,221,245,248,249,
120;0;1487;1638;0;0,1,2,3,4,5,20,24,36,38,53,57,62,63,64,67,69,70,77,80,81,82,83,84,85,89,90,98,99,100,101,102,103,104,105,106,107,108,115,116,117,118,119,120,121,122,123,124,135,142,143,144,145,146,147,148,149,150,151,153,154,157,167,168,171,196,208,209,210,214,215,216,217,218,219,220,221,245,248,249,
35;0;1638;1642;0;0,1,2,3,4,5,20,24,36,38,53,57,62,63,64,67,69,70,77,80,81,82,83,84,85,89,90,98,99,100,101,102,103,104,105,106,107,108,115,116,117,118,119,120,121,122,123,124,135,142,143,144,145,146,147,148,149,150,151,153,154,157,167,168,171,196,208,209,210,214,215,216,217,218,219,220,221,245,248,249,
13;0;1642;1739;0;0,1,2,3,4,5,20,24,36,38,53,57,62,63,64,67,69,70,77,80,81,82,83,84,85,89,90,98,99,100,101,102,103,104,105,106,107,108,115,116,117,118,119,120,121,122,123,124,135,142,143,144,145,146,147,148,149,150,151,153,154,157,167,168,171,196,208,209,210,214,215,216,217,218,219,220,221,245,248,249,
13;1;1739;1919;0;0,1,2,3,4,5,20,24,36,38,53,57,62,63,64,67,69,70,77,80,81,82,83,84,85,89,90,98,99,100,101,102,103,104,105,106,107,108,115,116,117,118,119,120,121,122,123,124,135,142,143,144,145,146,147,148,149,150,151,153,154,157,167,168,171,196,208,209,210,214,215,216,217,218,219,220,221,245,248,249,
29;0;1919;1927;1;0,1,2,3,4,5,20,24,36,38,53,57,62,63,64,67,69,70,77,80,81,82,83,84,85,89,90,98,99,100,101,102,103,104,105,106,107,108,115,116,117,118,119,120,121,122,123,124,135,142,143,144,145,146,147,148,149,150,151,153,154,157,167,168,171,196,208,209,210,214,215,216,217,218,219,220,221,245,248,249,
29;1;1927;1971;1;0,1,2,3,4,5,20,24,36,38,53,57,62,63,64,67,69,70,77,80,81,82,83,84,85,89,90,98,99,100,101,102,103,104,105,106,107,108,115,116,117,118,119,120,121,122,123,124,135,142,143,144,145,146,147,148,149,150,151,153,154,157,167,168,171,196,208,209,210,214,215,216,217,218,219,220,221,245,248,249,
22;0;1971;2080;0;0,1,2,3,4,5,20,24,36,38,53,57,62,63,64,67,69,70,77,80,81,82,83,84,85,89,90,98,99,100,101,102,103,104,105,106,107,108,115,116,117,118,119,120,121,122,123,124,135,142,143,144,145,146,147,148,149,150,151,153,154,157,167,168,171,196,208,209,210,214,215,216,217,218,219,220,221,245,248,249,
108;0;2080;2086;0;0,1,2,3,4,5,20,24,36,38,53,57,62,63,64,67,69,70,77,80,81,82,83,84,85,89,90,98,99,100,101,102,103,104,105,106,107,108,115,116,117,118,119,120,121,122,123,124,135,142,143,144,145,146,147,148,149,150,151,153,154,157,167,168,171,196,208,209,210,214,215,216,217,218,219,220,221,245,248,249,
108;1;2086;2163;0;0,1,2,3,4,5,20,24,36,38,53,57,62,63,64,67,69,70,77,80,81,82,83,84,85,89,90,98,99,100,101,102,103,104,105,106,107,108,115,116,117,118,119,120,121,122,123,124,135,142,143,144,145,146,147,148,149,150,151,153,154,157,167,168,171,196,208,209,210,214,215,216,217,218,219,220,221,245,248,249,
14;0;2163;2249;1;0,1,2,3,4,5,20,24,36,38,53,57,62,63,64,67,69,70,77,80,81,82,83,84,85,89,90,98,99,100,101,102,103,104,105,106,107,108,115,116,117,118,119,120,121,122,123,124,135,142,143,144,145,146,147,148,149,150,151,153,154,157,167,168,171,196,208,209,210,214,215,216,217,218,219,220,221,245,248,249,
14;1;2249;2400;1;0,1,2,3,4,5,20,24,36,38,53,57,62,63,64,67,69,70,77,80,81,82,83,84,85,89,90,98,99,100,101,102,103,104,105,106,107,108,115,116,117,118,119,120,121,122,123,124,135,142,143,144,145,146,147,148,149,150,151,153,154,157,167,168,171,196,208,209,210,214,215,216,217,218,219,220,221,245,248,249,
109;0;2400;2460;1;0,1,2,3,4,5,20,24,36,38,53,57,62,63,64,67,69,70,77,80,81,82,83,84,85,89,90,98,99,100,101,102,103,104,105,106,107,108,115,116,117,118,119,120,121,122,123,124,135,142,143,144,145,146,147,148,149,150,151,153,154,157,167,168,171,196,208,209,210,214,215,216,217,218,219,220,221,245,248,249,
109;1;2460;2569;1;0,1,2,3,4,5,20,24,36,38,53,57,62,63,64,67,69,70,77,80,81,82,83,84,85,89,90,98,99,100,101,102,103,104,105,106,107,108,115,116,117,118,119,120,121,122,123,124,135,142,143,144,145,146,147,148,149,150,151,153,154,157,167,168,171,196,208,209,210,214,215,216,217,218,219,220,221,245,248,249,
53;0;2569;2580;0;0,1,2,3,4,5,20,24,36,38,53,57,62,63,64,67,69,70,77,80,81,82,83,84,85,89,90,98,99,100,101,102,103,104,105,106,107,108,115,116,117,118,119,120,121,122,123,124,135,142,143,144,145,146,147,148,149,150,151,153,154,157,167,168,171,196,208,209,210,214,215,216,217,218,219,220,221,245,248,249,
53;1;2580;2640;0;0,1,2,3,4,5,20,24,36,38,53,57,62,63,64,67,69,70,77,80,81,82,83,84,85,89,90,98,99,100,101,102,103,104,105,106,107,108,115,116,117,118,119,120,121,122,123,124,135,142,143,144,145,146,147,148,149,150,151,153,154,157,167,168,171,196,208,209,210,214,215,216,217,218,219,220,221,245,248,249,
112;0;2640;2690;0;0,1,2,3,4,5,20,24,36,38,53,57,62,63,64,67,69,70,77,80,81,82,83,84,85,89,90,98,99,100,101,102,103,104,105,106,107,108,115,116,117,118,119,120,121,122,123,124,135,142,143,144,145,146,147,148,149,150,151,153,154,157,167,168,171,196,208,209,210,214,215,216,217,218,219,220,221,245,248,249,
119;0;2690;2779;1;0,1,2,3,4,5,20,24,36,38,53,57,62,63,64,67,69,70,77,80,81,82,83,84,85,89,90,98,99,100,101,102,103,104,105,106,107,108,115,116,117,118,119,120,121,122,123,124,135,142,143,144,145,146,147,148,149,150,151,153,154,157,167,168,171,196,208,209,210,214,215,216,217,218,219,220,221,245,248,249,
119;1;2779;2847;1;0,1,2,3,4,5,20,24,36,38,53,57,62,63,64,67,69,70,77,80,81,82,83,84,85,89,90,98,99,100,101,102,103,104,105,106,107,108,115,116,117,118,119,120,121,122,123,124,135,142,143,144,145,146,147,148,149,150,151,153,154,157,167,168,171,196,208,209,210,214,215,216,217,218,219,220,221,245,248,249,
107;0;2847;2859;0;0,1,2,3,4,5,20,24,36,38,53,57,62,63,64,67,69,70,77,80,81,82,83,84,85,89,90,98,99,100,101,102,103,104,105,106,107,108,115,116,117,118,119,120,121,122,123,124,135,142,143,144,145,146,147,148,149,150,151,153,154,157,167,168,171,196,208,209,210,214,215,216,217,218,219,220,221,245,248,249,
Machine: 2
30;0;0;131;0;0,1,2,20,27,33,36,52,53,54,55,56,57,58,59,60,61,62,63,64,66,67,69,71,73,77,85,102,109,110,111,112,113,114,125,126,127,128,129,130,131,135,137,158,159,160,161,162,163,164,165,166,169,183,193,197,200,201,202,203,204,205,216,235,237,238,239,240,241,242,243,244,249,250,251,253,254,255,258,259,
118;0;131;305;0;0,1,2,20,27,33,36,52,53,54,55,56,57,58,59,60,61,62,63,64,66,67,69,71,73,77,85,102,109,110,111,112,113,114,125,126,127,128,129,130,131,135,137,158,159,160,161,162,163,164,165,166,169,183,193,197,200,201,202,203,204,205,216,235,237,238,239,240,241,242,243,244,249,250,251,253,254,255,258,259,
118;1;305;480;0;0,1,2,20,27,33,36,52,53,54,55,56,57,58,59,60,61,62,63,64,66,67,69,71,73,77,85,102,109,110,111,112,113,114,125,126,127,128,129,130,131,135,137,158,159,160,161,162,163,164,165,166,169,183,193,197,200,201,202,203,204,205,216,235,237,238,239,240,241,242,243,244,249,250,251,253,254,255,258,259,
17;0;480;563;0;0,1,2,20,27,33,36,52,53,54,55,56,57,58,59,60,61,62,63,64,66,67,69,71,73,77,85,102,109,110,111,112,113,114,125,126,127,128,129,130,131,135,137,158,159,160,161,162,163,164,165,166,169,183,193,197,200,201,202,203,204,205,216,235,237,238,239,240,241,242,243,244,249,250,251,253,254,255,258,259,
97;0;563;570;0;0,1,2,20,27,33,36,52,53,54,55,56,57,58,59,60,61,62,63,64,66,67,69,71,73,77,85,102,109,110,111,112,113,114,125,126,127,128,129,130,131,135,137,158,159,160,161,162,163,164,165,166,169,183,193,197,200,201,202,203,204,205,216,235,237,238,239,240,241,242,243,244,249,250,251,253,254,255,258,259,
57;0;570;668;0;0,1,2,20,27,33,36,52,53,54,55,56,57,58,59,60,61,62,63,64,66,67,69,71,73,77,85,102,109,110,111,112,113,114,125,126,127,128,129,130,131,135,137,158,159,160,161,162,163,164,165,166,169,183,193,197,200,201,202,203,204,205,216,235,237,238,239,240,241,242,243,244,249,250,251,253,254,255,258,259,
63;0;668;698;0;0,1,2,20,27,33,36,52,53,54,55,56,57,58,59,60,61,62,63,64,66,67,69,71,73,77,85,102,109,110,111,112,113,114,125,126,127,128,129,130,131,135,137,158,159,160,161,162,163,164,165,166,169,183,193,197,200,201,202,203,204,205,216,235,237,238,239,240,241,242,243,244,249,250,251,253,254,255,258,259,
63;1;698;729;0;0,1,2,20,27,33,36,52,53,54,55,56,57,58,59,60,61,62,63,64,66,67,69,71,73,77,85,102,109,110,111,112,113,114,125,126,127,128,129,130,131,135,137,158,159,160,161,162,163,164,165,166,169,183,193,197,200,201,202,203,204,205,216,235,237,238,239,240,241,242,243,244,249,250,251,253,254,255,258,259,
101;0;729;877;1;0,1,2,20,27,33,36,52,53,54,55,56,57,58,59,60,61,62,63,64,66,67,69,71,73,77,85,102,109,110,111,112,113,114,125,126,127,128,129,130,131,135,137,158,159,160,161,162,163,164,165,166,169,183,193,197,200,201,202,203,204,205,216,235,237,238,239,240,241,242,243,244,249,250,251,253,254,255,258,259,
101;1;877;899;1;0,1,2,20,27,33,36,52,53,54,55,56,57,58,59,60,61,62,63,64,66,67,69,71,73,77,85,102,109,110,111,112,113,114,125,126,127,128,129,130,131,135,137,158,159,160,161,162,163,164,165,166,169,183,193,197,200,201,202,203,204,205,216,235,237,238,239,240,241,242,243,244,249,250,251,253,254,255,258,259,
72;0;899;1043;0;0,1,2,20,27,33,36,52,53,54,55,56,57,58,59,60,61,62,63,64,66,67,69,71,73,77,85,102,109,110,111,112,113,114,125,126,127,128,129,130,131,135,137,158,159,160,161,162,163,164,165,166,169,183,193,197,200,201,202,203,204,205,216,235,237,238,239,240,241,242,243,244,249,250,251,253,254,255,258,259,
84;0;1043;1169;1;0,1,2,20,27,33,36,52,53,54,55,56,57,58,59,60,61,62,63,64,66,67,69,71,73,77,85,102,109,110,111,112,113,114,125,126,127,128,129,130,131,135,137,158,159,160,161,162,163,164,165,166,169,183,193,197,200,201,202,203,204,205,216,235,237,238,239,240,241,242,243,244,249,250,251,253,254,255,258,259,
84;1;1169;1184;1;0,1,2,20,27,33,36,52,53,54,55,56,57,58,59,60,61,62,63,64,66,67,69,71,73,77,85,102,109,110,111,112,113,114,125,126,127,128,129,130,131,135,137,158,159,160,161,162,163,164,165,166,169,183,193,197,200,201,202,203,204,205,216,235,237,238,239,240,241,242,243,244,249,250,251,253,254,255,258,259,
15;0;1184;1315;0;0,1,2,20,27,33,36,52,53,54,55,56,57,58,59,60,61,62,63,64,66,67,69,71,73,77,85,102,109,110,111,112,113,114,125,126,127,128,129,130,131,135,137,158,159,160,161,162,163,164,165,166,169,183,193,197,200,201,202,203,204,205,216,235,237,238,239,240,241,242,243,244,249,250,251,253,254,255,258,259,
90;0;1315;1424;0;0,1,2,20,27,33,36,52,53,54,55,56,57,58,59,60,61,62,63,64,66,67,69,71,73,77,85,102,109,110,111,112,113,114,125,126,127,128,129,130,131,135,137,158,159,160,161,162,163,164,165,166,169,183,193,197,200,201,202,203,204,205,216,235,237,238,239,240,241,242,243,244,249,250,251,253,254,255,258,259,
83;0;1424;1454;0;0,1,2,20,27,33,36,52,53,54,55,56,57,58,59,60,61,62,63,64,66,67,69,71,73,77,85,102,109,110,111,112,113,114,125,126,127,128,129,130,131,135,137,158,159,160,161,162,163,164,165,166,169,183,193,197,200,201,202,203,204,205,216,235,237,238,239,240,241,242,243,244,249,250,251,253,254,255,258,259,
83;1;1454;1555;0;0,1,2,20,27,33,36,52,53,54,55,56,57,58,59,60,61,62,63,64,66,67,69,71,73,77,85,102,109,110,111,112,113,114,125,126,127,128,129,130,131,135,137,158,159,160,161,162,163,164,165,166,169,183,193,197,200,201,202,203,204,205,216,235,237,238,239,240,241,242,243,244,249,250,251,253,254,255,258,259,
41;0;1555;1645;1;0,1,2,20,27,33,36,52,53,54,55,56,57,58,59,60,61,62,63,64,66,67,69,71,73,77,85,102,109,110,111,112,113,114,125,126,127,128,129,130,131,135,137,158,159,160,161,162,163,164,165,166,169,183,193,197,200,201,202,203,204,205,216,235,237,238,239,240,241,242,243,244,249,250,251,253,254,255,258,259,
41;1;1645;1679;1;0,1,2,20,27,33,36,52,53,54,55,56,57,58,59,60,61,62,63,64,66,67,69,71,73,77,85,102,109,110,111,112,113,114,125,126,127,128,129,130,131,135,137,158,159,160,161,162,163,164,165,166,169,183,193,197,200,201,202,203,204,205,216,235,237,238,239,240,241,242,243,244,249,250,251,253,254,255,258,259,
130;0;1679;1810;0;0,1,2,20,27,33,36,52,53,54,55,56,57,58,59,60,61,62,63,64,66,67,69,71,73,77,85,102,109,110,111,112,113,114,125,126,127,128,129,130,131,135,137,158,159,160,161,162,163,164,165,166,169,183,193,197,200,201,202,203,204,205,216,235,237,238,239,240,241,242,243,244,249,250,251,253,254,255,258,259,
79;0;1810;1851;1;0,1,2,20,27,33,36,52,53,54,55,56,57,58,59,60,61,62,63,64,66,67,69,71,73,77,85,102,109,110,111,112,113,114,125,126,127,128,129,130,131,135,137,158,159,160,161,162,163,164,165,166,169,183,193,197,200,201,202,203,204,205,216,235,237,238,239,240,241,242,243,244,249,250,251,253,254,255,258,259,
79;1;1851;1872;1;0,1,2,20,27,33,36,52,53,54,55,56,57,58,59,60,61,62,63,64,66,67,69,71,73,77,85,102,109,110,111,112,113,114,125,126,127,128,129,130,131,135,137,158,159,160,161,162,163,164,165,166,169,183,193,197,200,201,202,203,204,205,216,235,237,238,239,240,241,242,243,244,249,250,251,253,254,255,258,259,
56;0;1872;1940;1;0,1,2,20,27,33,36,52,53,54,55,56,57,58,59,60,61,62,63,64,66,67,69,71,73,77,85,102,109,110,111,112,113,114,125,126,127,128,129,130,131,135,137,158,159,160,161,162,163,164,165,166,169,183,193,197,200,201,202,203,204,205,216,235,237,238,239,240,241,242,243,244,249,250,251,253,254,255,258,259,
56;1;1940;2044;1;0,1,2,20,27,33,36,52,53,54,55,56,57,58,59,60,61,62,63,64,66,67,69,71,73,77,85,102,109,110,111,112,113,114,125,126,127,128,129,130,131,135,137,158,159,160,161,162,163,164,165,166,169,183,193,197,200,201,202,203,204,205,216,235,237,238,239,240,241,242,243,244,249,250,251,253,254,255,258,259,
52;0;2044;2078;0;0,1,2,20,27,33,36,52,53,54,55,56,57,58,59,60,61,62,63,64,66,67,69,71,73,77,85,102,109,110,111,112,113,114,125,126,127,128,129,130,131,135,137,158,159,160,161,162,163,164,165,166,169,183,193,197,200,201,202,203,204,205,216,235,237,238,239,240,241,242,243,244,249,250,251,253,254,255,258,259,
7;0;2078;2109;0;0,1,2,20,27,33,36,52,53,54,55,56,57,58,59,60,61,62,63,64,66,67,69,71,73,77,85,102,109,110,111,112,113,114,125,126,127,128,129,130,131,135,137,158,159,160,161,162,163,164,165,166,169,183,193,197,200,201,202,203,204,205,216,235,237,238,239,240,241,242,243,244,249,250,251,253,254,255,258,259,
27;0;2109;2214;0;0,1,2,20,27,33,36,52,53,54,55,56,57,58,59,60,61,62,63,64,66,67,69,71,73,77,85,102,109,110,111,112,113,114,125,126,127,128,129,130,131,135,137,158,159,160,161,162,163,164,165,166,169,183,193,197,200,201,202,203,204,205,216,235,237,238,239,240,241,242,243,244,249,250,251,253,254,255,258,259,
60;0;2214;2379;0;0,1,2,20,27,33,36,52,53,54,55,56,57,58,59,60,61,62,63,64,66,67,69,71,73,77,85,102,109,110,111,112,113,114,125,126,127,128,129,130,131,135,137,158,159,160,161,162,163,164,165,166,169,183,193,197,200,201,202,203,204,205,216,235,237,238,239,240,241,242,243,244,249,250,251,253,254,255,258,259,
21;0;2379;2399;1;0,1,2,20,27,33,36,52,53,54,55,56,57,58,59,60,61,62,63,64,66,67,69,71,73,77,85,102,109,110,111,112,113,114,125,126,127,128,129,130,131,135,137,158,159,160,161,162,163,164,165,166,169,183,193,197,200,201,202,203,204,205,216,235,237,238,239,240,241,242,243,244,249,250,251,253,254,255,258,259,
21;1;2399;2508;1;0,1,2,20,27,33,36,52,53,54,55,56,57,58,59,60,61,62,63,64,66,67,69,71,73,77,85,102,109,110,111,112,113,114,125,126,127,128,129,130,131,135,137,158,159,160,161,162,163,164,165,166,169,183,193,197,200,201,202,203,204,205,216,235,237,238,239,240,241,242,243,244,249,250,251,253,254,255,258,259,
32;0;2508;2612;0;0,1,2,20,27,33,36,52,53,54,55,56,57,58,59,60,61,62,63,64,66,67,69,71,73,77,85,102,109,110,111,112,113,114,125,126,127,128,129,130,131,135,137,158,159,160,161,162,163,164,165,166,169,183,193,197,200,201,202,203,204,205,216,235,237,238,239,240,241,242,243,244,249,250,251,253,254,255,258,259,
Machine: 3
9;0;0;126;1;20,21,22,23,24,25,26,27,28,29,36,38,53,57,63,64,67,69,70,71,72,73,74,75,76,77,78,79,80,81,82,83,84,85,86,87,88,98,99,100,101,102,104,106,115,151,169,170,171,172,177,186,191,197,216,218,221,222,223,224,225,226,227,228,245,246,247,250,253,254,255,256,257,258,259,260,261,263,264,265,
9;1;126;189;1;20,21,22,23,24,25,26,27,28,29,36,38,53,57,63,64,67,69,70,71,72,73,74,75,76,77,78,79,80,81,82,83,84,85,86,87,88,98,99,100,101,102,104,106,115,151,169,170,171,172,177,186,191,197,216,218,221,222,223,224,225,226,227,228,245,246,247,250,253,254,255,256,257,258,259,260,261,263,264,265,
99;0;189;349;1;20,21,22,23,24,25,26,27,28,29,36,38,53,57,63,64,67,69,70,71,72,73,74,75,76,77,78,79,80,81,82,83,84,85,86,87,88,98,99,100,101,102,104,106,115,151,169,170,171,172,177,186,191,197,216,218,221,222,223,224,225,226,227,228,245,246,247,250,253,254,255,256,257,258,259,260,261,263,264,265,
99;1;349;502;1;20,21,22,23,24,25,26,27,28,29,36,38,53,57,63,64,67,69,70,71,72,73,74,75,76,77,78,79,80,81,82,83,84,85,86,87,88,98,99,100,101,102,104,106,115,151,169,170,171,172,177,186,191,197,216,218,221,222,223,224,225,226,227,228,245,246,247,250,253,254,255,256,257,258,259,260,261,263,264,265,
103;0;502;636;0;20,21,22,23,24,25,26,27,28,29,36,38,53,57,63,64,67,69,70,71,72,73,74,75,76,77,78,79,80,81,82,83,84,85,86,87,88,98,99,100,101,102,104,106,115,151,169,170,171,172,177,186,191,197,216,218,221,222,223,224,225,226,227,228,245,246,247,250,253,254,255,256,257,258,259,260,261,263,264,265,
103;1;636;698;0;20,21,22,23,24,25,26,27,28,29,36,38,53,57,63,64,67,69,70,71,72,73,74,75,76,77,78,79,80,81,82,83,84,85,86,87,88,98,99,100,101,102,104,106,115,151,169,170,171,172,177,186,191,197,216,218,221,222,223,224,225,226,227,228,245,246,247,250,253,254,255,256,257,258,259,260,261,263,264,265,
91;0;698;861;1;20,21,22,23,24,25,26,27,28,29,36,38,53,57,63,64,67,69,70,71,72,73,74,75,76,77,78,79,80,81,82,83,84,85,86,87,88,98,99,100,101,102,104,106,115,151,169,170,171,172,177,186,191,197,216,218,221,222,223,224,225,226,227,228,245,246,247,250,253,254,255,256,257,258,259,260,261,263,264,265,
91;1;861;1010;1;20,21,22,23,24,25,26,27,28,29,36,38,53,57,63,64,67,69,70,71,72,73,74,75,76,77,78,79,80,81,82,83,84,85,86,87,88,98,99,100,101,102,104,106,115,151,169,170,171,172,177,186,191,197,216,218,221,222,223,224,225,226,227,228,245,246,247,250,253,254,255,256,257,258,259,260,261,263,264,265,
127;0;1010;1167;0;20,21,22,23,24,25,26,27,28,29,36,38,53,57,63,64,67,69,70,71,72,73,74,75,76,77,78,79,80,81,82,83,84,85,86,87,88,98,99,100,101,102,104,106,115,151,169,170,171,172,177,186,191,197,216,218,221,222,223,224,225,226,227,228,245,246,247,250,253,254,255,256,257,258,259,260,261,263,264,265,
54;0;1167;1304;1;20,21,22,23,24,25,26,27,28,29,36,38,53,57,63,64,67,69,70,71,72,73,74,75,76,77,78,79,80,81,82,83,84,85,86,87,88,98,99,100,101,102,104,106,115,151,169,170,171,172,177,186,191,197,216,218,221,222,223,224,225,226,227,228,245,246,247,250,253,254,255,256,257,258,259,260,261,263,264,265,
54;1;1304;1395;1;20,21,22,23,24,25,26,27,28,29,36,38,53,57,63,64,67,69,70,71,72,73,74,75,76,77,78,79,80,81,82,83,84,85,86,87,88,98,99,100,101,102,104,106,115,151,169,170,171,172,177,186,191,197,216,218,221,222,223,224,225,226,227,228,245,246,247,250,253,254,255,256,257,258,259,260,261,263,264,265,
82;0;1395;1516;0;20,21,22,23,24,25,26,27,28,29,36,38,53,57,63,64,67,69,70,71,72,73,74,75,76,77,78,79,80,81,82,83,84,85,86,87,88,98,99,100,101,102,104,106,115,151,169,170,171,172,177,186,191,197,216,218,221,222,223,224,225,226,227,228,245,246,247,250,253,254,255,256,257,258,259,260,261,263,264,265,
45;0;1516;1555;0;20,21,22,23,24,25,26,27,28,29,36,38,53,57,63,64,67,69,70,71,72,73,74,75,76,77,78,79,80,81,82,83,84,85,86,87,88,98,99,100,101,102,104,106,115,151,169,170,171,172,177,186,191,197,216,218,221,222,223,224,225,226,227,228,245,246,247,250,253,254,255,256,257,258,259,260,261,263,264,265,
2;0;1555;1727;1;20,21,22,23,24,25,26,27,28,29,36,38,53,57,63,64,67,69,70,71,72,73,74,75,76,77,78,79,80,81,82,83,84,85,86,87,88,98,99,100,101,102,104,106,115,151,169,170,171,172,177,186,191,197,216,218,221,222,223,224,225,226,227,228,245,246,247,250,253,254,255,256,257,258,259,260,261,263,264,265,
42;0;1727;1798;0;20,21,22,23,24,25,26,27,28,29,36,38,53,57,63,64,67,69,70,71,72,73,74,75,76,77,78,79,80,81,82,83,84,85,86,87,88,98,99,100,101,102,104,106,115,151,169,170,171,172,177,186,191,197,216,218,221,222,223,224,225,226,227,228,245,246,247,250,253,254,255,256,257,258,259,260,261,263,264,265,
124;0;1798;1802;1;20,21,22,23,24,25,26,27,28,29,36,38,53,57,63,64,67,69,70,71,72,73,74,75,76,77,78,79,80,81,82,83,84,85,86,87,88,98,99,100,101,102,104,106,115,151,169,170,171,172,177,186,191,197,216,218,221,222,223,224,225,226,227,228,245,246,247,250,253,254,255,256,257,258,259,260,261,263,264,265,
124;1;1802;1816;1;20,21,22,23,24,25,26,27,28,29,36,38,53,57,63,64,67,69,70,71,72,73,74,75,76,77,78,79,80,81,82,83,84,85,86,87,88,98,99,100,101,102,104,106,115,151,169,170,171,172,177,186,191,197,216,218,221,222,223,224,225,226,227,228,245,246,247,250,253,254,255,256,257,258,259,260,261,263,264,265,
69;0;1816;1910;1;20,21,22,23,24,25,26,27,28,29,36,38,53,57,63,64,67,69,70,71,72,73,74,75,76,77,78,79,80,81,82,83,84,85,86,87,88,98,99,100,101,102,104,106,115,151,169,170,171,172,177,186,191,197,216,218,221,222,223,224,225,226,227,228,245,246,247,250,253,254,255,256,257,258,259,260,261,263,264,265,
69;1;1910;1943;1;20,21,22,23,24,25,26,27,28,29,36,38,53,57,63,64,67,69,70,71,72,73,74,75,76,77,78,79,80,81,82,83,84,85,86,87,88,98,99,100,101,102,104,106,115,151,169,170,171,172,177,186,191,197,216,218,221,222,223,224,225,226,227,228,245,246,247,250,253,254,255,256,257,258,259,260,261,263,264,265,
38;0;1943;2105;0;20,21,22,23,24,25,26,27,28,29,36,38,53,57,63,64,67,69,70,71,72,73,74,75,76,77,78,79,80,81,82,83,84,85,86,87,88,98,99,100,101,102,104,106,115,151,169,170,171,172,177,186,191,197,216,218,221,222,223,224,225,226,227,228,245,246,247,250,253,254,255,256,257,258,259,260,261,263,264,265,
38;1;2105;2181;0;20,21,22,23,24,25,26,27,28,29,36,38,53,57,63,64,67,69,70,71,72,73,74,75,76,77,78,79,80,81,82,83,84,85,86,87,88,98,99,100,101,102,104,106,115,151,169,170,171,172,177,186,191,197,216,218,221,222,223,224,225,226,227,228,245,246,247,250,253,254,255,256,257,258,259,260,261,263,264,265,
80;0;2181;2258;0;20,21,22,23,24,25,26,27,28,29,36,38,53,57,63,64,67,69,70,71,72,73,74,75,76,77,78,79,80,81,82,83,84,85,86,87,88,98,99,100,101,102,104,106,115,151,169,170,171,172,177,186,191,197,216,218,221,222,223,224,225,226,227,228,245,246,247,250,253,254,255,256,257,258,259,260,261,263,264,265,
51;0;2258;2407;1;20,21,22,23,24,25,26,27,28,29,36,38,53,57,63,64,67,69,70,71,72,73,74,75,76,77,78,79,80,81,82,83,84,85,86,87,88,98,99,100,101,102,104,106,115,151,169,170,171,172,177,186,191,197,216,218,221,222,223,224,225,226,227,228,245,246,247,250,253,254,255,256,257,258,259,260,261,263,264,265,
51;1;2407;2544;1;20,21,22,23,24,25,26,27,28,29,36,38,53,57,63,64,67,69,70,71,72,73,74,75,76,77,78,79,80,81,82,83,84,85,86,87,88,98,99,100,101,102,104,106,115,151,169,170,171,172,177,186,191,197,216,218,221,222,223,224,225,226,227,228,245,246,247,250,253,254,255,256,257,258,259,260,261,263,264,265,
11;0;2544;2578;1;20,21,22,23,24,25,26,27,28,29,36,38,53,57,63,64,67,69,70,71,72,73,74,75,76,77,78,79,80,81,82,83,84,85,86,87,88,98,99,100,101,102,104,106,115,151,169,170,171,172,177,186,191,197,216,218,221,222,223,224,225,226,227,228,245,246,247,250,253,254,255,256,257,258,259,260,261,263,264,265,
11;1;2578;2592;1;20,21,22,23,24,25,26,27,28,29,36,38,53,57,63,64,67,69,70,71,72,73,74,75,76,77,78,79,80,81,82,83,84,85,86,87,88,98,99,100,101,102,104,106,115,151,169,170,171,172,177,186,191,197,216,218,221,222,223,224,225,226,227,228,245,246,247,250,253,254,255,256,257,258,259,260,261,263,264,265,
93;0;2592;2691;0;20,21,22,23,24,25,26,27,28,29,36,38,53,57,63,64,67,69,70,71,72,73,74,75,76,77,78,79,80,81,82,83,84,85,86,87,88,98,99,100,101,102,104,106,115,151,169,170,171,172,177,186,191,197,216,218,221,222,223,224,225,226,227,228,245,246,247,250,253,254,255,256,257,258,259,260,261,263,264,265,
93;1;2691;2806;0;20,21,22,23,24,25,26,27,28,29,36,38,53,57,63,64,67,69,70,71,72,73,74,75,76,77,78,79,80,81,82,83,84,85,86,87,88,98,99,100,101,102,104,106,115,151,169,170,171,172,177,186,191,197,216,218,221,222,223,224,225,226,227,228,245,246,247,250,253,254,255,256,257,258,259,260,261,263,264,265,
70;0;2806;2943;0;20,21,22,23,24,25,26,27,28,29,36,38,53,57,63,64,67,69,70,71,72,73,74,75,76,77,78,79,80,81,82,83,84,85,86,87,88,98,99,100,101,102,104,106,115,151,169,170,171,172,177,186,191,197,216,218,221,222,223,224,225,226,227,228,245,246,247,250,253,254,255,256,257,258,259,260,261,263,264,265,
68;0;2943;3040;0;20,21,22,23,24,25,26,27,28,29,36,38,53,57,63,64,67,69,70,71,72,73,74,75,76,77,78,79,80,81,82,83,84,85,86,87,88,98,99,100,101,102,104,106,115,151,169,170,171,172,177,186,191,197,216,218,221,222,223,224,225,226,227,228,245,246,247,250,253,254,255,256,257,258,259,260,261,263,264,265,
68;1;3040;3202;0;20,21,22,23,24,25,26,27,28,29,36,38,53,57,63,64,67,69,70,71,72,73,74,75,76,77,78,79,80,81,82,83,84,85,86,87,88,98,99,100,101,102,104,106,115,151,169,170,171,172,177,186,191,197,216,218,221,222,223,224,225,226,227,228,245,246,247,250,253,254,255,256,257,258,259,260,261,263,264,265,
61;0;3202;3238;1;20,21,22,23,24,25,26,27,28,29,36,38,53,57,63,64,67,69,70,71,72,73,74,75,76,77,78,79,80,81,82,83,84,85,86,87,88,98,99,100,101,102,104,106,115,151,169,170,171,172,177,186,191,197,216,218,221,222,223,224,225,226,227,228,245,246,247,250,253,254,255,256,257,258,259,260,261,263,264,265,
61;1;3238;3328;1;20,21,22,23,24,25,26,27,28,29,36,38,53,57,63,64,67,69,70,71,72,73,74,75,76,77,78,79,80,81,82,83,84,85,86,87,88,98,99,100,101,102,104,106,115,151,169,170,171,172,177,186,191,197,216,218,221,222,223,224,225,226,227,228,245,246,247,250,253,254,255,256,257,258,259,260,261,263,264,265,
48;0;3328;3417;0;20,21,22,23,24,25,26,27,28,29,36,38,53,57,63,64,67,69,70,71,72,73,74,75,76,77,78,79,80,81,82,83,84,85,86,87,88,98,99,100,101,102,104,106,115,151,169,170,171,172,177,186,191,197,216,218,221,222,223,224,225,226,227,228,245,246,247,250,253,254,255,256,257,258,259,260,261,263,264,265,
48;1;3417;3469;0;20,21,22,23,24,25,26,27,28,29,36,38,53,57,63,64,67,69,70,71,72,73,74,75,76,77,78,79,80,81,82,83,84,85,86,87,88,98,99,100,101,102,104,106,115,151,169,170,171,172,177,186,191,197,216,218,221,222,223,224,225,226,227,228,245,246,247,250,253,254,255,256,257,258,259,260,261,263,264,265,
114;0;3469;3547;1;20,21,22,23,24,25,26,27,28,29,36,38,53,57,63,64,67,69,70,71,72,73,74,75,76,77,78,79,80,81,82,83,84,85,86,87,88,98,99,100,101,102,104,106,115,151,169,170,171,172,177,186,191,197,216,218,221,222,223,224,225,226,227,228,245,246,247,250,253,254,255,256,257,258,259,260,261,263,264,265,
114;1;3547;3628;1;20,21,22,23,24,25,26,27,28,29,36,38,53,57,63,64,67,69,70,71,72,73,74,75,76,77,78,79,80,81,82,83,84,85,86,87,88,98,99,100,101,102,104,106,115,151,169,170,171,172,177,186,191,197,216,218,221,222,223,224,225,226,227,228,245,246,247,250,253,254,255,256,257,258,259,260,261,263,264,265,
Machine: 4
129;0;0;44;1;0,1,2,18,20,36,38,53,57,63,64,67,69,77,81,85,86,87,89,90,91,92,93,94,95,96,97,100,103,104,105,106,107,108,115,120,135,151,152,153,154,155,156,157,171,177,179,182,193,194,195,196,197,198,199,206,207,208,209,210,216,220,221,237,238,240,241,242,244,248,249,250,251,252,253,254,255,258,259,260,
129;1;44;220;1;0,1,2,18,20,36,38,53,57,63,64,67,69,77,81,85,86,87,89,90,91,92,93,94,95,96,97,100,103,104,105,106,107,108,115,120,135,151,152,153,154,155,156,157,171,177,179,182,193,194,195,196,197,198,199,206,207,208,209,210,216,220,221,237,238,240,241,242,244,248,249,250,251,252,253,254,255,258,259,260,
92;0;220;351;0;0,1,2,18,20,36,38,53,57,63,64,67,69,77,81,85,86,87,89,90,91,92,93,94,95,96,97,100,103,104,105,106,107,108,115,120,135,151,152,153,154,155,156,157,171,177,179,182,193,194,195,196,197,198,199,206,207,208,209,210,216,220,221,237,238,240,241,242,244,248,249,250,251,252,253,254,255,258,259,260,
39;0;351;424;1;0,1,2,18,20,36,38,53,57,63,64,67,69,77,81,85,86,87,89,90,91,92,93,94,95,96,97,100,103,104,105,106,107,108,115,120,135,151,152,153,154,155,156,157,171,177,179,182,193,194,195,196,197,198,199,206,207,208,209,210,216,220,221,237,238,240,241,242,244,248,249,250,251,252,253,254,255,258,259,260,
39;1;424;575;1;0,1,2,18,20,36,38,53,57,63,64,67,69,77,81,85,86,87,89,90,91,92,93,94,95,96,97,100,103,104,105,106,107,108,115,120,135,151,152,153,154,155,156,157,171,177,179,182,193,194,195,196,197,198,199,206,207,208,209,210,216,220,221,237,238,240,241,242,244,248,249,250,251,252,253,254,255,258,259,260,
62;0;575;722;0;0,1,2,18,20,36,38,53,57,63,64,67,69,77,81,85,86,87,89,90,91,92,93,94,95,96,97,100,103,104,105,106,107,108,115,120,135,151,152,153,154,155,156,157,171,177,179,182,193,194,195,196,197,198,199,206,207,208,209,210,216,220,221,237,238,240,241,242,244,248,249,250,251,252,253,254,255,258,259,260,
117;0;722;902;0;0,1,2,18,20,36,38,53,57,63,64,67,69,77,81,85,86,87,89,90,91,92,93,94,95,96,97,100,103,104,105,106,107,108,115,120,135,151,152,153,154,155,156,157,171,177,179,182,193,194,195,196,197,198,199,206,207,208,209,210,216,220,221,237,238,240,241,242,244,248,249,250,251,252,253,254,255,258,259,260,
33;0;902;979;0;0,1,2,18,20,36,38,53,57,63,64,67,69,77,81,85,86,87,89,90,91,92,93,94,95,96,97,100,103,104,105,106,107,108,115,120,135,151,152,153,154,155,156,157,171,177,179,182,193,194,195,196,197,198,199,206,207,208,209,210,216,220,221,237,238,240,241,242,244,248,249,250,251,252,253,254,255,258,259,260,
33;1;979;1122;0;0,1,2,18,20,36,38,53,57,63,64,67,69,77,81,85,86,87,89,90,91,92,93,94,95,96,97,100,103,104,105,106,107,108,115,120,135,151,152,153,154,155,156,157,171,177,179,182,193,194,195,196,197,198,199,206,207,208,209,210,216,220,221,237,238,240,241,242,244,248,249,250,251,252,253,254,255,258,259,260,
31;0;1122;1269;1;0,1,2,18,20,36,38,53,57,63,64,67,69,77,81,85,86,87,89,90,91,92,93,94,95,96,97,100,103,104,105,106,107,108,115,120,135,151,152,153,154,155,156,157,171,177,179,182,193,194,195,196,197,198,199,206,207,208,209,210,216,220,221,237,238,240,241,242,244,248,249,250,251,252,253,254,255,258,259,260,
31;1;1269;1341;1;0,1,2,18,20,36,38,53,57,63,64,67,69,77,81,85,86,87,89,90,91,92,93,94,95,96,97,100,103,104,105,106,107,108,115,120,135,151,152,153,154,155,156,157,171,177,179,182,193,194,195,196,197,198,199,206,207,208,209,210,216,220,221,237,238,240,241,242,244,248,249,250,251,252,253,254,255,258,259,260,
73;0;1341;1507;0;0,1,2,18,20,36,38,53,57,63,64,67,69,77,81,85,86,87,89,90,91,92,93,94,95,96,97,100,103,104,105,106,107,108,115,120,135,151,152,153,154,155,156,157,171,177,179,182,193,194,195,196,197,198,199,206,207,208,209,210,216,220,221,237,238,240,241,242,244,248,249,250,251,252,253,254,255,258,259,260,
73;1;1507;1591;0;0,1,2,18,20,36,38,53,57,63,64,67,69,77,81,85,86,87,89,90,91,92,93,94,95,96,97,100,103,104,105,106,107,108,115,120,135,151,152,153,154,155,156,157,171,177,179,182,193,194,195,196,197,198,199,206,207,208,209,210,216,220,221,237,238,240,241,242,244,248,249,250,251,252,253,254,255,258,259,260,
94;0;1591;1692;1;0,1,2,18,20,36,38,53,57,63,64,67,69,77,81,85,86,87,89,90,91,92,93,94,95,96,97,100,103,104,105,106,107,108,115,120,135,151,152,153,154,155,156,157,171,177,179,182,193,194,195,196,197,198,199,206,207,208,209,210,216,220,221,237,238,240,241,242,244,248,249,250,251,252,253,254,255,258,259,260,
94;1;1692;1737;1;0,1,2,18,20,36,38,53,57,63,64,67,69,77,81,85,86,87,89,90,91,92,93,94,95,96,97,100,103,104,105,106,107,108,115,120,135,151,152,153,154,155,156,157,171,177,179,182,193,194,195,196,197,198,199,206,207,208,209,210,216,220,221,237,238,240,241,242,244,248,249,250,251,252,253,254,255,258,259,260,
126;0;1737;1770;1;0,1,2,18,20,36,38,53,57,63,64,67,69,77,81,85,86,87,89,90,91,92,93,94,95,96,97,100,103,104,105,106,107,108,115,120,135,151,152,153,154,155,156,157,171,177,179,182,193,194,195,196,197,198,199,206,207,208,209,210,216,220,221,237,238,240,241,242,244,248,249,250,251,252,253,254,255,258,259,260,
126;1;1770;1804;1;0,1,2,18,20,36,38,53,57,63,64,67,69,77,81,85,86,87,89,90,91,92,93,94,95,96,97,100,103,104,105,106,107,108,115,120,135,151,152,153,154,155,156,157,171,177,179,182,193,194,195,196,197,198,199,206,207,208,209,210,216,220,221,237,238,240,241,242,244,248,249,250,251,252,253,254,255,258,259,260,
121;0;1804;1900;1;0,1,2,18,20,36,38,53,57,63,64,67,69,77,81,85,86,87,89,90,91,92,93,94,95,96,97,100,103,104,105,106,107,108,115,120,135,151,152,153,154,155,156,157,171,177,179,182,193,194,195,196,197,198,199,206,207,208,209,210,216,220,221,237,238,240,241,242,244,248,249,250,251,252,253,254,255,258,259,260,
121;1;1900;1953;1;0,1,2,18,20,36,38,53,57,63,64,67,69,77,81,85,86,87,89,90,91,92,93,94,95,96,97,100,103,104,105,106,107,108,115,120,135,151,152,153,154,155,156,157,171,177,179,182,193,194,195,196,197,198,199,206,207,208,209,210,216,220,221,237,238,240,241,242,244,248,249,250,251,252,253,254,255,258,259,260,
71;0;1953;2051;1;0,1,2,18,20,36,38,53,57,63,64,67,69,77,81,85,86,87,89,90,91,92,93,94,95,96,97,100,103,104,105,106,107,108,115,120,135,151,152,153,154,155,156,157,171,177,179,182,193,194,195,196,197,198,199,206,207,208,209,210,216,220,221,237,238,240,241,242,244,248,249,250,251,252,253,254,255,258,259,260,
71;1;2051;2202;1;0,1,2,18,20,36,38,53,57,63,64,67,69,77,81,85,86,87,89,90,91,92,93,94,95,96,97,100,103,104,105,106,107,108,115,120,135,151,152,153,154,155,156,157,171,177,179,182,193,194,195,196,197,198,199,206,207,208,209,210,216,220,221,237,238,240,241,242,244,248,249,250,251,252,253,254,255,258,259,260,
44;0;2202;2207;1;0,1,2,18,20,36,38,53,57,63,64,67,69,77,81,85,86,87,89,90,91,92,93,94,95,96,97,100,103,104,105,106,107,108,115,120,135,151,152,153,154,155,156,157,171,177,179,182,193,194,195,196,197,198,199,206,207,208,209,210,216,220,221,237,238,240,241,242,244,248,249,250,251,252,253,254,255,258,259,260,
44;1;2207;2246;1;0,1,2,18,20,36,38,53,57,63,64,67,69,77,81,85,86,87,89,90,91,92,93,94,95,96,97,100,103,104,105,106,107,108,115,120,135,151,152,153,154,155,156,157,171,177,179,182,193,194,195,196,197,198,199,206,207,208,209,210,216,220,221,237,238,240,241,242,244,248,249,250,251,252,253,254,255,258,259,260,
55;0;2246;2318;0;0,1,2,18,20,36,38,53,57,63,64,67,69,77,81,85,86,87,89,90,91,92,93,94,95,96,97,100,103,104,105,106,107,108,115,120,135,151,152,153,154,155,156,157,171,177,179,182,193,194,195,196,197,198,199,206,207,208,209,210,216,220,221,237,238,240,241,242,244,248,249,250,251,252,253,254,255,258,259,260,
105;0;2318;2384;0;0,1,2,18,20,36,38,53,57,63,64,67,69,77,81,85,86,87,89,90,91,92,93,94,95,96,97,100,103,104,105,106,107,108,115,120,135,151,152,153,154,155,156,157,171,177,179,182,193,194,195,196,197,198,199,206,207,208,209,210,216,220,221,237,238,240,241,242,244,248,249,250,251,252,253,254,255,258,259,260,
113;0;2384;2531;0;0,1,2,18,20,36,38,53,57,63,64,67,69,77,81,85,86,87,89,90,91,92,93,94,95,96,97,100,103,104,105,106,107,108,115,120,135,151,152,153,154,155,156,157,171,177,179,182,193,194,195,196,197,198,199,206,207,208,209,210,216,220,221,237,238,240,241,242,244,248,249,250,251,252,253,254,255,258,259,260,
113;1;2531;2620;0;0,1,2,18,20,36,38,53,57,63,64,67,69,77,81,85,86,87,89,90,91,92,93,94,95,96,97,100,103,104,105,106,107,108,115,120,135,151,152,153,154,155,156,157,171,177,179,182,193,194,195,196,197,198,199,206,207,208,209,210,216,220,221,237,238,240,241,242,244,248,249,250,251,252,253,254,255,258,259,260,
96;0;2620;2764;1;0,1,2,18,20,36,38,53,57,63,64,67,69,77,81,85,86,87,89,90,91,92,93,94,95,96,97,100,103,104,105,106,107,108,115,120,135,151,152,153,154,155,156,157,171,177,179,182,193,194,195,196,197,198,199,206,207,208,209,210,216,220,221,237,238,240,241,242,244,248,249,250,251,252,253,254,255,258,259,260,
96;1;2764;2940;1;0,1,2,18,20,36,38,53,57,63,64,67,69,77,81,85,86,87,89,90,91,92,93,94,95,96,97,100,103,104,105,106,107,108,115,120,135,151,152,153,154,155,156,157,171,177,179,182,193,194,195,196,197,198,199,206,207,208,209,210,216,220,221,237,238,240,241,242,244,248,249,250,251,252,253,254,255,258,259,260,
20;0;2940;3013;0;0,1,2,18,20,36,38,53,57,63,64,67,69,77,81,85,86,87,89,90,91,92,93,94,95,96,97,100,103,104,105,106,107,108,115,120,135,151,152,153,154,155,156,157,171,177,179,182,193,194,195,196,197,198,199,206,207,208,209,210,216,220,221,237,238,240,241,242,244,248,249,250,251,252,253,254,255,258,259,260,
125;0;3013;3052;0;0,1,2,18,20,36,38,53,57,63,64,67,69,77,81,85,86,87,89,90,91,92,93,94,95,96,97,100,103,104,105,106,107,108,115,120,135,151,152,153,154,155,156,157,171,177,179,182,193,194,195,196,197,198,199,206,207,208,209,210,216,220,221,237,238,240,241,242,244,248,249,250,251,252,253,254,255,258,259,260,
86;0;3052;3226;1;0,1,2,18,20,36,38,53,57,63,64,67,69,77,81,85,86,87,89,90,91,92,93,94,95,96,97,100,103,104,105,106,107,108,115,120,135,151,152,153,154,155,156,157,171,177,179,182,193,194,195,196,197,198,199,206,207,208,209,210,216,220,221,237,238,240,241,242,244,248,249,250,251,252,253,254,255,258,259,260,
86;1;3226;3401;1;0,1,2,18,20,36,38,53,57,63,64,67,69,77,81,85,86,87,89,90,91,92,93,94,95,96,97,100,103,104,105,106,107,108,115,120,135,151,152,153,154,155,156,157,171,177,179,182,193,194,195,196,197,198,199,206,207,208,209,210,216,220,221,237,238,240,241,242,244,248,249,250,251,252,253,254,255,258,259,260,
12;0;3401;3548;0;0,1,2,18,20,36,38,53,57,63,64,67,69,77,81,85,86,87,89,90,91,92,93,94,95,96,97,100,103,104,105,106,107,108,115,120,135,151,152,153,154,155,156,157,171,177,179,182,193,194,195,196,197,198,199,206,207,208,209,210,216,220,221,237,238,240,241,242,244,248,249,250,251,252,253,254,255,258,259,260,
111;0;3548;3677;1;0,1,2,18,20,36,38,53,57,63,64,67,69,77,81,85,86,87,89,90,91,92,93,94,95,96,97,100,103,104,105,106,107,108,115,120,135,151,152,153,154,155,156,157,171,177,179,182,193,194,195,196,197,198,199,206,207,208,209,210,216,220,221,237,238,240,241,242,244,248,249,250,251,252,253,254,255,258,259,260,
111;1;3677;3700;1;0,1,2,18,20,36,38,53,57,63,64,67,69,77,81,85,86,87,89,90,91,92,93,94,95,96,97,100,103,104,105,106,107,108,115,120,135,151,152,153,154,155,156,157,171,177,179,182,193,194,195,196,197,198,199,206,207,208,209,210,216,220,221,237,238,240,241,242,244,248,249,250,251,252,253,254,255,258,259,260,
Machine: 5
106;0;0;175;1;0,20,21,28,30,31,32,33,34,35,36,37,38,39,40,41,42,43,44,45,46,47,48,49,50,51,52,53,54,55,56,57,58,59,60,61,62,63,64,65,66,67,68,69,115,116,132,133,134,135,136,137,138,139,140,141,151,155,156,173,174,175,176,177,183,186,188,190,207,208,216,220,229,230,231,232,233,234,235,236,
106;1;175;337;1;0,20,21,28,30,31,32,33,34,35,36,37,38,39,40,41,42,43,44,45,46,47,48,49,50,51,52,53,54,55,56,57,58,59,60,61,62,63,64,65,66,67,68,69,115,116,132,133,134,135,136,137,138,139,140,141,151,155,156,173,174,175,176,177,183,186,188,190,207,208,216,220,229,230,231,232,233,234,235,236,
5;0;337;403;0;0,20,21,28,30,31,32,33,34,35,36,37,38,39,40,41,42,43,44,45,46,47,48,49,50,51,52,53,54,55,56,57,58,59,60,61,62,63,64,65,66,67,68,69,115,116,132,133,134,135,136,137,138,139,140,141,151,155,156,173,174,175,176,177,183,186,188,190,207,208,216,220,229,230,231,232,233,234,235,236,
87;0;403;439;0;0,20,21,28,30,31,32,33,34,35,36,37,38,39,40,41,42,43,44,45,46,47,48,49,50,51,52,53,54,55,56,57,58,59,60,61,62,63,64,65,66,67,68,69,115,116,132,133,134,135,136,137,138,139,140,141,151,155,156,173,174,175,176,177,183,186,188,190,207,208,216,220,229,230,231,232,233,234,235,236,
3;0;439;505;0;0,20,21,28,30,31,32,33,34,35,36,37,38,39,40,41,42,43,44,45,46,47,48,49,50,51,52,53,54,55,56,57,58,59,60,61,62,63,64,65,66,67,68,69,115,116,132,133,134,135,136,137,138,139,140,141,151,155,156,173,174,175,176,177,183,186,188,190,207,208,216,220,229,230,231,232,233,234,235,236,
3;1;505;547;0;0,20,21,28,30,31,32,33,34,35,36,37,38,39,40,41,42,43,44,45,46,47,48,49,50,51,52,53,54,55,56,57,58,59,60,61,62,63,64,65,66,67,68,69,115,116,132,133,134,135,136,137,138,139,140,141,151,155,156,173,174,175,176,177,183,186,188,190,207,208,216,220,229,230,231,232,233,234,235,236,
76;0;547;668;1;0,20,21,28,30,31,32,33,34,35,36,37,38,39,40,41,42,43,44,45,46,47,48,49,50,51,52,53,54,55,56,57,58,59,60,61,62,63,64,65,66,67,68,69,115,116,132,133,134,135,136,137,138,139,140,141,151,155,156,173,174,175,176,177,183,186,188,190,207,208,216,220,229,230,231,232,233,234,235,236,
76;1;668;804;1;0,20,21,28,30,31,32,33,34,35,36,37,38,39,40,41,42,43,44,45,46,47,48,49,50,51,52,53,54,55,56,57,58,59,60,61,62,63,64,65,66,67,68,69,115,116,132,133,134,135,136,137,138,139,140,141,151,155,156,173,174,175,176,177,183,186,188,190,207,208,216,220,229,230,231,232,233,234,235,236,
24;0;804;857;1;0,20,21,28,30,31,32,33,34,35,36,37,38,39,40,41,42,43,44,45,46,47,48,49,50,51,52,53,54,55,56,57,58,59,60,61,62,63,64,65,66,67,68,69,115,116,132,133,134,135,136,137,138,139,140,141,151,155,156,173,174,175,176,177,183,186,188,190,207,208,216,220,229,230,231,232,233,234,235,236,
24;1;857;869;1;0,20,21,28,30,31,32,33,34,35,36,37,38,39,40,41,42,43,44,45,46,47,48,49,50,51,52,53,54,55,56,57,58,59,60,61,62,63,64,65,66,67,68,69,115,116,132,133,134,135,136,137,138,139,140,141,151,155,156,173,174,175,176,177,183,186,188,190,207,208,216,220,229,230,231,232,233,234,235,236,
28;0;869;903;0;0,20,21,28,30,31,32,33,34,35,36,37,38,39,40,41,42,43,44,45,46,47,48,49,50,51,52,53,54,55,56,57,58,59,60,61,62,63,64,65,66,67,68,69,115,116,132,133,134,135,136,137,138,139,140,141,151,155,156,173,174,175,176,177,183,186,188,190,207,208,216,220,229,230,231,232,233,234,235,236,
28;1;903;1047;0;0,20,21,28,30,31,32,33,34,35,36,37,38,39,40,41,42,43,44,45,46,47,48,49,50,51,52,53,54,55,56,57,58,59,60,61,62,63,64,65,66,67,68,69,115,116,132,133,134,135,136,137,138,139,140,141,151,155,156,173,174,175,176,177,183,186,188,190,207,208,216,220,229,230,231,232,233,234,235,236,
102;0;1047;1098;0;0,20,21,28,30,31,32,33,34,35,36,37,38,39,40,41,42,43,44,45,46,47,48,49,50,51,52,53,54,55,56,57,58,59,60,61,62,63,64,65,66,67,68,69,115,116,132,133,134,135,136,137,138,139,140,141,151,155,156,173,174,175,176,177,183,186,188,190,207,208,216,220,229,230,231,232,233,234,235,236,
18;0;1098;1184;0;0,20,21,28,30,31,32,33,34,35,36,37,38,39,40,41,42,43,44,45,46,47,48,49,50,51,52,53,54,55,56,57,58,59,60,61,62,63,64,65,66,67,68,69,115,116,132,133,134,135,136,137,138,139,140,141,151,155,156,173,174,175,176,177,183,186,188,190,207,208,216,220,229,230,231,232,233,234,235,236,
18;1;1184;1318;0;0,20,21,28,30,31,32,33,34,35,36,37,38,39,40,41,42,43,44,45,46,47,48,49,50,51,52,53,54,55,56,57,58,59,60,61,62,63,64,65,66,67,68,69,115,116,132,133,134,135,136,137,138,139,140,141,151,155,156,173,174,175,176,177,183,186,188,190,207,208,216,220,229,230,231,232,233,234,235,236,
59;0;1318;1323;1;0,20,21,28,30,31,32,33,34,35,36,37,38,39,40,41,42,43,44,45,46,47,48,49,50,51,52,53,54,55,56,57,58,59,60,61,62,63,64,65,66,67,68,69,115,116,132,133,134,135,136,137,138,139,140,141,151,155,156,173,174,175,176,177,183,186,188,190,207,208,216,220,229,230,231,232,233,234,235,236,
59;1;1323;1447;1;0,20,21,28,30,31,32,33,34,35,36,37,38,39,40,41,42,43,44,45,46,47,48,49,50,51,52,53,54,55,56,57,58,59,60,61,62,63,64,65,66,67,68,69,115,116,132,133,134,135,136,137,138,139,140,141,151,155,156,173,174,175,176,177,183,186,188,190,207,208,216,220,229,230,231,232,233,234,235,236,
88;0;1447;1506;0;0,20,21,28,30,31,32,33,34,35,36,37,38,39,40,41,42,43,44,45,46,47,48,49,50,51,52,53,54,55,56,57,58,59,60,61,62,63,64,65,66,67,68,69,115,116,132,133,134,135,136,137,138,139,140,141,151,155,156,173,174,175,176,177,183,186,188,190,207,208,216,220,229,230,231,232,233,234,235,236,
88;1;1506;1640;0;0,20,21,28,30,31,32,33,34,35,36,37,38,39,40,41,42,43,44,45,46,47,48,49,50,51,52,53,54,55,56,57,58,59,60,61,62,63,64,65,66,67,68,69,115,116,132,133,134,135,136,137,138,139,140,141,151,155,156,173,174,175,176,177,183,186,188,190,207,208,216,220,229,230,231,232,233,234,235,236,
10;0;1640;1736;0;0,20,21,28,30,31,32,33,34,35,36,37,38,39,40,41,42,43,44,45,46,47,48,49,50,51,52,53,54,55,56,57,58,59,60,61,62,63,64,65,66,67,68,69,115,116,132,133,134,135,136,137,138,139,140,141,151,155,156,173,174,175,176,177,183,186,188,190,207,208,216,220,229,230,231,232,233,234,235,236,
74;0;1736;1901;1;0,20,21,28,30,31,32,33,34,35,36,37,38,39,40,41,42,43,44,45,46,47,48,49,50,51,52,53,54,55,56,57,58,59,60,61,62,63,64,65,66,67,68,69,115,116,132,133,134,135,136,137,138,139,140,141,151,155,156,173,174,175,176,177,183,186,188,190,207,208,216,220,229,230,231,232,233,234,235,236,
74;1;1901;1943;1;0,20,21,28,30,31,32,33,34,35,36,37,38,39,40,41,42,43,44,45,46,47,48,49,50,51,52,53,54,55,56,57,58,59,60,61,62,63,64,65,66,67,68,69,115,116,132,133,134,135,136,137,138,139,140,141,151,155,156,173,174,175,176,177,183,186,188,190,207,208,216,220,229,230,231,232,233,234,235,236,
43;0;1943;1985;0;0,20,21,28,30,31,32,33,34,35,36,37,38,39,40,41,42,43,44,45,46,47,48,49,50,51,52,53,54,55,56,57,58,59,60,61,62,63,64,65,66,67,68,69,115,116,132,133,134,135,136,137,138,139,140,141,151,155,156,173,174,175,176,177,183,186,188,190,207,208,216,220,229,230,231,232,233,234,235,236,
43;1;1985;2149;0;0,20,21,28,30,31,32,33,34,35,36,37,38,39,40,41,42,43,44,45,46,47,48,49,50,51,52,53,54,55,56,57,58,59,60,61,62,63,64,65,66,67,68,69,115,116,132,133,134,135,136,137,138,139,140,141,151,155,156,173,174,175,176,177,183,186,188,190,207,208,216,220,229,230,231,232,233,234,235,236,
75;0;2149;2264;0;0,20,21,28,30,31,32,33,34,35,36,37,38,39,40,41,42,43,44,45,46,47,48,49,50,51,52,53,54,55,56,57,58,59,60,61,62,63,64,65,66,67,68,69,115,116,132,133,134,135,136,137,138,139,140,141,151,155,156,173,174,175,176,177,183,186,188,190,207,208,216,220,229,230,231,232,233,234,235,236,
47;0;2264;2408;0;0,20,21,28,30,31,32,33,34,35,36,37,38,39,40,41,42,43,44,45,46,47,48,49,50,51,52,53,54,55,56,57,58,59,60,61,62,63,64,65,66,67,68,69,115,116,132,133,134,135,136,137,138,139,140,141,151,155,156,173,174,175,176,177,183,186,188,190,207,208,216,220,229,230,231,232,233,234,235,236,
4;0;2408;2574;1;0,20,21,28,30,31,32,33,34,35,36,37,38,39,40,41,42,43,44,45,46,47,48,49,50,51,52,53,54,55,56,57,58,59,60,61,62,63,64,65,66,67,68,69,115,116,132,133,134,135,136,137,138,139,140,141,151,155,156,173,174,175,176,177,183,186,188,190,207,208,216,220,229,230,231,232,233,234,235,236,
4;1;2574;2618;1;0,20,21,28,30,31,32,33,34,35,36,37,38,39,40,41,42,43,44,45,46,47,48,49,50,51,52,53,54,55,56,57,58,59,60,61,62,63,64,65,66,67,68,69,115,116,132,133,134,135,136,137,138,139,140,141,151,155,156,173,174,175,176,177,183,186,188,190,207,208,216,220,229,230,231,232,233,234,235,236,
40;0;2618;2782;0;0,20,21,28,30,31,32,33,34,35,36,37,38,39,40,41,42,43,44,45,46,47,48,49,50,51,52,53,54,55,56,57,58,59,60,61,62,63,64,65,66,67,68,69,115,116,132,133,134,135,136,137,138,139,140,141,151,155,156,173,174,175,176,177,183,186,188,190,207,208,216,220,229,230,231,232,233,234,235,236,
78;0;2782;2811;0;0,20,21,28,30,31,32,33,34,35,36,37,38,39,40,41,42,43,44,45,46,47,48,49,50,51,52,53,54,55,56,57,58,59,60,61,62,63,64,65,66,67,68,69,115,116,132,133,134,135,136,137,138,139,140,141,151,155,156,173,174,175,176,177,183,186,188,190,207,208,216,220,229,230,231,232,233,234,235,236,
78;1;2811;2972;0;0,20,21,28,30,31,32,33,34,35,36,37,38,39,40,41,42,43,44,45,46,47,48,49,50,51,52,53,54,55,56,57,58,59,60,61,62,63,64,65,66,67,68,69,115,116,132,133,134,135,136,137,138,139,140,141,151,155,156,173,174,175,176,177,183,186,188,190,207,208,216,220,229,230,231,232,233,234,235,236,
110;0;2972;3070;0;0,20,21,28,30,31,32,33,34,35,36,37,38,39,40,41,42,43,44,45,46,47,48,49,50,51,52,53,54,55,56,57,58,59,60,61,62,63,64,65,66,67,68,69,115,116,132,133,134,135,136,137,138,139,140,141,151,155,156,173,174,175,176,177,183,186,188,190,207,208,216,220,229,230,231,232,233,234,235,236,
49;0;3070;3168;1;0,20,21,28,30,31,32,33,34,35,36,37,38,39,40,41,42,43,44,45,46,47,48,49,50,51,52,53,54,55,56,57,58,59,60,61,62,63,64,65,66,67,68,69,115,116,132,133,134,135,136,137,138,139,140,141,151,155,156,173,174,175,176,177,183,186,188,190,207,208,216,220,229,230,231,232,233,234,235,236,
49;1;3168;3241;1;0,20,21,28,30,31,32,33,34,35,36,37,38,39,40,41,42,43,44,45,46,47,48,49,50,51,52,53,54,55,56,57,58,59,60,61,62,63,64,65,66,67,68,69,115,116,132,133,134,135,136,137,138,139,140,141,151,155,156,173,174,175,176,177,183,186,188,190,207,208,216,220,229,230,231,232,233,234,235,236,
END
fineshedJobsCount: 210
switchs: 0
switchsInstances: 0
unfineshedPriorityCount: 0
totalUnfineshed: 0
criticalMachineSwitchs: 0
criticalMachineTime: 3729
Final Solution: 6300
Time: 281594
PTL: 3
MCMC: 495
Best Initial: 6009
Mean Initial: 5905.36
