./input/MyInstancesSameToolSets/n=228,p=0.75,r=0.6,t=1520,v5.csv;./input/Processed/ToolSetInt.csv
6;720;1440
Machine: 0
71;0;0;36;1;8,95,97,135,139,144,145,149,177,178,179,180,181,182,183,225,231,248,260,262,276,288,304,308,321,335,337,390,396,397,404,429,432,736,766,843,948,949,1117,1146,1236,1268,1292,1401,1417,1473,1474,1478,1521,1558,1920,1922,1992,2421,2548,2588,2627,2821,2836,2837,2838,2844,4088,4102,4327,4981,5257,5274,6000,6488,7362,7363,7364,7365,7366,7369,7372,7399,7438,7594,
139;0;36;149;0;8,95,97,135,139,144,145,149,177,178,179,180,181,182,183,225,231,248,260,262,276,288,304,308,321,335,337,390,396,397,404,429,432,736,766,843,948,949,1117,1146,1236,1268,1292,1401,1417,1473,1474,1478,1521,1558,1920,1922,1992,2421,2548,2588,2627,2821,2836,2837,2838,2844,4088,4102,4327,4981,5257,5274,6000,6488,7362,7363,7364,7365,7366,7369,7372,7399,7438,7594,
139;1;149;229;0;8,95,97,135,139,144,145,149,177,178,179,180,181,182,183,225,231,248,260,262,276,288,304,308,321,335,337,390,396,397,404,429,432,736,766,843,948,949,1117,1146,1236,1268,1292,1401,1417,1473,1474,1478,1521,1558,1920,1922,1992,2421,2548,2588,2627,2821,2836,2837,2838,2844,4088,4102,4327,4981,5257,5274,6000,6488,7362,7363,7364,7365,7366,7369,7372,7399,7438,7594,
39;0;229;329;1;8,95,97,135,139,144,145,149,177,178,179,180,181,182,183,225,231,248,260,262,276,288,304,308,321,335,337,390,396,397,404,429,432,736,766,843,948,949,1117,1146,1236,1268,1292,1401,1417,1473,1474,1478,1521,1558,1920,1922,1992,2421,2548,2588,2627,2821,2836,2837,2838,2844,4088,4102,4327,4981,5257,5274,6000,6488,7362,7363,7364,7365,7366,7369,7372,7399,7438,7594,
9;0;329;472;1;8,95,97,135,139,144,145,149,177,178,179,180,181,182,183,225,231,248,260,262,276,288,304,308,321,335,337,390,396,397,404,429,432,736,766,843,948,949,1117,1146,1236,1268,1292,1401,1417,1473,1474,1478,1521,1558,1920,1922,1992,2421,2548,2588,2627,2821,2836,2837,2838,2844,4088,4102,4327,4981,5257,5274,6000,6488,7362,7363,7364,7365,7366,7369,7372,7399,7438,7594,
9;1;472;573;1;8,95,97,135,139,144,145,149,177,178,179,180,181,182,183,225,231,248,260,262,276,288,304,308,321,335,337,390,396,397,404,429,432,736,766,843,948,949,1117,1146,1236,1268,1292,1401,1417,1473,1474,1478,1521,1558,1920,1922,1992,2421,2548,2588,2627,2821,2836,2837,2838,2844,4088,4102,4327,4981,5257,5274,6000,6488,7362,7363,7364,7365,7366,7369,7372,7399,7438,7594,
53;0;573;585;1;8,95,97,135,139,144,145,149,177,178,179,180,181,182,183,225,231,248,260,262,276,288,304,308,321,335,337,390,396,397,404,429,432,736,766,843,948,949,1117,1146,1236,1268,1292,1401,1417,1473,1474,1478,1521,1558,1920,1922,1992,2421,2548,2588,2627,2821,2836,2837,2838,2844,4088,4102,4327,4981,5257,5274,6000,6488,7362,7363,7364,7365,7366,7369,7372,7399,7438,7594,
53;1;585;706;1;8,95,97,135,139,144,145,149,177,178,179,180,181,182,183,225,231,248,260,262,276,288,304,308,321,335,337,390,396,397,404,429,432,736,766,843,948,949,1117,1146,1236,1268,1292,1401,1417,1473,1474,1478,1521,1558,1920,1922,1992,2421,2548,2588,2627,2821,2836,2837,2838,2844,4088,4102,4327,4981,5257,5274,6000,6488,7362,7363,7364,7365,7366,7369,7372,7399,7438,7594,
103;0;706;858;1;8,95,97,135,139,144,145,149,177,178,179,180,181,182,183,225,231,248,260,262,276,288,304,308,321,335,337,390,396,397,404,429,432,736,766,843,948,949,1117,1146,1236,1268,1292,1401,1417,1473,1474,1478,1521,1558,1920,1922,1992,2421,2548,2588,2627,2821,2836,2837,2838,2844,4088,4102,4327,4981,5257,5274,6000,6488,7362,7363,7364,7365,7366,7369,7372,7399,7438,7594,
23;0;858;1024;1;8,95,97,135,139,144,145,149,177,178,179,180,181,182,183,225,231,248,260,262,276,288,304,308,321,335,337,390,396,397,404,429,432,736,766,843,948,949,1117,1146,1236,1268,1292,1401,1417,1473,1474,1478,1521,1558,1920,1922,1992,2421,2548,2588,2627,2821,2836,2837,2838,2844,4088,4102,4327,4981,5257,5274,6000,6488,7362,7363,7364,7365,7366,7369,7372,7399,7438,7594,
7;0;1024;1111;1;8,95,97,135,139,144,145,149,177,178,179,180,181,182,183,225,231,248,260,262,276,288,304,308,321,335,337,390,396,397,404,429,432,736,766,843,948,949,1117,1146,1236,1268,1292,1401,1417,1473,1474,1478,1521,1558,1920,1922,1992,2421,2548,2588,2627,2821,2836,2837,2838,2844,4088,4102,4327,4981,5257,5274,6000,6488,7362,7363,7364,7365,7366,7369,7372,7399,7438,7594,
16;0;1111;1147;1;8,95,97,135,139,144,145,149,177,178,179,180,181,182,183,225,231,248,260,262,276,288,304,308,321,335,337,390,396,397,404,429,432,736,766,843,948,949,1117,1146,1236,1268,1292,1401,1417,1473,1474,1478,1521,1558,1920,1922,1992,2421,2548,2588,2627,2821,2836,2837,2838,2844,4088,4102,4327,4981,5257,5274,6000,6488,7362,7363,7364,7365,7366,7369,7372,7399,7438,7594,
16;1;1147;1245;1;8,95,97,135,139,144,145,149,177,178,179,180,181,182,183,225,231,248,260,262,276,288,304,308,321,335,337,390,396,397,404,429,432,736,766,843,948,949,1117,1146,1236,1268,1292,1401,1417,1473,1474,1478,1521,1558,1920,1922,1992,2421,2548,2588,2627,2821,2836,2837,2838,2844,4088,4102,4327,4981,5257,5274,6000,6488,7362,7363,7364,7365,7366,7369,7372,7399,7438,7594,
108;0;1245;1395;1;8,95,97,135,139,144,145,149,177,178,179,180,181,182,183,225,231,248,260,262,276,288,304,308,321,335,337,390,396,397,404,429,432,736,766,843,948,949,1117,1146,1236,1268,1292,1401,1417,1473,1474,1478,1521,1558,1920,1922,1992,2421,2548,2588,2627,2821,2836,2837,2838,2844,4088,4102,4327,4981,5257,5274,6000,6488,7362,7363,7364,7365,7366,7369,7372,7399,7438,7594,
108;1;1395;1547;1;8,95,97,135,139,144,145,149,177,178,179,180,181,182,183,225,231,248,260,262,276,288,304,308,321,335,337,390,396,397,404,429,432,736,766,843,948,949,1117,1146,1236,1268,1292,1401,1417,1473,1474,1478,1521,1558,1920,1922,1992,2421,2548,2588,2627,2821,2836,2837,2838,2844,4088,4102,4327,4981,5257,5274,6000,6488,7362,7363,7364,7365,7366,7369,7372,7399,7438,7594,
69;0;1547;1577;1;8,95,97,135,139,144,145,149,177,178,179,180,181,182,183,225,231,248,260,262,276,288,304,308,321,335,337,390,396,397,404,429,432,736,766,843,948,949,1117,1146,1236,1268,1292,1401,1417,1473,1474,1478,1521,1558,1920,1922,1992,2421,2548,2588,2627,2821,2836,2837,2838,2844,4088,4102,4327,4981,5257,5274,6000,6488,7362,7363,7364,7365,7366,7369,7372,7399,7438,7594,
69;1;1577;1692;1;8,95,97,135,139,144,145,149,177,178,179,180,181,182,183,225,231,248,260,262,276,288,304,308,321,335,337,390,396,397,404,429,432,736,766,843,948,949,1117,1146,1236,1268,1292,1401,1417,1473,1474,1478,1521,1558,1920,1922,1992,2421,2548,2588,2627,2821,2836,2837,2838,2844,4088,4102,4327,4981,5257,5274,6000,6488,7362,7363,7364,7365,7366,7369,7372,7399,7438,7594,
101;0;1692;1801;1;8,95,97,135,139,144,145,149,177,178,179,180,181,182,183,225,231,248,260,262,276,288,304,308,321,335,337,390,396,397,404,429,432,736,766,843,948,949,1117,1146,1236,1268,1292,1401,1417,1473,1474,1478,1521,1558,1920,1922,1992,2421,2548,2588,2627,2821,2836,2837,2838,2844,4088,4102,4327,4981,5257,5274,6000,6488,7362,7363,7364,7365,7366,7369,7372,7399,7438,7594,
101;1;1801;1845;1;8,95,97,135,139,144,145,149,177,178,179,180,181,182,183,225,231,248,260,262,276,288,304,308,321,335,337,390,396,397,404,429,432,736,766,843,948,949,1117,1146,1236,1268,1292,1401,1417,1473,1474,1478,1521,1558,1920,1922,1992,2421,2548,2588,2627,2821,2836,2837,2838,2844,4088,4102,4327,4981,5257,5274,6000,6488,7362,7363,7364,7365,7366,7369,7372,7399,7438,7594,
94;0;1845;1866;1;8,95,97,135,139,144,145,149,177,178,179,180,181,182,183,225,231,248,260,262,276,288,304,308,321,335,337,390,396,397,404,429,432,736,766,843,948,949,1117,1146,1236,1268,1292,1401,1417,1473,1474,1478,1521,1558,1920,1922,1992,2421,2548,2588,2627,2821,2836,2837,2838,2844,4088,4102,4327,4981,5257,5274,6000,6488,7362,7363,7364,7365,7366,7369,7372,7399,7438,7594,
89;0;1866;1950;1;8,95,97,135,139,144,145,149,177,178,179,180,181,182,183,225,231,248,260,262,276,288,304,308,321,335,337,390,396,397,404,429,432,736,766,843,948,949,1117,1146,1236,1268,1292,1401,1417,1473,1474,1478,1521,1558,1920,1922,1992,2421,2548,2588,2627,2821,2836,2837,2838,2844,4088,4102,4327,4981,5257,5274,6000,6488,7362,7363,7364,7365,7366,7369,7372,7399,7438,7594,
42;0;1950;2111;1;8,95,97,135,139,144,145,149,177,178,179,180,181,182,183,225,231,248,260,262,276,288,304,308,321,335,337,390,396,397,404,429,432,736,766,843,948,949,1117,1146,1236,1268,1292,1401,1417,1473,1474,1478,1521,1558,1920,1922,1992,2421,2548,2588,2627,2821,2836,2837,2838,2844,4088,4102,4327,4981,5257,5274,6000,6488,7362,7363,7364,7365,7366,7369,7372,7399,7438,7594,
42;1;2111;2152;1;8,95,97,135,139,144,145,149,177,178,179,180,181,182,183,225,231,248,260,262,276,288,304,308,321,335,337,390,396,397,404,429,432,736,766,843,948,949,1117,1146,1236,1268,1292,1401,1417,1473,1474,1478,1521,1558,1920,1922,1992,2421,2548,2588,2627,2821,2836,2837,2838,2844,4088,4102,4327,4981,5257,5274,6000,6488,7362,7363,7364,7365,7366,7369,7372,7399,7438,7594,
24;0;2152;2248;1;8,95,97,135,139,144,145,149,177,178,179,180,181,182,183,225,231,248,260,262,267,268,272,273,276,287,288,289,303,304,308,321,335,337,390,396,397,404,429,432,434,736,766,843,902,903,904,905,921,922,936,940,948,949,1117,1146,1204,1205,1206,1207,1208,1209,1210,1211,1212,1236,1268,1292,1401,1417,1473,1474,1478,1521,1558,1920,1922,1992,2627,4327,
24;1;2248;2412;1;8,95,97,135,139,144,145,149,177,178,179,180,181,182,183,225,231,248,260,262,267,268,272,273,276,287,288,289,303,304,308,321,335,337,390,396,397,404,429,432,434,736,766,843,902,903,904,905,921,922,936,940,948,949,1117,1146,1204,1205,1206,1207,1208,1209,1210,1211,1212,1236,1268,1292,1401,1417,1473,1474,1478,1521,1558,1920,1922,1992,2627,4327,
2;0;2880;2976;1;8,95,97,135,139,144,145,149,177,178,179,180,181,182,183,225,231,241,248,260,262,267,268,272,273,276,287,288,289,303,304,308,321,335,337,342,390,396,397,402,404,429,432,434,640,644,736,766,843,892,936,948,949,1056,1057,1062,1117,1146,1207,1236,1417,1472,1473,1474,1478,1521,1558,1843,1920,1922,1933,2102,2103,2104,2105,2106,2107,2108,2627,4327,
2;1;2976;3074;1;8,95,97,135,139,144,145,149,177,178,179,180,181,182,183,225,231,241,248,260,262,267,268,272,273,276,287,288,289,303,304,308,321,335,337,342,390,396,397,402,404,429,432,434,640,644,736,766,843,892,936,948,949,1056,1057,1062,1117,1146,1207,1236,1417,1472,1473,1474,1478,1521,1558,1843,1920,1922,1933,2102,2103,2104,2105,2106,2107,2108,2627,4327,
96;0;3074;3195;1;8,95,97,135,139,142,144,145,149,177,178,179,180,181,182,183,225,231,241,248,260,262,267,268,272,273,276,287,288,289,303,304,308,321,335,337,342,390,396,397,398,402,404,405,429,432,640,644,645,646,648,892,936,948,949,1056,1057,1062,1117,1146,1207,1236,1417,1473,1474,1478,1521,1558,1843,1920,1922,1933,2102,2103,2106,2155,2529,2530,2627,4327,
96;1;3195;3279;1;8,95,97,135,139,142,144,145,149,177,178,179,180,181,182,183,225,231,241,248,260,262,267,268,272,273,276,287,288,289,303,304,308,321,335,337,342,390,396,397,398,402,404,405,429,432,640,644,645,646,648,892,936,948,949,1056,1057,1062,1117,1146,1207,1236,1417,1473,1474,1478,1521,1558,1843,1920,1922,1933,2102,2103,2106,2155,2529,2530,2627,4327,
26;0;3279;3339;1;8,95,97,135,139,142,144,145,149,177,178,179,180,225,231,241,262,267,268,272,273,276,287,288,289,308,310,321,377,390,396,398,404,429,591,640,644,645,892,936,948,949,1052,1056,1057,1117,1146,1207,1236,1308,1417,1473,1474,1475,1478,1521,1558,1843,1916,1920,1922,1933,1978,2103,2339,2359,2627,3527,3970,4033,4327,4754,5335,6610,6611,6612,6613,6614,6615,6616,
26;1;3339;3387;1;8,95,97,135,139,142,144,145,149,177,178,179,180,225,231,241,262,267,268,272,273,276,287,288,289,308,310,321,377,390,396,398,404,429,591,640,644,645,892,936,948,949,1052,1056,1057,1117,1146,1207,1236,1308,1417,1473,1474,1475,1478,1521,1558,1843,1916,1920,1922,1933,1978,2103,2339,2359,2627,3527,3970,4033,4327,4754,5335,6610,6611,6612,6613,6614,6615,6616,
92;0;3387;3500;1;97,135,137,139,144,145,146,149,177,178,180,225,241,262,268,273,288,295,308,310,321,377,390,396,398,404,429,591,640,644,645,838,852,854,891,892,926,948,949,1052,1056,1117,1118,1134,1146,1165,1207,1236,1473,1474,1475,1476,1478,1521,1540,1843,1920,1922,1973,2247,2583,2587,2627,2904,3527,3634,4033,4424,4658,5050,5251,5452,5695,5696,5697,5698,5699,5700,5701,5702,
92;1;3500;3593;1;97,135,137,139,144,145,146,149,177,178,180,225,241,262,268,273,288,295,308,310,321,377,390,396,398,404,429,591,640,644,645,838,852,854,891,892,926,948,949,1052,1056,1117,1118,1134,1146,1165,1207,1236,1473,1474,1475,1476,1478,1521,1540,1843,1920,1922,1973,2247,2583,2587,2627,2904,3527,3634,4033,4424,4658,5050,5251,5452,5695,5696,5697,5698,5699,5700,5701,5702,
84;0;3593;3771;1;97,135,137,138,139,144,145,146,149,177,178,180,225,241,262,268,273,288,295,308,310,321,377,390,396,398,404,429,591,640,644,645,838,852,854,891,892,926,948,949,1052,1056,1117,1118,1134,1146,1165,1207,1236,1473,1474,1475,1476,1478,1481,1484,1521,1540,1843,1920,1922,1973,2247,2583,2587,2627,2904,3527,3634,4033,4424,4658,5050,5251,5452,5695,5696,5697,5706,6192,
84;1;3771;3840;1;97,135,137,138,139,144,145,146,149,177,178,180,225,241,262,268,273,288,295,308,310,321,377,390,396,398,404,429,591,640,644,645,838,852,854,891,892,926,948,949,1052,1056,1117,1118,1134,1146,1165,1207,1236,1473,1474,1475,1476,1478,1481,1484,1521,1540,1843,1920,1922,1973,2247,2583,2587,2627,2904,3527,3634,4033,4424,4658,5050,5251,5452,5695,5696,5697,5706,6192,
21;0;4320;4355;1;97,135,137,139,144,145,146,149,177,178,180,225,241,262,268,273,288,295,308,310,321,377,390,396,398,404,429,591,640,644,645,838,848,852,858,891,892,948,949,1052,1056,1073,1117,1118,1134,1146,1165,1169,1207,1236,1473,1474,1478,1481,1521,1523,1666,1843,1920,1922,1973,2247,2547,2627,2649,2677,2683,2693,3133,3260,3527,4033,4371,4372,4373,4374,4375,4376,4379,4380,
21;1;4355;4459;1;97,135,137,139,144,145,146,149,177,178,180,225,241,262,268,273,288,295,308,310,321,377,390,396,398,404,429,591,640,644,645,838,848,852,858,891,892,948,949,1052,1056,1073,1117,1118,1134,1146,1165,1169,1207,1236,1473,1474,1478,1481,1521,1523,1666,1843,1920,1922,1973,2247,2547,2627,2649,2677,2683,2693,3133,3260,3527,4033,4371,4372,4373,4374,4375,4376,4379,4380,
102;0;4459;4525;1;97,135,137,139,144,145,146,149,177,178,180,225,241,262,268,273,288,295,302,305,308,310,314,317,321,377,381,390,396,398,404,429,442,591,640,644,645,838,848,852,858,891,892,948,949,1052,1056,1073,1117,1118,1121,1132,1134,1146,1165,1169,1207,1236,1428,1473,1474,1478,1481,1521,1523,1666,1676,1843,1920,1922,1932,1973,2247,2547,2627,2693,3389,3527,4033,4376,
87;0;4525;4637;1;89,97,102,135,137,139,144,145,146,149,178,180,225,241,262,268,273,288,295,302,305,308,310,314,321,351,377,381,390,396,398,404,429,442,591,640,644,645,764,768,770,833,838,848,852,858,891,892,948,949,1052,1056,1117,1118,1134,1146,1165,1169,1207,1236,1428,1473,1474,1478,1481,1843,1920,1922,1973,2247,2627,2643,2651,2693,3462,3527,4033,4369,4370,4376,
87;1;4637;4703;1;89,97,102,135,137,139,144,145,146,149,178,180,225,241,262,268,273,288,295,302,305,308,310,314,321,351,377,381,390,396,398,404,429,442,591,640,644,645,764,768,770,833,838,848,852,858,891,892,948,949,1052,1056,1117,1118,1134,1146,1165,1169,1207,1236,1428,1473,1474,1478,1481,1843,1920,1922,1973,2247,2627,2643,2651,2693,3462,3527,4033,4369,4370,4376,
25;0;4703;4774;1;89,97,102,135,137,139,144,145,146,149,178,180,225,241,262,268,273,286,288,295,302,305,308,310,314,321,351,377,380,381,390,396,398,404,429,442,591,595,640,644,645,764,838,852,858,891,892,894,948,949,1052,1056,1117,1118,1131,1134,1146,1165,1169,1207,1236,1428,1430,1473,1474,1478,1481,1843,1844,1920,1922,1973,2247,2627,2643,2651,2693,3527,4033,4376,
25;1;4774;4911;1;89,97,102,135,137,139,144,145,146,149,178,180,225,241,262,268,273,286,288,295,302,305,308,310,314,321,351,377,380,381,390,396,398,404,429,442,591,595,640,644,645,764,838,852,858,891,892,894,948,949,1052,1056,1117,1118,1131,1134,1146,1165,1169,1207,1236,1428,1430,1473,1474,1478,1481,1843,1844,1920,1922,1973,2247,2627,2643,2651,2693,3527,4033,4376,
46;0;4911;4939;1;97,135,137,139,144,145,146,149,178,180,225,241,262,268,273,286,288,295,305,308,314,321,351,380,381,390,396,398,404,429,442,591,595,640,644,645,838,858,891,948,949,1052,1056,1117,1118,1134,1146,1165,1169,1207,1236,1428,1451,1473,1478,1481,1752,1843,1920,1922,2247,2627,2643,2651,2689,2693,4033,4376,5507,5633,5649,7203,7204,7205,7206,7207,7209,7804,7806,7812,
46;1;4939;5008;1;97,135,137,139,144,145,146,149,178,180,225,241,262,268,273,286,288,295,305,308,314,321,351,380,381,390,396,398,404,429,442,591,595,640,644,645,838,858,891,948,949,1052,1056,1117,1118,1134,1146,1165,1169,1207,1236,1428,1451,1473,1478,1481,1752,1843,1920,1922,2247,2627,2643,2651,2689,2693,4033,4376,5507,5633,5649,7203,7204,7205,7206,7207,7209,7804,7806,7812,
66;0;5008;5186;1;97,135,137,139,144,145,146,149,178,180,225,241,262,268,273,286,288,295,305,307,308,312,313,314,321,351,380,381,384,385,390,396,398,404,429,442,591,592,593,594,595,596,640,644,645,838,858,891,948,949,1052,1056,1117,1118,1134,1146,1165,1169,1207,1236,1428,1451,1473,1478,1481,1752,1843,1920,1922,2247,2627,2643,2651,2689,2693,4033,4376,5507,5633,5649,
66;1;5186;5276;1;97,135,137,139,144,145,146,149,178,180,225,241,262,268,273,286,288,295,305,307,308,312,313,314,321,351,380,381,384,385,390,396,398,404,429,442,591,592,593,594,595,596,640,644,645,838,858,891,948,949,1052,1056,1117,1118,1134,1146,1165,1169,1207,1236,1428,1451,1473,1478,1481,1752,1843,1920,1922,2247,2627,2643,2651,2689,2693,4033,4376,5507,5633,5649,
0;0;5760;5804;1;3,97,135,137,139,144,145,146,149,178,180,225,241,262,268,273,286,288,295,305,307,308,312,313,314,321,333,351,380,381,384,385,390,396,398,404,429,442,591,592,593,594,595,640,644,645,838,858,891,948,949,1052,1056,1117,1118,1134,1146,1165,1169,1207,1233,1236,1428,1473,1478,1481,1749,1843,1920,1922,2247,2627,2643,2651,2693,4033,4376,4553,5649,6850,
0;1;5804;5854;1;3,97,135,137,139,144,145,146,149,178,180,225,241,262,268,273,286,288,295,305,307,308,312,313,314,321,333,351,380,381,384,385,390,396,398,404,429,442,591,592,593,594,595,640,644,645,838,858,891,948,949,1052,1056,1117,1118,1134,1146,1165,1169,1207,1233,1236,1428,1473,1478,1481,1749,1843,1920,1922,2247,2627,2643,2651,2693,4033,4376,4553,5649,6850,
98;0;5854;5955;1;3,90,97,100,135,137,139,144,145,146,149,178,225,241,262,268,273,286,288,308,312,314,321,333,351,390,396,398,404,429,644,645,765,838,891,1056,1117,1118,1134,1146,1165,1169,1207,1233,1428,1473,1478,1481,1674,1768,1843,1920,1922,2247,2602,2625,2626,2627,2630,2631,2636,2637,2640,2643,2647,2650,2651,2653,2654,2661,2693,2698,2699,2714,2733,2750,2756,4033,4376,4553,
98;1;5955;6100;1;3,90,97,100,135,137,139,144,145,146,149,178,225,241,262,268,273,286,288,308,312,314,321,333,351,390,396,398,404,429,644,645,765,838,891,1056,1117,1118,1134,1146,1165,1169,1207,1233,1428,1473,1478,1481,1674,1768,1843,1920,1922,2247,2602,2625,2626,2627,2630,2631,2636,2637,2640,2643,2647,2650,2651,2653,2654,2661,2693,2698,2699,2714,2733,2750,2756,4033,4376,4553,
78;0;6100;6132;1;3,90,97,100,135,137,139,144,145,146,149,178,225,241,262,268,273,286,288,308,312,314,321,333,351,390,396,398,404,429,436,644,645,765,838,891,934,1056,1117,1118,1134,1146,1165,1169,1207,1233,1428,1473,1478,1479,1481,1674,1768,1843,1920,1922,2222,2223,2247,2602,2625,2626,2627,2630,2631,2636,2637,2640,2643,2651,2661,2693,3267,3268,4033,4376,4553,4968,5390,5391,
78;1;6132;6280;1;3,90,97,100,135,137,139,144,145,146,149,178,225,241,262,268,273,286,288,308,312,314,321,333,351,390,396,398,404,429,436,644,645,765,838,891,934,1056,1117,1118,1134,1146,1165,1169,1207,1233,1428,1473,1478,1479,1481,1674,1768,1843,1920,1922,2222,2223,2247,2602,2625,2626,2627,2630,2631,2636,2637,2640,2643,2651,2661,2693,3267,3268,4033,4376,4553,4968,5390,5391,
100;0;6280;6284;1;3,90,97,100,135,137,139,144,145,146,149,178,225,241,262,268,273,277,286,288,308,312,314,321,333,351,390,391,396,398,399,400,404,429,435,436,644,645,765,838,891,934,1056,1117,1118,1134,1146,1165,1169,1207,1233,1428,1473,1478,1479,1481,1768,1843,1920,1922,2222,2223,2247,2508,2626,2627,2636,2643,2651,2661,2926,3108,4033,4376,4553,4968,5244,5379,7883,8449,
80;0;6284;6292;1;3,90,97,100,135,137,139,144,145,146,149,178,225,241,262,268,273,277,286,288,294,301,308,312,314,321,333,351,390,391,396,398,399,400,404,429,435,436,644,645,765,838,891,934,1056,1117,1118,1134,1146,1165,1169,1207,1233,1428,1473,1478,1479,1481,1768,1843,1920,1922,2222,2223,2247,2465,2508,2626,2627,2636,2643,2651,2661,2926,3108,3915,4033,4376,4553,4968,
80;1;6292;6315;1;3,90,97,100,135,137,139,144,145,146,149,178,225,241,262,268,273,277,286,288,294,301,308,312,314,321,333,351,390,391,396,398,399,400,404,429,435,436,644,645,765,838,891,934,1056,1117,1118,1134,1146,1165,1169,1207,1233,1428,1473,1478,1479,1481,1768,1843,1920,1922,2222,2223,2247,2465,2508,2626,2627,2636,2643,2651,2661,2926,3108,3915,4033,4376,4553,4968,
55;0;6315;6395;1;3,100,135,137,139,144,145,146,149,178,225,262,268,273,277,286,288,301,308,312,314,321,333,351,390,391,395,398,404,429,436,644,838,891,938,1056,1117,1118,1134,1145,1146,1147,1148,1163,1164,1165,1166,1167,1168,1169,1170,1171,1172,1173,1174,1175,1176,1177,1207,1233,1428,1473,1478,1479,1481,1843,1920,1922,2222,2223,2247,2626,2627,2643,2651,2661,4033,4376,4553,4968,
55;1;6395;6462;1;3,100,135,137,139,144,145,146,149,178,225,262,268,273,277,286,288,301,308,312,314,321,333,351,390,391,395,398,404,429,436,644,838,891,938,1056,1117,1118,1134,1145,1146,1147,1148,1163,1164,1165,1166,1167,1168,1169,1170,1171,1172,1173,1174,1175,1176,1177,1207,1233,1428,1473,1478,1479,1481,1843,1920,1922,2222,2223,2247,2626,2627,2643,2651,2661,4033,4376,4553,4968,
22;0;6462;6622;1;3,100,130,135,137,139,144,145,146,149,178,225,262,268,273,277,286,288,301,308,312,314,321,333,351,390,391,395,398,404,429,436,644,838,1056,1118,1134,1146,1163,1166,1177,1207,1233,1428,1473,1478,1479,1481,1843,1920,1922,2222,2223,2247,2626,2627,2643,2651,2661,4033,4376,4553,4968,7692,7693,7694,7695,7696,7697,7698,7699,7700,7701,7702,7703,7704,7705,7706,7707,7708,
22;1;6622;6774;1;3,100,130,135,137,139,144,145,146,149,178,225,262,268,273,277,286,288,301,308,312,314,321,333,351,390,391,395,398,404,429,436,644,838,1056,1118,1134,1146,1163,1166,1177,1207,1233,1428,1473,1478,1479,1481,1843,1920,1922,2222,2223,2247,2626,2627,2643,2651,2661,4033,4376,4553,4968,7692,7693,7694,7695,7696,7697,7698,7699,7700,7701,7702,7703,7704,7705,7706,7707,7708,
43;0;7200;7214;1;3,24,100,130,135,137,139,144,145,146,149,178,225,262,268,273,277,286,288,301,308,312,314,321,333,351,390,391,395,398,404,429,436,579,581,644,838,1056,1118,1134,1146,1163,1166,1177,1207,1233,1270,1273,1278,1428,1473,1478,1479,1481,1843,1920,1922,2222,2223,2230,2247,2626,2627,2643,2651,2661,3265,3266,4033,4376,4553,4968,7692,7693,7694,7695,7696,7697,7698,7699,
43;1;7214;7266;1;3,24,100,130,135,137,139,144,145,146,149,178,225,262,268,273,277,286,288,301,308,312,314,321,333,351,390,391,395,398,404,429,436,579,581,644,838,1056,1118,1134,1146,1163,1166,1177,1207,1233,1270,1273,1278,1428,1473,1478,1479,1481,1843,1920,1922,2222,2223,2230,2247,2626,2627,2643,2651,2661,3265,3266,4033,4376,4553,4968,7692,7693,7694,7695,7696,7697,7698,7699,
82;0;7266;7302;1;3,24,100,130,135,137,139,144,145,146,149,178,225,262,268,273,277,286,288,301,308,312,314,321,333,351,390,391,395,398,404,429,436,579,581,644,838,1056,1118,1134,1146,1163,1166,1177,1207,1233,1270,1273,1278,1428,1473,1478,1479,1481,1669,1843,1920,1922,2222,2223,2230,2247,2250,2626,2627,2643,2651,2661,3265,3266,3630,4033,4376,4553,4968,5662,6681,6682,7692,7693,
1;0;7302;7351;1;3,24,100,135,137,139,144,145,146,149,178,225,262,268,273,277,286,288,301,308,312,314,321,333,351,390,391,395,398,404,429,436,581,1056,1095,1118,1134,1146,1149,1163,1166,1177,1233,1270,1399,1428,1473,1478,1479,1481,1669,1814,1843,1920,1922,2222,2223,2247,2250,2382,2626,2627,2643,2651,2661,3034,4033,4376,4553,4965,4968,4969,4972,4973,5202,5419,5768,5942,5943,7401,
1;1;7351;7366;1;3,24,100,135,137,139,144,145,146,149,178,225,262,268,273,277,286,288,301,308,312,314,321,333,351,390,391,395,398,404,429,436,581,1056,1095,1118,1134,1146,1149,1163,1166,1177,1233,1270,1399,1428,1473,1478,1479,1481,1669,1814,1843,1920,1922,2222,2223,2247,2250,2382,2626,2627,2643,2651,2661,3034,4033,4376,4553,4965,4968,4969,4972,4973,5202,5419,5768,5942,5943,7401,
117;0;7366;7375;0;3,24,100,135,137,139,144,145,146,149,178,225,262,268,273,277,286,288,301,308,312,314,321,333,351,354,355,356,357,390,391,395,398,404,429,436,581,1056,1095,1118,1134,1146,1149,1163,1166,1177,1233,1270,1399,1428,1473,1478,1479,1481,1669,1814,1843,1920,1922,2222,2223,2247,2250,2382,2626,2627,2643,2651,2661,3034,4033,4376,4553,4965,4968,4969,4972,4973,5202,5419,
91;0;7375;7396;1;3,24,100,135,137,139,144,145,146,149,178,225,262,268,273,277,286,288,301,308,312,314,321,333,351,354,355,356,357,390,391,395,398,404,429,436,581,1056,1095,1118,1134,1146,1149,1163,1166,1177,1233,1270,1399,1428,1473,1478,1479,1481,1669,1814,1843,1920,1922,2222,2223,2247,2250,2382,2626,2627,2643,2651,2661,4033,4376,4553,8551,8557,8559,8644,9115,9116,9117,9118,
3;0;7396;7408;1;3,24,100,135,137,139,144,145,146,149,178,225,262,268,273,277,286,288,301,308,312,314,321,333,351,354,355,356,357,390,391,395,398,404,429,436,581,855,1056,1095,1118,1134,1146,1149,1163,1166,1177,1233,1270,1399,1428,1473,1478,1479,1481,1669,1814,1843,1920,1922,2222,2223,2247,2250,2382,2626,2627,2643,2651,2661,4033,4376,4472,4535,4553,5402,5849,8551,8557,8559,
74;0;7408;7427;1;3,24,100,135,137,139,144,145,146,149,178,225,262,268,273,277,286,288,301,308,312,314,321,333,351,354,355,356,357,390,391,395,398,404,429,436,581,647,855,1056,1095,1118,1134,1146,1149,1163,1166,1177,1233,1270,1361,1399,1428,1473,1478,1479,1481,1669,1675,1814,1843,1920,1922,2222,2223,2247,2250,2626,2627,2643,2651,2661,3710,4033,4376,4535,4553,5402,6223,6224,
74;1;7427;7564;1;3,24,100,135,137,139,144,145,146,149,178,225,262,268,273,277,286,288,301,308,312,314,321,333,351,354,355,356,357,390,391,395,398,404,429,436,581,647,855,1056,1095,1118,1134,1146,1149,1163,1166,1177,1233,1270,1361,1399,1428,1473,1478,1479,1481,1669,1675,1814,1843,1920,1922,2222,2223,2247,2250,2626,2627,2643,2651,2661,3710,4033,4376,4535,4553,5402,6223,6224,
10;0;7564;7636;1;3,24,100,135,137,139,144,145,146,149,178,225,234,262,268,273,277,286,288,301,308,312,314,321,333,351,354,355,356,357,390,391,395,398,404,429,436,581,647,855,1056,1093,1095,1118,1133,1134,1146,1149,1163,1166,1177,1233,1270,1361,1399,1428,1473,1478,1481,1669,1726,1809,1843,1920,1922,2109,2222,2223,2247,2250,2626,2627,2643,2651,2661,4033,4376,4553,5402,5663,
90;0;7636;7696;1;3,24,100,135,137,139,144,145,146,149,178,225,234,262,268,273,277,286,288,301,308,312,314,321,333,351,354,355,356,390,391,395,398,404,429,581,647,855,1056,1093,1118,1133,1134,1146,1163,1166,1177,1233,1270,1361,1428,1473,1478,1481,1669,1809,1843,1920,1922,2222,2223,2247,2250,2626,2627,2643,2651,2661,4376,4553,5402,7893,8122,8135,8137,8138,8142,8143,8283,8372,
75;0;7696;7819;1;3,24,100,135,137,139,144,145,146,149,178,225,234,262,268,273,277,286,288,301,308,312,314,321,333,351,354,355,356,390,391,395,398,404,429,581,647,692,855,1056,1093,1118,1133,1134,1146,1163,1166,1177,1201,1233,1270,1361,1428,1473,1478,1481,1529,1669,1809,1843,1920,1922,2222,2223,2247,2250,2626,2627,2643,2651,2657,2661,2692,2986,4376,4553,5402,5484,5485,6235,
75;1;7819;7831;1;3,24,100,135,137,139,144,145,146,149,178,225,234,262,268,273,277,286,288,301,308,312,314,321,333,351,354,355,356,390,391,395,398,404,429,581,647,692,855,1056,1093,1118,1133,1134,1146,1163,1166,1177,1201,1233,1270,1361,1428,1473,1478,1481,1529,1669,1809,1843,1920,1922,2222,2223,2247,2250,2626,2627,2643,2651,2657,2661,2692,2986,4376,4553,5402,5484,5485,6235,
62;0;7831;7881;1;3,24,100,135,137,139,144,145,146,149,178,225,234,262,268,273,277,286,288,301,308,312,314,321,333,351,354,355,356,390,391,395,398,404,429,581,647,692,855,1056,1093,1118,1133,1134,1146,1163,1166,1177,1201,1233,1270,1361,1428,1473,1478,1481,1529,1669,1809,1843,1920,1922,2222,2223,2247,2250,2626,2627,2643,2651,2657,2661,2692,2986,4376,4553,5402,5484,5485,6235,
49;0;7881;7904;1;3,24,100,135,137,139,144,145,146,149,178,225,234,262,268,273,277,286,288,301,308,312,314,321,333,351,354,355,356,390,391,395,398,404,429,581,607,647,692,720,855,1056,1093,1118,1133,1134,1146,1163,1166,1177,1201,1233,1270,1361,1428,1470,1473,1478,1481,1529,1669,1679,1809,1843,1920,1922,1944,2222,2223,2247,2250,2434,2626,2627,2643,2651,2661,2721,4553,6565,
142;0;7904;8053;0;3,24,100,135,137,139,144,145,146,149,178,225,234,262,268,273,277,286,288,301,308,312,314,321,333,351,354,355,356,390,391,395,398,404,429,581,607,647,692,719,855,933,1056,1093,1118,1133,1134,1146,1163,1166,1177,1233,1270,1361,1363,1398,1428,1473,1478,1481,1669,1809,1843,1920,1922,2222,2223,2247,2250,2503,2626,2627,2643,2651,2661,4553,7162,7163,7164,7165,
142;1;8053;8136;0;3,24,100,135,137,139,144,145,146,149,178,225,234,262,268,273,277,286,288,301,308,312,314,321,333,351,354,355,356,390,391,395,398,404,429,581,607,647,692,719,855,933,1056,1093,1118,1133,1134,1146,1163,1166,1177,1233,1270,1361,1363,1398,1428,1473,1478,1481,1669,1809,1843,1920,1922,2222,2223,2247,2250,2503,2626,2627,2643,2651,2661,4553,7162,7163,7164,7165,
83;0;8136;8264;1;3,24,100,135,137,139,144,145,146,149,178,225,234,262,268,273,277,286,288,301,308,312,314,321,333,351,354,355,356,390,391,395,398,404,429,581,607,647,692,719,855,933,1056,1093,1118,1133,1134,1146,1163,1166,1177,1233,1270,1361,1363,1398,1428,1473,1478,1481,1669,1809,1843,1920,1922,2222,2223,2247,2250,2503,2626,2627,2643,2651,2661,4553,7162,7163,7164,7165,
83;1;8264;8412;1;3,24,100,135,137,139,144,145,146,149,178,225,234,262,268,273,277,286,288,301,308,312,314,321,333,351,354,355,356,390,391,395,398,404,429,581,607,647,692,719,855,933,1056,1093,1118,1133,1134,1146,1163,1166,1177,1233,1270,1361,1363,1398,1428,1473,1478,1481,1669,1809,1843,1920,1922,2222,2223,2247,2250,2503,2626,2627,2643,2651,2661,4553,7162,7163,7164,7165,
95;0;8412;8555;1;3,24,100,135,137,139,144,145,146,149,178,225,234,262,268,273,277,286,288,301,308,312,314,321,333,351,354,355,356,390,391,395,398,404,429,581,607,647,692,719,855,933,1056,1093,1118,1133,1134,1146,1163,1166,1177,1233,1270,1361,1363,1398,1428,1473,1478,1481,1669,1809,1843,1920,1922,2222,2223,2247,2250,2503,2626,2627,2643,2651,2661,4553,7162,7163,7164,7165,
Machine: 1
15;0;0;136;1;15,24,41,53,54,55,57,59,60,61,66,111,206,374,479,503,504,577,871,875,965,973,1269,1277,1287,1290,1293,1294,1295,1322,1418,1587,1657,1712,1781,1796,1936,2062,2063,2172,2240,2306,2410,2469,2471,2472,2581,2924,2941,3254,3270,3345,3346,3381,3382,3814,4012,4182,4262,4313,4314,4315,4316,4317,4318,4456,4457,5308,6426,6532,6694,6726,7339,7946,8838,9020,9021,9022,9023,9024,
14;0;136;172;1;15,24,41,53,54,55,57,59,60,61,66,111,206,374,479,503,504,577,871,875,965,973,1269,1277,1287,1290,1293,1294,1295,1322,1418,1587,1657,1712,1781,1796,1936,2062,2063,2172,2240,2306,2410,2469,2471,2472,2581,2924,2941,3254,3270,3345,3346,3381,3382,3814,4012,4182,4262,4313,4314,4315,4316,4317,4318,4456,4457,5308,6426,6532,6694,6726,7339,7946,8838,9020,9021,9022,9023,9024,
14;1;172;332;1;15,24,41,53,54,55,57,59,60,61,66,111,206,374,479,503,504,577,871,875,965,973,1269,1277,1287,1290,1293,1294,1295,1322,1418,1587,1657,1712,1781,1796,1936,2062,2063,2172,2240,2306,2410,2469,2471,2472,2581,2924,2941,3254,3270,3345,3346,3381,3382,3814,4012,4182,4262,4313,4314,4315,4316,4317,4318,4456,4457,5308,6426,6532,6694,6726,7339,7946,8838,9020,9021,9022,9023,9024,
93;0;332;415;1;15,24,41,53,54,55,57,59,60,61,66,111,206,374,479,503,504,577,871,875,965,973,1269,1277,1287,1290,1293,1294,1295,1322,1418,1587,1657,1712,1781,1796,1936,2062,2063,2172,2240,2306,2410,2469,2471,2472,2581,2924,2941,3254,3270,3345,3346,3381,3382,3814,4012,4182,4262,4313,4314,4315,4316,4317,4318,4456,4457,5308,6426,6532,6694,6726,7339,7946,8838,9020,9021,9022,9023,9024,
93;1;415;589;1;15,24,41,53,54,55,57,59,60,61,66,111,206,374,479,503,504,577,871,875,965,973,1269,1277,1287,1290,1293,1294,1295,1322,1418,1587,1657,1712,1781,1796,1936,2062,2063,2172,2240,2306,2410,2469,2471,2472,2581,2924,2941,3254,3270,3345,3346,3381,3382,3814,4012,4182,4262,4313,4314,4315,4316,4317,4318,4456,4457,5308,6426,6532,6694,6726,7339,7946,8838,9020,9021,9022,9023,9024,
138;0;589;642;0;15,24,41,53,54,55,57,59,60,61,66,111,206,374,479,503,504,577,871,875,965,973,1269,1277,1287,1290,1293,1294,1295,1322,1418,1587,1657,1712,1781,1796,1936,2062,2063,2172,2240,2306,2410,2469,2471,2472,2581,2924,2941,3254,3270,3345,3346,3381,3382,3814,4012,4182,4262,4313,4314,4315,4316,4317,4318,4456,4457,5308,6426,6532,6694,6726,7339,7946,8838,9020,9021,9022,9023,9024,
138;1;642;730;0;15,24,41,53,54,55,57,59,60,61,66,111,206,374,479,503,504,577,871,875,965,973,1269,1277,1287,1290,1293,1294,1295,1322,1418,1587,1657,1712,1781,1796,1936,2062,2063,2172,2240,2306,2410,2469,2471,2472,2581,2924,2941,3254,3270,3345,3346,3381,3382,3814,4012,4182,4262,4313,4314,4315,4316,4317,4318,4456,4457,5308,6426,6532,6694,6726,7339,7946,8838,9020,9021,9022,9023,9024,
77;0;730;779;1;15,24,41,53,54,55,57,59,60,61,66,111,206,374,479,503,504,577,871,875,965,973,1269,1277,1287,1290,1293,1294,1295,1322,1418,1587,1657,1712,1781,1796,1936,2062,2063,2172,2240,2306,2410,2469,2471,2472,2581,2924,2941,3254,3270,3345,3346,3381,3382,3814,4012,4182,4262,4313,4314,4315,4316,4317,4318,4456,4457,5308,6426,6532,6694,6726,7339,7946,8838,9020,9021,9022,9023,9024,
77;1;779;950;1;15,24,41,53,54,55,57,59,60,61,66,111,206,374,479,503,504,577,871,875,965,973,1269,1277,1287,1290,1293,1294,1295,1322,1418,1587,1657,1712,1781,1796,1936,2062,2063,2172,2240,2306,2410,2469,2471,2472,2581,2924,2941,3254,3270,3345,3346,3381,3382,3814,4012,4182,4262,4313,4314,4315,4316,4317,4318,4456,4457,5308,6426,6532,6694,6726,7339,7946,8838,9020,9021,9022,9023,9024,
27;0;950;1097;1;15,24,41,53,54,55,57,59,60,61,66,111,206,374,479,503,504,577,871,875,965,973,1269,1277,1287,1290,1293,1294,1295,1322,1418,1587,1657,1712,1781,1796,1936,2062,2063,2172,2240,2306,2410,2469,2471,2472,2581,2924,2941,3254,3270,3345,3346,3381,3382,3814,4012,4182,4262,4313,4314,4315,4316,4317,4318,4456,4457,5308,6426,6532,6694,6726,7339,7946,8838,9020,9021,9022,9023,9024,
27;1;1097;1170;1;15,24,41,53,54,55,57,59,60,61,66,111,206,374,479,503,504,577,871,875,965,973,1269,1277,1287,1290,1293,1294,1295,1322,1418,1587,1657,1712,1781,1796,1936,2062,2063,2172,2240,2306,2410,2469,2471,2472,2581,2924,2941,3254,3270,3345,3346,3381,3382,3814,4012,4182,4262,4313,4314,4315,4316,4317,4318,4456,4457,5308,6426,6532,6694,6726,7339,7946,8838,9020,9021,9022,9023,9024,
29;0;1170;1314;1;15,24,41,53,54,55,57,59,60,61,66,111,206,374,479,503,504,577,871,875,965,973,1269,1277,1287,1290,1293,1294,1295,1322,1418,1587,1657,1712,1781,1796,1936,2062,2063,2172,2240,2306,2410,2469,2471,2472,2581,2924,2941,3254,3270,3345,3346,3381,3382,3814,4012,4182,4262,4313,4314,4315,4316,4317,4318,4456,4457,5308,6426,6532,6694,6726,7339,7946,8838,9020,9021,9022,9023,9024,
32;0;1314;1463;1;15,24,41,53,54,55,57,59,60,61,66,111,206,374,479,503,504,577,871,875,965,973,1269,1277,1287,1290,1293,1294,1295,1322,1418,1587,1657,1712,1781,1796,1936,2062,2063,2172,2240,2306,2410,2469,2471,2472,2581,2924,2941,3254,3270,3345,3346,3381,3382,3814,4012,4182,4262,4313,4314,4315,4316,4317,4318,4456,4457,5308,6426,6532,6694,6726,7339,7946,8838,9020,9021,9022,9023,9024,
41;0;1463;1629;1;15,24,41,53,54,55,57,59,60,61,66,111,206,374,479,503,504,577,871,875,965,973,1269,1277,1287,1290,1293,1294,1295,1322,1418,1587,1657,1712,1781,1796,1936,2062,2063,2172,2240,2306,2410,2469,2471,2472,2581,2924,2941,3254,3270,3345,3346,3381,3382,3814,4012,4182,4262,4313,4314,4315,4316,4317,4318,4456,4457,5308,6426,6532,6694,6726,7339,7946,8838,9020,9021,9022,9023,9024,
41;1;1629;1749;1;15,24,41,53,54,55,57,59,60,61,66,111,206,374,479,503,504,577,871,875,965,973,1269,1277,1287,1290,1293,1294,1295,1322,1418,1587,1657,1712,1781,1796,1936,2062,2063,2172,2240,2306,2410,2469,2471,2472,2581,2924,2941,3254,3270,3345,3346,3381,3382,3814,4012,4182,4262,4313,4314,4315,4316,4317,4318,4456,4457,5308,6426,6532,6694,6726,7339,7946,8838,9020,9021,9022,9023,9024,
113;0;1749;1826;0;15,24,41,53,54,55,57,59,60,61,66,111,206,374,479,503,504,577,871,875,965,973,1269,1277,1287,1290,1293,1294,1295,1322,1418,1587,1657,1712,1781,1796,1936,2062,2063,2172,2240,2306,2410,2469,2471,2472,2581,2924,2941,3254,3270,3345,3346,3381,3382,3814,4012,4182,4262,4313,4314,4315,4316,4317,4318,4456,4457,5308,6426,6532,6694,6726,7339,7946,8838,9020,9021,9022,9023,9024,
113;1;1826;1851;0;15,24,41,53,54,55,57,59,60,61,66,111,206,374,479,503,504,577,871,875,965,973,1269,1277,1287,1290,1293,1294,1295,1322,1418,1587,1657,1712,1781,1796,1936,2062,2063,2172,2240,2306,2410,2469,2471,2472,2581,2924,2941,3254,3270,3345,3346,3381,3382,3814,4012,4182,4262,4313,4314,4315,4316,4317,4318,4456,4457,5308,6426,6532,6694,6726,7339,7946,8838,9020,9021,9022,9023,9024,
50;0;1851;1990;1;15,24,41,53,54,55,57,59,60,61,66,111,206,374,479,503,504,577,871,875,965,973,1269,1277,1287,1290,1293,1294,1295,1322,1418,1587,1657,1712,1781,1796,1936,2062,2063,2172,2240,2306,2410,2469,2471,2472,2581,2924,2941,3254,3270,3345,3346,3381,3382,3814,4012,4182,4262,4313,4314,4315,4316,4317,4318,4456,4457,5308,6426,6532,6694,6726,7339,7946,8838,9020,9021,9022,9023,9024,
12;0;1990;2022;1;15,24,41,53,54,55,57,59,60,61,66,111,206,374,479,503,504,577,871,875,965,973,1269,1277,1287,1290,1293,1294,1295,1322,1418,1587,1657,1712,1781,1796,1936,2062,2063,2172,2240,2306,2410,2469,2471,2472,2581,2924,2941,3254,3270,3345,3346,3381,3382,3814,4012,4182,4262,4313,4314,4315,4316,4317,4318,4456,4457,5308,6426,6532,6694,6726,7339,7946,8838,9020,9021,9022,9023,9024,
12;1;2022;2175;1;15,24,41,53,54,55,57,59,60,61,66,111,206,374,479,503,504,577,871,875,965,973,1269,1277,1287,1290,1293,1294,1295,1322,1418,1587,1657,1712,1781,1796,1936,2062,2063,2172,2240,2306,2410,2469,2471,2472,2581,2924,2941,3254,3270,3345,3346,3381,3382,3814,4012,4182,4262,4313,4314,4315,4316,4317,4318,4456,4457,5308,6426,6532,6694,6726,7339,7946,8838,9020,9021,9022,9023,9024,
34;0;2175;2345;1;15,24,41,53,54,55,57,59,60,61,66,111,206,374,479,503,504,577,871,875,965,973,1269,1277,1287,1290,1293,1294,1295,1322,1418,1587,1657,1712,1781,1796,1936,2062,2063,2172,2240,2306,2410,2469,2471,2472,2581,2924,2941,3254,3270,3345,3346,3381,3382,3814,4012,4182,4262,4313,4314,4315,4316,4317,4318,4456,4457,5308,6426,6532,6694,6726,7339,7946,8838,9020,9021,9022,9023,9024,
34;1;2345;2418;1;15,24,41,53,54,55,57,59,60,61,66,111,206,374,479,503,504,577,871,875,965,973,1269,1277,1287,1290,1293,1294,1295,1322,1418,1587,1657,1712,1781,1796,1936,2062,2063,2172,2240,2306,2410,2469,2471,2472,2581,2924,2941,3254,3270,3345,3346,3381,3382,3814,4012,4182,4262,4313,4314,4315,4316,4317,4318,4456,4457,5308,6426,6532,6694,6726,7339,7946,8838,9020,9021,9022,9023,9024,
54;0;2418;2597;1;15,24,41,53,54,55,57,59,60,61,66,111,206,374,479,503,504,577,871,875,965,973,1269,1277,1287,1290,1293,1294,1295,1322,1418,1587,1657,1712,1781,1796,1936,2062,2063,2172,2240,2306,2410,2469,2471,2472,2581,2924,2941,3254,3270,3345,3346,3381,3382,3814,4012,4182,4262,4313,4314,4315,4316,4317,4318,4456,4457,5308,6426,6532,6694,6726,7339,7946,8838,9020,9021,9022,9023,9024,
54;1;2597;2728;1;15,24,41,53,54,55,57,59,60,61,66,111,206,374,479,503,504,577,871,875,965,973,1269,1277,1287,1290,1293,1294,1295,1322,1418,1587,1657,1712,1781,1796,1936,2062,2063,2172,2240,2306,2410,2469,2471,2472,2581,2924,2941,3254,3270,3345,3346,3381,3382,3814,4012,4182,4262,4313,4314,4315,4316,4317,4318,4456,4457,5308,6426,6532,6694,6726,7339,7946,8838,9020,9021,9022,9023,9024,
40;0;2728;2795;1;15,24,41,53,54,55,57,59,60,61,66,111,206,374,479,503,504,577,871,875,965,973,1269,1277,1287,1290,1293,1294,1295,1322,1418,1587,1657,1712,1781,1796,1936,2062,2063,2172,2240,2306,2410,2469,2471,2472,2581,2924,2941,3254,3270,3345,3346,3381,3382,3814,4012,4182,4262,4313,4314,4315,4316,4317,4318,4456,4457,5308,6426,6532,6694,6726,7339,7946,8838,9020,9021,9022,9023,9024,
40;1;2795;2940;1;15,24,41,53,54,55,57,59,60,61,66,111,206,374,479,503,504,577,871,875,965,973,1269,1277,1287,1290,1293,1294,1295,1322,1418,1587,1657,1712,1781,1796,1936,2062,2063,2172,2240,2306,2410,2469,2471,2472,2581,2924,2941,3254,3270,3345,3346,3381,3382,3814,4012,4182,4262,4313,4314,4315,4316,4317,4318,4456,4457,5308,6426,6532,6694,6726,7339,7946,8838,9020,9021,9022,9023,9024,
20;0;2940;3040;1;15,24,41,53,54,55,57,59,60,61,66,111,198,206,374,479,503,504,577,614,778,871,875,965,973,1269,1277,1287,1290,1293,1294,1295,1297,1322,1418,1587,1657,1781,1784,1936,2062,2063,2197,2263,2339,2346,2347,2471,2577,2805,2875,2941,3345,3346,3701,4262,4313,4314,4315,4316,4317,4318,4356,5392,5791,6966,8332,8400,8401,8651,8863,8864,8865,8866,8867,8868,8869,8870,8871,8872,
20;1;3040;3120;1;15,24,41,53,54,55,57,59,60,61,66,111,198,206,374,479,503,504,577,614,778,871,875,965,973,1269,1277,1287,1290,1293,1294,1295,1297,1322,1418,1587,1657,1781,1784,1936,2062,2063,2197,2263,2339,2346,2347,2471,2577,2805,2875,2941,3345,3346,3701,4262,4313,4314,4315,4316,4317,4318,4356,5392,5791,6966,8332,8400,8401,8651,8863,8864,8865,8866,8867,8868,8869,8870,8871,8872,
56;0;3120;3200;1;15,16,19,24,25,26,29,34,37,38,39,40,41,46,53,54,55,57,59,60,61,66,111,198,206,374,479,503,504,577,614,634,778,871,875,965,973,1269,1277,1287,1290,1293,1294,1295,1297,1322,1418,1587,1657,1781,1784,1936,2062,2063,2151,2197,2263,2339,2346,2347,2471,2577,2805,2875,2941,3345,3346,3701,4262,4313,4314,4315,4316,4317,4318,4356,5156,5392,5791,6966,
56;1;3200;3230;1;15,16,19,24,25,26,29,34,37,38,39,40,41,46,53,54,55,57,59,60,61,66,111,198,206,374,479,503,504,577,614,634,778,871,875,965,973,1269,1277,1287,1290,1293,1294,1295,1297,1322,1418,1587,1657,1781,1784,1936,2062,2063,2151,2197,2263,2339,2346,2347,2471,2577,2805,2875,2941,3345,3346,3701,4262,4313,4314,4315,4316,4317,4318,4356,5156,5392,5791,6966,
44;0;3230;3237;1;15,16,19,24,25,26,29,34,37,38,39,40,41,46,53,54,55,57,59,60,61,66,111,198,206,374,479,503,504,577,614,634,778,871,875,965,973,1269,1277,1287,1290,1293,1294,1295,1297,1322,1418,1587,1657,1781,1784,1936,2062,2063,2151,2197,2263,2339,2346,2347,2471,2577,2805,2875,2941,3345,3346,3701,4262,4313,4314,4315,4316,4317,4318,4356,5156,5392,5791,6966,
38;0;3237;3373;1;1,2,3,4,5,6,7,8,9,10,11,12,13,15,16,19,24,25,26,29,34,37,38,39,40,41,46,53,54,55,57,59,60,61,66,111,198,206,374,479,503,504,577,614,634,778,871,875,965,973,1269,1277,1287,1290,1293,1294,1295,1297,1322,1418,1587,1657,1781,1784,1936,2062,2063,2151,2197,2471,2941,3345,3346,4262,4313,4314,4315,4316,4317,4318,
38;1;3373;3427;1;1,2,3,4,5,6,7,8,9,10,11,12,13,15,16,19,24,25,26,29,34,37,38,39,40,41,46,53,54,55,57,59,60,61,66,111,198,206,374,479,503,504,577,614,634,778,871,875,965,973,1269,1277,1287,1290,1293,1294,1295,1297,1322,1418,1587,1657,1781,1784,1936,2062,2063,2151,2197,2471,2941,3345,3346,4262,4313,4314,4315,4316,4317,4318,
8;0;3427;3517;1;1,2,3,4,5,6,7,10,15,16,19,24,25,26,29,34,37,38,39,40,41,46,53,54,55,57,59,60,61,66,111,152,170,206,374,479,499,503,504,547,569,577,614,778,871,875,964,965,973,1157,1249,1269,1281,1283,1287,1293,1294,1295,1304,1322,1541,1587,1781,1935,1936,2062,2063,2197,2471,2860,2941,3345,3346,4262,4313,4314,4315,4316,4317,4318,
8;1;3517;3586;1;1,2,3,4,5,6,7,10,15,16,19,24,25,26,29,34,37,38,39,40,41,46,53,54,55,57,59,60,61,66,111,152,170,206,374,479,499,503,504,547,569,577,614,778,871,875,964,965,973,1157,1249,1269,1281,1283,1287,1293,1294,1295,1304,1322,1541,1587,1781,1935,1936,2062,2063,2197,2471,2860,2941,3345,3346,4262,4313,4314,4315,4316,4317,4318,
73;0;3586;3756;1;1,2,3,4,5,6,7,10,15,16,19,20,24,25,26,29,34,37,38,39,40,41,46,53,54,55,57,59,60,61,66,111,126,152,170,206,364,374,479,499,503,506,569,577,614,778,871,875,965,973,1143,1157,1269,1283,1287,1293,1294,1295,1304,1322,1541,1587,1781,1936,2062,2063,2195,2196,2197,2471,2941,3345,3346,4262,4313,4314,4315,4316,4317,4318,
73;1;3756;3916;1;1,2,3,4,5,6,7,10,15,16,19,20,24,25,26,29,34,37,38,39,40,41,46,53,54,55,57,59,60,61,66,111,126,152,170,206,364,374,479,499,503,506,569,577,614,778,871,875,965,973,1143,1157,1269,1283,1287,1293,1294,1295,1304,1322,1541,1587,1781,1936,2062,2063,2195,2196,2197,2471,2941,3345,3346,4262,4313,4314,4315,4316,4317,4318,
18;0;3916;4078;1;1,2,3,4,5,6,7,10,15,16,19,20,24,25,26,29,34,37,38,39,40,41,46,53,54,55,57,59,60,61,66,111,126,152,170,206,364,374,479,499,503,506,569,577,614,778,871,875,965,973,1143,1157,1269,1283,1287,1293,1294,1295,1304,1322,1541,1587,1781,1936,2062,2063,2195,2196,2197,2471,2941,3345,3346,4262,4313,4314,4315,4316,4317,4318,
18;1;4078;4228;1;1,2,3,4,5,6,7,10,15,16,19,20,24,25,26,29,34,37,38,39,40,41,46,53,54,55,57,59,60,61,66,111,126,152,170,206,364,374,479,499,503,506,569,577,614,778,871,875,965,973,1143,1157,1269,1283,1287,1293,1294,1295,1304,1322,1541,1587,1781,1936,2062,2063,2195,2196,2197,2471,2941,3345,3346,4262,4313,4314,4315,4316,4317,4318,
13;0;4320;4335;1;1,2,3,4,5,10,15,16,19,20,24,25,26,29,34,37,38,39,40,41,46,53,54,55,57,59,60,61,66,111,152,170,206,364,374,479,503,569,577,614,778,871,873,875,965,973,1157,1269,1283,1287,1293,1294,1295,1304,1322,1541,1587,1781,1936,2025,2062,2063,2471,2941,3345,3346,3595,4003,4262,4313,4314,4315,4316,4317,4318,5124,5125,5126,5127,5128,
13;1;4335;4432;1;1,2,3,4,5,10,15,16,19,20,24,25,26,29,34,37,38,39,40,41,46,53,54,55,57,59,60,61,66,111,152,170,206,364,374,479,503,569,577,614,778,871,873,875,965,973,1157,1269,1283,1287,1293,1294,1295,1304,1322,1541,1587,1781,1936,2025,2062,2063,2471,2941,3345,3346,3595,4003,4262,4313,4314,4315,4316,4317,4318,5124,5125,5126,5127,5128,
97;0;4432;4441;1;10,15,16,19,20,23,24,25,26,29,34,37,38,39,40,41,46,53,54,55,57,59,60,61,66,111,152,170,204,206,364,374,419,479,503,569,577,614,778,871,873,875,965,1011,1157,1186,1269,1283,1287,1293,1294,1295,1304,1322,1541,1587,1781,1895,1936,2062,2063,2305,2471,2512,2941,3345,3346,4262,4276,4277,4278,4279,4280,4281,4313,4314,4315,4316,4317,4318,
97;1;4441;4528;1;10,15,16,19,20,23,24,25,26,29,34,37,38,39,40,41,46,53,54,55,57,59,60,61,66,111,152,170,204,206,364,374,419,479,503,569,577,614,778,871,873,875,965,1011,1157,1186,1269,1283,1287,1293,1294,1295,1304,1322,1541,1587,1781,1895,1936,2062,2063,2305,2471,2512,2941,3345,3346,4262,4276,4277,4278,4279,4280,4281,4313,4314,4315,4316,4317,4318,
57;0;4528;4678;1;10,15,16,19,20,24,25,26,34,37,38,39,40,41,46,53,54,55,57,59,60,61,66,111,170,204,255,364,374,457,479,503,528,529,569,577,614,738,778,871,873,965,1157,1268,1269,1270,1271,1283,1286,1287,1289,1293,1294,1295,1322,1541,1587,1781,1782,1785,1898,2190,2221,2264,2265,2305,2471,2485,2512,2941,3598,3702,3704,4217,4262,4620,4621,4622,4623,4624,
57;1;4678;4817;1;10,15,16,19,20,24,25,26,34,37,38,39,40,41,46,53,54,55,57,59,60,61,66,111,170,204,255,364,374,457,479,503,528,529,569,577,614,738,778,871,873,965,1157,1268,1269,1270,1271,1283,1286,1287,1289,1293,1294,1295,1322,1541,1587,1781,1782,1785,1898,2190,2221,2264,2265,2305,2471,2485,2512,2941,3598,3702,3704,4217,4262,4620,4621,4622,4623,4624,
81;0;4817;4858;1;10,15,16,17,19,20,24,25,26,34,37,38,39,40,41,46,49,52,53,54,55,57,59,60,61,66,70,110,111,170,204,255,280,364,374,457,460,479,503,528,529,569,577,614,627,635,659,738,778,787,871,873,956,965,1013,1157,1238,1239,1240,1241,1242,1243,1244,1245,1268,1269,1270,1283,1293,1294,1295,1322,1541,1587,2305,2471,2512,2941,3702,4217,
81;1;4858;5010;1;10,15,16,17,19,20,24,25,26,34,37,38,39,40,41,46,49,52,53,54,55,57,59,60,61,66,70,110,111,170,204,255,280,364,374,457,460,479,503,528,529,569,577,614,627,635,659,738,778,787,871,873,956,965,1013,1157,1238,1239,1240,1241,1242,1243,1244,1245,1268,1269,1270,1283,1293,1294,1295,1322,1541,1587,2305,2471,2512,2941,3702,4217,
107;0;5010;5111;1;10,15,16,17,19,20,24,25,26,34,35,37,38,39,40,41,46,49,52,53,54,55,57,59,60,61,66,68,110,111,150,170,196,202,280,364,374,479,503,569,577,614,635,741,778,871,873,965,995,1157,1268,1269,1270,1283,1293,1294,1295,1322,1541,1587,1693,1853,1984,1989,2216,2305,2334,2512,2518,2522,2523,2524,2527,2825,2826,2827,2828,2941,3702,4217,
107;1;5111;5276;1;10,15,16,17,19,20,24,25,26,34,35,37,38,39,40,41,46,49,52,53,54,55,57,59,60,61,66,68,110,111,150,170,196,202,280,364,374,479,503,569,577,614,635,741,778,871,873,965,995,1157,1268,1269,1270,1283,1293,1294,1295,1322,1541,1587,1693,1853,1984,1989,2216,2305,2334,2512,2518,2522,2523,2524,2527,2825,2826,2827,2828,2941,3702,4217,
19;0;5760;5806;1;10,15,16,17,19,20,24,25,26,34,35,37,38,39,40,41,46,49,52,53,54,55,57,59,60,61,66,68,110,111,150,170,196,202,280,364,374,412,479,503,569,577,614,632,635,741,778,791,871,873,965,995,1157,1268,1269,1270,1283,1293,1294,1295,1322,1509,1541,1587,1691,1693,1853,1992,2028,2305,2413,2512,2935,2937,2938,2940,2941,2942,3702,4217,
19;1;5806;5870;1;10,15,16,17,19,20,24,25,26,34,35,37,38,39,40,41,46,49,52,53,54,55,57,59,60,61,66,68,110,111,150,170,196,202,280,364,374,412,479,503,569,577,614,632,635,741,778,791,871,873,965,995,1157,1268,1269,1270,1283,1293,1294,1295,1322,1509,1541,1587,1691,1693,1853,1992,2028,2305,2413,2512,2935,2937,2938,2940,2941,2942,3702,4217,
88;0;5870;5947;1;10,15,16,17,19,20,24,25,26,27,34,35,37,38,39,40,41,46,49,52,53,54,55,57,59,60,61,66,68,110,111,150,155,170,196,202,280,364,412,479,503,518,577,614,632,635,657,778,791,871,873,965,995,1157,1268,1269,1270,1283,1293,1294,1295,1322,1541,1558,1587,1691,1853,1992,2028,2305,2413,2512,2937,2938,2940,2941,2942,3602,3702,4217,
88;1;5947;6072;1;10,15,16,17,19,20,24,25,26,27,34,35,37,38,39,40,41,46,49,52,53,54,55,57,59,60,61,66,68,110,111,150,155,170,196,202,280,364,412,479,503,518,577,614,632,635,657,778,791,871,873,965,995,1157,1268,1269,1270,1283,1293,1294,1295,1322,1541,1558,1587,1691,1853,1992,2028,2305,2413,2512,2937,2938,2940,2941,2942,3602,3702,4217,
33;0;6072;6168;1;10,15,16,17,19,20,24,25,26,27,34,35,37,38,39,40,41,46,49,52,53,54,55,57,59,60,61,66,68,110,111,150,155,170,196,202,280,364,412,479,491,503,518,577,614,632,635,778,791,871,873,965,995,1157,1268,1269,1270,1283,1293,1294,1295,1322,1558,1587,1691,1853,1992,2028,2305,2413,2512,2937,2938,2940,2941,2942,3702,4217,6270,6641,
33;1;6168;6234;1;10,15,16,17,19,20,24,25,26,27,34,35,37,38,39,40,41,46,49,52,53,54,55,57,59,60,61,66,68,110,111,150,155,170,196,202,280,364,412,479,491,503,518,577,614,632,635,778,791,871,873,965,995,1157,1268,1269,1270,1283,1293,1294,1295,1322,1558,1587,1691,1853,1992,2028,2305,2413,2512,2937,2938,2940,2941,2942,3702,4217,6270,6641,
68;0;6234;6335;1;15,16,17,19,20,24,25,26,27,34,35,37,38,39,40,41,46,49,52,53,54,55,57,59,60,61,66,68,110,111,170,175,196,202,249,280,364,412,577,614,632,635,748,760,778,791,871,873,965,995,1157,1268,1269,1270,1283,1293,1294,1295,1322,1587,1691,1992,2028,2174,2305,2413,2512,2937,2938,2940,2941,2942,3603,3702,4211,4217,4353,4492,5993,5994,
68;1;6335;6379;1;15,16,17,19,20,24,25,26,27,34,35,37,38,39,40,41,46,49,52,53,54,55,57,59,60,61,66,68,110,111,170,175,196,202,249,280,364,412,577,614,632,635,748,760,778,791,871,873,965,995,1157,1268,1269,1270,1283,1293,1294,1295,1322,1587,1691,1992,2028,2174,2305,2413,2512,2937,2938,2940,2941,2942,3603,3702,4211,4217,4353,4492,5993,5994,
48;0;6379;6428;1;15,16,17,19,20,24,25,26,27,34,35,37,38,39,40,41,46,49,52,53,54,55,57,59,60,61,66,68,110,111,170,175,196,202,249,280,364,412,577,579,614,632,635,748,760,778,791,871,873,965,995,1157,1268,1269,1270,1283,1293,1294,1295,1322,1419,1587,1691,1940,1992,2028,2174,2305,2413,2512,2937,2938,2940,2941,2942,3603,3702,4211,4217,4353,
48;1;6428;6464;1;15,16,17,19,20,24,25,26,27,34,35,37,38,39,40,41,46,49,52,53,54,55,57,59,60,61,66,68,110,111,170,175,196,202,249,280,364,412,577,579,614,632,635,748,760,778,791,871,873,965,995,1157,1268,1269,1270,1283,1293,1294,1295,1322,1419,1587,1691,1940,1992,2028,2174,2305,2413,2512,2937,2938,2940,2941,2942,3603,3702,4211,4217,4353,
30;0;6464;6636;1;15,16,17,19,20,24,25,26,27,34,35,37,38,39,40,41,42,44,46,49,52,53,54,55,56,57,58,59,60,61,66,68,110,111,170,196,280,281,364,412,481,505,577,614,778,871,873,965,994,995,1157,1183,1268,1269,1270,1293,1294,1295,1322,1419,1587,1634,1635,1636,1637,1638,1639,1640,1641,1642,1643,1644,1645,1646,1647,1648,1649,2512,4217,4353,
30;1;6636;6725;1;15,16,17,19,20,24,25,26,27,34,35,37,38,39,40,41,42,44,46,49,52,53,54,55,56,57,58,59,60,61,66,68,110,111,170,196,280,281,364,412,481,505,577,614,778,871,873,965,994,995,1157,1183,1268,1269,1270,1293,1294,1295,1322,1419,1587,1634,1635,1636,1637,1638,1639,1640,1641,1642,1643,1644,1645,1646,1647,1648,1649,2512,4217,4353,
106;0;6725;6882;1;15,16,17,19,20,24,25,26,27,34,35,37,38,39,40,41,42,44,46,49,52,53,54,55,56,57,58,59,60,61,66,68,110,111,170,196,280,281,364,412,481,505,577,614,778,871,873,965,994,995,1157,1183,1268,1269,1270,1293,1294,1295,1322,1419,1587,1634,1635,1636,1637,1638,1639,1640,1641,1642,1643,1644,1645,1646,1647,1648,1649,2512,4217,4353,
106;1;6882;6976;1;15,16,17,19,20,24,25,26,27,34,35,37,38,39,40,41,42,44,46,49,52,53,54,55,56,57,58,59,60,61,66,68,110,111,170,196,280,281,364,412,481,505,577,614,778,871,873,965,994,995,1157,1183,1268,1269,1270,1293,1294,1295,1322,1419,1587,1634,1635,1636,1637,1638,1639,1640,1641,1642,1643,1644,1645,1646,1647,1648,1649,2512,4217,4353,
45;0;6976;7031;1;15,16,17,19,20,24,25,26,27,34,35,37,38,39,40,41,42,44,46,49,52,53,54,55,56,57,58,59,60,61,66,68,110,111,170,196,280,281,364,412,481,505,577,614,778,871,873,965,994,995,1157,1183,1268,1269,1270,1293,1294,1295,1322,1419,1587,1634,1635,1636,1637,1638,1639,1640,1641,1642,1643,1644,1645,1646,1647,1648,1649,2512,4217,4353,
45;1;7031;7156;1;15,16,17,19,20,24,25,26,27,34,35,37,38,39,40,41,42,44,46,49,52,53,54,55,56,57,58,59,60,61,66,68,110,111,170,196,280,281,364,412,481,505,577,614,778,871,873,965,994,995,1157,1183,1268,1269,1270,1293,1294,1295,1322,1419,1587,1634,1635,1636,1637,1638,1639,1640,1641,1642,1643,1644,1645,1646,1647,1648,1649,2512,4217,4353,
72;0;7200;7325;1;15,16,17,19,20,24,25,26,27,28,34,35,37,38,39,40,41,42,44,46,48,49,52,53,54,55,56,57,58,59,60,61,66,68,78,110,111,170,196,280,281,364,412,481,490,505,549,577,614,778,805,871,873,965,994,995,1157,1183,1268,1269,1270,1293,1294,1295,1322,1419,1587,1634,1635,1636,1637,2161,2338,3766,3775,4136,4217,4353,5682,5825,
72;1;7325;7475;1;15,16,17,19,20,24,25,26,27,28,34,35,37,38,39,40,41,42,44,46,48,49,52,53,54,55,56,57,58,59,60,61,66,68,78,110,111,170,196,280,281,364,412,481,490,505,549,577,614,778,805,871,873,965,994,995,1157,1183,1268,1269,1270,1293,1294,1295,1322,1419,1587,1634,1635,1636,1637,2161,2338,3766,3775,4136,4217,4353,5682,5825,
11;0;7475;7495;1;15,16,17,19,20,24,25,26,27,28,34,35,37,38,39,40,42,44,52,53,54,55,56,57,59,60,61,66,68,78,110,111,156,170,196,280,364,412,415,448,474,510,551,609,614,778,816,871,873,962,995,1157,1268,1269,1270,1293,1294,1295,1322,1336,1337,1338,1339,1340,1341,1342,1343,1344,1345,1346,1347,1348,1349,1350,1351,1419,1587,4217,4353,5825,
11;1;7495;7545;1;15,16,17,19,20,24,25,26,27,28,34,35,37,38,39,40,42,44,52,53,54,55,56,57,59,60,61,66,68,78,110,111,156,170,196,280,364,412,415,448,474,510,551,609,614,778,816,871,873,962,995,1157,1268,1269,1270,1293,1294,1295,1322,1336,1337,1338,1339,1340,1341,1342,1343,1344,1345,1346,1347,1348,1349,1350,1351,1419,1587,4217,4353,5825,
63;0;7545;7574;1;15,16,17,19,20,24,25,26,27,28,34,35,37,38,39,40,42,44,52,53,54,55,56,57,59,60,61,66,68,78,110,111,156,170,196,280,364,412,415,448,474,510,551,609,614,778,816,871,873,962,995,1157,1268,1269,1270,1293,1294,1295,1322,1336,1337,1338,1339,1340,1341,1342,1343,1344,1345,1419,1587,2220,2407,3703,3721,3797,4112,4217,4353,5825,
64;0;7574;7671;1;15,16,17,19,20,24,25,26,27,28,34,35,36,37,38,39,40,42,44,52,53,54,55,56,57,59,60,61,66,68,78,110,111,170,196,280,364,412,494,496,609,614,615,616,778,871,873,1157,1195,1268,1293,1322,1343,1344,1419,1587,1696,1914,2015,2166,2168,3098,3454,4212,4242,4988,5017,5164,5165,5166,5167,5825,6494,6623,7432,7433,7434,7435,7436,7437,
64;1;7671;7713;1;15,16,17,19,20,24,25,26,27,28,34,35,36,37,38,39,40,42,44,52,53,54,55,56,57,59,60,61,66,68,78,110,111,170,196,280,364,412,494,496,609,614,615,616,778,871,873,1157,1195,1268,1293,1322,1343,1344,1419,1587,1696,1914,2015,2166,2168,3098,3454,4212,4242,4988,5017,5164,5165,5166,5167,5825,6494,6623,7432,7433,7434,7435,7436,7437,
70;0;7713;7737;1;15,16,17,19,20,24,25,26,27,28,34,35,36,37,38,39,40,42,44,52,53,54,55,56,57,59,60,61,66,68,78,110,111,170,185,189,196,280,364,412,494,496,609,614,615,616,778,871,872,873,874,972,1157,1195,1268,1293,1322,1343,1344,1419,1456,1587,1696,1914,2015,2166,2168,3098,3454,4212,4242,4988,5017,5164,5165,5166,5167,5825,6494,6623,
76;0;7737;7790;1;15,16,17,18,19,20,21,24,25,26,27,28,34,35,36,37,38,39,40,42,44,52,53,54,55,56,57,59,60,61,66,68,76,78,110,111,170,185,189,196,280,364,412,483,494,496,609,614,615,616,778,871,872,873,874,972,1157,1195,1268,1293,1311,1322,1343,1344,1419,1456,1587,1596,1696,1914,2085,4044,4212,5488,5825,5928,6494,7786,7853,7854,
65;0;7790;7814;1;15,16,17,18,19,20,21,24,25,26,27,28,34,35,36,37,38,39,40,42,44,45,52,53,54,55,56,57,59,60,61,66,68,76,78,110,111,117,170,189,196,364,413,476,494,496,614,615,616,618,778,871,872,873,874,1157,1293,1311,1344,1419,1456,1461,1587,1596,1718,1914,2091,2326,2341,3891,3956,4212,4645,5825,6423,6778,7793,7794,7795,7854,
65;1;7814;7908;1;15,16,17,18,19,20,21,24,25,26,27,28,34,35,36,37,38,39,40,42,44,45,52,53,54,55,56,57,59,60,61,66,68,76,78,110,111,117,170,189,196,364,413,476,494,496,614,615,616,618,778,871,872,873,874,1157,1293,1311,1344,1419,1456,1461,1587,1596,1718,1914,2091,2326,2341,3891,3956,4212,4645,5825,6423,6778,7793,7794,7795,7854,
79;0;7908;8081;1;15,16,17,18,19,20,21,24,25,26,27,28,34,35,36,37,38,39,40,42,44,45,52,53,54,55,56,57,59,60,61,66,68,76,78,110,111,117,170,189,196,364,413,476,494,496,614,615,616,618,778,871,872,873,874,1142,1157,1293,1311,1344,1419,1456,1460,1461,1587,1596,1718,1914,2091,2326,2341,3891,3956,4212,4645,5825,6423,6778,7793,7854,
79;1;8081;8143;1;15,16,17,18,19,20,21,24,25,26,27,28,34,35,36,37,38,39,40,42,44,45,52,53,54,55,56,57,59,60,61,66,68,76,78,110,111,117,170,189,196,364,413,476,494,496,614,615,616,618,778,871,872,873,874,1142,1157,1293,1311,1344,1419,1456,1460,1461,1587,1596,1718,1914,2091,2326,2341,3891,3956,4212,4645,5825,6423,6778,7793,7854,
141;0;8143;8304;0;15,16,17,18,19,20,21,24,25,26,27,28,34,35,36,37,38,39,40,42,44,45,52,53,54,55,56,57,59,60,61,66,68,76,78,110,111,117,170,189,196,364,413,476,494,496,614,615,616,618,778,871,872,873,874,1142,1157,1293,1311,1344,1419,1456,1460,1461,1587,1596,1718,1914,2091,2326,2341,3891,3956,4212,4645,5825,6423,6778,7793,7854,
141;1;8304;8309;0;15,16,17,18,19,20,21,24,25,26,27,28,34,35,36,37,38,39,40,42,44,45,52,53,54,55,56,57,59,60,61,66,68,76,78,110,111,117,170,189,196,364,413,476,494,496,614,615,616,618,778,871,872,873,874,1142,1157,1293,1311,1344,1419,1456,1460,1461,1587,1596,1718,1914,2091,2326,2341,3891,3956,4212,4645,5825,6423,6778,7793,7854,
END
fineshedJobsCount: 160
switchs: 722
switchsInstances: 55
unfineshedPriorityCount: 23
totalUnfineshed: 68
Final Solution: 2838
Time: 183254
PTL: 480
MCMC: 232
Best Initial: 107
Mean Initial: -138.818
