./input/BaseInstances/2M1_n=376,r=0.5,t=650,v0.txt;./input/Processed/ToolSetInt.csv
7;720;1440
Machine: 0
192;0;0;4;1;2,12,26,71,73,87,126,127,221,302,343,382,390,405,407,413,418,422,427,536,558,579,580,581,582,583,584,585,586,587,588,589,590,591,592,593,594,595,596,597,598,599,600,601,602,615,616,617,618,619,620,621,622,623,624,625,626,627,628,629,630,631,632,633,634,635,636,637,638,639,640,641,642,643,644,645,646,647,648,649,
233;0;4;132;1;2,12,26,71,73,87,126,127,221,302,343,382,390,405,407,413,418,422,427,536,558,579,580,581,582,583,584,585,586,587,588,589,590,591,592,593,594,595,596,597,598,599,600,601,602,615,616,617,618,619,620,621,622,623,624,625,626,627,628,629,630,631,632,633,634,635,636,637,638,639,640,641,642,643,644,645,646,647,648,649,
233;1;132;300;1;2,12,26,71,73,87,126,127,221,302,343,382,390,405,407,413,418,422,427,536,558,579,580,581,582,583,584,585,586,587,588,589,590,591,592,593,594,595,596,597,598,599,600,601,602,615,616,617,618,619,620,621,622,623,624,625,626,627,628,629,630,631,632,633,634,635,636,637,638,639,640,641,642,643,644,645,646,647,648,649,
121;0;300;339;1;2,12,26,71,73,87,126,127,221,302,343,382,390,405,407,413,418,422,427,536,558,579,580,581,582,583,584,585,586,587,588,589,590,591,592,593,594,595,596,597,598,599,600,601,602,615,616,617,618,619,620,621,622,623,624,625,626,627,628,629,630,631,632,633,634,635,636,637,638,639,640,641,642,643,644,645,646,647,648,649,
121;1;339;517;1;2,12,26,71,73,87,126,127,221,302,343,382,390,405,407,413,418,422,427,536,558,579,580,581,582,583,584,585,586,587,588,589,590,591,592,593,594,595,596,597,598,599,600,601,602,615,616,617,618,619,620,621,622,623,624,625,626,627,628,629,630,631,632,633,634,635,636,637,638,639,640,641,642,643,644,645,646,647,648,649,
236;0;517;695;1;2,12,26,71,73,87,126,127,221,302,343,382,390,405,407,413,418,422,427,536,558,579,580,581,582,583,584,585,586,587,588,589,590,591,592,593,594,595,596,597,598,599,600,601,602,615,616,617,618,619,620,621,622,623,624,625,626,627,628,629,630,631,632,633,634,635,636,637,638,639,640,641,642,643,644,645,646,647,648,649,
141;0;695;748;1;2,12,26,57,58,60,71,73,87,131,132,133,134,135,136,137,138,139,140,141,142,143,144,145,146,147,148,149,150,151,152,153,154,155,156,157,158,159,160,161,162,163,164,165,172,221,302,343,382,405,407,422,427,441,442,443,444,445,446,447,536,545,546,547,548,549,550,551,552,553,554,555,556,558,615,616,617,618,619,620,
141;1;748;822;1;2,12,26,57,58,60,71,73,87,131,132,133,134,135,136,137,138,139,140,141,142,143,144,145,146,147,148,149,150,151,152,153,154,155,156,157,158,159,160,161,162,163,164,165,172,221,302,343,382,405,407,422,427,441,442,443,444,445,446,447,536,545,546,547,548,549,550,551,552,553,554,555,556,558,615,616,617,618,619,620,
23;0;822;884;0;2,12,26,57,58,60,71,73,87,131,132,133,134,135,136,137,138,139,140,141,142,143,144,145,146,147,148,149,150,151,152,153,154,155,156,157,158,159,160,161,162,163,164,165,172,221,302,343,382,405,407,422,427,441,442,443,444,445,446,447,536,545,546,547,548,549,550,551,552,553,554,555,556,558,615,616,617,618,619,620,
23;1;884;925;0;2,12,26,57,58,60,71,73,87,131,132,133,134,135,136,137,138,139,140,141,142,143,144,145,146,147,148,149,150,151,152,153,154,155,156,157,158,159,160,161,162,163,164,165,172,221,302,343,382,405,407,422,427,441,442,443,444,445,446,447,536,545,546,547,548,549,550,551,552,553,554,555,556,558,615,616,617,618,619,620,
180;0;925;1014;1;2,12,26,57,58,60,71,73,87,131,132,133,134,135,136,137,138,139,140,141,142,143,144,145,146,147,148,149,150,151,152,153,154,155,156,157,158,159,160,161,162,163,164,165,172,221,302,343,382,405,407,422,427,441,442,443,444,445,446,447,536,545,546,547,548,549,550,551,552,553,554,555,556,558,615,616,617,618,619,620,
209;0;1014;1177;1;2,12,26,57,58,60,71,73,87,131,132,133,134,135,136,137,138,139,140,141,142,143,144,145,146,147,148,149,150,151,152,153,154,155,156,157,158,159,160,161,162,163,164,165,172,221,302,343,382,405,407,422,427,441,442,443,444,445,446,447,536,545,546,547,548,549,550,551,552,553,554,555,556,558,615,616,617,618,619,620,
209;1;1177;1266;1;2,12,26,57,58,60,71,73,87,131,132,133,134,135,136,137,138,139,140,141,142,143,144,145,146,147,148,149,150,151,152,153,154,155,156,157,158,159,160,161,162,163,164,165,172,221,302,343,382,405,407,422,427,441,442,443,444,445,446,447,536,545,546,547,548,549,550,551,552,553,554,555,556,558,615,616,617,618,619,620,
56;0;1266;1400;1;2,12,26,57,58,60,71,73,87,131,132,133,134,135,136,137,138,139,140,141,142,143,144,145,146,147,148,149,150,151,152,153,154,155,156,157,158,159,160,161,162,163,164,165,172,221,302,343,382,405,407,422,427,441,442,443,444,445,446,447,536,545,546,547,548,549,550,551,552,553,554,555,556,558,615,616,617,618,619,620,
111;0;1400;1446;0;2,12,26,57,58,60,71,73,87,131,132,133,134,135,136,137,138,139,140,141,142,143,144,145,146,147,148,149,150,151,152,153,154,155,156,157,158,159,160,161,162,163,164,165,172,221,302,343,382,405,407,422,427,441,442,443,444,445,446,447,536,545,546,547,548,549,550,551,552,553,554,555,556,558,615,616,617,618,619,620,
111;1;1446;1580;0;2,12,26,57,58,60,71,73,87,131,132,133,134,135,136,137,138,139,140,141,142,143,144,145,146,147,148,149,150,151,152,153,154,155,156,157,158,159,160,161,162,163,164,165,172,221,302,343,382,405,407,422,427,441,442,443,444,445,446,447,536,545,546,547,548,549,550,551,552,553,554,555,556,558,615,616,617,618,619,620,
204;0;1580;1669;1;2,12,26,57,58,60,71,73,87,131,132,133,134,135,136,137,138,139,140,141,142,143,144,145,146,147,148,149,150,151,152,153,154,155,156,157,158,159,160,161,162,163,164,165,172,221,302,343,382,405,407,422,427,441,442,443,444,445,446,447,536,545,546,547,548,549,550,551,552,553,554,555,556,558,615,616,617,618,619,620,
105;0;1669;1839;1;2,12,26,57,58,60,71,73,87,131,132,133,134,135,136,137,138,139,140,141,142,143,144,145,146,147,148,149,150,151,152,153,154,155,156,157,158,159,160,161,162,163,164,165,172,221,302,343,382,405,407,422,427,441,442,443,444,445,446,447,536,545,546,547,548,549,550,551,552,553,554,555,556,558,615,616,617,618,619,620,
105;1;1839;1928;1;2,12,26,57,58,60,71,73,87,131,132,133,134,135,136,137,138,139,140,141,142,143,144,145,146,147,148,149,150,151,152,153,154,155,156,157,158,159,160,161,162,163,164,165,172,221,302,343,382,405,407,422,427,441,442,443,444,445,446,447,536,545,546,547,548,549,550,551,552,553,554,555,556,558,615,616,617,618,619,620,
9;0;1928;1988;1;2,12,26,57,58,60,71,73,87,131,132,133,134,135,136,137,138,139,140,141,142,143,144,145,146,147,148,149,150,151,152,153,154,155,156,157,158,159,160,161,162,163,164,165,172,221,302,343,382,405,407,422,427,441,442,443,444,445,446,447,536,545,546,547,548,549,550,551,552,553,554,555,556,558,615,616,617,618,619,620,
9;1;1988;2062;1;2,12,26,57,58,60,71,73,87,131,132,133,134,135,136,137,138,139,140,141,142,143,144,145,146,147,148,149,150,151,152,153,154,155,156,157,158,159,160,161,162,163,164,165,172,221,302,343,382,405,407,422,427,441,442,443,444,445,446,447,536,545,546,547,548,549,550,551,552,553,554,555,556,558,615,616,617,618,619,620,
203;0;2062;2115;0;2,3,4,12,14,16,25,26,50,51,52,53,54,69,70,71,72,73,74,75,76,77,78,79,80,82,87,89,123,131,132,139,172,221,231,274,322,323,324,325,326,327,328,329,330,331,336,337,338,339,340,341,342,343,344,382,422,427,441,442,443,444,445,446,447,529,530,531,532,533,534,535,536,558,615,616,617,618,619,620,
203;1;2115;2249;0;2,3,4,12,14,16,25,26,50,51,52,53,54,69,70,71,72,73,74,75,76,77,78,79,80,82,87,89,123,131,132,139,172,221,231,274,322,323,324,325,326,327,328,329,330,331,336,337,338,339,340,341,342,343,344,382,422,427,441,442,443,444,445,446,447,529,530,531,532,533,534,535,536,558,615,616,617,618,619,620,
230;0;2249;2253;0;2,3,4,12,14,16,25,26,50,51,52,53,54,69,70,71,72,73,74,75,76,77,78,79,80,82,87,89,123,131,132,139,172,221,231,274,322,323,324,325,326,327,328,329,330,331,336,337,338,339,340,341,342,343,344,382,422,427,441,442,443,444,445,446,447,529,530,531,532,533,534,535,536,558,615,616,617,618,619,620,
112;0;2253;2403;1;2,3,4,12,14,16,25,26,50,51,52,53,54,69,70,71,72,73,74,75,76,77,78,79,80,82,87,89,123,131,132,139,172,221,231,274,322,323,324,325,326,327,328,329,330,331,336,337,338,339,340,341,342,343,344,382,422,427,441,442,443,444,445,446,447,529,530,531,532,533,534,535,536,558,615,616,617,618,619,620,
177;0;2403;2437;1;2,3,4,12,14,16,25,26,50,51,52,53,54,69,70,71,72,73,74,75,76,77,78,79,80,82,87,89,123,131,132,139,172,221,231,274,322,323,324,325,326,327,328,329,330,331,336,337,338,339,340,341,342,343,344,382,422,427,441,442,443,444,445,446,447,529,530,531,532,533,534,535,536,558,615,616,617,618,619,620,
177;1;2437;2571;1;2,3,4,12,14,16,25,26,50,51,52,53,54,69,70,71,72,73,74,75,76,77,78,79,80,82,87,89,123,131,132,139,172,221,231,274,322,323,324,325,326,327,328,329,330,331,336,337,338,339,340,341,342,343,344,382,422,427,441,442,443,444,445,446,447,529,530,531,532,533,534,535,536,558,615,616,617,618,619,620,
183;0;2571;2645;0;2,3,4,12,14,16,25,26,50,51,52,53,54,69,70,71,72,73,74,75,76,77,78,79,80,82,87,89,123,131,132,139,172,221,231,274,322,323,324,325,326,327,328,329,330,331,336,337,338,339,340,341,342,343,344,382,422,427,441,442,443,444,445,446,447,529,530,531,532,533,534,535,536,558,615,616,617,618,619,620,
183;1;2645;2649;0;2,3,4,12,14,16,25,26,50,51,52,53,54,69,70,71,72,73,74,75,76,77,78,79,80,82,87,89,123,131,132,139,172,221,231,274,322,323,324,325,326,327,328,329,330,331,336,337,338,339,340,341,342,343,344,382,422,427,441,442,443,444,445,446,447,529,530,531,532,533,534,535,536,558,615,616,617,618,619,620,
185;0;2649;2809;1;2,3,4,12,14,16,25,26,50,51,52,53,54,69,70,71,72,73,74,75,76,77,78,79,80,82,87,89,123,131,132,139,172,221,231,274,322,323,324,325,326,327,328,329,330,331,336,337,338,339,340,341,342,343,344,382,422,427,441,442,443,444,445,446,447,529,530,531,532,533,534,535,536,558,615,616,617,618,619,620,
185;1;2809;2977;1;2,3,4,12,14,16,25,26,50,51,52,53,54,69,70,71,72,73,74,75,76,77,78,79,80,82,87,89,123,131,132,139,172,221,231,274,322,323,324,325,326,327,328,329,330,331,336,337,338,339,340,341,342,343,344,382,422,427,441,442,443,444,445,446,447,529,530,531,532,533,534,535,536,558,615,616,617,618,619,620,
158;0;2977;3031;0;2,3,4,12,14,16,25,26,50,51,52,53,54,69,70,71,72,73,74,75,76,77,78,79,80,82,87,89,123,131,132,139,172,221,231,274,322,323,324,325,326,327,328,329,330,331,336,337,338,339,340,341,342,343,344,382,422,427,441,442,443,444,445,446,447,529,530,531,532,533,534,535,536,558,615,616,617,618,619,620,
97;0;3031;3123;1;2,3,4,12,14,16,25,26,50,51,52,53,54,69,70,71,72,73,74,75,76,77,78,79,80,82,87,89,123,131,132,139,172,221,231,274,322,323,324,325,326,327,328,329,330,331,336,337,338,339,340,341,342,343,344,382,422,427,441,442,443,444,445,446,447,529,530,531,532,533,534,535,536,558,615,616,617,618,619,620,
97;1;3123;3273;1;2,3,4,12,14,16,25,26,50,51,52,53,54,69,70,71,72,73,74,75,76,77,78,79,80,82,87,89,123,131,132,139,172,221,231,274,322,323,324,325,326,327,328,329,330,331,336,337,338,339,340,341,342,343,344,382,422,427,441,442,443,444,445,446,447,529,530,531,532,533,534,535,536,558,615,616,617,618,619,620,
44;0;3273;3403;1;2,3,4,12,14,16,25,26,50,51,52,53,54,69,70,71,72,73,74,75,76,77,78,79,80,82,87,89,123,131,132,139,172,221,231,274,322,323,324,325,326,327,328,329,330,331,336,337,338,339,340,341,342,343,344,382,422,427,441,442,443,444,445,446,447,529,530,531,532,533,534,535,536,558,615,616,617,618,619,620,
226;0;3403;3431;0;2,3,4,12,14,16,25,26,50,51,52,53,54,69,70,71,72,73,74,75,76,77,78,79,80,82,87,89,123,131,132,139,172,221,231,274,322,323,324,325,326,327,328,329,330,331,336,337,338,339,340,341,342,343,344,382,422,427,441,442,443,444,445,446,447,529,530,531,532,533,534,535,536,558,615,616,617,618,619,620,
137;0;3431;3595;1;2,3,4,12,14,16,25,26,50,51,52,53,54,69,70,71,72,73,74,75,76,77,78,79,80,82,87,89,123,131,132,139,172,221,231,274,322,323,324,325,326,327,328,329,330,331,336,337,338,339,340,341,342,343,344,382,422,427,441,442,443,444,445,446,447,529,530,531,532,533,534,535,536,558,615,616,617,618,619,620,
137;1;3595;3760;1;2,3,4,12,14,16,25,26,50,51,52,53,54,69,70,71,72,73,74,75,76,77,78,79,80,82,87,89,123,131,132,139,172,221,231,274,322,323,324,325,326,327,328,329,330,331,336,337,338,339,340,341,342,343,344,382,422,427,441,442,443,444,445,446,447,529,530,531,532,533,534,535,536,558,615,616,617,618,619,620,
90;0;3760;3788;0;2,3,4,12,14,16,25,26,50,51,52,53,54,69,70,71,72,73,74,75,76,77,78,79,80,82,87,89,123,131,132,139,172,221,231,274,322,323,324,325,326,327,328,329,330,331,336,337,338,339,340,341,342,343,344,382,422,427,441,442,443,444,445,446,447,529,530,531,532,533,534,535,536,558,615,616,617,618,619,620,
73;0;3788;3850;1;2,3,4,12,14,16,25,26,50,51,52,53,54,69,70,71,72,73,74,75,76,77,78,79,80,82,87,89,123,131,132,139,172,221,231,274,322,323,324,325,326,327,328,329,330,331,336,337,338,339,340,341,342,343,344,382,422,427,441,442,443,444,445,446,447,529,530,531,532,533,534,535,536,558,615,616,617,618,619,620,
73;1;3850;4018;1;2,3,4,12,14,16,25,26,50,51,52,53,54,69,70,71,72,73,74,75,76,77,78,79,80,82,87,89,123,131,132,139,172,221,231,274,322,323,324,325,326,327,328,329,330,331,336,337,338,339,340,341,342,343,344,382,422,427,441,442,443,444,445,446,447,529,530,531,532,533,534,535,536,558,615,616,617,618,619,620,
42;0;4018;4059;0;2,3,4,12,14,16,25,26,50,51,52,53,54,69,70,71,72,73,74,75,76,77,78,79,80,82,87,89,123,131,132,139,172,221,231,274,322,323,324,325,326,327,328,329,330,331,336,337,338,339,340,341,342,343,344,382,422,427,441,442,443,444,445,446,447,529,530,531,532,533,534,535,536,558,615,616,617,618,619,620,
32;0;4059;4227;1;2,3,4,12,14,16,25,26,50,51,52,53,54,69,70,71,72,73,74,75,76,77,78,79,80,82,87,89,123,131,132,139,172,221,231,274,322,323,324,325,326,327,328,329,330,331,336,337,338,339,340,341,342,343,344,382,422,427,441,442,443,444,445,446,447,529,530,531,532,533,534,535,536,558,615,616,617,618,619,620,
124;0;4227;4377;1;2,3,4,12,14,16,25,26,50,51,52,53,54,69,70,71,72,73,74,75,76,77,78,79,80,82,87,89,123,131,132,139,172,221,231,274,322,323,324,325,326,327,328,329,330,331,336,337,338,339,340,341,342,343,344,382,422,427,441,442,443,444,445,446,447,529,530,531,532,533,534,535,536,558,615,616,617,618,619,620,
87;0;4377;4411;0;2,3,4,12,14,16,25,26,50,51,52,53,54,69,70,71,72,73,74,75,76,77,78,79,80,82,87,89,123,131,132,139,172,221,231,274,322,323,324,325,326,327,328,329,330,331,336,337,338,339,340,341,342,343,344,382,422,427,441,442,443,444,445,446,447,529,530,531,532,533,534,535,536,558,615,616,617,618,619,620,
87;1;4411;4465;0;2,3,4,12,14,16,25,26,50,51,52,53,54,69,70,71,72,73,74,75,76,77,78,79,80,82,87,89,123,131,132,139,172,221,231,274,322,323,324,325,326,327,328,329,330,331,336,337,338,339,340,341,342,343,344,382,422,427,441,442,443,444,445,446,447,529,530,531,532,533,534,535,536,558,615,616,617,618,619,620,
80;0;4465;4481;1;3,4,14,16,25,52,53,54,76,98,110,111,112,115,123,129,131,132,139,172,231,250,264,269,271,274,282,287,288,292,299,322,323,324,325,326,327,328,329,330,331,336,337,345,346,347,348,349,350,351,352,353,354,355,356,357,358,359,360,361,362,382,422,427,441,442,443,444,445,446,447,529,530,531,532,533,534,535,536,558,
224;0;4481;4497;1;3,4,14,16,25,52,53,54,76,98,110,111,112,115,123,129,131,132,139,172,231,250,264,269,271,274,282,287,288,292,299,322,323,324,325,326,327,328,329,330,331,336,337,345,346,347,348,349,350,351,352,353,354,355,356,357,358,359,360,361,362,382,422,427,441,442,443,444,445,446,447,529,530,531,532,533,534,535,536,558,
89;0;4497;4633;1;3,4,14,16,25,52,53,54,76,98,110,111,112,115,123,129,131,132,139,172,231,250,264,269,271,274,282,287,288,292,299,322,323,324,325,326,327,328,329,330,331,336,337,345,346,347,348,349,350,351,352,353,354,355,356,357,358,359,360,361,362,382,422,427,441,442,443,444,445,446,447,529,530,531,532,533,534,535,536,558,
89;1;4633;4767;1;3,4,14,16,25,52,53,54,76,98,110,111,112,115,123,129,131,132,139,172,231,250,264,269,271,274,282,287,288,292,299,322,323,324,325,326,327,328,329,330,331,336,337,345,346,347,348,349,350,351,352,353,354,355,356,357,358,359,360,361,362,382,422,427,441,442,443,444,445,446,447,529,530,531,532,533,534,535,536,558,
33;0;4767;4816;1;3,4,14,16,25,52,53,54,76,98,110,111,112,115,123,129,131,132,139,172,231,250,264,269,271,274,282,287,288,292,299,322,323,324,325,326,327,328,329,330,331,336,337,345,346,347,348,349,350,351,352,353,354,355,356,357,358,359,360,361,362,382,422,427,441,442,443,444,445,446,447,529,530,531,532,533,534,535,536,558,
33;1;4816;4832;1;3,4,14,16,25,52,53,54,76,98,110,111,112,115,123,129,131,132,139,172,231,250,264,269,271,274,282,287,288,292,299,322,323,324,325,326,327,328,329,330,331,336,337,345,346,347,348,349,350,351,352,353,354,355,356,357,358,359,360,361,362,382,422,427,441,442,443,444,445,446,447,529,530,531,532,533,534,535,536,558,
37;0;4832;4864;1;3,4,14,16,25,52,53,54,76,98,110,111,112,115,123,129,131,132,139,172,231,250,264,269,271,274,282,287,288,292,299,322,323,324,325,326,327,328,329,330,331,336,337,345,346,347,348,349,350,351,352,353,354,355,356,357,358,359,360,361,362,382,422,427,441,442,443,444,445,446,447,529,530,531,532,533,534,535,536,558,
37;1;4864;4880;1;3,4,14,16,25,52,53,54,76,98,110,111,112,115,123,129,131,132,139,172,231,250,264,269,271,274,282,287,288,292,299,322,323,324,325,326,327,328,329,330,331,336,337,345,346,347,348,349,350,351,352,353,354,355,356,357,358,359,360,361,362,382,422,427,441,442,443,444,445,446,447,529,530,531,532,533,534,535,536,558,
153;0;4880;5043;1;3,4,14,16,25,52,53,54,76,123,131,132,139,172,212,231,251,274,280,282,288,312,322,323,324,325,326,327,328,329,330,331,336,366,382,427,476,507,508,509,510,511,512,513,514,515,516,517,518,519,520,521,522,523,524,525,526,527,528,529,530,531,532,533,534,535,536,537,538,539,540,541,542,608,609,610,611,612,613,614,
153;1;5043;5093;1;3,4,14,16,25,52,53,54,76,123,131,132,139,172,212,231,251,274,280,282,288,312,322,323,324,325,326,327,328,329,330,331,336,366,382,427,476,507,508,509,510,511,512,513,514,515,516,517,518,519,520,521,522,523,524,525,526,527,528,529,530,531,532,533,534,535,536,537,538,539,540,541,542,608,609,610,611,612,613,614,
29;0;5093;5113;1;3,4,14,16,25,52,53,54,76,123,131,132,139,172,212,231,251,274,280,282,288,312,322,323,324,325,326,327,328,329,330,331,336,366,382,427,476,507,508,509,510,511,512,513,514,515,516,517,518,519,520,521,522,523,524,525,526,527,528,529,530,531,532,533,534,535,536,537,538,539,540,541,542,608,609,610,611,612,613,614,
29;1;5113;5278;1;3,4,14,16,25,52,53,54,76,123,131,132,139,172,212,231,251,274,280,282,288,312,322,323,324,325,326,327,328,329,330,331,336,366,382,427,476,507,508,509,510,511,512,513,514,515,516,517,518,519,520,521,522,523,524,525,526,527,528,529,530,531,532,533,534,535,536,537,538,539,540,541,542,608,609,610,611,612,613,614,
148;0;5278;5332;1;3,4,14,16,25,52,53,54,76,123,131,132,139,172,212,231,251,274,280,282,288,312,322,323,324,325,326,327,328,329,330,331,336,366,382,427,476,507,508,509,510,511,512,513,514,515,516,517,518,519,520,521,522,523,524,525,526,527,528,529,530,531,532,533,534,535,536,537,538,539,540,541,542,608,609,610,611,612,613,614,
152;0;5332;5350;1;3,4,14,16,25,52,53,54,76,123,131,132,139,172,212,231,251,274,280,282,288,312,322,323,324,325,326,327,328,329,330,331,336,366,382,427,476,507,508,509,510,511,512,513,514,515,516,517,518,519,520,521,522,523,524,525,526,527,528,529,530,531,532,533,534,535,536,537,538,539,540,541,542,608,609,610,611,612,613,614,
221;0;5350;5508;1;3,4,14,16,25,52,53,54,76,123,131,132,139,172,212,231,251,274,280,282,288,312,322,323,324,325,326,327,328,329,330,331,336,366,382,427,476,507,508,509,510,511,512,513,514,515,516,517,518,519,520,521,522,523,524,525,526,527,528,529,530,531,532,533,534,535,536,537,538,539,540,541,542,608,609,610,611,612,613,614,
221;1;5508;5526;1;3,4,14,16,25,52,53,54,76,123,131,132,139,172,212,231,251,274,280,282,288,312,322,323,324,325,326,327,328,329,330,331,336,366,382,427,476,507,508,509,510,511,512,513,514,515,516,517,518,519,520,521,522,523,524,525,526,527,528,529,530,531,532,533,534,535,536,537,538,539,540,541,542,608,609,610,611,612,613,614,
237;0;5526;5534;1;3,4,14,16,25,52,53,54,76,123,131,132,139,172,212,231,251,274,280,282,288,312,322,323,324,325,326,327,328,329,330,331,336,366,382,427,476,507,508,509,510,511,512,513,514,515,516,517,518,519,520,521,522,523,524,525,526,527,528,529,530,531,532,533,534,535,536,537,538,539,540,541,542,608,609,610,611,612,613,614,
237;1;5534;5702;1;3,4,14,16,25,52,53,54,76,123,131,132,139,172,212,231,251,274,280,282,288,312,322,323,324,325,326,327,328,329,330,331,336,366,382,427,476,507,508,509,510,511,512,513,514,515,516,517,518,519,520,521,522,523,524,525,526,527,528,529,530,531,532,533,534,535,536,537,538,539,540,541,542,608,609,610,611,612,613,614,
108;0;5702;5854;1;3,4,14,16,25,52,53,54,76,123,131,132,139,172,212,231,251,274,280,282,288,312,322,323,324,325,326,327,328,329,330,331,336,366,382,427,476,507,508,509,510,511,512,513,514,515,516,517,518,519,520,521,522,523,524,525,526,527,528,529,530,531,532,533,534,535,536,537,538,539,540,541,542,608,609,610,611,612,613,614,
25;0;5854;5964;1;3,4,14,16,25,52,53,54,76,123,131,132,139,172,212,231,251,274,280,282,288,312,322,323,324,325,326,327,328,329,330,331,336,366,382,427,476,507,508,509,510,511,512,513,514,515,516,517,518,519,520,521,522,523,524,525,526,527,528,529,530,531,532,533,534,535,536,537,538,539,540,541,542,608,609,610,611,612,613,614,
25;1;5964;6094;1;3,4,14,16,25,52,53,54,76,123,131,132,139,172,212,231,251,274,280,282,288,312,322,323,324,325,326,327,328,329,330,331,336,366,382,427,476,507,508,509,510,511,512,513,514,515,516,517,518,519,520,521,522,523,524,525,526,527,528,529,530,531,532,533,534,535,536,537,538,539,540,541,542,608,609,610,611,612,613,614,
249;0;6094;6163;1;3,4,14,16,25,52,53,54,76,123,131,132,139,172,212,231,251,274,280,282,288,312,322,323,324,325,326,327,328,329,330,331,336,366,382,427,476,507,508,509,510,511,512,513,514,515,516,517,518,519,520,521,522,523,524,525,526,527,528,529,530,531,532,533,534,535,536,537,538,539,540,541,542,608,609,610,611,612,613,614,
249;1;6163;6181;1;3,4,14,16,25,52,53,54,76,123,131,132,139,172,212,231,251,274,280,282,288,312,322,323,324,325,326,327,328,329,330,331,336,366,382,427,476,507,508,509,510,511,512,513,514,515,516,517,518,519,520,521,522,523,524,525,526,527,528,529,530,531,532,533,534,535,536,537,538,539,540,541,542,608,609,610,611,612,613,614,
83;0;6181;6220;0;3,4,14,16,25,52,53,54,76,123,131,132,139,172,212,231,251,274,280,282,288,312,322,323,324,325,326,327,328,329,330,331,336,366,382,427,476,507,508,509,510,511,512,513,514,515,516,517,518,519,520,521,522,523,524,525,526,527,528,529,530,531,532,533,534,535,536,537,538,539,540,541,542,608,609,610,611,612,613,614,
83;1;6220;6274;0;3,4,14,16,25,52,53,54,76,123,131,132,139,172,212,231,251,274,280,282,288,312,322,323,324,325,326,327,328,329,330,331,336,366,382,427,476,507,508,509,510,511,512,513,514,515,516,517,518,519,520,521,522,523,524,525,526,527,528,529,530,531,532,533,534,535,536,537,538,539,540,541,542,608,609,610,611,612,613,614,
81;0;6274;6320;1;3,4,14,16,25,52,53,54,76,123,131,132,139,172,212,231,251,274,280,282,288,312,322,323,324,325,326,327,328,329,330,331,336,366,382,427,476,507,508,509,510,511,512,513,514,515,516,517,518,519,520,521,522,523,524,525,526,527,528,529,530,531,532,533,534,535,536,537,538,539,540,541,542,608,609,610,611,612,613,614,
81;1;6320;6472;1;3,4,14,16,25,52,53,54,76,123,131,132,139,172,212,231,251,274,280,282,288,312,322,323,324,325,326,327,328,329,330,331,336,366,382,427,476,507,508,509,510,511,512,513,514,515,516,517,518,519,520,521,522,523,524,525,526,527,528,529,530,531,532,533,534,535,536,537,538,539,540,541,542,608,609,610,611,612,613,614,
75;0;6472;6582;0;3,4,14,16,25,52,53,54,76,123,131,132,172,231,282,288,318,323,332,333,334,335,336,363,369,370,371,372,373,374,375,376,377,378,379,380,381,382,383,384,400,401,402,427,480,481,482,483,484,485,486,487,488,489,490,491,492,493,494,495,496,497,498,499,500,501,502,503,504,505,506,529,530,531,532,533,608,609,610,611,
75;1;6582;6593;0;3,4,14,16,25,52,53,54,76,123,131,132,172,231,282,288,318,323,332,333,334,335,336,363,369,370,371,372,373,374,375,376,377,378,379,380,381,382,383,384,400,401,402,427,480,481,482,483,484,485,486,487,488,489,490,491,492,493,494,495,496,497,498,499,500,501,502,503,504,505,506,529,530,531,532,533,608,609,610,611,
77;0;6593;6761;1;3,4,14,16,25,52,53,54,76,123,131,132,172,231,282,288,318,323,332,333,334,335,336,363,369,370,371,372,373,374,375,376,377,378,379,380,381,382,383,384,400,401,402,427,480,481,482,483,484,485,486,487,488,489,490,491,492,493,494,495,496,497,498,499,500,501,502,503,504,505,506,529,530,531,532,533,608,609,610,611,
77;1;6761;6780;1;3,4,14,16,25,52,53,54,76,123,131,132,172,231,282,288,318,323,332,333,334,335,336,363,369,370,371,372,373,374,375,376,377,378,379,380,381,382,383,384,400,401,402,427,480,481,482,483,484,485,486,487,488,489,490,491,492,493,494,495,496,497,498,499,500,501,502,503,504,505,506,529,530,531,532,533,608,609,610,611,
198;0;6780;6784;0;3,4,14,16,25,52,53,54,76,123,131,132,172,231,282,288,318,323,332,333,334,335,336,363,369,370,371,372,373,374,375,376,377,378,379,380,381,382,383,384,400,401,402,427,480,481,482,483,484,485,486,487,488,489,490,491,492,493,494,495,496,497,498,499,500,501,502,503,504,505,506,529,530,531,532,533,608,609,610,611,
143;0;6784;6857;0;3,4,14,16,25,52,53,54,76,123,131,132,172,231,282,288,318,323,332,333,334,335,336,363,369,370,371,372,373,374,375,376,377,378,379,380,381,382,383,384,400,401,402,427,480,481,482,483,484,485,486,487,488,489,490,491,492,493,494,495,496,497,498,499,500,501,502,503,504,505,506,529,530,531,532,533,608,609,610,611,
143;1;6857;6949;0;3,4,14,16,25,52,53,54,76,123,131,132,172,231,282,288,318,323,332,333,334,335,336,363,369,370,371,372,373,374,375,376,377,378,379,380,381,382,383,384,400,401,402,427,480,481,482,483,484,485,486,487,488,489,490,491,492,493,494,495,496,497,498,499,500,501,502,503,504,505,506,529,530,531,532,533,608,609,610,611,
235;0;6949;6965;0;3,4,14,16,25,52,53,54,76,123,131,132,172,231,282,288,318,323,332,333,334,335,336,363,369,370,371,372,373,374,375,376,377,378,379,380,381,382,383,384,400,401,402,427,480,481,482,483,484,485,486,487,488,489,490,491,492,493,494,495,496,497,498,499,500,501,502,503,504,505,506,529,530,531,532,533,608,609,610,611,
235;1;6965;6984;0;3,4,14,16,25,52,53,54,76,123,131,132,172,231,282,288,318,323,332,333,334,335,336,363,369,370,371,372,373,374,375,376,377,378,379,380,381,382,383,384,400,401,402,427,480,481,482,483,484,485,486,487,488,489,490,491,492,493,494,495,496,497,498,499,500,501,502,503,504,505,506,529,530,531,532,533,608,609,610,611,
133;0;6984;7082;1;3,4,14,16,25,52,53,54,76,123,131,132,172,231,282,288,318,323,332,333,334,335,336,363,369,370,371,372,373,374,375,376,377,378,379,380,381,382,383,384,400,401,402,427,480,481,482,483,484,485,486,487,488,489,490,491,492,493,494,495,496,497,498,499,500,501,502,503,504,505,506,529,530,531,532,533,608,609,610,611,
133;1;7082;7250;1;3,4,14,16,25,52,53,54,76,123,131,132,172,231,282,288,318,323,332,333,334,335,336,363,369,370,371,372,373,374,375,376,377,378,379,380,381,382,383,384,400,401,402,427,480,481,482,483,484,485,486,487,488,489,490,491,492,493,494,495,496,497,498,499,500,501,502,503,504,505,506,529,530,531,532,533,608,609,610,611,
4;0;7250;7380;1;3,4,14,16,25,52,53,54,76,123,131,132,172,231,282,288,318,323,332,333,334,335,336,363,369,370,371,372,373,374,375,376,377,378,379,380,381,382,383,384,400,401,402,427,480,481,482,483,484,485,486,487,488,489,490,491,492,493,494,495,496,497,498,499,500,501,502,503,504,505,506,529,530,531,532,533,608,609,610,611,
107;0;7380;7385;0;3,4,14,16,25,52,53,54,76,123,131,132,172,231,282,288,318,323,332,333,334,335,336,363,369,370,371,372,373,374,375,376,377,378,379,380,381,382,383,384,400,401,402,427,480,481,482,483,484,485,486,487,488,489,490,491,492,493,494,495,496,497,498,499,500,501,502,503,504,505,506,529,530,531,532,533,608,609,610,611,
107;1;7385;7499;0;3,4,14,16,25,52,53,54,76,123,131,132,172,231,282,288,318,323,332,333,334,335,336,363,369,370,371,372,373,374,375,376,377,378,379,380,381,382,383,384,400,401,402,427,480,481,482,483,484,485,486,487,488,489,490,491,492,493,494,495,496,497,498,499,500,501,502,503,504,505,506,529,530,531,532,533,608,609,610,611,
205;0;7499;7551;1;3,4,14,16,25,52,53,54,76,123,131,132,172,231,282,288,318,323,332,333,334,335,336,363,369,370,371,372,373,374,375,376,377,378,379,380,381,382,383,384,400,401,402,427,480,481,482,483,484,485,486,487,488,489,490,491,492,493,494,495,496,497,498,499,500,501,502,503,504,505,506,529,530,531,532,533,608,609,610,611,
205;1;7551;7665;1;3,4,14,16,25,52,53,54,76,123,131,132,172,231,282,288,318,323,332,333,334,335,336,363,369,370,371,372,373,374,375,376,377,378,379,380,381,382,383,384,400,401,402,427,480,481,482,483,484,485,486,487,488,489,490,491,492,493,494,495,496,497,498,499,500,501,502,503,504,505,506,529,530,531,532,533,608,609,610,611,
84;0;7665;7676;1;3,4,14,16,25,52,53,54,76,123,131,132,172,231,282,288,318,323,332,333,334,335,336,363,369,370,371,372,373,374,375,376,377,378,379,380,381,382,383,384,400,401,402,427,480,481,482,483,484,485,486,487,488,489,490,491,492,493,494,495,496,497,498,499,500,501,502,503,504,505,506,529,530,531,532,533,608,609,610,611,
113;0;7676;7736;1;3,4,14,16,25,52,53,54,76,123,131,132,172,231,282,288,318,323,332,333,334,335,336,363,369,370,371,372,373,374,375,376,377,378,379,380,381,382,383,384,400,401,402,427,480,481,482,483,484,485,486,487,488,489,490,491,492,493,494,495,496,497,498,499,500,501,502,503,504,505,506,529,530,531,532,533,608,609,610,611,
113;1;7736;7828;1;3,4,14,16,25,52,53,54,76,123,131,132,172,231,282,288,318,323,332,333,334,335,336,363,369,370,371,372,373,374,375,376,377,378,379,380,381,382,383,384,400,401,402,427,480,481,482,483,484,485,486,487,488,489,490,491,492,493,494,495,496,497,498,499,500,501,502,503,504,505,506,529,530,531,532,533,608,609,610,611,
149;0;7828;7929;1;3,4,14,16,25,52,53,54,76,123,131,132,172,231,282,288,318,323,332,333,334,335,336,363,369,370,371,372,373,374,375,376,377,378,379,380,381,382,383,384,400,401,402,427,480,481,482,483,484,485,486,487,488,489,490,491,492,493,494,495,496,497,498,499,500,501,502,503,504,505,506,529,530,531,532,533,608,609,610,611,
149;1;7929;8021;1;3,4,14,16,25,52,53,54,76,123,131,132,172,231,282,288,318,323,332,333,334,335,336,363,369,370,371,372,373,374,375,376,377,378,379,380,381,382,383,384,400,401,402,427,480,481,482,483,484,485,486,487,488,489,490,491,492,493,494,495,496,497,498,499,500,501,502,503,504,505,506,529,530,531,532,533,608,609,610,611,
99;0;8021;8058;0;3,4,14,16,25,52,53,54,76,123,131,132,172,231,282,288,318,323,332,333,334,335,336,363,369,370,371,372,373,374,375,376,377,378,379,380,381,382,383,384,400,401,402,427,480,481,482,483,484,485,486,487,488,489,490,491,492,493,494,495,496,497,498,499,500,501,502,503,504,505,506,529,530,531,532,533,608,609,610,611,
99;1;8058;8150;0;3,4,14,16,25,52,53,54,76,123,131,132,172,231,282,288,318,323,332,333,334,335,336,363,369,370,371,372,373,374,375,376,377,378,379,380,381,382,383,384,400,401,402,427,480,481,482,483,484,485,486,487,488,489,490,491,492,493,494,495,496,497,498,499,500,501,502,503,504,505,506,529,530,531,532,533,608,609,610,611,
173;0;8150;8189;1;3,4,14,16,25,52,53,54,76,123,131,132,172,231,282,288,318,323,332,333,334,335,336,363,369,370,371,372,373,374,375,376,377,378,379,380,381,382,383,384,400,401,402,427,480,481,482,483,484,485,486,487,488,489,490,491,492,493,494,495,496,497,498,499,500,501,502,503,504,505,506,529,530,531,532,533,608,609,610,611,
173;1;8189;8230;1;3,4,14,16,25,52,53,54,76,123,131,132,172,231,282,288,318,323,332,333,334,335,336,363,369,370,371,372,373,374,375,376,377,378,379,380,381,382,383,384,400,401,402,427,480,481,482,483,484,485,486,487,488,489,490,491,492,493,494,495,496,497,498,499,500,501,502,503,504,505,506,529,530,531,532,533,608,609,610,611,
188;0;8230;8344;1;3,4,14,16,25,52,53,54,76,123,131,132,172,231,282,288,318,323,332,333,334,335,336,363,369,370,371,372,373,374,375,376,377,378,379,380,381,382,383,384,400,401,402,427,480,481,482,483,484,485,486,487,488,489,490,491,492,493,494,495,496,497,498,499,500,501,502,503,504,505,506,529,530,531,532,533,608,609,610,611,
144;0;8344;8348;1;3,4,14,16,25,52,53,54,76,123,131,132,172,231,282,288,318,323,332,333,334,335,336,363,369,370,371,372,373,374,375,376,377,378,379,380,381,382,383,384,400,401,402,427,480,481,482,483,484,485,486,487,488,489,490,491,492,493,494,495,496,497,498,499,500,501,502,503,504,505,506,529,530,531,532,533,608,609,610,611,
217;0;8348;8508;1;3,4,14,16,25,52,53,54,76,123,131,132,172,231,282,288,318,323,332,333,334,335,336,363,369,370,371,372,373,374,375,376,377,378,379,380,381,382,383,384,400,401,402,427,480,481,482,483,484,485,486,487,488,489,490,491,492,493,494,495,496,497,498,499,500,501,502,503,504,505,506,529,530,531,532,533,608,609,610,611,
217;1;8508;8600;1;3,4,14,16,25,52,53,54,76,123,131,132,172,231,282,288,318,323,332,333,334,335,336,363,369,370,371,372,373,374,375,376,377,378,379,380,381,382,383,384,400,401,402,427,480,481,482,483,484,485,486,487,488,489,490,491,492,493,494,495,496,497,498,499,500,501,502,503,504,505,506,529,530,531,532,533,608,609,610,611,
85;0;8600;8775;1;3,4,14,16,25,52,53,54,76,123,131,132,172,231,282,288,318,323,332,333,334,335,336,363,369,370,371,372,373,374,375,376,377,378,379,380,381,382,383,384,400,401,402,427,480,481,482,483,484,485,486,487,488,489,490,491,492,493,494,495,496,497,498,499,500,501,502,503,504,505,506,529,530,531,532,533,608,609,610,611,
85;1;8775;8816;1;3,4,14,16,25,52,53,54,76,123,131,132,172,231,282,288,318,323,332,333,334,335,336,363,369,370,371,372,373,374,375,376,377,378,379,380,381,382,383,384,400,401,402,427,480,481,482,483,484,485,486,487,488,489,490,491,492,493,494,495,496,497,498,499,500,501,502,503,504,505,506,529,530,531,532,533,608,609,610,611,
104;0;8816;8908;1;3,4,14,16,25,52,53,54,76,123,131,132,172,231,282,288,318,323,332,333,334,335,336,363,369,370,371,372,373,374,375,376,377,378,379,380,381,382,383,384,400,401,402,427,480,481,482,483,484,485,486,487,488,489,490,491,492,493,494,495,496,497,498,499,500,501,502,503,504,505,506,529,530,531,532,533,608,609,610,611,
168;0;8908;8927;1;3,4,14,16,25,52,53,54,76,123,131,132,172,231,282,288,318,323,332,333,334,335,336,363,369,370,371,372,373,374,375,376,377,378,379,380,381,382,383,384,400,401,402,427,480,481,482,483,484,485,486,487,488,489,490,491,492,493,494,495,496,497,498,499,500,501,502,503,504,505,506,529,530,531,532,533,608,609,610,611,
212;0;8927;9041;1;3,4,14,16,25,52,53,54,76,123,131,132,172,231,282,288,318,323,332,333,334,335,336,363,369,370,371,372,373,374,375,376,377,378,379,380,381,382,383,384,400,401,402,427,480,481,482,483,484,485,486,487,488,489,490,491,492,493,494,495,496,497,498,499,500,501,502,503,504,505,506,529,530,531,532,533,608,609,610,611,
162;0;9041;9060;0;3,4,14,16,25,52,53,54,76,123,131,132,172,231,282,288,318,323,332,333,334,335,336,363,369,370,371,372,373,374,375,376,377,378,379,380,381,382,383,384,400,401,402,427,480,481,482,483,484,485,486,487,488,489,490,491,492,493,494,495,496,497,498,499,500,501,502,503,504,505,506,529,530,531,532,533,608,609,610,611,
35;0;9060;9104;0;3,4,14,16,25,52,53,54,76,123,131,132,172,231,282,288,318,323,332,333,334,335,336,363,369,370,371,372,373,374,375,376,377,378,379,380,381,382,383,384,400,401,402,427,480,481,482,483,484,485,486,487,488,489,490,491,492,493,494,495,496,497,498,499,500,501,502,503,504,505,506,529,530,531,532,533,608,609,610,611,
35;1;9104;9196;0;3,4,14,16,25,52,53,54,76,123,131,132,172,231,282,288,318,323,332,333,334,335,336,363,369,370,371,372,373,374,375,376,377,378,379,380,381,382,383,384,400,401,402,427,480,481,482,483,484,485,486,487,488,489,490,491,492,493,494,495,496,497,498,499,500,501,502,503,504,505,506,529,530,531,532,533,608,609,610,611,
131;0;9196;9235;0;0,1,2,3,4,5,6,7,8,9,10,11,12,13,14,15,16,17,18,25,52,53,54,76,86,123,131,132,172,231,282,288,318,323,332,333,334,335,336,337,363,369,370,381,382,383,403,404,422,427,458,529,530,531,532,533,534,535,557,558,559,560,561,562,563,564,565,566,567,568,569,570,571,572,573,574,575,576,577,578,
131;1;9235;9365;0;0,1,2,3,4,5,6,7,8,9,10,11,12,13,14,15,16,17,18,25,52,53,54,76,86,123,131,132,172,231,282,288,318,323,332,333,334,335,336,337,363,369,370,381,382,383,403,404,422,427,458,529,530,531,532,533,534,535,557,558,559,560,561,562,563,564,565,566,567,568,569,570,571,572,573,574,575,576,577,578,
161;0;9365;9526;1;0,1,2,3,4,5,6,7,8,9,10,11,12,13,14,15,16,17,18,25,52,53,54,76,86,123,131,132,172,231,282,288,318,323,332,333,334,335,336,337,363,369,370,381,382,383,403,404,422,427,458,529,530,531,532,533,534,535,557,558,559,560,561,562,563,564,565,566,567,568,569,570,571,572,573,574,575,576,577,578,
161;1;9526;9587;1;0,1,2,3,4,5,6,7,8,9,10,11,12,13,14,15,16,17,18,25,52,53,54,76,86,123,131,132,172,231,282,288,318,323,332,333,334,335,336,337,363,369,370,381,382,383,403,404,422,427,458,529,530,531,532,533,534,535,557,558,559,560,561,562,563,564,565,566,567,568,569,570,571,572,573,574,575,576,577,578,
245;0;9587;9623;1;0,1,2,3,4,5,6,7,8,9,10,11,12,13,14,15,16,17,18,25,52,53,54,76,86,123,131,132,172,231,282,288,318,323,332,333,334,335,336,337,363,369,370,381,382,383,403,404,422,427,458,529,530,531,532,533,534,535,557,558,559,560,561,562,563,564,565,566,567,568,569,570,571,572,573,574,575,576,577,578,
245;1;9623;9640;1;0,1,2,3,4,5,6,7,8,9,10,11,12,13,14,15,16,17,18,25,52,53,54,76,86,123,131,132,172,231,282,288,318,323,332,333,334,335,336,337,363,369,370,381,382,383,403,404,422,427,458,529,530,531,532,533,534,535,557,558,559,560,561,562,563,564,565,566,567,568,569,570,571,572,573,574,575,576,577,578,
93;0;9640;9673;1;0,1,2,3,4,5,6,7,8,9,10,11,12,13,14,15,16,17,18,25,52,53,54,76,86,123,131,132,172,231,282,288,318,323,332,333,334,335,336,337,363,369,370,381,382,383,403,404,422,427,458,529,530,531,532,533,534,535,557,558,559,560,561,562,563,564,565,566,567,568,569,570,571,572,573,574,575,576,577,578,
93;1;9673;9726;1;0,1,2,3,4,5,6,7,8,9,10,11,12,13,14,15,16,17,18,25,52,53,54,76,86,123,131,132,172,231,282,288,318,323,332,333,334,335,336,337,363,369,370,381,382,383,403,404,422,427,458,529,530,531,532,533,534,535,557,558,559,560,561,562,563,564,565,566,567,568,569,570,571,572,573,574,575,576,577,578,
118;0;9726;9787;0;0,1,2,3,4,5,6,7,8,9,10,11,12,13,14,15,16,17,18,25,52,53,54,76,86,123,131,132,172,231,282,288,318,323,332,333,334,335,336,337,363,369,370,381,382,383,403,404,422,427,458,529,530,531,532,533,534,535,557,558,559,560,561,562,563,564,565,566,567,568,569,570,571,572,573,574,575,576,577,578,
0;0;9787;9864;1;0,1,2,3,4,5,6,7,8,9,10,11,12,13,14,15,16,17,18,25,52,53,54,76,86,123,131,132,172,231,282,288,318,323,332,333,334,335,336,337,363,369,370,381,382,383,403,404,422,427,458,529,530,531,532,533,534,535,557,558,559,560,561,562,563,564,565,566,567,568,569,570,571,572,573,574,575,576,577,578,
0;1;9864;9932;1;0,1,2,3,4,5,6,7,8,9,10,11,12,13,14,15,16,17,18,25,52,53,54,76,86,123,131,132,172,231,282,288,318,323,332,333,334,335,336,337,363,369,370,381,382,383,403,404,422,427,458,529,530,531,532,533,534,535,557,558,559,560,561,562,563,564,565,566,567,568,569,570,571,572,573,574,575,576,577,578,
116;0;9932;10000;1;0,1,2,3,4,5,6,7,8,9,10,11,12,13,14,15,16,17,18,25,52,53,54,76,86,123,131,132,172,231,282,288,318,323,332,333,334,335,336,337,363,369,370,381,382,383,403,404,422,427,458,529,530,531,532,533,534,535,557,558,559,560,561,562,563,564,565,566,567,568,569,570,571,572,573,574,575,576,577,578,
101;0;10000;10006;1;0,1,2,3,4,5,6,7,8,9,10,11,12,13,14,15,16,17,18,25,52,53,54,76,86,123,131,132,172,231,282,288,318,323,332,333,334,335,336,337,363,369,370,381,382,383,403,404,422,427,458,529,530,531,532,533,534,535,557,558,559,560,561,562,563,564,565,566,567,568,569,570,571,572,573,574,575,576,577,578,
101;1;10006;10023;1;0,1,2,3,4,5,6,7,8,9,10,11,12,13,14,15,16,17,18,25,52,53,54,76,86,123,131,132,172,231,282,288,318,323,332,333,334,335,336,337,363,369,370,381,382,383,403,404,422,427,458,529,530,531,532,533,534,535,557,558,559,560,561,562,563,564,565,566,567,568,569,570,571,572,573,574,575,576,577,578,
218;0;10023;10077;0;0,1,2,3,4,5,6,7,8,9,10,11,12,13,14,15,16,17,18,25,52,53,54,76,86,123,131,132,172,231,282,288,318,323,332,333,334,335,336,337,363,369,370,381,382,383,403,404,422,427,458,529,530,531,532,533,534,535,557,558,559,560,561,562,563,564,565,566,567,568,569,570,571,572,573,574,575,576,577,578,
Machine: 1
70;0;0;4;0;46,47,48,49,50,51,55,56,57,58,59,60,61,62,63,64,65,66,67,68,98,110,111,112,180,181,182,183,184,185,186,187,188,189,190,191,192,193,194,195,196,197,198,199,200,201,205,212,268,272,275,276,282,306,307,308,309,371,385,386,387,388,389,400,401,402,403,404,545,546,547,548,549,550,551,552,553,554,555,556,
19;0;4;105;0;46,47,48,49,50,51,55,56,57,58,59,60,61,62,63,64,65,66,67,68,98,110,111,112,180,181,182,183,184,185,186,187,188,189,190,191,192,193,194,195,196,197,198,199,200,201,205,212,268,272,275,276,282,306,307,308,309,371,385,386,387,388,389,400,401,402,403,404,545,546,547,548,549,550,551,552,553,554,555,556,
19;1;105;116;0;46,47,48,49,50,51,55,56,57,58,59,60,61,62,63,64,65,66,67,68,98,110,111,112,180,181,182,183,184,185,186,187,188,189,190,191,192,193,194,195,196,197,198,199,200,201,205,212,268,272,275,276,282,306,307,308,309,371,385,386,387,388,389,400,401,402,403,404,545,546,547,548,549,550,551,552,553,554,555,556,
69;0;116;169;1;46,47,48,49,50,51,55,56,57,58,59,60,61,62,63,64,65,66,67,68,98,110,111,112,180,181,182,183,184,185,186,187,188,189,190,191,192,193,194,195,196,197,198,199,200,201,205,212,268,272,275,276,282,306,307,308,309,371,385,386,387,388,389,400,401,402,403,404,545,546,547,548,549,550,551,552,553,554,555,556,
69;1;169;327;1;46,47,48,49,50,51,55,56,57,58,59,60,61,62,63,64,65,66,67,68,98,110,111,112,180,181,182,183,184,185,186,187,188,189,190,191,192,193,194,195,196,197,198,199,200,201,205,212,268,272,275,276,282,306,307,308,309,371,385,386,387,388,389,400,401,402,403,404,545,546,547,548,549,550,551,552,553,554,555,556,
199;0;327;382;0;46,47,48,49,50,51,55,56,57,58,59,60,61,62,63,64,65,66,67,68,98,110,111,112,180,181,182,183,184,185,186,187,188,189,190,191,192,193,194,195,196,197,198,199,200,201,205,212,268,272,275,276,282,306,307,308,309,371,385,386,387,388,389,400,401,402,403,404,545,546,547,548,549,550,551,552,553,554,555,556,
199;1;382;477;0;46,47,48,49,50,51,55,56,57,58,59,60,61,62,63,64,65,66,67,68,98,110,111,112,180,181,182,183,184,185,186,187,188,189,190,191,192,193,194,195,196,197,198,199,200,201,205,212,268,272,275,276,282,306,307,308,309,371,385,386,387,388,389,400,401,402,403,404,545,546,547,548,549,550,551,552,553,554,555,556,
57;0;477;651;1;46,47,48,49,50,51,55,56,57,58,59,60,61,62,63,64,65,66,67,68,98,110,111,112,180,181,182,183,184,185,186,187,188,189,190,191,192,193,194,195,196,197,198,199,200,201,205,212,268,272,275,276,282,306,307,308,309,371,385,386,387,388,389,400,401,402,403,404,545,546,547,548,549,550,551,552,553,554,555,556,
57;1;651;752;1;46,47,48,49,50,51,55,56,57,58,59,60,61,62,63,64,65,66,67,68,98,110,111,112,180,181,182,183,184,185,186,187,188,189,190,191,192,193,194,195,196,197,198,199,200,201,205,212,268,272,275,276,282,306,307,308,309,371,385,386,387,388,389,400,401,402,403,404,545,546,547,548,549,550,551,552,553,554,555,556,
100;0;752;847;1;46,47,48,49,50,51,55,56,57,58,59,60,61,62,63,64,65,66,67,68,98,110,111,112,180,181,182,183,184,185,186,187,188,189,190,191,192,193,194,195,196,197,198,199,200,201,205,212,268,272,275,276,282,306,307,308,309,371,385,386,387,388,389,400,401,402,403,404,545,546,547,548,549,550,551,552,553,554,555,556,
129;0;847;988;1;46,47,48,49,50,51,55,56,57,58,59,60,61,62,63,64,65,66,67,68,98,110,111,112,180,181,182,183,184,185,186,187,188,189,190,191,192,193,194,195,196,197,198,199,200,201,205,212,268,272,275,276,282,306,307,308,309,371,385,386,387,388,389,400,401,402,403,404,545,546,547,548,549,550,551,552,553,554,555,556,
129;1;988;1041;1;46,47,48,49,50,51,55,56,57,58,59,60,61,62,63,64,65,66,67,68,98,110,111,112,180,181,182,183,184,185,186,187,188,189,190,191,192,193,194,195,196,197,198,199,200,201,205,212,268,272,275,276,282,306,307,308,309,371,385,386,387,388,389,400,401,402,403,404,545,546,547,548,549,550,551,552,553,554,555,556,
48;0;1041;1188;1;46,47,48,49,50,51,55,56,57,58,59,60,61,62,63,64,65,66,67,68,98,110,111,112,180,181,182,183,184,185,186,187,188,189,190,191,192,193,194,195,196,197,198,199,200,201,205,212,268,272,275,276,282,306,307,308,309,371,385,386,387,388,389,400,401,402,403,404,545,546,547,548,549,550,551,552,553,554,555,556,
169;0;1188;1252;1;46,47,48,49,50,51,55,56,57,58,59,60,61,62,63,64,65,66,67,68,98,110,111,112,180,181,182,183,184,185,186,187,188,189,190,191,192,193,194,195,196,197,198,199,200,201,205,212,268,272,275,276,282,306,307,308,309,371,385,386,387,388,389,400,401,402,403,404,545,546,547,548,549,550,551,552,553,554,555,556,
169;1;1252;1341;1;46,47,48,49,50,51,55,56,57,58,59,60,61,62,63,64,65,66,67,68,98,110,111,112,180,181,182,183,184,185,186,187,188,189,190,191,192,193,194,195,196,197,198,199,200,201,205,212,268,272,275,276,282,306,307,308,309,371,385,386,387,388,389,400,401,402,403,404,545,546,547,548,549,550,551,552,553,554,555,556,
96;0;1341;1430;1;46,47,48,49,50,51,55,56,57,58,59,60,61,62,63,64,65,66,67,68,98,110,111,112,180,181,182,183,184,185,186,187,188,189,190,191,192,193,194,195,196,197,198,199,200,201,205,212,268,272,275,276,282,306,307,308,309,371,385,386,387,388,389,400,401,402,403,404,545,546,547,548,549,550,551,552,553,554,555,556,
247;0;1430;1452;0;46,47,48,49,50,51,55,56,57,58,59,60,61,62,63,64,65,66,67,68,98,110,111,112,180,181,182,183,184,185,186,187,188,189,190,191,192,193,194,195,196,197,198,199,200,201,205,212,268,272,275,276,282,306,307,308,309,371,385,386,387,388,389,400,401,402,403,404,545,546,547,548,549,550,551,552,553,554,555,556,
247;1;1452;1599;0;46,47,48,49,50,51,55,56,57,58,59,60,61,62,63,64,65,66,67,68,98,110,111,112,180,181,182,183,184,185,186,187,188,189,190,191,192,193,194,195,196,197,198,199,200,201,205,212,268,272,275,276,282,306,307,308,309,371,385,386,387,388,389,400,401,402,403,404,545,546,547,548,549,550,551,552,553,554,555,556,
155;0;1599;1672;0;46,47,48,49,50,51,55,56,57,58,59,60,61,62,63,64,65,66,67,68,98,110,111,112,180,181,182,183,184,185,186,187,188,189,190,191,192,193,194,195,196,197,198,199,200,201,205,212,268,272,275,276,282,306,307,308,309,371,385,386,387,388,389,400,401,402,403,404,545,546,547,548,549,550,551,552,553,554,555,556,
155;1;1672;1767;0;46,47,48,49,50,51,55,56,57,58,59,60,61,62,63,64,65,66,67,68,98,110,111,112,180,181,182,183,184,185,186,187,188,189,190,191,192,193,194,195,196,197,198,199,200,201,205,212,268,272,275,276,282,306,307,308,309,371,385,386,387,388,389,400,401,402,403,404,545,546,547,548,549,550,551,552,553,554,555,556,
31;0;1767;1796;0;46,47,48,49,50,51,55,56,57,58,59,60,61,62,63,64,65,66,67,68,98,110,111,112,180,181,182,183,184,185,186,187,188,189,190,191,192,193,194,195,196,197,198,199,200,201,205,212,268,272,275,276,282,306,307,308,309,371,385,386,387,388,389,400,401,402,403,404,545,546,547,548,549,550,551,552,553,554,555,556,
31;1;1796;1824;0;46,47,48,49,50,51,55,56,57,58,59,60,61,62,63,64,65,66,67,68,98,110,111,112,180,181,182,183,184,185,186,187,188,189,190,191,192,193,194,195,196,197,198,199,200,201,205,212,268,272,275,276,282,306,307,308,309,371,385,386,387,388,389,400,401,402,403,404,545,546,547,548,549,550,551,552,553,554,555,556,
52;0;1824;1982;1;46,47,48,49,50,51,55,56,57,58,59,60,61,62,63,64,65,66,67,68,98,110,111,112,180,181,182,183,184,185,186,187,188,189,190,191,192,193,194,195,196,197,198,199,200,201,205,212,268,272,275,276,282,306,307,308,309,371,385,386,387,388,389,400,401,402,403,404,545,546,547,548,549,550,551,552,553,554,555,556,
184;0;1982;2129;1;46,47,48,49,50,51,55,56,57,58,59,60,61,62,63,64,65,66,67,68,98,110,111,112,180,181,182,183,184,185,186,187,188,189,190,191,192,193,194,195,196,197,198,199,200,201,205,212,268,272,275,276,282,306,307,308,309,371,385,386,387,388,389,400,401,402,403,404,545,546,547,548,549,550,551,552,553,554,555,556,
92;0;2129;2224;1;46,47,48,49,50,51,55,56,57,58,59,60,61,62,63,64,65,66,67,68,98,110,111,112,180,181,182,183,184,185,186,187,188,189,190,191,192,193,194,195,196,197,198,199,200,201,205,212,268,272,275,276,282,306,307,308,309,371,385,386,387,388,389,400,401,402,403,404,545,546,547,548,549,550,551,552,553,554,555,556,
39;0;2224;2263;0;46,47,48,49,50,51,55,56,57,58,59,60,61,62,63,64,65,66,67,68,98,110,111,112,180,181,182,183,184,185,186,187,188,189,190,191,192,193,194,195,196,197,198,199,200,201,205,212,268,272,275,276,282,306,307,308,309,371,385,386,387,388,389,400,401,402,403,404,545,546,547,548,549,550,551,552,553,554,555,556,
39;1;2263;2421;0;46,47,48,49,50,51,55,56,57,58,59,60,61,62,63,64,65,66,67,68,98,110,111,112,180,181,182,183,184,185,186,187,188,189,190,191,192,193,194,195,196,197,198,199,200,201,205,212,268,272,275,276,282,306,307,308,309,371,385,386,387,388,389,400,401,402,403,404,545,546,547,548,549,550,551,552,553,554,555,556,
41;0;2421;2514;1;46,47,48,49,50,51,55,56,57,58,59,60,61,62,63,64,65,66,67,68,98,110,111,112,180,181,182,183,184,185,186,187,188,189,190,191,192,193,194,195,196,197,198,199,200,201,205,212,268,272,275,276,282,306,307,308,309,371,385,386,387,388,389,400,401,402,403,404,545,546,547,548,549,550,551,552,553,554,555,556,
41;1;2514;2518;1;46,47,48,49,50,51,55,56,57,58,59,60,61,62,63,64,65,66,67,68,98,110,111,112,180,181,182,183,184,185,186,187,188,189,190,191,192,193,194,195,196,197,198,199,200,201,205,212,268,272,275,276,282,306,307,308,309,371,385,386,387,388,389,400,401,402,403,404,545,546,547,548,549,550,551,552,553,554,555,556,
24;0;2518;2619;1;46,47,48,49,50,51,55,56,57,58,59,60,61,62,63,64,65,66,67,68,98,110,111,112,180,181,182,183,184,185,186,187,188,189,190,191,192,193,194,195,196,197,198,199,200,201,205,212,268,272,275,276,282,306,307,308,309,371,385,386,387,388,389,400,401,402,403,404,545,546,547,548,549,550,551,552,553,554,555,556,
43;0;2619;2783;0;46,47,48,49,50,51,55,56,57,58,59,60,61,62,63,64,65,66,67,68,98,110,111,112,180,181,182,183,184,185,186,187,188,189,190,191,192,193,194,195,196,197,198,199,200,201,205,212,268,272,275,276,282,306,307,308,309,371,385,386,387,388,389,400,401,402,403,404,545,546,547,548,549,550,551,552,553,554,555,556,
43;1;2783;2836;0;46,47,48,49,50,51,55,56,57,58,59,60,61,62,63,64,65,66,67,68,98,110,111,112,180,181,182,183,184,185,186,187,188,189,190,191,192,193,194,195,196,197,198,199,200,201,205,212,268,272,275,276,282,306,307,308,309,371,385,386,387,388,389,400,401,402,403,404,545,546,547,548,549,550,551,552,553,554,555,556,
5;0;2836;2922;1;46,47,48,49,50,51,55,56,57,58,59,60,61,62,63,64,65,66,67,68,98,110,111,112,180,181,182,183,184,185,186,187,188,189,190,191,192,193,194,195,196,197,198,199,200,201,205,212,268,272,275,276,282,306,307,308,309,371,385,386,387,388,389,400,401,402,403,404,545,546,547,548,549,550,551,552,553,554,555,556,
5;1;2922;3069;1;46,47,48,49,50,51,55,56,57,58,59,60,61,62,63,64,65,66,67,68,98,110,111,112,180,181,182,183,184,185,186,187,188,189,190,191,192,193,194,195,196,197,198,199,200,201,205,212,268,272,275,276,282,306,307,308,309,371,385,386,387,388,389,400,401,402,403,404,545,546,547,548,549,550,551,552,553,554,555,556,
132;0;3069;3164;1;46,47,48,49,50,51,55,56,57,58,59,60,61,62,63,64,65,66,67,68,98,110,111,112,180,181,182,183,184,185,186,187,188,189,190,191,192,193,194,195,196,197,198,199,200,201,205,212,268,272,275,276,282,306,307,308,309,371,385,386,387,388,389,400,401,402,403,404,545,546,547,548,549,550,551,552,553,554,555,556,
3;0;3164;3206;0;46,47,48,49,50,51,55,56,57,58,59,60,61,62,63,64,65,66,67,68,98,110,111,112,180,181,182,183,184,185,186,187,188,189,190,191,192,193,194,195,196,197,198,199,200,201,205,212,268,272,275,276,282,306,307,308,309,371,385,386,387,388,389,400,401,402,403,404,545,546,547,548,549,550,551,552,553,554,555,556,
3;1;3206;3234;0;46,47,48,49,50,51,55,56,57,58,59,60,61,62,63,64,65,66,67,68,98,110,111,112,180,181,182,183,184,185,186,187,188,189,190,191,192,193,194,195,196,197,198,199,200,201,205,212,268,272,275,276,282,306,307,308,309,371,385,386,387,388,389,400,401,402,403,404,545,546,547,548,549,550,551,552,553,554,555,556,
49;0;3234;3394;1;46,47,48,49,50,51,55,56,57,58,59,60,61,62,63,64,65,66,67,68,98,110,111,112,180,181,182,183,184,185,186,187,188,189,190,191,192,193,194,195,196,197,198,199,200,201,205,212,268,272,275,276,282,306,307,308,309,371,385,386,387,388,389,400,401,402,403,404,545,546,547,548,549,550,551,552,553,554,555,556,
49;1;3394;3398;1;46,47,48,49,50,51,55,56,57,58,59,60,61,62,63,64,65,66,67,68,98,110,111,112,180,181,182,183,184,185,186,187,188,189,190,191,192,193,194,195,196,197,198,199,200,201,205,212,268,272,275,276,282,306,307,308,309,371,385,386,387,388,389,400,401,402,403,404,545,546,547,548,549,550,551,552,553,554,555,556,
145;0;3398;3538;1;26,46,47,48,49,50,51,57,58,60,69,89,98,110,111,112,128,131,132,172,180,181,189,190,205,212,265,268,269,271,272,275,276,282,288,292,294,299,306,307,308,309,318,319,320,321,371,390,391,392,393,394,395,396,397,398,399,400,401,402,403,404,536,545,546,547,548,549,550,551,552,553,554,555,556,603,604,605,606,607,
145;1;3538;3639;1;26,46,47,48,49,50,51,57,58,60,69,89,98,110,111,112,128,131,132,172,180,181,189,190,205,212,265,268,269,271,272,275,276,282,288,292,294,299,306,307,308,309,318,319,320,321,371,390,391,392,393,394,395,396,397,398,399,400,401,402,403,404,536,545,546,547,548,549,550,551,552,553,554,555,556,603,604,605,606,607,
61;0;3639;3730;1;26,46,47,48,49,50,51,57,58,60,69,89,98,110,111,112,128,131,132,172,180,181,189,190,205,212,265,268,269,271,272,275,276,282,288,292,294,299,306,307,308,309,318,319,320,321,371,390,391,392,393,394,395,396,397,398,399,400,401,402,403,404,536,545,546,547,548,549,550,551,552,553,554,555,556,603,604,605,606,607,
61;1;3730;3771;1;26,46,47,48,49,50,51,57,58,60,69,89,98,110,111,112,128,131,132,172,180,181,189,190,205,212,265,268,269,271,272,275,276,282,288,292,294,299,306,307,308,309,318,319,320,321,371,390,391,392,393,394,395,396,397,398,399,400,401,402,403,404,536,545,546,547,548,549,550,551,552,553,554,555,556,603,604,605,606,607,
195;0;3771;3886;0;26,46,47,48,49,50,51,57,58,60,69,89,98,110,111,112,128,131,132,172,180,181,189,190,205,212,265,268,269,271,272,275,276,282,288,292,294,299,306,307,308,309,318,319,320,321,371,390,391,392,393,394,395,396,397,398,399,400,401,402,403,404,536,545,546,547,548,549,550,551,552,553,554,555,556,603,604,605,606,607,
195;1;3886;3939;0;26,46,47,48,49,50,51,57,58,60,69,89,98,110,111,112,128,131,132,172,180,181,189,190,205,212,265,268,269,271,272,275,276,282,288,292,294,299,306,307,308,309,318,319,320,321,371,390,391,392,393,394,395,396,397,398,399,400,401,402,403,404,536,545,546,547,548,549,550,551,552,553,554,555,556,603,604,605,606,607,
88;0;3939;4052;1;26,46,47,48,49,50,51,57,58,60,69,89,98,110,111,112,128,131,132,172,180,181,189,190,205,212,265,268,269,271,272,275,276,282,288,292,294,299,306,307,308,309,318,319,320,321,371,390,391,392,393,394,395,396,397,398,399,400,401,402,403,404,536,545,546,547,548,549,550,551,552,553,554,555,556,603,604,605,606,607,
40;0;4052;4165;1;26,46,47,48,49,50,51,57,58,60,69,89,98,110,111,112,128,131,132,172,180,181,189,190,205,212,265,268,269,271,272,275,276,282,288,292,294,299,306,307,308,309,318,319,320,321,371,390,391,392,393,394,395,396,397,398,399,400,401,402,403,404,536,545,546,547,548,549,550,551,552,553,554,555,556,603,604,605,606,607,
181;0;4165;4271;1;26,46,47,48,49,50,51,57,58,60,69,89,98,110,111,112,128,131,132,172,180,181,189,190,205,212,265,268,269,271,272,275,276,282,288,292,294,299,306,307,308,309,318,319,320,321,371,390,391,392,393,394,395,396,397,398,399,400,401,402,403,404,536,545,546,547,548,549,550,551,552,553,554,555,556,603,604,605,606,607,
181;1;4271;4384;1;26,46,47,48,49,50,51,57,58,60,69,89,98,110,111,112,128,131,132,172,180,181,189,190,205,212,265,268,269,271,272,275,276,282,288,292,294,299,306,307,308,309,318,319,320,321,371,390,391,392,393,394,395,396,397,398,399,400,401,402,403,404,536,545,546,547,548,549,550,551,552,553,554,555,556,603,604,605,606,607,
125;0;4384;4508;1;26,46,47,48,49,50,51,57,58,60,69,89,98,110,111,112,128,131,132,172,180,181,189,190,205,212,265,268,269,271,272,275,276,282,288,292,294,299,306,307,308,309,318,319,320,321,371,390,391,392,393,394,395,396,397,398,399,400,401,402,403,404,536,545,546,547,548,549,550,551,552,553,554,555,556,603,604,605,606,607,
125;1;4508;4682;1;26,46,47,48,49,50,51,57,58,60,69,89,98,110,111,112,128,131,132,172,180,181,189,190,205,212,265,268,269,271,272,275,276,282,288,292,294,299,306,307,308,309,318,319,320,321,371,390,391,392,393,394,395,396,397,398,399,400,401,402,403,404,536,545,546,547,548,549,550,551,552,553,554,555,556,603,604,605,606,607,
140;0;4682;4771;1;26,46,47,48,49,50,51,57,58,60,69,89,98,110,111,112,128,131,132,172,180,181,189,190,205,212,265,268,269,271,272,275,276,282,288,292,294,299,306,307,308,309,318,319,320,321,371,390,391,392,393,394,395,396,397,398,399,400,401,402,403,404,536,545,546,547,548,549,550,551,552,553,554,555,556,603,604,605,606,607,
45;0;4771;4849;1;26,46,47,48,49,50,51,57,58,60,69,89,98,110,111,112,128,131,132,172,180,181,189,190,205,212,265,268,269,271,272,275,276,282,288,292,294,299,306,307,308,309,318,319,320,321,371,390,391,392,393,394,395,396,397,398,399,400,401,402,403,404,536,545,546,547,548,549,550,551,552,553,554,555,556,603,604,605,606,607,
45;1;4849;4962;1;26,46,47,48,49,50,51,57,58,60,69,89,98,110,111,112,128,131,132,172,180,181,189,190,205,212,265,268,269,271,272,275,276,282,288,292,294,299,306,307,308,309,318,319,320,321,371,390,391,392,393,394,395,396,397,398,399,400,401,402,403,404,536,545,546,547,548,549,550,551,552,553,554,555,556,603,604,605,606,607,
36;0;4962;5122;1;26,46,47,48,49,50,51,69,89,98,99,100,101,102,103,104,105,106,107,108,109,110,111,112,113,114,115,116,117,118,119,120,121,122,123,124,125,126,127,128,129,130,131,132,172,180,190,205,212,296,306,307,308,309,310,311,312,313,314,315,316,317,371,400,401,402,403,404,448,449,450,451,452,453,536,603,604,605,606,607,
8;0;5122;5228;1;26,46,47,48,49,50,51,69,89,98,99,100,101,102,103,104,105,106,107,108,109,110,111,112,113,114,115,116,117,118,119,120,121,122,123,124,125,126,127,128,129,130,131,132,172,180,190,205,212,296,306,307,308,309,310,311,312,313,314,315,316,317,371,400,401,402,403,404,448,449,450,451,452,453,536,603,604,605,606,607,
103;0;5228;5352;0;26,46,47,48,49,50,51,69,89,98,99,100,101,102,103,104,105,106,107,108,109,110,111,112,113,114,115,116,117,118,119,120,121,122,123,124,125,126,127,128,129,130,131,132,172,180,190,205,212,296,306,307,308,309,310,311,312,313,314,315,316,317,371,400,401,402,403,404,448,449,450,451,452,453,536,603,604,605,606,607,
103;1;5352;5393;0;26,46,47,48,49,50,51,69,89,98,99,100,101,102,103,104,105,106,107,108,109,110,111,112,113,114,115,116,117,118,119,120,121,122,123,124,125,126,127,128,129,130,131,132,172,180,190,205,212,296,306,307,308,309,310,311,312,313,314,315,316,317,371,400,401,402,403,404,448,449,450,451,452,453,536,603,604,605,606,607,
68;0;5393;5553;1;26,46,47,48,49,50,51,69,89,98,99,100,101,102,103,104,105,106,107,108,109,110,111,112,113,114,115,116,117,118,119,120,121,122,123,124,125,126,127,128,129,130,131,132,172,180,190,205,212,296,306,307,308,309,310,311,312,313,314,315,316,317,371,400,401,402,403,404,448,449,450,451,452,453,536,603,604,605,606,607,
130;0;5553;5606;0;26,46,47,48,49,50,51,69,89,98,99,100,101,102,103,104,105,106,107,108,109,110,111,112,113,114,115,116,117,118,119,120,121,122,123,124,125,126,127,128,129,130,131,132,172,180,190,205,212,296,306,307,308,309,310,311,312,313,314,315,316,317,371,400,401,402,403,404,448,449,450,451,452,453,536,603,604,605,606,607,
246;0;5606;5647;0;26,46,47,48,49,50,51,69,89,98,99,100,101,102,103,104,105,106,107,108,109,110,111,112,113,114,115,116,117,118,119,120,121,122,123,124,125,126,127,128,129,130,131,132,172,180,190,205,212,296,306,307,308,309,310,311,312,313,314,315,316,317,371,400,401,402,403,404,448,449,450,451,452,453,536,603,604,605,606,607,
157;0;5647;5730;1;26,46,47,48,49,50,51,69,89,98,99,100,101,102,103,104,105,106,107,108,109,110,111,112,113,114,115,116,117,118,119,120,121,122,123,124,125,126,127,128,129,130,131,132,172,180,190,205,212,296,306,307,308,309,310,311,312,313,314,315,316,317,371,400,401,402,403,404,448,449,450,451,452,453,536,603,604,605,606,607,
157;1;5730;5783;1;26,46,47,48,49,50,51,69,89,98,99,100,101,102,103,104,105,106,107,108,109,110,111,112,113,114,115,116,117,118,119,120,121,122,123,124,125,126,127,128,129,130,131,132,172,180,190,205,212,296,306,307,308,309,310,311,312,313,314,315,316,317,371,400,401,402,403,404,448,449,450,451,452,453,536,603,604,605,606,607,
138;0;5783;5787;0;26,46,47,48,49,50,51,69,89,98,99,100,101,102,103,104,105,106,107,108,109,110,111,112,113,114,115,116,117,118,119,120,121,122,123,124,125,126,127,128,129,130,131,132,172,180,190,205,212,296,306,307,308,309,310,311,312,313,314,315,316,317,371,400,401,402,403,404,448,449,450,451,452,453,536,603,604,605,606,607,
182;0;5787;5840;0;26,46,47,48,49,50,51,69,89,98,99,100,101,102,103,104,105,106,107,108,109,110,111,112,113,114,115,116,117,118,119,120,121,122,123,124,125,126,127,128,129,130,131,132,172,180,190,205,212,296,306,307,308,309,310,311,312,313,314,315,316,317,371,400,401,402,403,404,448,449,450,451,452,453,536,603,604,605,606,607,
208;0;5840;5941;1;26,46,47,48,49,50,51,69,89,98,99,100,101,102,103,104,105,106,107,108,109,110,111,112,113,114,115,116,117,118,119,120,121,122,123,124,125,126,127,128,129,130,131,132,172,180,190,205,212,296,306,307,308,309,310,311,312,313,314,315,316,317,371,400,401,402,403,404,448,449,450,451,452,453,536,603,604,605,606,607,
216;0;5941;5945;1;26,46,47,48,49,50,51,69,89,98,99,100,101,102,103,104,105,106,107,108,109,110,111,112,113,114,115,116,117,118,119,120,121,122,123,124,125,126,127,128,129,130,131,132,172,180,190,205,212,296,306,307,308,309,310,311,312,313,314,315,316,317,371,400,401,402,403,404,448,449,450,451,452,453,536,603,604,605,606,607,
197;0;5945;6096;1;26,46,47,48,49,50,51,69,89,98,99,100,101,102,103,104,105,106,107,108,109,110,111,112,113,114,115,116,117,118,119,120,121,122,123,124,125,126,127,128,129,130,131,132,172,180,190,205,212,296,306,307,308,309,310,311,312,313,314,315,316,317,371,400,401,402,403,404,448,449,450,451,452,453,536,603,604,605,606,607,
197;1;6096;6213;1;26,46,47,48,49,50,51,69,89,98,99,100,101,102,103,104,105,106,107,108,109,110,111,112,113,114,115,116,117,118,119,120,121,122,123,124,125,126,127,128,129,130,131,132,172,180,190,205,212,296,306,307,308,309,310,311,312,313,314,315,316,317,371,400,401,402,403,404,448,449,450,451,452,453,536,603,604,605,606,607,
117;0;6213;6246;1;26,46,47,48,49,50,51,69,89,98,99,100,101,102,103,104,105,106,107,108,109,110,111,112,113,114,115,116,117,118,119,120,121,122,123,124,125,126,127,128,129,130,131,132,172,180,190,205,212,296,306,307,308,309,310,311,312,313,314,315,316,317,371,400,401,402,403,404,448,449,450,451,452,453,536,603,604,605,606,607,
117;1;6246;6257;1;26,46,47,48,49,50,51,69,89,98,99,100,101,102,103,104,105,106,107,108,109,110,111,112,113,114,115,116,117,118,119,120,121,122,123,124,125,126,127,128,129,130,131,132,172,180,190,205,212,296,306,307,308,309,310,311,312,313,314,315,316,317,371,400,401,402,403,404,448,449,450,451,452,453,536,603,604,605,606,607,
128;0;6257;6298;1;26,46,47,48,49,50,51,69,89,98,99,100,101,102,103,104,105,106,107,108,109,110,111,112,113,114,115,116,117,118,119,120,121,122,123,124,125,126,127,128,129,130,131,132,172,180,190,205,212,296,306,307,308,309,310,311,312,313,314,315,316,317,371,400,401,402,403,404,448,449,450,451,452,453,536,603,604,605,606,607,
110;0;6298;6399;0;26,46,47,48,49,50,51,69,89,98,99,100,101,102,103,104,105,106,107,108,109,110,111,112,113,114,115,116,117,118,119,120,121,122,123,124,125,126,127,128,129,130,131,132,172,180,190,205,212,296,306,307,308,309,310,311,312,313,314,315,316,317,371,400,401,402,403,404,448,449,450,451,452,453,536,603,604,605,606,607,
225;0;6399;6556;1;26,46,47,48,49,50,51,69,89,98,99,100,101,102,103,104,105,106,107,108,109,110,111,112,113,114,115,116,117,118,119,120,121,122,123,124,125,126,127,128,129,130,131,132,172,180,190,205,212,296,306,307,308,309,310,311,312,313,314,315,316,317,371,400,401,402,403,404,448,449,450,451,452,453,536,603,604,605,606,607,
225;1;6556;6662;1;26,46,47,48,49,50,51,69,89,98,99,100,101,102,103,104,105,106,107,108,109,110,111,112,113,114,115,116,117,118,119,120,121,122,123,124,125,126,127,128,129,130,131,132,172,180,190,205,212,296,306,307,308,309,310,311,312,313,314,315,316,317,371,400,401,402,403,404,448,449,450,451,452,453,536,603,604,605,606,607,
60;0;6662;6768;1;26,46,47,48,49,50,51,69,89,98,99,100,101,102,103,104,105,106,107,108,109,110,111,112,113,114,115,116,117,118,119,120,121,122,123,124,125,126,127,128,129,130,131,132,172,180,190,205,212,296,306,307,308,309,310,311,312,313,314,315,316,317,371,400,401,402,403,404,448,449,450,451,452,453,536,603,604,605,606,607,
165;0;6768;6851;1;26,46,47,48,49,50,51,69,89,98,99,100,101,102,103,104,105,106,107,108,109,110,111,112,113,114,115,116,117,118,119,120,121,122,123,124,125,126,127,128,129,130,131,132,172,180,190,205,212,296,306,307,308,309,310,311,312,313,314,315,316,317,371,400,401,402,403,404,448,449,450,451,452,453,536,603,604,605,606,607,
165;1;6851;6862;1;26,46,47,48,49,50,51,69,89,98,99,100,101,102,103,104,105,106,107,108,109,110,111,112,113,114,115,116,117,118,119,120,121,122,123,124,125,126,127,128,129,130,131,132,172,180,190,205,212,296,306,307,308,309,310,311,312,313,314,315,316,317,371,400,401,402,403,404,448,449,450,451,452,453,536,603,604,605,606,607,
53;0;6862;6894;1;26,46,47,48,49,50,51,69,89,98,99,100,101,102,103,104,105,106,107,108,109,110,111,112,113,114,115,116,117,118,119,120,121,122,123,124,125,126,127,128,129,130,131,132,172,180,190,205,212,296,306,307,308,309,310,311,312,313,314,315,316,317,371,400,401,402,403,404,448,449,450,451,452,453,536,603,604,605,606,607,
53;1;6894;7054;1;26,46,47,48,49,50,51,69,89,98,99,100,101,102,103,104,105,106,107,108,109,110,111,112,113,114,115,116,117,118,119,120,121,122,123,124,125,126,127,128,129,130,131,132,172,180,190,205,212,296,306,307,308,309,310,311,312,313,314,315,316,317,371,400,401,402,403,404,448,449,450,451,452,453,536,603,604,605,606,607,
65;0;7054;7143;1;26,46,47,48,49,50,51,69,89,98,99,100,101,102,103,104,105,106,107,108,109,110,111,112,113,114,115,116,117,118,119,120,121,122,123,124,125,126,127,128,129,130,131,132,172,180,190,205,212,296,306,307,308,309,310,311,312,313,314,315,316,317,371,400,401,402,403,404,448,449,450,451,452,453,536,603,604,605,606,607,
65;1;7143;7260;1;26,46,47,48,49,50,51,69,89,98,99,100,101,102,103,104,105,106,107,108,109,110,111,112,113,114,115,116,117,118,119,120,121,122,123,124,125,126,127,128,129,130,131,132,172,180,190,205,212,296,306,307,308,309,310,311,312,313,314,315,316,317,371,400,401,402,403,404,448,449,450,451,452,453,536,603,604,605,606,607,
16;0;7260;7285;1;26,46,47,48,49,50,51,69,89,98,99,100,101,102,103,104,105,106,107,108,109,110,111,112,113,114,115,116,117,118,119,120,121,122,123,124,125,126,127,128,129,130,131,132,172,180,190,205,212,245,246,247,248,249,250,251,252,253,254,255,296,306,307,308,309,310,311,312,371,400,401,402,403,404,536,603,604,605,606,607,
189;0;7285;7362;1;26,46,47,48,49,50,51,69,89,98,99,100,101,102,103,104,105,106,107,108,109,110,111,112,113,114,115,116,117,118,119,120,121,122,123,124,125,126,127,128,129,130,131,132,172,180,190,205,212,245,246,247,248,249,250,251,252,253,254,255,296,306,307,308,309,310,311,312,371,400,401,402,403,404,536,603,604,605,606,607,
189;1;7362;7415;1;26,46,47,48,49,50,51,69,89,98,99,100,101,102,103,104,105,106,107,108,109,110,111,112,113,114,115,116,117,118,119,120,121,122,123,124,125,126,127,128,129,130,131,132,172,180,190,205,212,245,246,247,248,249,250,251,252,253,254,255,296,306,307,308,309,310,311,312,371,400,401,402,403,404,536,603,604,605,606,607,
248;0;7415;7440;1;26,46,47,48,49,50,51,69,89,98,99,100,101,102,103,104,105,106,107,108,109,110,111,112,113,114,115,116,117,118,119,120,121,122,123,124,125,126,127,128,129,130,131,132,172,180,190,205,212,245,246,247,248,249,250,251,252,253,254,255,296,306,307,308,309,310,311,312,371,400,401,402,403,404,536,603,604,605,606,607,
201;0;7440;7454;1;26,46,47,48,49,50,51,69,89,98,99,100,101,102,103,104,105,106,107,108,109,110,111,112,113,114,115,116,117,118,119,120,121,122,123,124,125,126,127,128,129,130,131,132,172,180,190,205,212,245,246,247,248,249,250,251,252,253,254,255,296,306,307,308,309,310,311,312,371,400,401,402,403,404,536,603,604,605,606,607,
201;1;7454;7555;1;26,46,47,48,49,50,51,69,89,98,99,100,101,102,103,104,105,106,107,108,109,110,111,112,113,114,115,116,117,118,119,120,121,122,123,124,125,126,127,128,129,130,131,132,172,180,190,205,212,245,246,247,248,249,250,251,252,253,254,255,296,306,307,308,309,310,311,312,371,400,401,402,403,404,536,603,604,605,606,607,
11;0;7555;7599;0;26,46,47,48,49,50,51,69,89,98,99,100,101,102,103,104,105,106,107,108,109,110,111,112,113,114,115,116,117,118,119,120,121,122,123,124,125,126,127,128,129,130,131,132,172,180,190,205,212,245,246,247,248,249,250,251,252,253,254,255,296,306,307,308,309,310,311,312,371,400,401,402,403,404,536,603,604,605,606,607,
11;1;7599;7705;0;26,46,47,48,49,50,51,69,89,98,99,100,101,102,103,104,105,106,107,108,109,110,111,112,113,114,115,116,117,118,119,120,121,122,123,124,125,126,127,128,129,130,131,132,172,180,190,205,212,245,246,247,248,249,250,251,252,253,254,255,296,306,307,308,309,310,311,312,371,400,401,402,403,404,536,603,604,605,606,607,
2;0;7705;7716;1;26,46,47,48,49,50,51,69,89,98,99,100,101,102,103,104,105,106,107,108,109,110,111,112,113,114,115,116,117,118,119,120,121,122,123,124,125,126,127,128,129,130,131,132,172,180,190,205,212,245,246,247,248,249,250,251,252,253,254,255,296,306,307,308,309,310,311,312,371,400,401,402,403,404,536,603,604,605,606,607,
220;0;7716;7727;1;26,46,47,48,49,50,51,69,89,98,99,100,101,102,103,104,105,106,107,108,109,110,111,112,113,114,115,116,117,118,119,120,121,122,123,124,125,126,127,128,129,130,131,132,172,180,190,205,212,245,246,247,248,249,250,251,252,253,254,255,296,306,307,308,309,310,311,312,371,400,401,402,403,404,536,603,604,605,606,607,
176;0;7727;7731;1;26,46,47,48,49,50,51,69,89,98,99,100,101,102,103,104,105,106,107,108,109,110,111,112,113,114,115,116,117,118,119,120,121,122,123,124,125,126,127,128,129,130,131,132,172,180,190,205,212,245,246,247,248,249,250,251,252,253,254,255,296,306,307,308,309,310,311,312,371,400,401,402,403,404,536,603,604,605,606,607,
213;0;7731;7811;1;26,46,47,48,49,50,51,69,89,98,99,100,101,102,103,104,105,106,107,108,109,110,111,112,113,114,115,116,117,118,119,120,121,122,123,124,125,126,127,128,129,130,131,132,172,180,190,205,212,245,246,247,248,249,250,251,252,253,254,255,296,306,307,308,309,310,311,312,371,400,401,402,403,404,536,603,604,605,606,607,
213;1;7811;7917;1;26,46,47,48,49,50,51,69,89,98,99,100,101,102,103,104,105,106,107,108,109,110,111,112,113,114,115,116,117,118,119,120,121,122,123,124,125,126,127,128,129,130,131,132,172,180,190,205,212,245,246,247,248,249,250,251,252,253,254,255,296,306,307,308,309,310,311,312,371,400,401,402,403,404,536,603,604,605,606,607,
120;0;7917;7921;1;14,18,25,26,46,47,48,49,50,51,81,82,83,84,85,86,87,88,89,90,91,92,93,94,95,96,97,98,99,100,128,131,132,133,134,135,137,138,139,140,166,167,168,169,170,171,172,173,174,175,176,177,178,179,180,190,205,212,256,257,258,259,260,261,262,371,400,401,402,403,404,476,535,536,537,538,539,540,541,542,
196;0;7921;7966;1;14,18,25,26,46,47,48,49,50,51,81,82,83,84,85,86,87,88,89,90,91,92,93,94,95,96,97,98,99,100,128,131,132,133,134,135,137,138,139,140,166,167,168,169,170,171,172,173,174,175,176,177,178,179,180,190,205,212,256,257,258,259,260,261,262,371,400,401,402,403,404,476,535,536,537,538,539,540,541,542,
12;0;7966;8007;1;14,18,25,26,46,47,48,49,50,51,81,82,83,84,85,86,87,88,89,90,91,92,93,94,95,96,97,98,99,100,128,131,132,133,134,135,137,138,139,140,166,167,168,169,170,171,172,173,174,175,176,177,178,179,180,190,205,212,256,257,258,259,260,261,262,371,400,401,402,403,404,476,535,536,537,538,539,540,541,542,
21;0;8007;8095;1;14,18,25,26,46,47,48,49,50,51,81,82,83,84,85,86,87,88,89,90,91,92,93,94,95,96,97,98,99,100,128,131,132,133,134,135,137,138,139,140,166,167,168,169,170,171,172,173,174,175,176,177,178,179,180,190,205,212,256,257,258,259,260,261,262,371,400,401,402,403,404,476,535,536,537,538,539,540,541,542,
21;1;8095;8201;1;14,18,25,26,46,47,48,49,50,51,81,82,83,84,85,86,87,88,89,90,91,92,93,94,95,96,97,98,99,100,128,131,132,133,134,135,137,138,139,140,166,167,168,169,170,171,172,173,174,175,176,177,178,179,180,190,205,212,256,257,258,259,260,261,262,371,400,401,402,403,404,476,535,536,537,538,539,540,541,542,
86;0;8201;8251;0;14,18,25,26,46,47,48,49,50,51,81,82,83,84,85,86,87,88,89,90,91,92,93,94,95,96,97,98,99,100,128,131,132,133,134,135,137,138,139,140,166,167,168,169,170,171,172,173,174,175,176,177,178,179,180,190,205,212,256,257,258,259,260,261,262,371,400,401,402,403,404,476,535,536,537,538,539,540,541,542,
47;0;8251;8292;0;14,18,25,26,46,47,48,49,50,51,81,82,83,84,85,86,87,88,89,90,91,92,93,94,95,96,97,98,99,100,128,131,132,133,134,135,137,138,139,140,166,167,168,169,170,171,172,173,174,175,176,177,178,179,180,190,205,212,256,257,258,259,260,261,262,371,400,401,402,403,404,476,535,536,537,538,539,540,541,542,
47;1;8292;8398;0;14,18,25,26,46,47,48,49,50,51,81,82,83,84,85,86,87,88,89,90,91,92,93,94,95,96,97,98,99,100,128,131,132,133,134,135,137,138,139,140,166,167,168,169,170,171,172,173,174,175,176,177,178,179,180,190,205,212,256,257,258,259,260,261,262,371,400,401,402,403,404,476,535,536,537,538,539,540,541,542,
147;0;8398;8475;0;14,18,25,26,46,47,48,49,50,51,81,82,83,84,85,86,87,88,89,90,91,92,93,94,95,96,97,98,99,100,128,131,132,133,134,135,137,138,139,140,166,167,168,169,170,171,172,173,174,175,176,177,178,179,180,190,205,212,256,257,258,259,260,261,262,371,400,401,402,403,404,476,535,536,537,538,539,540,541,542,
147;1;8475;8509;0;14,18,25,26,46,47,48,49,50,51,81,82,83,84,85,86,87,88,89,90,91,92,93,94,95,96,97,98,99,100,128,131,132,133,134,135,137,138,139,140,166,167,168,169,170,171,172,173,174,175,176,177,178,179,180,190,205,212,256,257,258,259,260,261,262,371,400,401,402,403,404,476,535,536,537,538,539,540,541,542,
17;0;8509;8670;1;14,18,25,26,46,47,48,49,50,51,81,82,83,84,85,86,87,88,89,90,91,92,93,94,95,96,97,98,99,100,128,131,132,133,134,135,137,138,139,140,166,167,168,169,170,171,172,173,174,175,176,177,178,179,180,190,205,212,256,257,258,259,260,261,262,371,400,401,402,403,404,476,535,536,537,538,539,540,541,542,
17;1;8670;8694;1;14,18,25,26,46,47,48,49,50,51,81,82,83,84,85,86,87,88,89,90,91,92,93,94,95,96,97,98,99,100,128,131,132,133,134,135,137,138,139,140,166,167,168,169,170,171,172,173,174,175,176,177,178,179,180,190,205,212,256,257,258,259,260,261,262,371,400,401,402,403,404,476,535,536,537,538,539,540,541,542,
76;0;8694;8739;1;14,18,25,26,46,47,48,49,50,51,81,82,83,84,85,86,87,88,89,90,91,92,93,94,95,96,97,98,99,100,128,131,132,133,134,135,137,138,139,140,166,167,168,169,170,171,172,173,174,175,176,177,178,179,180,190,205,212,256,257,258,259,260,261,262,371,400,401,402,403,404,476,535,536,537,538,539,540,541,542,
214;0;8739;8789;0;14,18,25,26,46,47,48,49,50,51,81,82,83,84,85,86,87,88,89,90,91,92,93,94,95,96,97,98,99,100,128,131,132,133,134,135,137,138,139,140,166,167,168,169,170,171,172,173,174,175,176,177,178,179,180,190,205,212,256,257,258,259,260,261,262,371,400,401,402,403,404,476,535,536,537,538,539,540,541,542,
160;0;8789;8793;1;14,18,25,26,46,47,48,49,50,51,81,82,83,84,85,86,87,88,89,90,91,92,93,94,95,96,97,98,99,100,128,131,132,133,134,135,137,138,139,140,166,167,168,169,170,171,172,173,174,175,176,177,178,179,180,190,205,212,256,257,258,259,260,261,262,371,400,401,402,403,404,476,535,536,537,538,539,540,541,542,
239;0;8793;8889;0;14,18,25,26,46,47,48,49,50,51,81,82,83,84,85,86,87,88,89,90,91,92,93,94,95,96,97,98,99,100,128,131,132,133,134,135,137,138,139,140,166,167,168,169,170,171,172,173,174,175,176,177,178,179,180,190,205,212,256,257,258,259,260,261,262,371,400,401,402,403,404,476,535,536,537,538,539,540,541,542,
239;1;8889;8942;0;14,18,25,26,46,47,48,49,50,51,81,82,83,84,85,86,87,88,89,90,91,92,93,94,95,96,97,98,99,100,128,131,132,133,134,135,137,138,139,140,166,167,168,169,170,171,172,173,174,175,176,177,178,179,180,190,205,212,256,257,258,259,260,261,262,371,400,401,402,403,404,476,535,536,537,538,539,540,541,542,
13;0;8942;9019;1;14,18,25,26,46,47,48,49,50,51,81,82,83,84,85,86,87,88,89,90,91,92,93,94,95,96,97,98,99,100,128,131,132,133,134,135,137,138,139,140,166,167,168,169,170,171,172,173,174,175,176,177,178,179,180,190,205,212,256,257,258,259,260,261,262,371,400,401,402,403,404,476,535,536,537,538,539,540,541,542,
13;1;9019;9125;1;14,18,25,26,46,47,48,49,50,51,81,82,83,84,85,86,87,88,89,90,91,92,93,94,95,96,97,98,99,100,128,131,132,133,134,135,137,138,139,140,166,167,168,169,170,171,172,173,174,175,176,177,178,179,180,190,205,212,256,257,258,259,260,261,262,371,400,401,402,403,404,476,535,536,537,538,539,540,541,542,
232;0;9125;9164;1;14,18,19,20,21,22,23,24,25,26,27,28,29,30,31,32,33,34,35,36,37,38,39,40,41,42,43,44,45,46,47,48,49,50,51,81,82,83,84,85,86,87,88,89,90,91,92,93,94,95,96,97,131,132,133,134,135,137,138,140,166,167,168,169,170,171,173,174,175,176,177,178,179,256,257,258,259,260,261,262,
7;0;9164;9268;0;14,18,19,20,21,22,23,24,25,26,27,28,29,30,31,32,33,34,35,36,37,38,39,40,41,42,43,44,45,46,47,48,49,50,51,81,82,83,84,85,86,87,88,89,90,91,92,93,94,95,96,97,131,132,133,134,135,137,138,140,166,167,168,169,170,171,173,174,175,176,177,178,179,256,257,258,259,260,261,262,
7;1;9268;9313;0;14,18,19,20,21,22,23,24,25,26,27,28,29,30,31,32,33,34,35,36,37,38,39,40,41,42,43,44,45,46,47,48,49,50,51,81,82,83,84,85,86,87,88,89,90,91,92,93,94,95,96,97,131,132,133,134,135,137,138,140,166,167,168,169,170,171,173,174,175,176,177,178,179,256,257,258,259,260,261,262,
28;0;9313;9341;1;14,18,19,20,21,22,23,24,25,26,27,28,29,30,31,32,33,34,35,36,37,38,39,40,41,42,43,44,45,46,47,48,49,50,51,81,82,83,84,85,86,87,88,89,90,91,92,93,94,95,96,97,131,132,133,134,135,137,138,140,166,167,168,169,170,171,173,174,175,176,177,178,179,256,257,258,259,260,261,262,
10;0;9341;9375;0;14,18,19,20,21,22,23,24,25,26,27,28,29,30,31,32,33,34,35,36,37,38,39,40,41,42,43,44,45,46,47,48,49,50,51,81,82,83,84,85,86,87,88,89,90,91,92,93,94,95,96,97,131,132,133,134,135,137,138,140,166,167,168,169,170,171,173,174,175,176,177,178,179,256,257,258,259,260,261,262,
64;0;9375;9386;1;14,18,19,20,21,22,23,24,25,26,27,28,29,30,31,32,33,34,35,36,37,38,39,40,41,42,43,44,45,46,47,48,49,50,51,81,82,83,84,85,86,87,88,89,90,91,92,93,94,95,96,97,131,132,133,134,135,137,138,140,166,167,168,169,170,171,173,174,175,176,177,178,179,256,257,258,259,260,261,262,
59;0;9386;9418;0;14,18,19,20,21,22,23,24,25,26,27,28,29,30,31,32,33,34,35,36,37,38,39,40,41,42,43,44,45,46,47,48,49,50,51,81,82,83,84,85,86,87,88,89,90,91,92,93,94,95,96,97,131,132,133,134,135,137,138,140,166,167,168,169,170,171,173,174,175,176,177,178,179,256,257,258,259,260,261,262,
59;1;9418;9463;0;14,18,19,20,21,22,23,24,25,26,27,28,29,30,31,32,33,34,35,36,37,38,39,40,41,42,43,44,45,46,47,48,49,50,51,81,82,83,84,85,86,87,88,89,90,91,92,93,94,95,96,97,131,132,133,134,135,137,138,140,166,167,168,169,170,171,173,174,175,176,177,178,179,256,257,258,259,260,261,262,
71;0;9463;9511;0;14,18,19,20,21,22,23,24,25,26,27,28,29,30,31,32,33,34,35,36,37,38,39,40,41,42,43,44,45,46,47,48,49,50,51,81,82,83,84,85,86,87,88,89,90,91,92,93,94,95,96,97,131,132,133,134,135,137,138,140,166,167,168,169,170,171,173,174,175,176,177,178,179,256,257,258,259,260,261,262,
71;1;9511;9522;0;14,18,19,20,21,22,23,24,25,26,27,28,29,30,31,32,33,34,35,36,37,38,39,40,41,42,43,44,45,46,47,48,49,50,51,81,82,83,84,85,86,87,88,89,90,91,92,93,94,95,96,97,131,132,133,134,135,137,138,140,166,167,168,169,170,171,173,174,175,176,177,178,179,256,257,258,259,260,261,262,
174;0;9522;9567;0;14,18,19,20,21,22,23,24,25,26,27,28,29,30,31,32,33,34,35,36,37,38,39,40,41,42,43,44,45,46,47,48,49,50,51,81,82,83,84,85,86,87,88,89,90,91,92,93,94,95,96,97,131,132,133,134,135,137,138,140,166,167,168,169,170,171,173,174,175,176,177,178,179,256,257,258,259,260,261,262,
146;0;9567;9601;0;14,18,19,20,21,22,23,24,25,26,27,28,29,30,31,32,33,34,35,36,37,38,39,40,41,42,43,44,45,46,47,48,49,50,51,81,82,83,84,85,86,87,88,89,90,91,92,93,94,95,96,97,131,132,133,134,135,137,138,140,166,167,168,169,170,171,173,174,175,176,177,178,179,256,257,258,259,260,261,262,
206;0;9601;9640;0;14,18,19,20,21,22,23,24,25,26,27,28,29,30,31,32,33,34,35,36,37,38,39,40,41,42,43,44,45,46,47,48,49,50,51,81,82,83,84,85,86,87,88,89,90,91,92,93,94,95,96,97,131,132,133,134,135,137,138,140,166,167,168,169,170,171,173,174,175,176,177,178,179,256,257,258,259,260,261,262,
175;0;9640;9690;0;14,18,19,20,21,22,23,24,25,26,27,28,29,30,31,32,33,34,35,36,37,38,39,40,41,42,43,44,45,46,47,48,49,50,51,81,82,83,84,85,86,87,88,89,90,91,92,93,94,95,96,97,131,132,133,134,135,137,138,140,166,167,168,169,170,171,173,174,175,176,177,178,179,256,257,258,259,260,261,262,
175;1;9690;9729;0;14,18,19,20,21,22,23,24,25,26,27,28,29,30,31,32,33,34,35,36,37,38,39,40,41,42,43,44,45,46,47,48,49,50,51,81,82,83,84,85,86,87,88,89,90,91,92,93,94,95,96,97,131,132,133,134,135,137,138,140,166,167,168,169,170,171,173,174,175,176,177,178,179,256,257,258,259,260,261,262,
229;0;9729;9881;1;14,18,19,20,21,22,23,24,25,26,27,28,29,30,31,32,33,34,35,36,37,38,39,40,41,42,43,44,45,46,47,48,49,50,51,81,82,83,84,85,86,87,88,89,90,91,92,93,94,95,96,97,131,132,133,134,135,137,138,140,166,167,168,169,170,171,173,174,175,176,177,178,179,256,257,258,259,260,261,262,
229;1;9881;9987;1;14,18,19,20,21,22,23,24,25,26,27,28,29,30,31,32,33,34,35,36,37,38,39,40,41,42,43,44,45,46,47,48,49,50,51,81,82,83,84,85,86,87,88,89,90,91,92,93,94,95,96,97,131,132,133,134,135,137,138,140,166,167,168,169,170,171,173,174,175,176,177,178,179,256,257,258,259,260,261,262,
114;0;9987;10026;0;14,18,19,20,21,22,23,24,25,26,27,28,29,30,31,32,33,34,35,36,37,38,39,40,41,42,43,44,45,46,47,48,49,50,51,81,82,83,84,85,86,87,88,89,90,91,92,93,94,95,96,97,131,132,133,134,135,137,138,140,166,167,168,169,170,171,173,174,175,176,177,178,179,256,257,258,259,260,261,262,
136;0;10026;10050;1;14,18,19,20,21,22,23,24,25,26,27,28,29,30,31,32,33,34,35,36,37,38,39,40,41,42,43,44,45,46,47,48,49,50,51,81,82,83,84,85,86,87,88,89,90,91,92,93,94,95,96,97,131,132,133,134,135,137,138,140,166,167,168,169,170,171,173,174,175,176,177,178,179,256,257,258,259,260,261,262,
126;0;10050;10074;0;14,18,19,20,21,22,23,24,25,26,27,28,29,30,31,32,33,34,35,36,37,38,39,40,41,42,43,44,45,46,47,48,49,50,51,81,82,83,84,85,86,87,88,89,90,91,92,93,94,95,96,97,131,132,133,134,135,137,138,140,166,167,168,169,170,171,173,174,175,176,177,178,179,256,257,258,259,260,261,262,
END
fineshedJobsCount: 259
switchs: 445
switchsInstances: 11
unfineshedPriorityCount: 15
totalUnfineshed: 117
criticalMachineSwitchs: 278
criticalMachineTime: 10077
Final Solution: 6765
Time: 381705
PTL: 482
MCMC: 36
Best Initial: 1990
Mean Initial: 1256
