./input/BaseInstances/6M2_n=209,r=0.4,t=209,v0.txt;./input/Processed/ToolSetInt.csv
7;720;1440
Machine: 0
114;0;0;88;1;0,1,2,3,4,5,6,7,8,9,10,11,12,13,14,15,16,17,18,19,20,21,22,23,24,25,26,27,28,29,30,31,40,42,43,44,45,46,47,49,64,65,66,67,68,69,102,107,108,111,117,118,119,120,121,123,129,142,145,152,153,154,155,156,157,158,159,160,161,181,188,190,191,192,193,204,205,206,207,208,
114;1;88;174;1;0,1,2,3,4,5,6,7,8,9,10,11,12,13,14,15,16,17,18,19,20,21,22,23,24,25,26,27,28,29,30,31,40,42,43,44,45,46,47,49,64,65,66,67,68,69,102,107,108,111,117,118,119,120,121,123,129,142,145,152,153,154,155,156,157,158,159,160,161,181,188,190,191,192,193,204,205,206,207,208,
50;0;174;344;1;0,1,2,3,4,5,6,7,8,9,10,11,12,13,14,15,16,17,18,19,20,21,22,23,24,25,26,27,28,29,30,31,40,42,43,44,45,46,47,49,64,65,66,67,68,69,102,107,108,111,117,118,119,120,121,123,129,142,145,152,153,154,155,156,157,158,159,160,161,181,188,190,191,192,193,204,205,206,207,208,
91;0;344;517;1;0,1,2,3,4,5,6,7,8,9,10,11,12,13,14,15,16,17,18,19,20,21,22,23,24,25,26,27,28,29,30,31,40,42,43,44,45,46,47,49,64,65,66,67,68,69,102,107,108,111,117,118,119,120,121,123,129,142,145,152,153,154,155,156,157,158,159,160,161,181,188,190,191,192,193,204,205,206,207,208,
103;0;517;622;1;0,1,2,3,4,5,6,7,8,9,10,11,12,13,14,15,16,17,18,19,20,21,22,23,24,25,26,27,28,29,30,31,40,42,43,44,45,46,47,49,64,65,66,67,68,69,102,107,108,111,117,118,119,120,121,123,129,142,145,152,153,154,155,156,157,158,159,160,161,181,188,190,191,192,193,204,205,206,207,208,
15;0;622;646;0;0,1,2,3,4,5,6,7,8,9,10,11,12,13,14,15,16,17,18,19,20,21,22,23,24,25,26,27,28,29,30,31,40,42,43,44,45,46,47,49,64,65,66,67,68,69,102,107,108,111,117,118,119,120,121,123,129,142,145,152,153,154,155,156,157,158,159,160,161,181,188,190,191,192,193,204,205,206,207,208,
9;0;646;783;0;0,1,2,3,4,5,6,7,8,9,10,11,12,13,14,15,16,17,18,19,20,21,22,23,24,25,26,27,28,29,30,31,40,42,43,44,45,46,47,49,64,65,66,67,68,69,102,107,108,111,117,118,119,120,121,123,129,142,145,152,153,154,155,156,157,158,159,160,161,181,188,190,191,192,193,204,205,206,207,208,
9;1;783;843;0;0,1,2,3,4,5,6,7,8,9,10,11,12,13,14,15,16,17,18,19,20,21,22,23,24,25,26,27,28,29,30,31,40,42,43,44,45,46,47,49,64,65,66,67,68,69,102,107,108,111,117,118,119,120,121,123,129,142,145,152,153,154,155,156,157,158,159,160,161,181,188,190,191,192,193,204,205,206,207,208,
38;0;843;921;0;0,1,2,3,4,5,6,7,8,9,10,11,12,13,14,15,16,17,18,19,20,21,22,23,24,25,26,27,28,29,30,31,40,42,43,44,45,46,47,49,64,65,66,67,68,69,102,107,108,111,117,118,119,120,121,123,129,142,145,152,153,154,155,156,157,158,159,160,161,181,188,190,191,192,193,204,205,206,207,208,
146;0;921;972;0;0,1,2,3,4,5,6,7,8,9,10,11,12,13,14,15,16,17,18,19,20,21,22,23,24,25,26,27,28,29,30,31,40,42,43,44,45,46,47,49,64,65,66,67,68,69,102,107,108,111,117,118,119,120,121,123,129,142,145,152,153,154,155,156,157,158,159,160,161,181,188,190,191,192,193,204,205,206,207,208,
136;0;972;1045;0;0,1,2,3,4,5,6,7,8,9,10,11,12,13,14,15,16,17,18,19,20,21,22,23,24,25,26,27,28,29,30,31,40,42,43,44,45,46,47,49,64,65,66,67,68,69,102,107,108,111,117,118,119,120,121,123,129,142,145,152,153,154,155,156,157,158,159,160,161,181,188,190,191,192,193,204,205,206,207,208,
69;0;1045;1215;0;0,1,2,3,4,5,6,7,8,9,10,11,12,13,14,15,16,17,18,19,20,21,22,23,24,25,26,27,28,29,30,31,40,42,43,44,45,46,47,49,64,65,66,67,68,69,102,107,108,111,117,118,119,120,121,123,129,142,145,152,153,154,155,156,157,158,159,160,161,181,188,190,191,192,193,204,205,206,207,208,
69;1;1215;1384;0;0,1,2,3,4,5,6,7,8,9,10,11,12,13,14,15,16,17,18,19,20,21,22,23,24,25,26,27,28,29,30,31,40,42,43,44,45,46,47,49,64,65,66,67,68,69,102,107,108,111,117,118,119,120,121,123,129,142,145,152,153,154,155,156,157,158,159,160,161,181,188,190,191,192,193,204,205,206,207,208,
42;0;1384;1488;0;0,1,2,3,4,5,6,7,8,9,10,11,12,13,14,15,16,17,18,19,20,21,22,23,24,25,26,27,28,29,30,31,40,42,43,44,45,46,47,49,64,65,66,67,68,69,102,107,108,111,117,118,119,120,121,123,129,142,145,152,153,154,155,156,157,158,159,160,161,181,188,190,191,192,193,204,205,206,207,208,
42;1;1488;1613;0;0,1,2,3,4,5,6,7,8,9,10,11,12,13,14,15,16,17,18,19,20,21,22,23,24,25,26,27,28,29,30,31,40,42,43,44,45,46,47,49,64,65,66,67,68,69,102,107,108,111,117,118,119,120,121,123,129,142,145,152,153,154,155,156,157,158,159,160,161,181,188,190,191,192,193,204,205,206,207,208,
23;0;1613;1786;1;0,1,2,3,4,5,6,7,8,9,10,11,12,13,14,15,16,17,18,19,20,21,22,23,24,25,26,27,28,29,30,31,40,42,43,44,45,46,47,49,64,65,66,67,68,69,102,107,108,111,117,118,119,120,121,123,129,142,145,152,153,154,155,156,157,158,159,160,161,181,188,190,191,192,193,204,205,206,207,208,
25;0;1786;1812;0;0,1,2,3,4,5,6,7,8,9,10,11,12,13,14,15,16,17,18,19,20,21,22,23,24,25,26,27,28,29,30,31,40,42,43,44,45,46,47,49,64,65,66,67,68,69,102,107,108,111,117,118,119,120,121,123,129,142,145,152,153,154,155,156,157,158,159,160,161,181,188,190,191,192,193,204,205,206,207,208,
93;0;1812;1906;1;0,1,2,3,4,5,6,7,8,9,10,11,12,13,14,15,16,17,18,19,20,21,22,23,24,25,26,27,28,29,30,31,40,42,43,44,45,46,47,49,64,65,66,67,68,69,102,107,108,111,117,118,119,120,121,123,129,142,145,152,153,154,155,156,157,158,159,160,161,181,188,190,191,192,193,204,205,206,207,208,
122;0;1906;2074;0;0,1,2,3,4,5,6,7,8,9,10,11,12,13,14,15,16,17,18,19,20,21,22,23,24,25,26,27,28,29,30,31,40,42,43,44,45,46,47,49,64,65,66,67,68,69,102,107,108,111,117,118,119,120,121,123,129,142,145,152,153,154,155,156,157,158,159,160,161,181,188,190,191,192,193,204,205,206,207,208,
122;1;2074;2152;0;0,1,2,3,4,5,6,7,8,9,10,11,12,13,14,15,16,17,18,19,20,21,22,23,24,25,26,27,28,29,30,31,40,42,43,44,45,46,47,49,64,65,66,67,68,69,102,107,108,111,117,118,119,120,121,123,129,142,145,152,153,154,155,156,157,158,159,160,161,181,188,190,191,192,193,204,205,206,207,208,
148;0;2152;2253;0;0,1,2,3,4,5,6,7,8,9,10,11,12,13,14,15,16,17,18,19,20,21,22,23,24,25,26,27,28,29,30,31,40,42,43,44,45,46,47,49,64,65,66,67,68,69,102,107,108,111,117,118,119,120,121,123,129,142,145,152,153,154,155,156,157,158,159,160,161,181,188,190,191,192,193,204,205,206,207,208,
32;0;2253;2302;0;0,1,2,3,4,5,6,7,8,9,10,11,12,13,14,15,16,17,18,19,20,21,22,23,24,25,26,27,28,29,30,31,40,42,43,44,45,46,47,49,64,65,66,67,68,69,102,107,108,111,117,118,119,120,121,123,129,142,145,152,153,154,155,156,157,158,159,160,161,181,188,190,191,192,193,204,205,206,207,208,
32;1;2302;2370;0;0,1,2,3,4,5,6,7,8,9,10,11,12,13,14,15,16,17,18,19,20,21,22,23,24,25,26,27,28,29,30,31,40,42,43,44,45,46,47,49,64,65,66,67,68,69,102,107,108,111,117,118,119,120,121,123,129,142,145,152,153,154,155,156,157,158,159,160,161,181,188,190,191,192,193,204,205,206,207,208,
99;0;2370;2443;0;0,1,2,3,4,5,6,7,8,9,10,11,12,13,14,15,16,17,18,19,20,21,22,23,24,25,26,27,28,29,30,31,40,42,43,44,45,46,47,49,64,65,66,67,68,69,102,107,108,111,117,118,119,120,121,123,129,142,145,152,153,154,155,156,157,158,159,160,161,181,188,190,191,192,193,204,205,206,207,208,
99;1;2443;2488;0;0,1,2,3,4,5,6,7,8,9,10,11,12,13,14,15,16,17,18,19,20,21,22,23,24,25,26,27,28,29,30,31,40,42,43,44,45,46,47,49,64,65,66,67,68,69,102,107,108,111,117,118,119,120,121,123,129,142,145,152,153,154,155,156,157,158,159,160,161,181,188,190,191,192,193,204,205,206,207,208,
78;0;2488;2575;0;0,1,2,3,4,5,6,7,8,9,10,11,12,13,14,15,16,17,18,19,20,21,22,23,24,25,26,27,28,29,30,31,40,42,43,44,45,46,47,49,64,65,66,67,68,69,102,107,108,111,117,118,119,120,121,123,129,142,145,152,153,154,155,156,157,158,159,160,161,181,188,190,191,192,193,204,205,206,207,208,
133;0;2575;2661;1;0,1,2,3,4,5,6,7,8,9,10,11,12,13,14,15,16,17,18,19,20,21,22,23,24,25,26,27,28,29,30,31,40,42,43,44,45,46,47,49,64,65,66,67,68,69,102,107,108,111,117,118,119,120,121,123,129,142,145,152,153,154,155,156,157,158,159,160,161,181,188,190,191,192,193,204,205,206,207,208,
96;0;2661;2737;0;0,1,2,3,4,5,6,7,8,9,10,11,12,13,14,15,16,17,18,19,20,21,22,23,24,25,26,27,28,29,30,31,40,42,43,44,45,46,47,49,64,65,66,67,68,69,102,107,108,111,117,118,119,120,121,123,129,142,145,152,153,154,155,156,157,158,159,160,161,181,188,190,191,192,193,204,205,206,207,208,
7;0;2737;2776;1;0,1,2,3,4,5,6,7,8,9,10,11,12,13,14,15,16,17,18,19,20,21,22,23,24,25,26,27,28,29,30,31,40,42,43,44,45,46,47,49,64,65,66,67,68,69,102,107,108,111,117,118,119,120,121,123,129,142,145,152,153,154,155,156,157,158,159,160,161,181,188,190,191,192,193,204,205,206,207,208,
7;1;2776;2950;1;0,1,2,3,4,5,6,7,8,9,10,11,12,13,14,15,16,17,18,19,20,21,22,23,24,25,26,27,28,29,30,31,40,42,43,44,45,46,47,49,64,65,66,67,68,69,102,107,108,111,117,118,119,120,121,123,129,142,145,152,153,154,155,156,157,158,159,160,161,181,188,190,191,192,193,204,205,206,207,208,
116;0;2950;2992;0;0,1,2,3,4,5,6,7,8,9,10,11,12,13,14,15,16,17,18,19,20,21,22,23,24,25,26,27,28,29,30,31,40,42,43,44,45,46,47,49,64,65,66,67,68,69,102,107,108,111,117,118,119,120,121,123,129,142,145,152,153,154,155,156,157,158,159,160,161,181,188,190,191,192,193,204,205,206,207,208,
143;0;2992;3006;1;0,1,2,3,4,5,6,7,8,9,10,11,12,13,14,15,16,17,18,19,20,21,22,23,24,25,26,27,28,29,30,31,40,42,43,44,45,46,47,49,64,65,66,67,68,69,102,107,108,111,117,118,119,120,121,123,129,142,145,152,153,154,155,156,157,158,159,160,161,181,188,190,191,192,193,204,205,206,207,208,
131;0;3006;3014;1;0,1,2,3,4,5,6,7,8,9,10,11,12,13,14,15,16,17,18,19,20,21,22,23,24,25,26,27,28,29,30,31,40,42,43,44,45,46,47,49,64,65,66,67,68,69,102,107,108,111,117,118,119,120,121,123,129,142,145,152,153,154,155,156,157,158,159,160,161,181,188,190,191,192,193,204,205,206,207,208,
Machine: 1
68;0;0;159;0;0,1,2,3,4,5,6,7,10,12,13,14,15,20,21,23,33,34,35,36,37,40,41,42,63,64,65,66,67,68,69,70,71,72,73,74,75,76,77,78,79,80,81,82,83,84,85,86,87,88,89,90,91,92,93,94,95,96,97,98,99,100,101,102,117,118,119,120,121,130,131,132,133,134,135,136,137,142,145,188,
111;0;159;231;1;0,1,2,3,4,5,6,7,10,12,13,14,15,20,21,23,33,34,35,36,37,40,41,42,63,64,65,66,67,68,69,70,71,72,73,74,75,76,77,78,79,80,81,82,83,84,85,86,87,88,89,90,91,92,93,94,95,96,97,98,99,100,101,102,117,118,119,120,121,130,131,132,133,134,135,136,137,142,145,188,
87;0;231;259;1;0,1,2,3,4,5,6,7,10,12,13,14,15,20,21,23,33,34,35,36,37,40,41,42,63,64,65,66,67,68,69,70,71,72,73,74,75,76,77,78,79,80,81,82,83,84,85,86,87,88,89,90,91,92,93,94,95,96,97,98,99,100,101,102,117,118,119,120,121,130,131,132,133,134,135,136,137,142,145,188,
87;1;259;364;1;0,1,2,3,4,5,6,7,10,12,13,14,15,20,21,23,33,34,35,36,37,40,41,42,63,64,65,66,67,68,69,70,71,72,73,74,75,76,77,78,79,80,81,82,83,84,85,86,87,88,89,90,91,92,93,94,95,96,97,98,99,100,101,102,117,118,119,120,121,130,131,132,133,134,135,136,137,142,145,188,
121;0;364;529;1;0,1,2,3,4,5,6,7,10,12,13,14,15,20,21,23,33,34,35,36,37,40,41,42,63,64,65,66,67,68,69,70,71,72,73,74,75,76,77,78,79,80,81,82,83,84,85,86,87,88,89,90,91,92,93,94,95,96,97,98,99,100,101,102,117,118,119,120,121,130,131,132,133,134,135,136,137,142,145,188,
129;0;529;623;0;0,1,2,3,4,5,6,7,10,12,13,14,15,20,21,23,33,34,35,36,37,40,41,42,63,64,65,66,67,68,69,70,71,72,73,74,75,76,77,78,79,80,81,82,83,84,85,86,87,88,89,90,91,92,93,94,95,96,97,98,99,100,101,102,117,118,119,120,121,130,131,132,133,134,135,136,137,142,145,188,
129;1;623;679;0;0,1,2,3,4,5,6,7,10,12,13,14,15,20,21,23,33,34,35,36,37,40,41,42,63,64,65,66,67,68,69,70,71,72,73,74,75,76,77,78,79,80,81,82,83,84,85,86,87,88,89,90,91,92,93,94,95,96,97,98,99,100,101,102,117,118,119,120,121,130,131,132,133,134,135,136,137,142,145,188,
43;0;679;755;1;0,1,2,3,4,5,6,7,10,12,13,14,15,20,21,23,33,34,35,36,37,40,41,42,63,64,65,66,67,68,69,70,71,72,73,74,75,76,77,78,79,80,81,82,83,84,85,86,87,88,89,90,91,92,93,94,95,96,97,98,99,100,101,102,117,118,119,120,121,130,131,132,133,134,135,136,137,142,145,188,
14;0;755;905;1;0,1,2,3,4,5,6,7,10,12,13,14,15,20,21,23,33,34,35,36,37,40,41,42,63,64,65,66,67,68,69,70,71,72,73,74,75,76,77,78,79,80,81,82,83,84,85,86,87,88,89,90,91,92,93,94,95,96,97,98,99,100,101,102,117,118,119,120,121,130,131,132,133,134,135,136,137,142,145,188,
14;1;905;995;1;0,1,2,3,4,5,6,7,10,12,13,14,15,20,21,23,33,34,35,36,37,40,41,42,63,64,65,66,67,68,69,70,71,72,73,74,75,76,77,78,79,80,81,82,83,84,85,86,87,88,89,90,91,92,93,94,95,96,97,98,99,100,101,102,117,118,119,120,121,130,131,132,133,134,135,136,137,142,145,188,
57;0;995;1015;1;0,1,2,3,4,5,6,7,10,12,13,14,15,20,21,23,33,34,35,36,37,40,41,42,63,64,65,66,67,68,69,70,71,72,73,74,75,76,77,78,79,80,81,82,83,84,85,86,87,88,89,90,91,92,93,94,95,96,97,98,99,100,101,102,117,118,119,120,121,130,131,132,133,134,135,136,137,142,145,188,
57;1;1015;1063;1;0,1,2,3,4,5,6,7,10,12,13,14,15,20,21,23,33,34,35,36,37,40,41,42,63,64,65,66,67,68,69,70,71,72,73,74,75,76,77,78,79,80,81,82,83,84,85,86,87,88,89,90,91,92,93,94,95,96,97,98,99,100,101,102,117,118,119,120,121,130,131,132,133,134,135,136,137,142,145,188,
126;0;1063;1192;0;0,1,2,3,4,5,6,7,10,12,13,14,15,20,21,23,33,34,35,36,37,40,41,42,63,64,65,66,67,68,69,70,71,72,73,74,75,76,77,78,79,80,81,82,83,84,85,86,87,88,89,90,91,92,93,94,95,96,97,98,99,100,101,102,117,118,119,120,121,130,131,132,133,134,135,136,137,142,145,188,
137;0;1192;1368;1;0,1,2,3,4,5,6,7,10,12,13,14,15,20,21,23,33,34,35,36,37,40,41,42,63,64,65,66,67,68,69,70,71,72,73,74,75,76,77,78,79,80,81,82,83,84,85,86,87,88,89,90,91,92,93,94,95,96,97,98,99,100,101,102,117,118,119,120,121,130,131,132,133,134,135,136,137,142,145,188,
137;1;1368;1497;1;0,1,2,3,4,5,6,7,10,12,13,14,15,20,21,23,33,34,35,36,37,40,41,42,63,64,65,66,67,68,69,70,71,72,73,74,75,76,77,78,79,80,81,82,83,84,85,86,87,88,89,90,91,92,93,94,95,96,97,98,99,100,101,102,117,118,119,120,121,130,131,132,133,134,135,136,137,142,145,188,
62;0;1497;1503;0;0,1,2,3,4,5,6,7,10,12,13,14,15,20,21,23,33,34,35,36,37,40,41,42,63,64,65,66,67,68,69,70,71,72,73,74,75,76,77,78,79,80,81,82,83,84,85,86,87,88,89,90,91,92,93,94,95,96,97,98,99,100,101,102,117,118,119,120,121,130,131,132,133,134,135,136,137,142,145,188,
62;1;1503;1593;0;0,1,2,3,4,5,6,7,10,12,13,14,15,20,21,23,33,34,35,36,37,40,41,42,63,64,65,66,67,68,69,70,71,72,73,74,75,76,77,78,79,80,81,82,83,84,85,86,87,88,89,90,91,92,93,94,95,96,97,98,99,100,101,102,117,118,119,120,121,130,131,132,133,134,135,136,137,142,145,188,
27;0;1593;1732;1;0,1,2,3,4,5,6,7,10,12,13,14,15,20,21,23,33,34,35,36,37,40,41,42,63,64,65,66,67,68,69,70,71,72,73,74,75,76,77,78,79,80,81,82,83,84,85,86,87,88,89,90,91,92,93,94,95,96,97,98,99,100,101,102,117,118,119,120,121,130,131,132,133,134,135,136,137,142,145,188,
27;1;1732;1762;1;0,1,2,3,4,5,6,7,10,12,13,14,15,20,21,23,33,34,35,36,37,40,41,42,63,64,65,66,67,68,69,70,71,72,73,74,75,76,77,78,79,80,81,82,83,84,85,86,87,88,89,90,91,92,93,94,95,96,97,98,99,100,101,102,117,118,119,120,121,130,131,132,133,134,135,136,137,142,145,188,
33;0;1762;1925;1;0,1,2,3,4,5,6,7,10,12,13,14,15,20,21,23,33,34,35,36,37,40,41,42,63,64,65,66,67,68,69,70,71,72,73,74,75,76,77,78,79,80,81,82,83,84,85,86,87,88,89,90,91,92,93,94,95,96,97,98,99,100,101,102,117,118,119,120,121,130,131,132,133,134,135,136,137,142,145,188,
13;0;1925;1976;1;0,1,2,3,4,5,6,7,10,12,13,14,15,20,21,23,33,34,35,36,37,40,41,42,63,64,65,66,67,68,69,70,71,72,73,74,75,76,77,78,79,80,81,82,83,84,85,86,87,88,89,90,91,92,93,94,95,96,97,98,99,100,101,102,117,118,119,120,121,130,131,132,133,134,135,136,137,142,145,188,
70;0;1976;2052;1;0,1,2,3,4,5,6,7,10,12,13,14,15,20,21,23,33,34,35,36,37,40,41,42,63,64,65,66,67,68,69,70,71,72,73,74,75,76,77,78,79,80,81,82,83,84,85,86,87,88,89,90,91,92,93,94,95,96,97,98,99,100,101,102,117,118,119,120,121,130,131,132,133,134,135,136,137,142,145,188,
34;0;2052;2227;1;0,1,2,3,4,5,6,7,10,12,13,14,15,20,21,23,33,34,35,36,37,40,41,42,63,64,65,66,67,68,69,70,71,72,73,74,75,76,77,78,79,80,81,82,83,84,85,86,87,88,89,90,91,92,93,94,95,96,97,98,99,100,101,102,117,118,119,120,121,130,131,132,133,134,135,136,137,142,145,188,
34;1;2227;2371;1;0,1,2,3,4,5,6,7,10,12,13,14,15,20,21,23,33,34,35,36,37,40,41,42,63,64,65,66,67,68,69,70,71,72,73,74,75,76,77,78,79,80,81,82,83,84,85,86,87,88,89,90,91,92,93,94,95,96,97,98,99,100,101,102,117,118,119,120,121,130,131,132,133,134,135,136,137,142,145,188,
138;0;2371;2528;0;0,1,2,3,4,5,6,7,10,12,13,14,15,20,21,23,33,34,35,36,37,40,41,42,63,64,65,66,67,68,69,70,71,72,73,74,75,76,77,78,79,80,81,82,83,84,85,86,87,88,89,90,91,92,93,94,95,96,97,98,99,100,101,102,117,118,119,120,121,130,131,132,133,134,135,136,137,142,145,188,
37;0;2528;2678;1;0,1,2,3,4,5,6,7,10,12,13,14,15,20,21,23,33,34,35,36,37,40,41,42,63,64,65,66,67,68,69,70,71,72,73,74,75,76,77,78,79,80,81,82,83,84,85,86,87,88,89,90,91,92,93,94,95,96,97,98,99,100,101,102,117,118,119,120,121,130,131,132,133,134,135,136,137,142,145,188,
37;1;2678;2729;1;0,1,2,3,4,5,6,7,10,12,13,14,15,20,21,23,33,34,35,36,37,40,41,42,63,64,65,66,67,68,69,70,71,72,73,74,75,76,77,78,79,80,81,82,83,84,85,86,87,88,89,90,91,92,93,94,95,96,97,98,99,100,101,102,117,118,119,120,121,130,131,132,133,134,135,136,137,142,145,188,
90;0;2729;2770;1;0,1,2,3,4,5,6,7,10,12,13,14,15,20,21,23,33,34,35,36,37,40,41,42,63,64,65,66,67,68,69,70,71,72,73,74,75,76,77,78,79,80,81,82,83,84,85,86,87,88,89,90,91,92,93,94,95,96,97,98,99,100,101,102,117,118,119,120,121,130,131,132,133,134,135,136,137,142,145,188,
44;0;2770;2839;1;0,1,2,3,4,5,6,7,10,12,13,14,15,20,21,23,33,34,35,36,37,40,41,42,63,64,65,66,67,68,69,70,71,72,73,74,75,76,77,78,79,80,81,82,83,84,85,86,87,88,89,90,91,92,93,94,95,96,97,98,99,100,101,102,117,118,119,120,121,130,131,132,133,134,135,136,137,142,145,188,
44;1;2839;2995;1;0,1,2,3,4,5,6,7,10,12,13,14,15,20,21,23,33,34,35,36,37,40,41,42,63,64,65,66,67,68,69,70,71,72,73,74,75,76,77,78,79,80,81,82,83,84,85,86,87,88,89,90,91,92,93,94,95,96,97,98,99,100,101,102,117,118,119,120,121,130,131,132,133,134,135,136,137,142,145,188,
141;0;2995;3076;1;0,1,2,3,4,5,6,7,10,12,13,14,15,20,21,23,33,34,35,36,37,40,41,42,63,64,65,66,67,68,69,70,71,72,73,74,75,76,77,78,79,80,81,82,83,84,85,86,87,88,89,90,91,92,93,94,95,96,97,98,99,100,101,102,117,118,119,120,121,130,131,132,133,134,135,136,137,142,145,188,
73;0;3076;3145;1;0,1,2,3,4,5,6,7,10,12,13,14,15,20,21,23,33,34,35,36,37,40,41,42,63,64,65,66,67,68,69,70,71,72,73,74,75,76,77,78,79,80,81,82,83,84,85,86,87,88,89,90,91,92,93,94,95,96,97,98,99,100,101,102,117,118,119,120,121,130,131,132,133,134,135,136,137,142,145,188,
31;0;3145;3301;1;0,1,2,3,4,5,6,7,10,12,13,14,15,20,21,23,33,34,35,36,37,40,41,42,63,64,65,66,67,68,69,70,71,72,73,74,75,76,77,78,79,80,81,82,83,84,85,86,87,88,89,90,91,92,93,94,95,96,97,98,99,100,101,102,117,118,119,120,121,130,131,132,133,134,135,136,137,142,145,188,
81;0;3301;3402;1;0,1,2,3,4,5,6,7,10,12,13,14,15,20,21,23,33,34,35,36,37,40,41,42,63,64,65,66,67,68,69,70,71,72,73,74,75,76,77,78,79,80,81,82,83,84,85,86,87,88,89,90,91,92,93,94,95,96,97,98,99,100,101,102,117,118,119,120,121,130,131,132,133,134,135,136,137,142,145,188,
20;0;3402;3466;1;0,1,2,3,4,5,6,7,10,12,13,14,15,20,21,23,33,34,35,36,37,40,41,42,63,64,65,66,67,68,69,70,71,72,73,74,75,76,77,78,79,80,81,82,83,84,85,86,87,88,89,90,91,92,93,94,95,96,97,98,99,100,101,102,117,118,119,120,121,130,131,132,133,134,135,136,137,142,145,188,
Machine: 2
21;0;0;34;1;0,1,2,3,4,5,6,7,8,9,10,11,12,13,14,15,16,17,18,19,20,21,22,23,24,25,26,27,31,33,34,35,36,37,40,41,47,49,50,51,52,53,54,55,56,57,63,64,102,103,104,105,106,112,113,114,115,116,118,119,120,121,122,130,131,132,133,138,139,140,141,142,143,144,145,171,172,173,181,182,
8;0;34;111;0;0,1,2,3,4,5,6,7,8,9,10,11,12,13,14,15,16,17,18,19,20,21,22,23,24,25,26,27,31,33,34,35,36,37,40,41,47,49,50,51,52,53,54,55,56,57,63,64,102,103,104,105,106,112,113,114,115,116,118,119,120,121,122,130,131,132,133,138,139,140,141,142,143,144,145,171,172,173,181,182,
30;0;111;119;1;0,1,2,3,4,5,6,7,8,9,10,11,12,13,14,15,16,17,18,19,20,21,22,23,24,25,26,27,31,33,34,35,36,37,40,41,47,49,50,51,52,53,54,55,56,57,63,64,102,103,104,105,106,112,113,114,115,116,118,119,120,121,122,130,131,132,133,138,139,140,141,142,143,144,145,171,172,173,181,182,
29;0;119;140;0;0,1,2,3,4,5,6,7,8,9,10,11,12,13,14,15,16,17,18,19,20,21,22,23,24,25,26,27,31,33,34,35,36,37,40,41,47,49,50,51,52,53,54,55,56,57,63,64,102,103,104,105,106,112,113,114,115,116,118,119,120,121,122,130,131,132,133,138,139,140,141,142,143,144,145,171,172,173,181,182,
29;1;140;300;0;0,1,2,3,4,5,6,7,8,9,10,11,12,13,14,15,16,17,18,19,20,21,22,23,24,25,26,27,31,33,34,35,36,37,40,41,47,49,50,51,52,53,54,55,56,57,63,64,102,103,104,105,106,112,113,114,115,116,118,119,120,121,122,130,131,132,133,138,139,140,141,142,143,144,145,171,172,173,181,182,
134;0;300;362;1;0,1,2,3,4,5,6,7,8,9,10,11,12,13,14,15,16,17,18,19,20,21,22,23,24,25,26,27,31,33,34,35,36,37,40,41,47,49,50,51,52,53,54,55,56,57,63,64,102,103,104,105,106,112,113,114,115,116,118,119,120,121,122,130,131,132,133,138,139,140,141,142,143,144,145,171,172,173,181,182,
134;1;362;473;1;0,1,2,3,4,5,6,7,8,9,10,11,12,13,14,15,16,17,18,19,20,21,22,23,24,25,26,27,31,33,34,35,36,37,40,41,47,49,50,51,52,53,54,55,56,57,63,64,102,103,104,105,106,112,113,114,115,116,118,119,120,121,122,130,131,132,133,138,139,140,141,142,143,144,145,171,172,173,181,182,
108;0;473;587;0;0,1,2,3,4,5,6,7,8,9,10,11,12,13,14,15,16,17,18,19,20,21,22,23,24,25,26,27,31,33,34,35,36,37,40,41,47,49,50,51,52,53,54,55,56,57,63,64,102,103,104,105,106,112,113,114,115,116,118,119,120,121,122,130,131,132,133,138,139,140,141,142,143,144,145,171,172,173,181,182,
18;0;587;592;0;0,1,2,3,4,5,6,7,8,9,10,11,12,13,14,15,16,17,18,19,20,21,22,23,24,25,26,27,31,33,34,35,36,37,40,41,47,49,50,51,52,53,54,55,56,57,63,64,102,103,104,105,106,112,113,114,115,116,118,119,120,121,122,130,131,132,133,138,139,140,141,142,143,144,145,171,172,173,181,182,
145;0;592;690;0;0,1,2,3,4,5,6,7,8,9,10,11,12,13,14,15,16,17,18,19,20,21,22,23,24,25,26,27,31,33,34,35,36,37,40,41,47,49,50,51,52,53,54,55,56,57,63,64,102,103,104,105,106,112,113,114,115,116,118,119,120,121,122,130,131,132,133,138,139,140,141,142,143,144,145,171,172,173,181,182,
84;0;690;701;1;0,1,2,3,4,5,6,7,8,9,10,11,12,13,14,15,16,17,18,19,20,21,22,23,24,25,26,27,31,33,34,35,36,37,40,41,47,49,50,51,52,53,54,55,56,57,63,64,102,103,104,105,106,112,113,114,115,116,118,119,120,121,122,130,131,132,133,138,139,140,141,142,143,144,145,171,172,173,181,182,
84;1;701;777;1;0,1,2,3,4,5,6,7,8,9,10,11,12,13,14,15,16,17,18,19,20,21,22,23,24,25,26,27,31,33,34,35,36,37,40,41,47,49,50,51,52,53,54,55,56,57,63,64,102,103,104,105,106,112,113,114,115,116,118,119,120,121,122,130,131,132,133,138,139,140,141,142,143,144,145,171,172,173,181,182,
97;0;777;782;1;0,1,2,3,4,5,6,7,8,9,10,11,12,13,14,15,16,17,18,19,20,21,22,23,24,25,26,27,31,33,34,35,36,37,40,41,47,49,50,51,52,53,54,55,56,57,63,64,102,103,104,105,106,112,113,114,115,116,118,119,120,121,122,130,131,132,133,138,139,140,141,142,143,144,145,171,172,173,181,182,
97;1;782;946;1;0,1,2,3,4,5,6,7,8,9,10,11,12,13,14,15,16,17,18,19,20,21,22,23,24,25,26,27,31,33,34,35,36,37,40,41,47,49,50,51,52,53,54,55,56,57,63,64,102,103,104,105,106,112,113,114,115,116,118,119,120,121,122,130,131,132,133,138,139,140,141,142,143,144,145,171,172,173,181,182,
107;0;946;1115;1;0,1,2,3,4,5,6,7,8,9,10,11,12,13,14,15,16,17,18,19,20,21,22,23,24,25,26,27,31,33,34,35,36,37,40,41,47,49,50,51,52,53,54,55,56,57,63,64,102,103,104,105,106,112,113,114,115,116,118,119,120,121,122,130,131,132,133,138,139,140,141,142,143,144,145,171,172,173,181,182,
107;1;1115;1225;1;0,1,2,3,4,5,6,7,8,9,10,11,12,13,14,15,16,17,18,19,20,21,22,23,24,25,26,27,31,33,34,35,36,37,40,41,47,49,50,51,52,53,54,55,56,57,63,64,102,103,104,105,106,112,113,114,115,116,118,119,120,121,122,130,131,132,133,138,139,140,141,142,143,144,145,171,172,173,181,182,
65;0;1225;1399;0;0,1,2,3,4,5,6,7,8,9,10,11,12,13,14,15,16,17,18,19,20,21,22,23,24,25,26,27,31,33,34,35,36,37,40,41,47,49,50,51,52,53,54,55,56,57,63,64,102,103,104,105,106,112,113,114,115,116,118,119,120,121,122,130,131,132,133,138,139,140,141,142,143,144,145,171,172,173,181,182,
0;0;1399;1543;1;0,1,2,3,4,5,6,7,8,9,10,11,12,13,14,15,16,17,18,19,20,21,22,23,24,25,26,27,31,33,34,35,36,37,40,41,47,49,50,51,52,53,54,55,56,57,63,64,102,103,104,105,106,112,113,114,115,116,118,119,120,121,122,130,131,132,133,138,139,140,141,142,143,144,145,171,172,173,181,182,
0;1;1543;1589;1;0,1,2,3,4,5,6,7,8,9,10,11,12,13,14,15,16,17,18,19,20,21,22,23,24,25,26,27,31,33,34,35,36,37,40,41,47,49,50,51,52,53,54,55,56,57,63,64,102,103,104,105,106,112,113,114,115,116,118,119,120,121,122,130,131,132,133,138,139,140,141,142,143,144,145,171,172,173,181,182,
98;0;1589;1669;0;0,1,2,3,4,5,6,7,8,9,10,11,12,13,14,15,16,17,18,19,20,21,22,23,24,25,26,27,31,33,34,35,36,37,40,41,47,49,50,51,52,53,54,55,56,57,63,64,102,103,104,105,106,112,113,114,115,116,118,119,120,121,122,130,131,132,133,138,139,140,141,142,143,144,145,171,172,173,181,182,
142;0;1669;1691;0;0,1,2,3,4,5,6,7,8,9,10,11,12,13,14,15,16,17,18,19,20,21,22,23,24,25,26,27,31,33,34,35,36,37,40,41,47,49,50,51,52,53,54,55,56,57,63,64,102,103,104,105,106,112,113,114,115,116,118,119,120,121,122,130,131,132,133,138,139,140,141,142,143,144,145,171,172,173,181,182,
142;1;1691;1700;0;0,1,2,3,4,5,6,7,8,9,10,11,12,13,14,15,16,17,18,19,20,21,22,23,24,25,26,27,31,33,34,35,36,37,40,41,47,49,50,51,52,53,54,55,56,57,63,64,102,103,104,105,106,112,113,114,115,116,118,119,120,121,122,130,131,132,133,138,139,140,141,142,143,144,145,171,172,173,181,182,
82;0;1700;1843;0;0,1,2,3,4,5,6,7,8,9,10,11,12,13,14,15,16,17,18,19,20,21,22,23,24,25,26,27,31,33,34,35,36,37,40,41,47,49,50,51,52,53,54,55,56,57,63,64,102,103,104,105,106,112,113,114,115,116,118,119,120,121,122,130,131,132,133,138,139,140,141,142,143,144,145,171,172,173,181,182,
82;1;1843;1858;0;0,1,2,3,4,5,6,7,8,9,10,11,12,13,14,15,16,17,18,19,20,21,22,23,24,25,26,27,31,33,34,35,36,37,40,41,47,49,50,51,52,53,54,55,56,57,63,64,102,103,104,105,106,112,113,114,115,116,118,119,120,121,122,130,131,132,133,138,139,140,141,142,143,144,145,171,172,173,181,182,
55;0;1858;2002;0;0,1,2,3,4,5,6,7,8,9,10,11,12,13,14,15,16,17,18,19,20,21,22,23,24,25,26,27,31,33,34,35,36,37,40,41,47,49,50,51,52,53,54,55,56,57,63,64,102,103,104,105,106,112,113,114,115,116,118,119,120,121,122,130,131,132,133,138,139,140,141,142,143,144,145,171,172,173,181,182,
24;0;2002;2146;1;0,1,2,3,4,5,6,7,8,9,10,11,12,13,14,15,16,17,18,19,20,21,22,23,24,25,26,27,31,33,34,35,36,37,40,41,47,49,50,51,52,53,54,55,56,57,63,64,102,103,104,105,106,112,113,114,115,116,118,119,120,121,122,130,131,132,133,138,139,140,141,142,143,144,145,171,172,173,181,182,
24;1;2146;2214;1;0,1,2,3,4,5,6,7,8,9,10,11,12,13,14,15,16,17,18,19,20,21,22,23,24,25,26,27,31,33,34,35,36,37,40,41,47,49,50,51,52,53,54,55,56,57,63,64,102,103,104,105,106,112,113,114,115,116,118,119,120,121,122,130,131,132,133,138,139,140,141,142,143,144,145,171,172,173,181,182,
53;0;2214;2232;1;0,1,2,3,4,5,6,7,8,9,10,11,12,13,14,15,16,17,18,19,20,21,22,23,24,25,26,27,31,33,34,35,36,37,40,41,47,49,50,51,52,53,54,55,56,57,63,64,102,103,104,105,106,112,113,114,115,116,118,119,120,121,122,130,131,132,133,138,139,140,141,142,143,144,145,171,172,173,181,182,
60;0;2232;2269;1;0,1,2,3,4,5,6,7,8,9,10,11,12,13,14,15,16,17,18,19,20,21,22,23,24,25,26,27,31,33,34,35,36,37,40,41,47,49,50,51,52,53,54,55,56,57,63,64,102,103,104,105,106,112,113,114,115,116,118,119,120,121,122,130,131,132,133,138,139,140,141,142,143,144,145,171,172,173,181,182,
89;0;2269;2318;0;0,1,2,3,4,5,6,7,8,9,10,11,12,13,14,15,16,17,18,19,20,21,22,23,24,25,26,27,31,33,34,35,36,37,40,41,47,49,50,51,52,53,54,55,56,57,63,64,102,103,104,105,106,112,113,114,115,116,118,119,120,121,122,130,131,132,133,138,139,140,141,142,143,144,145,171,172,173,181,182,
89;1;2318;2496;0;0,1,2,3,4,5,6,7,8,9,10,11,12,13,14,15,16,17,18,19,20,21,22,23,24,25,26,27,31,33,34,35,36,37,40,41,47,49,50,51,52,53,54,55,56,57,63,64,102,103,104,105,106,112,113,114,115,116,118,119,120,121,122,130,131,132,133,138,139,140,141,142,143,144,145,171,172,173,181,182,
139;0;2496;2568;0;0,1,2,3,4,5,6,7,8,9,10,11,12,13,14,15,16,17,18,19,20,21,22,23,24,25,26,27,31,33,34,35,36,37,40,41,47,49,50,51,52,53,54,55,56,57,63,64,102,103,104,105,106,112,113,114,115,116,118,119,120,121,122,130,131,132,133,138,139,140,141,142,143,144,145,171,172,173,181,182,
139;1;2568;2574;0;0,1,2,3,4,5,6,7,8,9,10,11,12,13,14,15,16,17,18,19,20,21,22,23,24,25,26,27,31,33,34,35,36,37,40,41,47,49,50,51,52,53,54,55,56,57,63,64,102,103,104,105,106,112,113,114,115,116,118,119,120,121,122,130,131,132,133,138,139,140,141,142,143,144,145,171,172,173,181,182,
54;0;2574;2606;1;0,1,2,3,4,5,6,7,8,9,10,11,12,13,14,15,16,17,18,19,20,21,22,23,24,25,26,27,31,33,34,35,36,37,40,41,47,49,50,51,52,53,54,55,56,57,63,64,102,103,104,105,106,112,113,114,115,116,118,119,120,121,122,130,131,132,133,138,139,140,141,142,143,144,145,171,172,173,181,182,
54;1;2606;2647;1;0,1,2,3,4,5,6,7,8,9,10,11,12,13,14,15,16,17,18,19,20,21,22,23,24,25,26,27,31,33,34,35,36,37,40,41,47,49,50,51,52,53,54,55,56,57,63,64,102,103,104,105,106,112,113,114,115,116,118,119,120,121,122,130,131,132,133,138,139,140,141,142,143,144,145,171,172,173,181,182,
63;0;2647;2727;1;0,1,2,3,4,5,6,7,8,9,10,11,12,13,14,15,16,17,18,19,20,21,22,23,24,25,26,27,31,33,34,35,36,37,40,41,47,49,50,51,52,53,54,55,56,57,63,64,102,103,104,105,106,112,113,114,115,116,118,119,120,121,122,130,131,132,133,138,139,140,141,142,143,144,145,171,172,173,181,182,
58;0;2727;2853;0;0,1,2,3,4,5,6,7,8,9,10,11,12,13,14,15,16,17,18,19,20,21,22,23,24,25,26,27,31,33,34,35,36,37,40,41,47,49,50,51,52,53,54,55,56,57,63,64,102,103,104,105,106,112,113,114,115,116,118,119,120,121,122,130,131,132,133,138,139,140,141,142,143,144,145,171,172,173,181,182,
Machine: 3
45;0;0;69;0;0,1,2,3,4,5,6,7,8,9,10,11,12,13,14,15,16,17,18,19,20,21,22,23,24,25,26,27,28,29,30,31,32,33,34,35,36,37,38,39,40,41,42,43,44,45,46,49,64,65,66,68,107,108,109,110,111,118,119,120,121,122,123,127,128,129,134,135,136,137,146,147,148,149,150,151,167,168,169,170,
51;0;69;215;1;0,1,2,3,4,5,6,7,8,9,10,11,12,13,14,15,16,17,18,19,20,21,22,23,24,25,26,27,28,29,30,31,32,33,34,35,36,37,38,39,40,41,42,43,44,45,46,49,64,65,66,68,107,108,109,110,111,118,119,120,121,122,123,127,128,129,134,135,136,137,146,147,148,149,150,151,167,168,169,170,
48;0;215;241;0;0,1,2,3,4,5,6,7,8,9,10,11,12,13,14,15,16,17,18,19,20,21,22,23,24,25,26,27,28,29,30,31,32,33,34,35,36,37,38,39,40,41,42,43,44,45,46,49,64,65,66,68,107,108,109,110,111,118,119,120,121,122,123,127,128,129,134,135,136,137,146,147,148,149,150,151,167,168,169,170,
140;0;241;356;1;0,1,2,3,4,5,6,7,8,9,10,11,12,13,14,15,16,17,18,19,20,21,22,23,24,25,26,27,28,29,30,31,32,33,34,35,36,37,38,39,40,41,42,43,44,45,46,49,64,65,66,68,107,108,109,110,111,118,119,120,121,122,123,127,128,129,134,135,136,137,146,147,148,149,150,151,167,168,169,170,
80;0;356;391;1;0,1,2,3,4,5,6,7,8,9,10,11,12,13,14,15,16,17,18,19,20,21,22,23,24,25,26,27,28,29,30,31,32,33,34,35,36,37,38,39,40,41,42,43,44,45,46,49,64,65,66,68,107,108,109,110,111,118,119,120,121,122,123,127,128,129,134,135,136,137,146,147,148,149,150,151,167,168,169,170,
106;0;391;471;0;0,1,2,3,4,5,6,7,8,9,10,11,12,13,14,15,16,17,18,19,20,21,22,23,24,25,26,27,28,29,30,31,32,33,34,35,36,37,38,39,40,41,42,43,44,45,46,49,64,65,66,68,107,108,109,110,111,118,119,120,121,122,123,127,128,129,134,135,136,137,146,147,148,149,150,151,167,168,169,170,
74;0;471;586;1;0,1,2,3,4,5,6,7,8,9,10,11,12,13,14,15,16,17,18,19,20,21,22,23,24,25,26,27,28,29,30,31,32,33,34,35,36,37,38,39,40,41,42,43,44,45,46,49,64,65,66,68,107,108,109,110,111,118,119,120,121,122,123,127,128,129,134,135,136,137,146,147,148,149,150,151,167,168,169,170,
74;1;586;764;1;0,1,2,3,4,5,6,7,8,9,10,11,12,13,14,15,16,17,18,19,20,21,22,23,24,25,26,27,28,29,30,31,32,33,34,35,36,37,38,39,40,41,42,43,44,45,46,49,64,65,66,68,107,108,109,110,111,118,119,120,121,122,123,127,128,129,134,135,136,137,146,147,148,149,150,151,167,168,169,170,
12;0;764;809;0;0,1,2,3,4,5,6,7,8,9,10,11,12,13,14,15,16,17,18,19,20,21,22,23,24,25,26,27,28,29,30,31,32,33,34,35,36,37,38,39,40,41,42,43,44,45,46,49,64,65,66,68,107,108,109,110,111,118,119,120,121,122,123,127,128,129,134,135,136,137,146,147,148,149,150,151,167,168,169,170,
12;1;809;862;0;0,1,2,3,4,5,6,7,8,9,10,11,12,13,14,15,16,17,18,19,20,21,22,23,24,25,26,27,28,29,30,31,32,33,34,35,36,37,38,39,40,41,42,43,44,45,46,49,64,65,66,68,107,108,109,110,111,118,119,120,121,122,123,127,128,129,134,135,136,137,146,147,148,149,150,151,167,168,169,170,
85;0;862;993;0;0,1,2,3,4,5,6,7,8,9,10,11,12,13,14,15,16,17,18,19,20,21,22,23,24,25,26,27,28,29,30,31,32,33,34,35,36,37,38,39,40,41,42,43,44,45,46,49,64,65,66,68,107,108,109,110,111,118,119,120,121,122,123,127,128,129,134,135,136,137,146,147,148,149,150,151,167,168,169,170,
28;0;993;1168;0;0,1,2,3,4,5,6,7,8,9,10,11,12,13,14,15,16,17,18,19,20,21,22,23,24,25,26,27,28,29,30,31,32,33,34,35,36,37,38,39,40,41,42,43,44,45,46,49,64,65,66,68,107,108,109,110,111,118,119,120,121,122,123,127,128,129,134,135,136,137,146,147,148,149,150,151,167,168,169,170,
101;0;1168;1271;1;0,1,2,3,4,5,6,7,8,9,10,11,12,13,14,15,16,17,18,19,20,21,22,23,24,25,26,27,28,29,30,31,32,33,34,35,36,37,38,39,40,41,42,43,44,45,46,49,64,65,66,68,107,108,109,110,111,118,119,120,121,122,123,127,128,129,134,135,136,137,146,147,148,149,150,151,167,168,169,170,
112;0;1271;1367;0;0,1,2,3,4,5,6,7,8,9,10,11,12,13,14,15,16,17,18,19,20,21,22,23,24,25,26,27,28,29,30,31,32,33,34,35,36,37,38,39,40,41,42,43,44,45,46,49,64,65,66,68,107,108,109,110,111,118,119,120,121,122,123,127,128,129,134,135,136,137,146,147,148,149,150,151,167,168,169,170,
112;1;1367;1523;0;0,1,2,3,4,5,6,7,8,9,10,11,12,13,14,15,16,17,18,19,20,21,22,23,24,25,26,27,28,29,30,31,32,33,34,35,36,37,38,39,40,41,42,43,44,45,46,49,64,65,66,68,107,108,109,110,111,118,119,120,121,122,123,127,128,129,134,135,136,137,146,147,148,149,150,151,167,168,169,170,
92;0;1523;1564;0;0,1,2,3,4,5,6,7,8,9,10,11,12,13,14,15,16,17,18,19,20,21,22,23,24,25,26,27,28,29,30,31,32,33,34,35,36,37,38,39,40,41,42,43,44,45,46,49,64,65,66,68,107,108,109,110,111,118,119,120,121,122,123,127,128,129,134,135,136,137,146,147,148,149,150,151,167,168,169,170,
92;1;1564;1572;0;0,1,2,3,4,5,6,7,8,9,10,11,12,13,14,15,16,17,18,19,20,21,22,23,24,25,26,27,28,29,30,31,32,33,34,35,36,37,38,39,40,41,42,43,44,45,46,49,64,65,66,68,107,108,109,110,111,118,119,120,121,122,123,127,128,129,134,135,136,137,146,147,148,149,150,151,167,168,169,170,
135;0;1572;1697;0;0,1,2,3,4,5,6,7,8,9,10,11,12,13,14,15,16,17,18,19,20,21,22,23,24,25,26,27,28,29,30,31,32,33,34,35,36,37,38,39,40,41,42,43,44,45,46,49,64,65,66,68,107,108,109,110,111,118,119,120,121,122,123,127,128,129,134,135,136,137,146,147,148,149,150,151,167,168,169,170,
67;0;1697;1784;1;0,1,2,3,4,5,6,7,8,9,10,11,12,13,14,15,16,17,18,19,20,21,22,23,24,25,26,27,28,29,30,31,32,33,34,35,36,37,38,39,40,41,42,43,44,45,46,49,64,65,66,68,107,108,109,110,111,118,119,120,121,122,123,127,128,129,134,135,136,137,146,147,148,149,150,151,167,168,169,170,
67;1;1784;1809;1;0,1,2,3,4,5,6,7,8,9,10,11,12,13,14,15,16,17,18,19,20,21,22,23,24,25,26,27,28,29,30,31,32,33,34,35,36,37,38,39,40,41,42,43,44,45,46,49,64,65,66,68,107,108,109,110,111,118,119,120,121,122,123,127,128,129,134,135,136,137,146,147,148,149,150,151,167,168,169,170,
4;0;1809;1984;1;0,1,2,3,4,5,6,7,8,9,10,11,12,13,14,15,16,17,18,19,20,21,22,23,24,25,26,27,28,29,30,31,32,33,34,35,36,37,38,39,40,41,42,43,44,45,46,49,64,65,66,68,107,108,109,110,111,118,119,120,121,122,123,127,128,129,134,135,136,137,146,147,148,149,150,151,167,168,169,170,
4;1;1984;2081;1;0,1,2,3,4,5,6,7,8,9,10,11,12,13,14,15,16,17,18,19,20,21,22,23,24,25,26,27,28,29,30,31,32,33,34,35,36,37,38,39,40,41,42,43,44,45,46,49,64,65,66,68,107,108,109,110,111,118,119,120,121,122,123,127,128,129,134,135,136,137,146,147,148,149,150,151,167,168,169,170,
76;0;2081;2091;0;0,1,2,3,4,5,6,7,8,9,10,11,12,13,14,15,16,17,18,19,20,21,22,23,24,25,26,27,28,29,30,31,32,33,34,35,36,37,38,39,40,41,42,43,44,45,46,49,64,65,66,68,107,108,109,110,111,118,119,120,121,122,123,127,128,129,134,135,136,137,146,147,148,149,150,151,167,168,169,170,
77;0;2091;2116;1;0,1,2,3,4,5,6,7,8,9,10,11,12,13,14,15,16,17,18,19,20,21,22,23,24,25,26,27,28,29,30,31,32,33,34,35,36,37,38,39,40,41,42,43,44,45,46,49,64,65,66,68,107,108,109,110,111,118,119,120,121,122,123,127,128,129,134,135,136,137,146,147,148,149,150,151,167,168,169,170,
77;1;2116;2203;1;0,1,2,3,4,5,6,7,8,9,10,11,12,13,14,15,16,17,18,19,20,21,22,23,24,25,26,27,28,29,30,31,32,33,34,35,36,37,38,39,40,41,42,43,44,45,46,49,64,65,66,68,107,108,109,110,111,118,119,120,121,122,123,127,128,129,134,135,136,137,146,147,148,149,150,151,167,168,169,170,
47;0;2203;2344;1;0,1,2,3,4,5,6,7,8,9,10,11,12,13,14,15,16,17,18,19,20,21,22,23,24,25,26,27,28,29,30,31,32,33,34,35,36,37,38,39,40,41,42,43,44,45,46,49,64,65,66,68,107,108,109,110,111,118,119,120,121,122,123,127,128,129,134,135,136,137,146,147,148,149,150,151,167,168,169,170,
47;1;2344;2440;1;0,1,2,3,4,5,6,7,8,9,10,11,12,13,14,15,16,17,18,19,20,21,22,23,24,25,26,27,28,29,30,31,32,33,34,35,36,37,38,39,40,41,42,43,44,45,46,49,64,65,66,68,107,108,109,110,111,118,119,120,121,122,123,127,128,129,134,135,136,137,146,147,148,149,150,151,167,168,169,170,
113;0;2440;2517;1;0,1,2,3,4,5,6,7,8,9,10,11,12,13,14,15,16,17,18,19,20,21,22,23,24,25,26,27,28,29,30,31,32,33,34,35,36,37,38,39,40,41,42,43,44,45,46,49,64,65,66,68,107,108,109,110,111,118,119,120,121,122,123,127,128,129,134,135,136,137,146,147,148,149,150,151,167,168,169,170,
11;0;2517;2583;1;0,1,2,3,4,5,6,7,8,9,10,11,12,13,14,15,16,17,18,19,20,21,22,23,24,25,26,27,28,29,30,31,32,33,34,35,36,37,38,39,40,41,42,43,44,45,46,49,64,65,66,68,107,108,109,110,111,118,119,120,121,122,123,127,128,129,134,135,136,137,146,147,148,149,150,151,167,168,169,170,
41;0;2583;2627;1;0,1,2,3,4,5,6,7,8,9,10,11,12,13,14,15,16,17,18,19,20,21,22,23,24,25,26,27,28,29,30,31,32,33,34,35,36,37,38,39,40,41,42,43,44,45,46,49,64,65,66,68,107,108,109,110,111,118,119,120,121,122,123,127,128,129,134,135,136,137,146,147,148,149,150,151,167,168,169,170,
52;0;2627;2708;0;0,1,2,3,4,5,6,7,8,9,10,11,12,13,14,15,16,17,18,19,20,21,22,23,24,25,26,27,28,29,30,31,32,33,34,35,36,37,38,39,40,41,42,43,44,45,46,49,64,65,66,68,107,108,109,110,111,118,119,120,121,122,123,127,128,129,134,135,136,137,146,147,148,149,150,151,167,168,169,170,
52;1;2708;2744;0;0,1,2,3,4,5,6,7,8,9,10,11,12,13,14,15,16,17,18,19,20,21,22,23,24,25,26,27,28,29,30,31,32,33,34,35,36,37,38,39,40,41,42,43,44,45,46,49,64,65,66,68,107,108,109,110,111,118,119,120,121,122,123,127,128,129,134,135,136,137,146,147,148,149,150,151,167,168,169,170,
6;0;2744;2875;0;0,1,2,3,4,5,6,7,8,9,10,11,12,13,14,15,16,17,18,19,20,21,22,23,24,25,26,27,28,29,30,31,32,33,34,35,36,37,38,39,40,41,42,43,44,45,46,49,64,65,66,68,107,108,109,110,111,118,119,120,121,122,123,127,128,129,134,135,136,137,146,147,148,149,150,151,167,168,169,170,
36;0;2875;2924;0;0,1,2,3,4,5,6,7,8,9,10,11,12,13,14,15,16,17,18,19,20,21,22,23,24,25,26,27,28,29,30,31,32,33,34,35,36,37,38,39,40,41,42,43,44,45,46,49,64,65,66,68,107,108,109,110,111,118,119,120,121,122,123,127,128,129,134,135,136,137,146,147,148,149,150,151,167,168,169,170,
Machine: 4
2;0;0;55;0;0,1,2,4,5,6,7,10,11,12,13,14,15,20,21,22,23,25,29,30,31,32,33,34,35,36,37,40,41,47,48,49,64,65,74,77,102,103,104,105,106,118,121,123,124,125,126,129,130,142,143,162,163,164,165,166,176,177,178,179,180,183,184,185,186,187,194,195,196,197,198,199,200,201,202,203,205,206,207,208,
2;1;55;102;0;0,1,2,4,5,6,7,10,11,12,13,14,15,20,21,22,23,25,29,30,31,32,33,34,35,36,37,40,41,47,48,49,64,65,74,77,102,103,104,105,106,118,121,123,124,125,126,129,130,142,143,162,163,164,165,166,176,177,178,179,180,183,184,185,186,187,194,195,196,197,198,199,200,201,202,203,205,206,207,208,
95;0;102;192;0;0,1,2,4,5,6,7,10,11,12,13,14,15,20,21,22,23,25,29,30,31,32,33,34,35,36,37,40,41,47,48,49,64,65,74,77,102,103,104,105,106,118,121,123,124,125,126,129,130,142,143,162,163,164,165,166,176,177,178,179,180,183,184,185,186,187,194,195,196,197,198,199,200,201,202,203,205,206,207,208,
16;0;192;286;0;0,1,2,4,5,6,7,10,11,12,13,14,15,20,21,22,23,25,29,30,31,32,33,34,35,36,37,40,41,47,48,49,64,65,74,77,102,103,104,105,106,118,121,123,124,125,126,129,130,142,143,162,163,164,165,166,176,177,178,179,180,183,184,185,186,187,194,195,196,197,198,199,200,201,202,203,205,206,207,208,
110;0;286;465;1;0,1,2,4,5,6,7,10,11,12,13,14,15,20,21,22,23,25,29,30,31,32,33,34,35,36,37,40,41,47,48,49,64,65,74,77,102,103,104,105,106,118,121,123,124,125,126,129,130,142,143,162,163,164,165,166,176,177,178,179,180,183,184,185,186,187,194,195,196,197,198,199,200,201,202,203,205,206,207,208,
56;0;465;482;0;0,1,2,4,5,6,7,10,11,12,13,14,15,20,21,22,23,25,29,30,31,32,33,34,35,36,37,40,41,47,48,49,64,65,74,77,102,103,104,105,106,118,121,123,124,125,126,129,130,142,143,162,163,164,165,166,176,177,178,179,180,183,184,185,186,187,194,195,196,197,198,199,200,201,202,203,205,206,207,208,
39;0;482;529;0;0,1,2,4,5,6,7,10,11,12,13,14,15,20,21,22,23,25,29,30,31,32,33,34,35,36,37,40,41,47,48,49,64,65,74,77,102,103,104,105,106,118,121,123,124,125,126,129,130,142,143,162,163,164,165,166,176,177,178,179,180,183,184,185,186,187,194,195,196,197,198,199,200,201,202,203,205,206,207,208,
39;1;529;649;0;0,1,2,4,5,6,7,10,11,12,13,14,15,20,21,22,23,25,29,30,31,32,33,34,35,36,37,40,41,47,48,49,64,65,74,77,102,103,104,105,106,118,121,123,124,125,126,129,130,142,143,162,163,164,165,166,176,177,178,179,180,183,184,185,186,187,194,195,196,197,198,199,200,201,202,203,205,206,207,208,
132;0;649;747;0;0,1,2,4,5,6,7,10,11,12,13,14,15,20,21,22,23,25,29,30,31,32,33,34,35,36,37,40,41,47,48,49,64,65,74,77,102,103,104,105,106,118,121,123,124,125,126,129,130,142,143,162,163,164,165,166,176,177,178,179,180,183,184,185,186,187,194,195,196,197,198,199,200,201,202,203,205,206,207,208,
132;1;747;865;0;0,1,2,4,5,6,7,10,11,12,13,14,15,20,21,22,23,25,29,30,31,32,33,34,35,36,37,40,41,47,48,49,64,65,74,77,102,103,104,105,106,118,121,123,124,125,126,129,130,142,143,162,163,164,165,166,176,177,178,179,180,183,184,185,186,187,194,195,196,197,198,199,200,201,202,203,205,206,207,208,
72;0;865;899;0;0,1,2,4,5,6,7,10,11,12,13,14,15,20,21,22,23,25,29,30,31,32,33,34,35,36,37,40,41,47,48,49,64,65,74,77,102,103,104,105,106,118,121,123,124,125,126,129,130,142,143,162,163,164,165,166,176,177,178,179,180,183,184,185,186,187,194,195,196,197,198,199,200,201,202,203,205,206,207,208,
72;1;899;1004;0;0,1,2,4,5,6,7,10,11,12,13,14,15,20,21,22,23,25,29,30,31,32,33,34,35,36,37,40,41,47,48,49,64,65,74,77,102,103,104,105,106,118,121,123,124,125,126,129,130,142,143,162,163,164,165,166,176,177,178,179,180,183,184,185,186,187,194,195,196,197,198,199,200,201,202,203,205,206,207,208,
117;0;1004;1059;1;0,1,2,4,5,6,7,10,11,12,13,14,15,20,21,22,23,25,29,30,31,32,33,34,35,36,37,40,41,47,48,49,64,65,74,77,102,103,104,105,106,118,121,123,124,125,126,129,130,142,143,162,163,164,165,166,176,177,178,179,180,183,184,185,186,187,194,195,196,197,198,199,200,201,202,203,205,206,207,208,
117;1;1059;1194;1;0,1,2,4,5,6,7,10,11,12,13,14,15,20,21,22,23,25,29,30,31,32,33,34,35,36,37,40,41,47,48,49,64,65,74,77,102,103,104,105,106,118,121,123,124,125,126,129,130,142,143,162,163,164,165,166,176,177,178,179,180,183,184,185,186,187,194,195,196,197,198,199,200,201,202,203,205,206,207,208,
120;0;1194;1262;1;0,1,2,4,5,6,7,10,11,12,13,14,15,20,21,22,23,25,29,30,31,32,33,34,35,36,37,40,41,47,48,49,64,65,74,77,102,103,104,105,106,118,121,123,124,125,126,129,130,142,143,162,163,164,165,166,176,177,178,179,180,183,184,185,186,187,194,195,196,197,198,199,200,201,202,203,205,206,207,208,
104;0;1262;1425;1;0,1,2,4,5,6,7,10,11,12,13,14,15,20,21,22,23,25,29,30,31,32,33,34,35,36,37,40,41,47,48,49,64,65,74,77,102,103,104,105,106,118,121,123,124,125,126,129,130,142,143,162,163,164,165,166,176,177,178,179,180,183,184,185,186,187,194,195,196,197,198,199,200,201,202,203,205,206,207,208,
104;1;1425;1566;1;0,1,2,4,5,6,7,10,11,12,13,14,15,20,21,22,23,25,29,30,31,32,33,34,35,36,37,40,41,47,48,49,64,65,74,77,102,103,104,105,106,118,121,123,124,125,126,129,130,142,143,162,163,164,165,166,176,177,178,179,180,183,184,185,186,187,194,195,196,197,198,199,200,201,202,203,205,206,207,208,
3;0;1566;1615;1;0,1,2,4,5,6,7,10,11,12,13,14,15,20,21,22,23,25,29,30,31,32,33,34,35,36,37,40,41,47,48,49,64,65,74,77,102,103,104,105,106,118,121,123,124,125,126,129,130,142,143,162,163,164,165,166,176,177,178,179,180,183,184,185,186,187,194,195,196,197,198,199,200,201,202,203,205,206,207,208,
75;0;1615;1675;0;0,1,2,4,5,6,7,10,11,12,13,14,15,20,21,22,23,25,29,30,31,32,33,34,35,36,37,40,41,47,48,49,64,65,74,77,102,103,104,105,106,118,121,123,124,125,126,129,130,142,143,162,163,164,165,166,176,177,178,179,180,183,184,185,186,187,194,195,196,197,198,199,200,201,202,203,205,206,207,208,
94;0;1675;1716;1;0,1,2,4,5,6,7,10,11,12,13,14,15,20,21,22,23,25,29,30,31,32,33,34,35,36,37,40,41,47,48,49,64,65,74,77,102,103,104,105,106,118,121,123,124,125,126,129,130,142,143,162,163,164,165,166,176,177,178,179,180,183,184,185,186,187,194,195,196,197,198,199,200,201,202,203,205,206,207,208,
94;1;1716;1789;1;0,1,2,4,5,6,7,10,11,12,13,14,15,20,21,22,23,25,29,30,31,32,33,34,35,36,37,40,41,47,48,49,64,65,74,77,102,103,104,105,106,118,121,123,124,125,126,129,130,142,143,162,163,164,165,166,176,177,178,179,180,183,184,185,186,187,194,195,196,197,198,199,200,201,202,203,205,206,207,208,
83;0;1789;1864;1;0,1,2,4,5,6,7,10,11,12,13,14,15,20,21,22,23,25,29,30,31,32,33,34,35,36,37,40,41,47,48,49,64,65,74,77,102,103,104,105,106,118,121,123,124,125,126,129,130,142,143,162,163,164,165,166,176,177,178,179,180,183,184,185,186,187,194,195,196,197,198,199,200,201,202,203,205,206,207,208,
102;0;1864;2032;0;0,1,2,4,5,6,7,10,11,12,13,14,15,20,21,22,23,25,29,30,31,32,33,34,35,36,37,40,41,47,48,49,64,65,74,77,102,103,104,105,106,118,121,123,124,125,126,129,130,142,143,162,163,164,165,166,176,177,178,179,180,183,184,185,186,187,194,195,196,197,198,199,200,201,202,203,205,206,207,208,
102;1;2032;2183;0;0,1,2,4,5,6,7,10,11,12,13,14,15,20,21,22,23,25,29,30,31,32,33,34,35,36,37,40,41,47,48,49,64,65,74,77,102,103,104,105,106,118,121,123,124,125,126,129,130,142,143,162,163,164,165,166,176,177,178,179,180,183,184,185,186,187,194,195,196,197,198,199,200,201,202,203,205,206,207,208,
40;0;2183;2212;1;0,1,2,4,5,6,7,10,11,12,13,14,15,20,21,22,23,25,29,30,31,32,33,34,35,36,37,40,41,47,48,49,64,65,74,77,102,103,104,105,106,118,121,123,124,125,126,129,130,142,143,162,163,164,165,166,176,177,178,179,180,183,184,185,186,187,194,195,196,197,198,199,200,201,202,203,205,206,207,208,
5;0;2212;2241;0;0,1,2,4,5,6,7,10,11,12,13,14,15,20,21,22,23,25,29,30,31,32,33,34,35,36,37,40,41,47,48,49,64,65,74,77,102,103,104,105,106,118,121,123,124,125,126,129,130,142,143,162,163,164,165,166,176,177,178,179,180,183,184,185,186,187,194,195,196,197,198,199,200,201,202,203,205,206,207,208,
127;0;2241;2329;1;0,1,2,4,5,6,7,10,11,12,13,14,15,20,21,22,23,25,29,30,31,32,33,34,35,36,37,40,41,47,48,49,64,65,74,77,102,103,104,105,106,118,121,123,124,125,126,129,130,142,143,162,163,164,165,166,176,177,178,179,180,183,184,185,186,187,194,195,196,197,198,199,200,201,202,203,205,206,207,208,
127;1;2329;2409;1;0,1,2,4,5,6,7,10,11,12,13,14,15,20,21,22,23,25,29,30,31,32,33,34,35,36,37,40,41,47,48,49,64,65,74,77,102,103,104,105,106,118,121,123,124,125,126,129,130,142,143,162,163,164,165,166,176,177,178,179,180,183,184,185,186,187,194,195,196,197,198,199,200,201,202,203,205,206,207,208,
125;0;2409;2551;0;0,1,2,4,5,6,7,10,11,12,13,14,15,20,21,22,23,25,29,30,31,32,33,34,35,36,37,40,41,47,48,49,64,65,74,77,102,103,104,105,106,118,121,123,124,125,126,129,130,142,143,162,163,164,165,166,176,177,178,179,180,183,184,185,186,187,194,195,196,197,198,199,200,201,202,203,205,206,207,208,
10;0;2551;2654;1;0,1,2,4,5,6,7,10,11,12,13,14,15,20,21,22,23,25,29,30,31,32,33,34,35,36,37,40,41,47,48,49,64,65,74,77,102,103,104,105,106,118,121,123,124,125,126,129,130,142,143,162,163,164,165,166,176,177,178,179,180,183,184,185,186,187,194,195,196,197,198,199,200,201,202,203,205,206,207,208,
79;0;2654;2723;0;0,1,2,4,5,6,7,10,11,12,13,14,15,20,21,22,23,25,29,30,31,32,33,34,35,36,37,40,41,47,48,49,64,65,74,77,102,103,104,105,106,118,121,123,124,125,126,129,130,142,143,162,163,164,165,166,176,177,178,179,180,183,184,185,186,187,194,195,196,197,198,199,200,201,202,203,205,206,207,208,
79;1;2723;2860;0;0,1,2,4,5,6,7,10,11,12,13,14,15,20,21,22,23,25,29,30,31,32,33,34,35,36,37,40,41,47,48,49,64,65,74,77,102,103,104,105,106,118,121,123,124,125,126,129,130,142,143,162,163,164,165,166,176,177,178,179,180,183,184,185,186,187,194,195,196,197,198,199,200,201,202,203,205,206,207,208,
147;0;2860;2937;1;0,1,2,4,5,6,7,10,11,12,13,14,15,20,21,22,23,25,29,30,31,32,33,34,35,36,37,40,41,47,48,49,64,65,74,77,102,103,104,105,106,118,121,123,124,125,126,129,130,142,143,162,163,164,165,166,176,177,178,179,180,183,184,185,186,187,194,195,196,197,198,199,200,201,202,203,205,206,207,208,
147;1;2937;2962;1;0,1,2,4,5,6,7,10,11,12,13,14,15,20,21,22,23,25,29,30,31,32,33,34,35,36,37,40,41,47,48,49,64,65,74,77,102,103,104,105,106,118,121,123,124,125,126,129,130,142,143,162,163,164,165,166,176,177,178,179,180,183,184,185,186,187,194,195,196,197,198,199,200,201,202,203,205,206,207,208,
59;0;2962;3109;0;0,1,2,4,5,6,7,10,11,12,13,14,15,20,21,22,23,25,29,30,31,32,33,34,35,36,37,40,41,47,48,49,64,65,74,77,102,103,104,105,106,118,121,123,124,125,126,129,130,142,143,162,163,164,165,166,176,177,178,179,180,183,184,185,186,187,194,195,196,197,198,199,200,201,202,203,205,206,207,208,
59;1;3109;3234;0;0,1,2,4,5,6,7,10,11,12,13,14,15,20,21,22,23,25,29,30,31,32,33,34,35,36,37,40,41,47,48,49,64,65,74,77,102,103,104,105,106,118,121,123,124,125,126,129,130,142,143,162,163,164,165,166,176,177,178,179,180,183,184,185,186,187,194,195,196,197,198,199,200,201,202,203,205,206,207,208,
118;0;3234;3330;0;0,1,2,4,5,6,7,10,11,12,13,14,15,20,21,22,23,25,29,30,31,32,33,34,35,36,37,40,41,47,48,49,64,65,74,77,102,103,104,105,106,118,121,123,124,125,126,129,130,142,143,162,163,164,165,166,176,177,178,179,180,183,184,185,186,187,194,195,196,197,198,199,200,201,202,203,205,206,207,208,
Machine: 5
66;0;0;126;0;0,1,2,3,4,5,6,7,8,9,10,11,12,13,14,15,16,17,18,19,20,21,22,23,24,25,26,27,28,29,30,31,33,34,35,36,37,40,41,47,49,50,51,52,53,58,59,60,61,62,63,64,65,102,118,119,120,121,122,123,124,125,126,127,128,129,130,131,132,141,144,174,175,181,189,204,205,206,207,208,
130;0;126;263;1;0,1,2,3,4,5,6,7,8,9,10,11,12,13,14,15,16,17,18,19,20,21,22,23,24,25,26,27,28,29,30,31,33,34,35,36,37,40,41,47,49,50,51,52,53,58,59,60,61,62,63,64,65,102,118,119,120,121,122,123,124,125,126,127,128,129,130,131,132,141,144,174,175,181,189,204,205,206,207,208,
128;0;263;349;0;0,1,2,3,4,5,6,7,8,9,10,11,12,13,14,15,16,17,18,19,20,21,22,23,24,25,26,27,28,29,30,31,33,34,35,36,37,40,41,47,49,50,51,52,53,58,59,60,61,62,63,64,65,102,118,119,120,121,122,123,124,125,126,127,128,129,130,131,132,141,144,174,175,181,189,204,205,206,207,208,
26;0;349;393;0;0,1,2,3,4,5,6,7,8,9,10,11,12,13,14,15,16,17,18,19,20,21,22,23,24,25,26,27,28,29,30,31,33,34,35,36,37,40,41,47,49,50,51,52,53,58,59,60,61,62,63,64,65,102,118,119,120,121,122,123,124,125,126,127,128,129,130,131,132,141,144,174,175,181,189,204,205,206,207,208,
109;0;393;405;0;0,1,2,3,4,5,6,7,8,9,10,11,12,13,14,15,16,17,18,19,20,21,22,23,24,25,26,27,28,29,30,31,33,34,35,36,37,40,41,47,49,50,51,52,53,58,59,60,61,62,63,64,65,102,118,119,120,121,122,123,124,125,126,127,128,129,130,131,132,141,144,174,175,181,189,204,205,206,207,208,
109;1;405;570;0;0,1,2,3,4,5,6,7,8,9,10,11,12,13,14,15,16,17,18,19,20,21,22,23,24,25,26,27,28,29,30,31,33,34,35,36,37,40,41,47,49,50,51,52,53,58,59,60,61,62,63,64,65,102,118,119,120,121,122,123,124,125,126,127,128,129,130,131,132,141,144,174,175,181,189,204,205,206,207,208,
100;0;570;689;1;0,1,2,3,4,5,6,7,8,9,10,11,12,13,14,15,16,17,18,19,20,21,22,23,24,25,26,27,28,29,30,31,33,34,35,36,37,40,41,47,49,50,51,52,53,58,59,60,61,62,63,64,65,102,118,119,120,121,122,123,124,125,126,127,128,129,130,131,132,141,144,174,175,181,189,204,205,206,207,208,
1;0;689;836;0;0,1,2,3,4,5,6,7,8,9,10,11,12,13,14,15,16,17,18,19,20,21,22,23,24,25,26,27,28,29,30,31,33,34,35,36,37,40,41,47,49,50,51,52,53,58,59,60,61,62,63,64,65,102,118,119,120,121,122,123,124,125,126,127,128,129,130,131,132,141,144,174,175,181,189,204,205,206,207,208,
105;0;836;983;0;0,1,2,3,4,5,6,7,8,9,10,11,12,13,14,15,16,17,18,19,20,21,22,23,24,25,26,27,28,29,30,31,33,34,35,36,37,40,41,47,49,50,51,52,53,58,59,60,61,62,63,64,65,102,118,119,120,121,122,123,124,125,126,127,128,129,130,131,132,141,144,174,175,181,189,204,205,206,207,208,
19;0;983;1140;0;0,1,2,3,4,5,6,7,8,9,10,11,12,13,14,15,16,17,18,19,20,21,22,23,24,25,26,27,28,29,30,31,33,34,35,36,37,40,41,47,49,50,51,52,53,58,59,60,61,62,63,64,65,102,118,119,120,121,122,123,124,125,126,127,128,129,130,131,132,141,144,174,175,181,189,204,205,206,207,208,
19;1;1140;1214;0;0,1,2,3,4,5,6,7,8,9,10,11,12,13,14,15,16,17,18,19,20,21,22,23,24,25,26,27,28,29,30,31,33,34,35,36,37,40,41,47,49,50,51,52,53,58,59,60,61,62,63,64,65,102,118,119,120,121,122,123,124,125,126,127,128,129,130,131,132,141,144,174,175,181,189,204,205,206,207,208,
22;0;1214;1297;0;0,1,2,3,4,5,6,7,8,9,10,11,12,13,14,15,16,17,18,19,20,21,22,23,24,25,26,27,28,29,30,31,33,34,35,36,37,40,41,47,49,50,51,52,53,58,59,60,61,62,63,64,65,102,118,119,120,121,122,123,124,125,126,127,128,129,130,131,132,141,144,174,175,181,189,204,205,206,207,208,
22;1;1297;1424;0;0,1,2,3,4,5,6,7,8,9,10,11,12,13,14,15,16,17,18,19,20,21,22,23,24,25,26,27,28,29,30,31,33,34,35,36,37,40,41,47,49,50,51,52,53,58,59,60,61,62,63,64,65,102,118,119,120,121,122,123,124,125,126,127,128,129,130,131,132,141,144,174,175,181,189,204,205,206,207,208,
86;0;1424;1461;0;0,1,2,3,4,5,6,7,8,9,10,11,12,13,14,15,16,17,18,19,20,21,22,23,24,25,26,27,28,29,30,31,33,34,35,36,37,40,41,47,49,50,51,52,53,58,59,60,61,62,63,64,65,102,118,119,120,121,122,123,124,125,126,127,128,129,130,131,132,141,144,174,175,181,189,204,205,206,207,208,
46;0;1461;1612;0;0,1,2,3,4,5,6,7,8,9,10,11,12,13,14,15,16,17,18,19,20,21,22,23,24,25,26,27,28,29,30,31,33,34,35,36,37,40,41,47,49,50,51,52,53,58,59,60,61,62,63,64,65,102,118,119,120,121,122,123,124,125,126,127,128,129,130,131,132,141,144,174,175,181,189,204,205,206,207,208,
17;0;1612;1791;1;0,1,2,3,4,5,6,7,8,9,10,11,12,13,14,15,16,17,18,19,20,21,22,23,24,25,26,27,28,29,30,31,33,34,35,36,37,40,41,47,49,50,51,52,53,58,59,60,61,62,63,64,65,102,118,119,120,121,122,123,124,125,126,127,128,129,130,131,132,141,144,174,175,181,189,204,205,206,207,208,
17;1;1791;1825;1;0,1,2,3,4,5,6,7,8,9,10,11,12,13,14,15,16,17,18,19,20,21,22,23,24,25,26,27,28,29,30,31,33,34,35,36,37,40,41,47,49,50,51,52,53,58,59,60,61,62,63,64,65,102,118,119,120,121,122,123,124,125,126,127,128,129,130,131,132,141,144,174,175,181,189,204,205,206,207,208,
61;0;1825;1877;1;0,1,2,3,4,5,6,7,8,9,10,11,12,13,14,15,16,17,18,19,20,21,22,23,24,25,26,27,28,29,30,31,33,34,35,36,37,40,41,47,49,50,51,52,53,58,59,60,61,62,63,64,65,102,118,119,120,121,122,123,124,125,126,127,128,129,130,131,132,141,144,174,175,181,189,204,205,206,207,208,
115;0;1877;1897;0;0,1,2,3,4,5,6,7,8,9,10,11,12,13,14,15,16,17,18,19,20,21,22,23,24,25,26,27,28,29,30,31,33,34,35,36,37,40,41,47,49,50,51,52,53,58,59,60,61,62,63,64,65,102,118,119,120,121,122,123,124,125,126,127,128,129,130,131,132,141,144,174,175,181,189,204,205,206,207,208,
119;0;1897;2068;0;0,1,2,3,4,5,6,7,8,9,10,11,12,13,14,15,16,17,18,19,20,21,22,23,24,25,26,27,28,29,30,31,33,34,35,36,37,40,41,47,49,50,51,52,53,58,59,60,61,62,63,64,65,102,118,119,120,121,122,123,124,125,126,127,128,129,130,131,132,141,144,174,175,181,189,204,205,206,207,208,
119;1;2068;2213;0;0,1,2,3,4,5,6,7,8,9,10,11,12,13,14,15,16,17,18,19,20,21,22,23,24,25,26,27,28,29,30,31,33,34,35,36,37,40,41,47,49,50,51,52,53,58,59,60,61,62,63,64,65,102,118,119,120,121,122,123,124,125,126,127,128,129,130,131,132,141,144,174,175,181,189,204,205,206,207,208,
88;0;2213;2385;0;0,1,2,3,4,5,6,7,8,9,10,11,12,13,14,15,16,17,18,19,20,21,22,23,24,25,26,27,28,29,30,31,33,34,35,36,37,40,41,47,49,50,51,52,53,58,59,60,61,62,63,64,65,102,118,119,120,121,122,123,124,125,126,127,128,129,130,131,132,141,144,174,175,181,189,204,205,206,207,208,
123;0;2385;2433;1;0,1,2,3,4,5,6,7,8,9,10,11,12,13,14,15,16,17,18,19,20,21,22,23,24,25,26,27,28,29,30,31,33,34,35,36,37,40,41,47,49,50,51,52,53,58,59,60,61,62,63,64,65,102,118,119,120,121,122,123,124,125,126,127,128,129,130,131,132,141,144,174,175,181,189,204,205,206,207,208,
49;0;2433;2494;0;0,1,2,3,4,5,6,7,8,9,10,11,12,13,14,15,16,17,18,19,20,21,22,23,24,25,26,27,28,29,30,31,33,34,35,36,37,40,41,47,49,50,51,52,53,58,59,60,61,62,63,64,65,102,118,119,120,121,122,123,124,125,126,127,128,129,130,131,132,141,144,174,175,181,189,204,205,206,207,208,
49;1;2494;2519;0;0,1,2,3,4,5,6,7,8,9,10,11,12,13,14,15,16,17,18,19,20,21,22,23,24,25,26,27,28,29,30,31,33,34,35,36,37,40,41,47,49,50,51,52,53,58,59,60,61,62,63,64,65,102,118,119,120,121,122,123,124,125,126,127,128,129,130,131,132,141,144,174,175,181,189,204,205,206,207,208,
124;0;2519;2563;1;0,1,2,3,4,5,6,7,8,9,10,11,12,13,14,15,16,17,18,19,20,21,22,23,24,25,26,27,28,29,30,31,33,34,35,36,37,40,41,47,49,50,51,52,53,58,59,60,61,62,63,64,65,102,118,119,120,121,122,123,124,125,126,127,128,129,130,131,132,141,144,174,175,181,189,204,205,206,207,208,
124;1;2563;2607;1;0,1,2,3,4,5,6,7,8,9,10,11,12,13,14,15,16,17,18,19,20,21,22,23,24,25,26,27,28,29,30,31,33,34,35,36,37,40,41,47,49,50,51,52,53,58,59,60,61,62,63,64,65,102,118,119,120,121,122,123,124,125,126,127,128,129,130,131,132,141,144,174,175,181,189,204,205,206,207,208,
35;0;2607;2785;0;0,1,2,3,4,5,6,7,8,9,10,11,12,13,14,15,16,17,18,19,20,21,22,23,24,25,26,27,28,29,30,31,33,34,35,36,37,40,41,47,49,50,51,52,53,58,59,60,61,62,63,64,65,102,118,119,120,121,122,123,124,125,126,127,128,129,130,131,132,141,144,174,175,181,189,204,205,206,207,208,
71;0;2785;2900;1;0,1,2,3,4,5,6,7,8,9,10,11,12,13,14,15,16,17,18,19,20,21,22,23,24,25,26,27,28,29,30,31,33,34,35,36,37,40,41,47,49,50,51,52,53,58,59,60,61,62,63,64,65,102,118,119,120,121,122,123,124,125,126,127,128,129,130,131,132,141,144,174,175,181,189,204,205,206,207,208,
144;0;2900;2932;1;0,1,2,3,4,5,6,7,8,9,10,11,12,13,14,15,16,17,18,19,20,21,22,23,24,25,26,27,28,29,30,31,33,34,35,36,37,40,41,47,49,50,51,52,53,58,59,60,61,62,63,64,65,102,118,119,120,121,122,123,124,125,126,127,128,129,130,131,132,141,144,174,175,181,189,204,205,206,207,208,
144;1;2932;3041;1;0,1,2,3,4,5,6,7,8,9,10,11,12,13,14,15,16,17,18,19,20,21,22,23,24,25,26,27,28,29,30,31,33,34,35,36,37,40,41,47,49,50,51,52,53,58,59,60,61,62,63,64,65,102,118,119,120,121,122,123,124,125,126,127,128,129,130,131,132,141,144,174,175,181,189,204,205,206,207,208,
64;0;3041;3138;1;0,1,2,3,4,5,6,7,8,9,10,11,12,13,14,15,16,17,18,19,20,21,22,23,24,25,26,27,28,29,30,31,33,34,35,36,37,40,41,47,49,50,51,52,53,58,59,60,61,62,63,64,65,102,118,119,120,121,122,123,124,125,126,127,128,129,130,131,132,141,144,174,175,181,189,204,205,206,207,208,
64;1;3138;3308;1;0,1,2,3,4,5,6,7,8,9,10,11,12,13,14,15,16,17,18,19,20,21,22,23,24,25,26,27,28,29,30,31,33,34,35,36,37,40,41,47,49,50,51,52,53,58,59,60,61,62,63,64,65,102,118,119,120,121,122,123,124,125,126,127,128,129,130,131,132,141,144,174,175,181,189,204,205,206,207,208,
END
fineshedJobsCount: 209
switchs: 0
switchsInstances: 0
unfineshedPriorityCount: 0
totalUnfineshed: 0
criticalMachineSwitchs: 0
criticalMachineTime: 3466
Final Solution: 6270
Time: 256062
PTL: 0
MCMC: 175
Best Initial: 6252
Mean Initial: 6213.09
