./input/BaseInstances/6M2_n=20,r=0.4,t=20,v0.txt;./input/Processed/ToolSetInt.csv
7;720;1440
Machine: 0
10;0;0;103;1;0,1,2,3,4,5,6,7,8,9,10,11,12,13,14,15,16,17,18,19,
11;0;103;169;1;0,1,2,3,4,5,6,7,8,9,10,11,12,13,14,15,16,17,18,19,
7;0;169;267;1;0,1,2,3,4,5,6,7,8,9,10,11,12,13,14,15,16,17,18,19,
7;1;267;441;1;0,1,2,3,4,5,6,7,8,9,10,11,12,13,14,15,16,17,18,19,
Machine: 1
0;0;0;80;1;0,1,2,3,4,5,6,7,8,9,10,11,12,13,14,15,16,17,18,19,
0;1;80;126;1;0,1,2,3,4,5,6,7,8,9,10,11,12,13,14,15,16,17,18,19,
4;0;126;210;1;0,1,2,3,4,5,6,7,8,9,10,11,12,13,14,15,16,17,18,19,
4;1;210;307;1;0,1,2,3,4,5,6,7,8,9,10,11,12,13,14,15,16,17,18,19,
3;0;307;356;1;0,1,2,3,4,5,6,7,8,9,10,11,12,13,14,15,16,17,18,19,
Machine: 2
13;0;0;51;1;0,1,2,3,4,5,6,7,8,9,10,11,12,13,14,15,16,17,18,19,
2;0;51;174;0;0,1,2,3,4,5,6,7,8,9,10,11,12,13,14,15,16,17,18,19,
2;1;174;221;0;0,1,2,3,4,5,6,7,8,9,10,11,12,13,14,15,16,17,18,19,
Machine: 3
5;0;0;29;0;0,1,2,3,4,5,6,7,8,9,10,11,12,13,14,15,16,17,18,19,
8;0;29;106;0;0,1,2,3,4,5,6,7,8,9,10,11,12,13,14,15,16,17,18,19,
Machine: 4
1;0;0;147;0;0,1,2,3,4,5,6,7,8,9,10,11,12,13,14,15,16,17,18,19,
6;0;147;278;0;0,1,2,3,4,5,6,7,8,9,10,11,12,13,14,15,16,17,18,19,
Machine: 5
12;0;0;100;0;0,1,2,3,4,5,6,7,8,9,10,11,12,13,14,15,16,17,18,19,
12;1;100;153;0;0,1,2,3,4,5,6,7,8,9,10,11,12,13,14,15,16,17,18,19,
9;0;153;203;0;0,1,2,3,4,5,6,7,8,9,10,11,12,13,14,15,16,17,18,19,
9;1;203;263;0;0,1,2,3,4,5,6,7,8,9,10,11,12,13,14,15,16,17,18,19,
END
fineshedJobsCount: 20
switchs: 0
switchsInstances: 0
unfineshedPriorityCount: 0
totalUnfineshed: 0
criticalMachineSwitchs: 0
criticalMachineTime: 441
Final Solution: 600
Time: 15481
PTL: -1
MCMC: -1
Best Initial: 600
Mean Initial: 600
