./input/BaseInstances/6M2_n=15,r=0.4,t=15,v0.txt;./input/Processed/ToolSetInt.csv
7;720;1440
Machine: 0
7;0;0;61;1;0,1,2,3,4,5,6,7,8,9,10,11,12,13,14,
7;1;61;235;1;0,1,2,3,4,5,6,7,8,9,10,11,12,13,14,
4;0;235;338;1;0,1,2,3,4,5,6,7,8,9,10,11,12,13,14,
4;1;338;435;1;0,1,2,3,4,5,6,7,8,9,10,11,12,13,14,
Machine: 1
0;0;0;106;1;0,1,2,3,4,5,6,7,8,9,10,11,12,13,14,
0;1;106;152;1;0,1,2,3,4,5,6,7,8,9,10,11,12,13,14,
3;0;152;201;1;0,1,2,3,4,5,6,7,8,9,10,11,12,13,14,
Machine: 2
9;0;0;62;0;0,1,2,3,4,5,6,7,8,9,10,11,12,13,14,
9;1;62;122;0;0,1,2,3,4,5,6,7,8,9,10,11,12,13,14,
8;0;122;199;0;0,1,2,3,4,5,6,7,8,9,10,11,12,13,14,
Machine: 3
6;0;0;131;0;0,1,2,3,4,5,6,7,8,9,10,11,12,13,14,
2;0;131;236;0;0,1,2,3,4,5,6,7,8,9,10,11,12,13,14,
2;1;236;283;0;0,1,2,3,4,5,6,7,8,9,10,11,12,13,14,
Machine: 4
1;0;0;147;0;0,1,2,3,4,5,6,7,8,9,10,11,12,13,14,
Machine: 5
5;0;0;29;0;0,1,2,3,4,5,6,7,8,9,10,11,12,13,14,
END
fineshedJobsCount: 15
switchs: 0
switchsInstances: 0
unfineshedPriorityCount: 0
totalUnfineshed: 0
criticalMachineSwitchs: 0
criticalMachineTime: 435
Final Solution: 450
Time: 12133
PTL: -1
MCMC: -1
Best Initial: 450
Mean Initial: 450
