./input/BaseInstances/2M1_n=376,r=0.5,t=650,v0.txt;./input/Processed/ToolSetInt.csv
7;720;1440
Machine: 0
213;0;0;80;1;2,4,5,14,16,50,51,57,82,86,87,89,98,99,100,101,102,103,104,105,106,107,108,109,110,111,112,113,114,115,116,117,118,119,120,121,122,123,124,125,126,127,128,129,130,205,212,245,246,247,248,249,250,251,252,253,254,255,306,307,308,309,336,337,338,339,340,341,342,343,344,422,458,572,573,574,575,576,577,578,
213;1;80;186;1;2,4,5,14,16,50,51,57,82,86,87,89,98,99,100,101,102,103,104,105,106,107,108,109,110,111,112,113,114,115,116,117,118,119,120,121,122,123,124,125,126,127,128,129,130,205,212,245,246,247,248,249,250,251,252,253,254,255,306,307,308,309,336,337,338,339,340,341,342,343,344,422,458,572,573,574,575,576,577,578,
225;0;186;343;1;2,4,5,14,16,50,51,57,82,86,87,89,98,99,100,101,102,103,104,105,106,107,108,109,110,111,112,113,114,115,116,117,118,119,120,121,122,123,124,125,126,127,128,129,130,205,212,245,246,247,248,249,250,251,252,253,254,255,306,307,308,309,336,337,338,339,340,341,342,343,344,422,458,572,573,574,575,576,577,578,
225;1;343;449;1;2,4,5,14,16,50,51,57,82,86,87,89,98,99,100,101,102,103,104,105,106,107,108,109,110,111,112,113,114,115,116,117,118,119,120,121,122,123,124,125,126,127,128,129,130,205,212,245,246,247,248,249,250,251,252,253,254,255,306,307,308,309,336,337,338,339,340,341,342,343,344,422,458,572,573,574,575,576,577,578,
57;0;449;623;1;2,4,5,14,16,50,51,57,82,86,87,89,98,99,100,101,102,103,104,105,106,107,108,109,110,111,112,113,114,115,116,117,118,119,120,121,122,123,124,125,126,127,128,129,130,205,212,245,246,247,248,249,250,251,252,253,254,255,306,307,308,309,336,337,338,339,340,341,342,343,344,422,458,572,573,574,575,576,577,578,
57;1;623;724;1;2,4,5,14,16,50,51,57,82,86,87,89,98,99,100,101,102,103,104,105,106,107,108,109,110,111,112,113,114,115,116,117,118,119,120,121,122,123,124,125,126,127,128,129,130,205,212,245,246,247,248,249,250,251,252,253,254,255,306,307,308,309,336,337,338,339,340,341,342,343,344,422,458,572,573,574,575,576,577,578,
8;0;724;830;1;2,4,5,14,16,50,51,57,82,86,87,89,98,99,100,101,102,103,104,105,106,107,108,109,110,111,112,113,114,115,116,117,118,119,120,121,122,123,124,125,126,127,128,129,130,205,212,245,246,247,248,249,250,251,252,253,254,255,306,307,308,309,336,337,338,339,340,341,342,343,344,422,458,572,573,574,575,576,577,578,
11;0;830;874;0;2,4,5,14,16,50,51,57,82,86,87,89,98,99,100,101,102,103,104,105,106,107,108,109,110,111,112,113,114,115,116,117,118,119,120,121,122,123,124,125,126,127,128,129,130,205,212,245,246,247,248,249,250,251,252,253,254,255,306,307,308,309,336,337,338,339,340,341,342,343,344,422,458,572,573,574,575,576,577,578,
11;1;874;980;0;2,4,5,14,16,50,51,57,82,86,87,89,98,99,100,101,102,103,104,105,106,107,108,109,110,111,112,113,114,115,116,117,118,119,120,121,122,123,124,125,126,127,128,129,130,205,212,245,246,247,248,249,250,251,252,253,254,255,306,307,308,309,336,337,338,339,340,341,342,343,344,422,458,572,573,574,575,576,577,578,
3;0;980;1022;0;2,4,5,14,16,50,51,57,82,86,87,89,98,99,100,101,102,103,104,105,106,107,108,109,110,111,112,113,114,115,116,117,118,119,120,121,122,123,124,125,126,127,128,129,130,205,212,245,246,247,248,249,250,251,252,253,254,255,306,307,308,309,336,337,338,339,340,341,342,343,344,422,458,572,573,574,575,576,577,578,
3;1;1022;1050;0;2,4,5,14,16,50,51,57,82,86,87,89,98,99,100,101,102,103,104,105,106,107,108,109,110,111,112,113,114,115,116,117,118,119,120,121,122,123,124,125,126,127,128,129,130,205,212,245,246,247,248,249,250,251,252,253,254,255,306,307,308,309,336,337,338,339,340,341,342,343,344,422,458,572,573,574,575,576,577,578,
219;0;1050;1066;0;2,4,5,14,16,50,51,57,82,86,87,89,98,99,100,101,102,103,104,105,106,107,108,109,110,111,112,113,114,115,116,117,118,119,120,121,122,123,124,125,126,127,128,129,130,205,212,245,246,247,248,249,250,251,252,253,254,255,306,307,308,309,336,337,338,339,340,341,342,343,344,422,458,572,573,574,575,576,577,578,
219;1;1066;1234;0;2,4,5,14,16,50,51,57,82,86,87,89,98,99,100,101,102,103,104,105,106,107,108,109,110,111,112,113,114,115,116,117,118,119,120,121,122,123,124,125,126,127,128,129,130,205,212,245,246,247,248,249,250,251,252,253,254,255,306,307,308,309,336,337,338,339,340,341,342,343,344,422,458,572,573,574,575,576,577,578,
60;0;1234;1340;1;2,4,5,14,16,50,51,57,82,86,87,89,98,99,100,101,102,103,104,105,106,107,108,109,110,111,112,113,114,115,116,117,118,119,120,121,122,123,124,125,126,127,128,129,130,205,212,245,246,247,248,249,250,251,252,253,254,255,306,307,308,309,336,337,338,339,340,341,342,343,344,422,458,572,573,574,575,576,577,578,
161;0;1340;1501;1;2,4,5,14,16,50,51,57,82,86,87,89,98,99,100,101,102,103,104,105,106,107,108,109,110,111,112,113,114,115,116,117,118,119,120,121,122,123,124,125,126,127,128,129,130,205,212,245,246,247,248,249,250,251,252,253,254,255,306,307,308,309,336,337,338,339,340,341,342,343,344,422,458,572,573,574,575,576,577,578,
161;1;1501;1562;1;2,4,5,14,16,50,51,57,82,86,87,89,98,99,100,101,102,103,104,105,106,107,108,109,110,111,112,113,114,115,116,117,118,119,120,121,122,123,124,125,126,127,128,129,130,205,212,245,246,247,248,249,250,251,252,253,254,255,306,307,308,309,336,337,338,339,340,341,342,343,344,422,458,572,573,574,575,576,577,578,
248;0;1562;1587;1;2,4,5,14,16,50,51,57,82,86,87,89,98,99,100,101,102,103,104,105,106,107,108,109,110,111,112,113,114,115,116,117,118,119,120,121,122,123,124,125,126,127,128,129,130,205,212,245,246,247,248,249,250,251,252,253,254,255,306,307,308,309,336,337,338,339,340,341,342,343,344,422,458,572,573,574,575,576,577,578,
16;0;1587;1612;1;2,4,5,14,16,50,51,57,82,86,87,89,98,99,100,101,102,103,104,105,106,107,108,109,110,111,112,113,114,115,116,117,118,119,120,121,122,123,124,125,126,127,128,129,130,205,212,245,246,247,248,249,250,251,252,253,254,255,306,307,308,309,336,337,338,339,340,341,342,343,344,422,458,572,573,574,575,576,577,578,
185;0;1612;1772;1;2,4,5,14,16,50,51,57,82,86,87,89,98,99,100,101,102,103,104,105,106,107,108,109,110,111,112,113,114,115,116,117,118,119,120,121,122,123,124,125,126,127,128,129,130,205,212,245,246,247,248,249,250,251,252,253,254,255,306,307,308,309,336,337,338,339,340,341,342,343,344,422,458,572,573,574,575,576,577,578,
185;1;1772;1940;1;2,4,5,14,16,50,51,57,82,86,87,89,98,99,100,101,102,103,104,105,106,107,108,109,110,111,112,113,114,115,116,117,118,119,120,121,122,123,124,125,126,127,128,129,130,205,212,245,246,247,248,249,250,251,252,253,254,255,306,307,308,309,336,337,338,339,340,341,342,343,344,422,458,572,573,574,575,576,577,578,
209;0;1940;2103;1;2,4,14,50,51,57,58,60,82,86,87,89,98,99,100,101,102,103,104,105,106,107,108,109,110,111,112,113,114,126,127,128,131,132,172,173,174,175,176,177,178,179,190,205,212,306,307,308,309,336,337,338,339,340,341,342,343,344,371,400,401,402,448,449,450,451,452,453,545,546,547,548,549,550,551,552,553,554,555,556,
209;1;2103;2192;1;2,4,14,50,51,57,58,60,82,86,87,89,98,99,100,101,102,103,104,105,106,107,108,109,110,111,112,113,114,126,127,128,131,132,172,173,174,175,176,177,178,179,190,205,212,306,307,308,309,336,337,338,339,340,341,342,343,344,371,400,401,402,448,449,450,451,452,453,545,546,547,548,549,550,551,552,553,554,555,556,
128;0;2192;2233;1;2,4,14,50,51,57,58,60,82,86,87,89,98,99,100,101,102,103,104,105,106,107,108,109,110,111,112,113,114,126,127,128,131,132,172,173,174,175,176,177,178,179,190,205,212,306,307,308,309,336,337,338,339,340,341,342,343,344,371,400,401,402,448,449,450,451,452,453,545,546,547,548,549,550,551,552,553,554,555,556,
145;0;2233;2373;1;2,4,14,50,51,57,58,60,82,86,87,89,98,99,100,101,102,103,104,105,106,107,108,109,110,111,112,113,114,126,127,128,131,132,172,173,174,175,176,177,178,179,190,205,212,306,307,308,309,336,337,338,339,340,341,342,343,344,371,400,401,402,448,449,450,451,452,453,545,546,547,548,549,550,551,552,553,554,555,556,
145;1;2373;2474;1;2,4,14,50,51,57,58,60,82,86,87,89,98,99,100,101,102,103,104,105,106,107,108,109,110,111,112,113,114,126,127,128,131,132,172,173,174,175,176,177,178,179,190,205,212,306,307,308,309,336,337,338,339,340,341,342,343,344,371,400,401,402,448,449,450,451,452,453,545,546,547,548,549,550,551,552,553,554,555,556,
140;0;2474;2563;1;2,4,14,50,51,57,58,60,82,86,87,89,98,99,100,101,102,103,104,105,106,107,108,109,110,111,112,113,114,126,127,128,131,132,172,173,174,175,176,177,178,179,190,205,212,306,307,308,309,336,337,338,339,340,341,342,343,344,371,400,401,402,448,449,450,451,452,453,545,546,547,548,549,550,551,552,553,554,555,556,
180;0;2563;2652;1;2,4,14,50,51,57,58,60,82,86,87,89,98,99,100,101,102,103,104,105,106,107,108,109,110,111,112,113,114,126,127,128,131,132,172,173,174,175,176,177,178,179,190,205,212,306,307,308,309,336,337,338,339,340,341,342,343,344,371,400,401,402,448,449,450,451,452,453,545,546,547,548,549,550,551,552,553,554,555,556,
105;0;2652;2822;1;2,4,14,50,51,57,58,60,82,86,87,89,98,99,100,101,102,103,104,105,106,107,108,109,110,111,112,113,114,126,127,128,131,132,172,173,174,175,176,177,178,179,190,205,212,306,307,308,309,336,337,338,339,340,341,342,343,344,371,400,401,402,448,449,450,451,452,453,545,546,547,548,549,550,551,552,553,554,555,556,
105;1;2822;2911;1;2,4,14,50,51,57,58,60,82,86,87,89,98,99,100,101,102,103,104,105,106,107,108,109,110,111,112,113,114,126,127,128,131,132,172,173,174,175,176,177,178,179,190,205,212,306,307,308,309,336,337,338,339,340,341,342,343,344,371,400,401,402,448,449,450,451,452,453,545,546,547,548,549,550,551,552,553,554,555,556,
85;0;2911;3086;1;2,4,14,50,51,57,58,60,82,86,87,89,98,99,100,101,102,103,104,105,106,107,108,109,110,111,112,113,114,126,127,128,131,132,172,173,174,175,176,177,178,179,190,205,212,306,307,308,309,336,337,338,339,340,341,342,343,344,371,400,401,402,448,449,450,451,452,453,545,546,547,548,549,550,551,552,553,554,555,556,
85;1;3086;3127;1;2,4,14,50,51,57,58,60,82,86,87,89,98,99,100,101,102,103,104,105,106,107,108,109,110,111,112,113,114,126,127,128,131,132,172,173,174,175,176,177,178,179,190,205,212,306,307,308,309,336,337,338,339,340,341,342,343,344,371,400,401,402,448,449,450,451,452,453,545,546,547,548,549,550,551,552,553,554,555,556,
169;0;3127;3191;1;2,4,14,50,51,57,58,60,82,86,87,89,98,99,100,101,102,103,104,105,106,107,108,109,110,111,112,113,114,126,127,128,131,132,172,173,174,175,176,177,178,179,190,205,212,306,307,308,309,336,337,338,339,340,341,342,343,344,371,400,401,402,448,449,450,451,452,453,545,546,547,548,549,550,551,552,553,554,555,556,
169;1;3191;3280;1;2,4,14,50,51,57,58,60,82,86,87,89,98,99,100,101,102,103,104,105,106,107,108,109,110,111,112,113,114,126,127,128,131,132,172,173,174,175,176,177,178,179,190,205,212,306,307,308,309,336,337,338,339,340,341,342,343,344,371,400,401,402,448,449,450,451,452,453,545,546,547,548,549,550,551,552,553,554,555,556,
90;0;3280;3308;0;2,4,14,50,51,57,58,60,82,86,87,89,98,99,100,101,102,103,104,105,106,107,108,109,110,111,112,113,114,126,127,128,131,132,172,173,174,175,176,177,178,179,190,205,212,306,307,308,309,336,337,338,339,340,341,342,343,344,371,400,401,402,448,449,450,451,452,453,545,546,547,548,549,550,551,552,553,554,555,556,
204;0;3308;3397;1;2,4,14,50,51,57,58,60,82,86,87,89,98,99,100,101,102,103,104,105,106,107,108,109,110,111,112,113,114,126,127,128,131,132,172,173,174,175,176,177,178,179,190,205,212,306,307,308,309,336,337,338,339,340,341,342,343,344,371,400,401,402,448,449,450,451,452,453,545,546,547,548,549,550,551,552,553,554,555,556,
21;0;3397;3485;1;2,4,14,50,51,57,58,60,82,86,87,89,98,99,100,101,102,103,104,105,106,107,108,109,110,111,112,113,114,126,127,128,131,132,172,173,174,175,176,177,178,179,190,205,212,306,307,308,309,336,337,338,339,340,341,342,343,344,371,400,401,402,448,449,450,451,452,453,545,546,547,548,549,550,551,552,553,554,555,556,
21;1;3485;3591;1;2,4,14,50,51,57,58,60,82,86,87,89,98,99,100,101,102,103,104,105,106,107,108,109,110,111,112,113,114,126,127,128,131,132,172,173,174,175,176,177,178,179,190,205,212,306,307,308,309,336,337,338,339,340,341,342,343,344,371,400,401,402,448,449,450,451,452,453,545,546,547,548,549,550,551,552,553,554,555,556,
229;0;3591;3743;1;2,4,14,50,51,57,58,60,82,86,87,89,98,99,100,101,102,103,104,105,106,107,108,109,110,111,112,113,114,126,127,128,131,132,172,173,174,175,176,177,178,179,190,205,212,306,307,308,309,336,337,338,339,340,341,342,343,344,371,400,401,402,448,449,450,451,452,453,545,546,547,548,549,550,551,552,553,554,555,556,
229;1;3743;3849;1;2,4,14,50,51,57,58,60,82,86,87,89,98,99,100,101,102,103,104,105,106,107,108,109,110,111,112,113,114,126,127,128,131,132,172,173,174,175,176,177,178,179,190,205,212,306,307,308,309,336,337,338,339,340,341,342,343,344,371,400,401,402,448,449,450,451,452,453,545,546,547,548,549,550,551,552,553,554,555,556,
12;0;3849;3890;1;2,4,14,50,51,57,58,60,82,86,87,89,98,99,100,101,102,103,104,105,106,107,108,109,110,111,112,113,114,126,127,128,131,132,172,173,174,175,176,177,178,179,190,205,212,306,307,308,309,336,337,338,339,340,341,342,343,344,371,400,401,402,448,449,450,451,452,453,545,546,547,548,549,550,551,552,553,554,555,556,
96;0;3890;3979;1;2,4,14,50,51,57,58,60,82,86,87,89,98,99,100,101,102,103,104,105,106,107,108,109,110,111,112,113,114,126,127,128,131,132,172,173,174,175,176,177,178,179,190,205,212,306,307,308,309,336,337,338,339,340,341,342,343,344,371,400,401,402,448,449,450,451,452,453,545,546,547,548,549,550,551,552,553,554,555,556,
70;0;3979;3983;0;2,4,14,50,51,57,58,60,82,86,87,89,98,99,100,101,102,103,104,105,106,107,108,109,110,111,112,113,114,126,127,128,131,132,172,173,174,175,176,177,178,179,190,205,212,306,307,308,309,336,337,338,339,340,341,342,343,344,371,400,401,402,448,449,450,451,452,453,545,546,547,548,549,550,551,552,553,554,555,556,
28;0;3983;4011;1;2,4,14,50,51,57,58,60,82,86,87,89,98,99,100,101,102,103,104,105,106,107,108,109,110,111,112,113,114,126,127,128,131,132,172,173,174,175,176,177,178,179,190,205,212,306,307,308,309,336,337,338,339,340,341,342,343,344,371,400,401,402,448,449,450,451,452,453,545,546,547,548,549,550,551,552,553,554,555,556,
246;0;4011;4052;0;2,4,14,50,51,57,58,60,82,86,87,89,98,99,100,101,102,103,104,105,106,107,108,109,110,111,112,113,114,126,127,128,131,132,172,173,174,175,176,177,178,179,190,205,212,306,307,308,309,336,337,338,339,340,341,342,343,344,371,400,401,402,448,449,450,451,452,453,545,546,547,548,549,550,551,552,553,554,555,556,
31;0;4052;4081;0;2,4,14,50,51,57,58,60,82,86,87,89,98,99,100,101,102,103,104,105,106,107,108,109,110,111,112,113,114,126,127,128,131,132,172,173,174,175,176,177,178,179,190,205,212,306,307,308,309,336,337,338,339,340,341,342,343,344,371,400,401,402,448,449,450,451,452,453,545,546,547,548,549,550,551,552,553,554,555,556,
31;1;4081;4109;0;2,4,14,50,51,57,58,60,82,86,87,89,98,99,100,101,102,103,104,105,106,107,108,109,110,111,112,113,114,126,127,128,131,132,172,173,174,175,176,177,178,179,190,205,212,306,307,308,309,336,337,338,339,340,341,342,343,344,371,400,401,402,448,449,450,451,452,453,545,546,547,548,549,550,551,552,553,554,555,556,
197;0;4109;4260;1;2,4,14,50,51,57,58,60,82,86,87,89,98,99,100,101,102,103,104,105,106,107,108,109,110,111,112,113,114,126,127,128,131,132,172,173,174,175,176,177,178,179,190,205,212,306,307,308,309,336,337,338,339,340,341,342,343,344,371,400,401,402,448,449,450,451,452,453,545,546,547,548,549,550,551,552,553,554,555,556,
197;1;4260;4377;1;2,4,14,50,51,57,58,60,82,86,87,89,98,99,100,101,102,103,104,105,106,107,108,109,110,111,112,113,114,126,127,128,131,132,172,173,174,175,176,177,178,179,190,205,212,306,307,308,309,336,337,338,339,340,341,342,343,344,371,400,401,402,448,449,450,451,452,453,545,546,547,548,549,550,551,552,553,554,555,556,
65;0;4377;4466;1;2,4,14,50,51,57,58,60,82,86,87,89,98,99,100,101,102,103,104,105,106,107,108,109,110,111,112,113,114,126,127,128,131,132,172,173,174,175,176,177,178,179,190,205,212,306,307,308,309,336,337,338,339,340,341,342,343,344,371,400,401,402,448,449,450,451,452,453,545,546,547,548,549,550,551,552,553,554,555,556,
65;1;4466;4583;1;2,4,14,50,51,57,58,60,82,86,87,89,98,99,100,101,102,103,104,105,106,107,108,109,110,111,112,113,114,126,127,128,131,132,172,173,174,175,176,177,178,179,190,205,212,306,307,308,309,336,337,338,339,340,341,342,343,344,371,400,401,402,448,449,450,451,452,453,545,546,547,548,549,550,551,552,553,554,555,556,
201;0;4583;4597;1;2,4,14,50,51,57,58,60,82,86,87,89,98,99,100,101,102,103,104,105,106,107,108,109,110,111,112,113,114,126,127,128,131,132,172,173,174,175,176,177,178,179,190,205,212,306,307,308,309,336,337,338,339,340,341,342,343,344,371,400,401,402,448,449,450,451,452,453,545,546,547,548,549,550,551,552,553,554,555,556,
201;1;4597;4698;1;2,4,14,50,51,57,58,60,82,86,87,89,98,99,100,101,102,103,104,105,106,107,108,109,110,111,112,113,114,126,127,128,131,132,172,173,174,175,176,177,178,179,190,205,212,306,307,308,309,336,337,338,339,340,341,342,343,344,371,400,401,402,448,449,450,451,452,453,545,546,547,548,549,550,551,552,553,554,555,556,
73;0;4698;4760;1;2,4,14,50,51,57,58,60,82,86,87,89,98,99,100,101,102,103,104,105,106,107,108,109,110,111,112,113,114,126,127,128,131,132,172,173,174,175,176,177,178,179,190,205,212,306,307,308,309,336,337,338,339,340,341,342,343,344,371,400,401,402,448,449,450,451,452,453,545,546,547,548,549,550,551,552,553,554,555,556,
73;1;4760;4928;1;2,4,14,50,51,57,58,60,82,86,87,89,98,99,100,101,102,103,104,105,106,107,108,109,110,111,112,113,114,126,127,128,131,132,172,173,174,175,176,177,178,179,190,205,212,306,307,308,309,336,337,338,339,340,341,342,343,344,371,400,401,402,448,449,450,451,452,453,545,546,547,548,549,550,551,552,553,554,555,556,
184;0;4928;5075;1;12,14,26,50,51,55,56,57,58,59,60,61,62,63,64,65,66,67,68,82,86,87,89,110,126,127,131,132,133,134,135,136,137,138,139,140,141,142,143,144,145,146,147,148,149,150,151,152,153,154,155,156,157,158,159,160,161,162,163,164,165,172,190,371,400,401,402,403,404,441,442,443,444,445,446,447,608,609,610,611,
216;0;5075;5079;1;12,14,26,50,51,55,56,57,58,59,60,61,62,63,64,65,66,67,68,82,86,87,89,110,126,127,131,132,133,134,135,136,137,138,139,140,141,142,143,144,145,146,147,148,149,150,151,152,153,154,155,156,157,158,159,160,161,162,163,164,165,172,190,371,400,401,402,403,404,441,442,443,444,445,446,447,608,609,610,611,
9;0;5079;5139;1;12,14,26,50,51,55,56,57,58,59,60,61,62,63,64,65,66,67,68,82,86,87,89,110,126,127,131,132,133,134,135,136,137,138,139,140,141,142,143,144,145,146,147,148,149,150,151,152,153,154,155,156,157,158,159,160,161,162,163,164,165,172,190,371,400,401,402,403,404,441,442,443,444,445,446,447,608,609,610,611,
9;1;5139;5213;1;12,14,26,50,51,55,56,57,58,59,60,61,62,63,64,65,66,67,68,82,86,87,89,110,126,127,131,132,133,134,135,136,137,138,139,140,141,142,143,144,145,146,147,148,149,150,151,152,153,154,155,156,157,158,159,160,161,162,163,164,165,172,190,371,400,401,402,403,404,441,442,443,444,445,446,447,608,609,610,611,
141;0;5213;5266;1;12,14,26,50,51,55,56,57,58,59,60,61,62,63,64,65,66,67,68,82,86,87,89,110,126,127,131,132,133,134,135,136,137,138,139,140,141,142,143,144,145,146,147,148,149,150,151,152,153,154,155,156,157,158,159,160,161,162,163,164,165,172,190,371,400,401,402,403,404,441,442,443,444,445,446,447,608,609,610,611,
141;1;5266;5340;1;12,14,26,50,51,55,56,57,58,59,60,61,62,63,64,65,66,67,68,82,86,87,89,110,126,127,131,132,133,134,135,136,137,138,139,140,141,142,143,144,145,146,147,148,149,150,151,152,153,154,155,156,157,158,159,160,161,162,163,164,165,172,190,371,400,401,402,403,404,441,442,443,444,445,446,447,608,609,610,611,
247;0;5340;5362;0;12,14,26,50,51,55,56,57,58,59,60,61,62,63,64,65,66,67,68,82,86,87,89,110,126,127,131,132,133,134,135,136,137,138,139,140,141,142,143,144,145,146,147,148,149,150,151,152,153,154,155,156,157,158,159,160,161,162,163,164,165,172,190,371,400,401,402,403,404,441,442,443,444,445,446,447,608,609,610,611,
247;1;5362;5509;0;12,14,26,50,51,55,56,57,58,59,60,61,62,63,64,65,66,67,68,82,86,87,89,110,126,127,131,132,133,134,135,136,137,138,139,140,141,142,143,144,145,146,147,148,149,150,151,152,153,154,155,156,157,158,159,160,161,162,163,164,165,172,190,371,400,401,402,403,404,441,442,443,444,445,446,447,608,609,610,611,
133;0;5509;5607;1;12,14,26,50,51,55,56,57,58,59,60,61,62,63,64,65,66,67,68,82,86,87,89,110,126,127,131,132,133,134,135,136,137,138,139,140,141,142,143,144,145,146,147,148,149,150,151,152,153,154,155,156,157,158,159,160,161,162,163,164,165,172,190,371,400,401,402,403,404,441,442,443,444,445,446,447,608,609,610,611,
133;1;5607;5775;1;12,14,26,50,51,55,56,57,58,59,60,61,62,63,64,65,66,67,68,82,86,87,89,110,126,127,131,132,133,134,135,136,137,138,139,140,141,142,143,144,145,146,147,148,149,150,151,152,153,154,155,156,157,158,159,160,161,162,163,164,165,172,190,371,400,401,402,403,404,441,442,443,444,445,446,447,608,609,610,611,
144;0;5775;5779;1;12,14,26,50,51,55,56,57,58,59,60,61,62,63,64,65,66,67,68,82,86,87,89,110,126,127,131,132,133,134,135,136,137,138,139,140,141,142,143,144,145,146,147,148,149,150,151,152,153,154,155,156,157,158,159,160,161,162,163,164,165,172,190,371,400,401,402,403,404,441,442,443,444,445,446,447,608,609,610,611,
129;0;5779;5920;1;12,14,26,50,51,55,56,57,58,59,60,61,62,63,64,65,66,67,68,82,86,87,89,110,126,127,131,132,133,134,135,136,137,138,139,140,141,142,143,144,145,146,147,148,149,150,151,152,153,154,155,156,157,158,159,160,161,162,163,164,165,172,190,371,400,401,402,403,404,441,442,443,444,445,446,447,608,609,610,611,
129;1;5920;5973;1;12,14,26,50,51,55,56,57,58,59,60,61,62,63,64,65,66,67,68,82,86,87,89,110,126,127,131,132,133,134,135,136,137,138,139,140,141,142,143,144,145,146,147,148,149,150,151,152,153,154,155,156,157,158,159,160,161,162,163,164,165,172,190,371,400,401,402,403,404,441,442,443,444,445,446,447,608,609,610,611,
61;0;5973;6064;1;12,14,26,50,51,55,56,57,58,59,60,61,62,63,64,65,66,67,68,82,86,87,89,110,126,127,131,132,133,134,135,136,137,138,139,140,141,142,143,144,145,146,147,148,149,150,151,152,153,154,155,156,157,158,159,160,161,162,163,164,165,172,190,371,400,401,402,403,404,441,442,443,444,445,446,447,608,609,610,611,
61;1;6064;6105;1;12,14,26,50,51,55,56,57,58,59,60,61,62,63,64,65,66,67,68,82,86,87,89,110,126,127,131,132,133,134,135,136,137,138,139,140,141,142,143,144,145,146,147,148,149,150,151,152,153,154,155,156,157,158,159,160,161,162,163,164,165,172,190,371,400,401,402,403,404,441,442,443,444,445,446,447,608,609,610,611,
203;0;6105;6158;0;12,14,26,50,51,55,56,57,58,59,60,61,62,63,64,65,66,67,68,82,86,87,89,110,126,127,131,132,133,134,135,136,137,138,139,140,141,142,143,144,145,146,147,148,149,150,151,152,153,154,155,156,157,158,159,160,161,162,163,164,165,172,190,371,400,401,402,403,404,441,442,443,444,445,446,447,608,609,610,611,
203;1;6158;6292;0;12,14,26,50,51,55,56,57,58,59,60,61,62,63,64,65,66,67,68,82,86,87,89,110,126,127,131,132,133,134,135,136,137,138,139,140,141,142,143,144,145,146,147,148,149,150,151,152,153,154,155,156,157,158,159,160,161,162,163,164,165,172,190,371,400,401,402,403,404,441,442,443,444,445,446,447,608,609,610,611,
134;0;6292;6366;0;12,14,26,50,51,55,56,57,58,59,60,61,62,63,64,65,66,67,68,82,86,87,89,110,126,127,131,132,133,134,135,136,137,138,139,140,141,142,143,144,145,146,147,148,149,150,151,152,153,154,155,156,157,158,159,160,161,162,163,164,165,172,190,371,400,401,402,403,404,441,442,443,444,445,446,447,608,609,610,611,
7;0;6366;6470;0;14,18,25,26,50,51,55,56,57,58,59,60,61,62,63,64,65,66,67,68,81,82,83,84,85,86,87,88,89,90,91,92,93,94,95,96,97,110,126,127,131,132,145,172,190,371,381,382,383,400,401,402,403,404,441,442,443,444,445,446,447,557,558,559,560,561,562,563,564,565,566,567,568,569,570,571,608,609,610,611,
7;1;6470;6515;0;14,18,25,26,50,51,55,56,57,58,59,60,61,62,63,64,65,66,67,68,81,82,83,84,85,86,87,88,89,90,91,92,93,94,95,96,97,110,126,127,131,132,145,172,190,371,381,382,383,400,401,402,403,404,441,442,443,444,445,446,447,557,558,559,560,561,562,563,564,565,566,567,568,569,570,571,608,609,610,611,
48;0;6515;6662;1;14,18,25,26,50,51,55,56,57,58,59,60,61,62,63,64,65,66,67,68,81,82,83,84,85,86,87,88,89,90,91,92,93,94,95,96,97,110,126,127,131,132,145,172,190,371,381,382,383,400,401,402,403,404,441,442,443,444,445,446,447,557,558,559,560,561,562,563,564,565,566,567,568,569,570,571,608,609,610,611,
198;0;6662;6666;0;14,18,25,26,50,51,55,56,57,58,59,60,61,62,63,64,65,66,67,68,81,82,83,84,85,86,87,88,89,90,91,92,93,94,95,96,97,110,126,127,131,132,145,172,190,371,381,382,383,400,401,402,403,404,441,442,443,444,445,446,447,557,558,559,560,561,562,563,564,565,566,567,568,569,570,571,608,609,610,611,
226;0;6666;6694;0;14,18,25,26,50,51,55,56,57,58,59,60,61,62,63,64,65,66,67,68,81,82,83,84,85,86,87,88,89,90,91,92,93,94,95,96,97,110,126,127,131,132,145,172,190,371,381,382,383,400,401,402,403,404,441,442,443,444,445,446,447,557,558,559,560,561,562,563,564,565,566,567,568,569,570,571,608,609,610,611,
196;0;6694;6739;1;14,18,25,26,50,51,55,56,57,58,59,60,61,62,63,64,65,66,67,68,81,82,83,84,85,86,87,88,89,90,91,92,93,94,95,96,97,110,126,127,131,132,145,172,190,371,381,382,383,400,401,402,403,404,441,442,443,444,445,446,447,557,558,559,560,561,562,563,564,565,566,567,568,569,570,571,608,609,610,611,
245;0;6739;6775;1;14,18,25,26,50,51,55,56,57,58,59,60,61,62,63,64,65,66,67,68,81,82,83,84,85,86,87,88,89,90,91,92,93,94,95,96,97,110,126,127,131,132,145,172,190,371,381,382,383,400,401,402,403,404,441,442,443,444,445,446,447,557,558,559,560,561,562,563,564,565,566,567,568,569,570,571,608,609,610,611,
245;1;6775;6792;1;14,18,25,26,50,51,55,56,57,58,59,60,61,62,63,64,65,66,67,68,81,82,83,84,85,86,87,88,89,90,91,92,93,94,95,96,97,110,126,127,131,132,145,172,190,371,381,382,383,400,401,402,403,404,441,442,443,444,445,446,447,557,558,559,560,561,562,563,564,565,566,567,568,569,570,571,608,609,610,611,
59;0;6792;6824;0;14,18,25,26,50,51,55,56,57,58,59,60,61,62,63,64,65,66,67,68,81,82,83,84,85,86,87,88,89,90,91,92,93,94,95,96,97,110,126,127,131,132,145,172,190,371,381,382,383,400,401,402,403,404,441,442,443,444,445,446,447,557,558,559,560,561,562,563,564,565,566,567,568,569,570,571,608,609,610,611,
59;1;6824;6869;0;14,18,25,26,50,51,55,56,57,58,59,60,61,62,63,64,65,66,67,68,81,82,83,84,85,86,87,88,89,90,91,92,93,94,95,96,97,110,126,127,131,132,145,172,190,371,381,382,383,400,401,402,403,404,441,442,443,444,445,446,447,557,558,559,560,561,562,563,564,565,566,567,568,569,570,571,608,609,610,611,
101;0;6869;6875;1;14,18,25,26,50,51,55,56,57,58,59,60,61,62,63,64,65,66,67,68,81,82,83,84,85,86,87,88,89,90,91,92,93,94,95,96,97,110,126,127,131,132,145,172,190,371,381,382,383,400,401,402,403,404,441,442,443,444,445,446,447,557,558,559,560,561,562,563,564,565,566,567,568,569,570,571,608,609,610,611,
101;1;6875;6892;1;14,18,25,26,50,51,55,56,57,58,59,60,61,62,63,64,65,66,67,68,81,82,83,84,85,86,87,88,89,90,91,92,93,94,95,96,97,110,126,127,131,132,145,172,190,371,381,382,383,400,401,402,403,404,441,442,443,444,445,446,447,557,558,559,560,561,562,563,564,565,566,567,568,569,570,571,608,609,610,611,
5;0;6892;6978;1;14,18,25,26,50,51,55,56,57,58,59,60,61,62,63,64,65,66,67,68,81,82,83,84,85,86,87,88,89,90,91,92,93,94,95,96,97,110,126,127,131,132,145,172,190,371,381,382,383,400,401,402,403,404,441,442,443,444,445,446,447,557,558,559,560,561,562,563,564,565,566,567,568,569,570,571,608,609,610,611,
5;1;6978;7125;1;14,18,25,26,50,51,55,56,57,58,59,60,61,62,63,64,65,66,67,68,81,82,83,84,85,86,87,88,89,90,91,92,93,94,95,96,97,110,126,127,131,132,145,172,190,371,381,382,383,400,401,402,403,404,441,442,443,444,445,446,447,557,558,559,560,561,562,563,564,565,566,567,568,569,570,571,608,609,610,611,
56;0;7125;7259;1;14,18,25,26,50,51,55,56,57,58,59,60,61,62,63,64,65,66,67,68,81,82,83,84,85,86,87,88,89,90,91,92,93,94,95,96,97,110,126,127,131,132,145,172,190,371,381,382,383,400,401,402,403,404,441,442,443,444,445,446,447,557,558,559,560,561,562,563,564,565,566,567,568,569,570,571,608,609,610,611,
41;0;7259;7352;1;14,18,25,26,50,51,55,56,57,58,59,60,61,62,63,64,65,66,67,68,81,82,83,84,85,86,87,88,89,90,91,92,93,94,95,96,97,110,126,127,131,132,145,172,190,371,381,382,383,400,401,402,403,404,441,442,443,444,445,446,447,557,558,559,560,561,562,563,564,565,566,567,568,569,570,571,608,609,610,611,
41;1;7352;7356;1;14,18,25,26,50,51,55,56,57,58,59,60,61,62,63,64,65,66,67,68,81,82,83,84,85,86,87,88,89,90,91,92,93,94,95,96,97,110,126,127,131,132,145,172,190,371,381,382,383,400,401,402,403,404,441,442,443,444,445,446,447,557,558,559,560,561,562,563,564,565,566,567,568,569,570,571,608,609,610,611,
49;0;7356;7516;1;14,18,25,26,50,51,55,56,57,58,59,60,61,62,63,64,65,66,67,68,81,82,83,84,85,86,87,88,89,90,91,92,93,94,95,96,97,110,126,127,131,132,145,172,190,371,381,382,383,400,401,402,403,404,441,442,443,444,445,446,447,557,558,559,560,561,562,563,564,565,566,567,568,569,570,571,608,609,610,611,
49;1;7516;7520;1;14,18,25,26,50,51,55,56,57,58,59,60,61,62,63,64,65,66,67,68,81,82,83,84,85,86,87,88,89,90,91,92,93,94,95,96,97,110,126,127,131,132,145,172,190,371,381,382,383,400,401,402,403,404,441,442,443,444,445,446,447,557,558,559,560,561,562,563,564,565,566,567,568,569,570,571,608,609,610,611,
174;0;7520;7565;0;14,18,25,26,50,51,55,56,57,58,59,60,61,62,63,64,65,66,67,68,81,82,83,84,85,86,87,88,89,90,91,92,93,94,95,96,97,110,126,127,131,132,145,172,190,371,381,382,383,400,401,402,403,404,441,442,443,444,445,446,447,557,558,559,560,561,562,563,564,565,566,567,568,569,570,571,608,609,610,611,
121;0;7565;7604;1;14,18,25,26,55,56,57,58,60,81,82,83,84,85,86,87,88,89,90,91,92,93,94,95,96,97,110,126,127,131,132,145,172,190,371,381,382,383,390,400,401,402,403,404,441,442,443,444,445,446,447,558,579,580,581,582,583,584,585,586,587,588,589,590,591,592,593,594,595,596,597,598,599,600,601,602,608,609,610,611,
121;1;7604;7782;1;14,18,25,26,55,56,57,58,60,81,82,83,84,85,86,87,88,89,90,91,92,93,94,95,96,97,110,126,127,131,132,145,172,190,371,381,382,383,390,400,401,402,403,404,441,442,443,444,445,446,447,558,579,580,581,582,583,584,585,586,587,588,589,590,591,592,593,594,595,596,597,598,599,600,601,602,608,609,610,611,
76;0;7782;7827;1;14,18,25,26,55,56,57,58,60,81,82,83,84,85,86,87,88,89,90,91,92,93,94,95,96,97,110,126,127,131,132,145,172,190,371,381,382,383,390,400,401,402,403,404,441,442,443,444,445,446,447,558,579,580,581,582,583,584,585,586,587,588,589,590,591,592,593,594,595,596,597,598,599,600,601,602,608,609,610,611,
93;0;7827;7860;1;14,18,25,26,55,56,57,58,60,81,82,83,84,85,86,87,88,89,90,91,92,93,94,95,96,97,110,126,127,131,132,145,172,190,371,381,382,383,390,400,401,402,403,404,441,442,443,444,445,446,447,558,579,580,581,582,583,584,585,586,587,588,589,590,591,592,593,594,595,596,597,598,599,600,601,602,608,609,610,611,
93;1;7860;7913;1;14,18,25,26,55,56,57,58,60,81,82,83,84,85,86,87,88,89,90,91,92,93,94,95,96,97,110,126,127,131,132,145,172,190,371,381,382,383,390,400,401,402,403,404,441,442,443,444,445,446,447,558,579,580,581,582,583,584,585,586,587,588,589,590,591,592,593,594,595,596,597,598,599,600,601,602,608,609,610,611,
111;0;7913;7959;0;14,18,25,26,57,58,60,71,73,82,86,87,88,89,110,126,131,132,145,172,180,181,182,183,184,185,186,187,188,189,190,191,192,193,194,195,196,197,198,199,200,201,221,318,369,370,371,372,373,374,375,376,377,378,379,380,381,382,383,384,400,401,402,441,442,443,444,445,446,447,608,609,610,611,615,616,617,618,619,620,
111;1;7959;8093;0;14,18,25,26,57,58,60,71,73,82,86,87,88,89,110,126,131,132,145,172,180,181,182,183,184,185,186,187,188,189,190,191,192,193,194,195,196,197,198,199,200,201,221,318,369,370,371,372,373,374,375,376,377,378,379,380,381,382,383,384,400,401,402,441,442,443,444,445,446,447,608,609,610,611,615,616,617,618,619,620,
18;0;8093;8188;0;14,18,25,26,57,58,60,71,73,82,86,87,88,89,110,126,131,132,145,172,180,181,182,183,184,185,186,187,188,189,190,191,192,193,194,195,196,197,198,199,200,201,221,318,369,370,371,372,373,374,375,376,377,378,379,380,381,382,383,384,400,401,402,441,442,443,444,445,446,447,608,609,610,611,615,616,617,618,619,620,
177;0;8188;8222;1;14,18,25,26,57,58,60,71,73,82,86,87,88,89,110,126,131,132,145,172,180,181,182,183,184,185,186,187,188,189,190,191,192,193,194,195,196,197,198,199,200,201,221,318,369,370,371,372,373,374,375,376,377,378,379,380,381,382,383,384,400,401,402,441,442,443,444,445,446,447,608,609,610,611,615,616,617,618,619,620,
177;1;8222;8356;1;14,18,25,26,57,58,60,71,73,82,86,87,88,89,110,126,131,132,145,172,180,181,182,183,184,185,186,187,188,189,190,191,192,193,194,195,196,197,198,199,200,201,221,318,369,370,371,372,373,374,375,376,377,378,379,380,381,382,383,384,400,401,402,441,442,443,444,445,446,447,608,609,610,611,615,616,617,618,619,620,
230;0;8356;8360;0;14,18,25,26,57,58,60,71,73,82,86,87,88,89,110,126,131,132,145,172,180,181,182,183,184,185,186,187,188,189,190,191,192,193,194,195,196,197,198,199,200,201,221,318,369,370,371,372,373,374,375,376,377,378,379,380,381,382,383,384,400,401,402,441,442,443,444,445,446,447,608,609,610,611,615,616,617,618,619,620,
138;0;8360;8364;0;14,18,25,26,57,58,60,71,73,82,86,87,88,89,110,126,131,132,145,172,180,181,182,183,184,185,186,187,188,189,190,191,192,193,194,195,196,197,198,199,200,201,221,318,369,370,371,372,373,374,375,376,377,378,379,380,381,382,383,384,400,401,402,441,442,443,444,445,446,447,608,609,610,611,615,616,617,618,619,620,
35;0;8364;8408;0;14,18,25,26,57,58,60,71,73,82,86,87,88,89,110,126,131,132,145,172,180,181,182,183,184,185,186,187,188,189,190,191,192,193,194,195,196,197,198,199,200,201,221,318,369,370,371,372,373,374,375,376,377,378,379,380,381,382,383,384,400,401,402,441,442,443,444,445,446,447,608,609,610,611,615,616,617,618,619,620,
35;1;8408;8500;0;14,18,25,26,57,58,60,71,73,82,86,87,88,89,110,126,131,132,145,172,180,181,182,183,184,185,186,187,188,189,190,191,192,193,194,195,196,197,198,199,200,201,221,318,369,370,371,372,373,374,375,376,377,378,379,380,381,382,383,384,400,401,402,441,442,443,444,445,446,447,608,609,610,611,615,616,617,618,619,620,
99;0;8500;8537;0;14,18,25,26,57,58,60,71,73,82,86,87,88,89,110,126,131,132,145,172,180,181,182,183,184,185,186,187,188,189,190,191,192,193,194,195,196,197,198,199,200,201,221,318,369,370,371,372,373,374,375,376,377,378,379,380,381,382,383,384,400,401,402,441,442,443,444,445,446,447,608,609,610,611,615,616,617,618,619,620,
99;1;8537;8629;0;14,18,25,26,57,58,60,71,73,82,86,87,88,89,110,126,131,132,145,172,180,181,182,183,184,185,186,187,188,189,190,191,192,193,194,195,196,197,198,199,200,201,221,318,369,370,371,372,373,374,375,376,377,378,379,380,381,382,383,384,400,401,402,441,442,443,444,445,446,447,608,609,610,611,615,616,617,618,619,620,
92;0;8629;8724;1;14,18,25,26,57,58,60,71,73,82,86,87,88,89,110,126,131,132,145,172,180,181,182,183,184,185,186,187,188,189,190,191,192,193,194,195,196,197,198,199,200,201,221,318,369,370,371,372,373,374,375,376,377,378,379,380,381,382,383,384,400,401,402,441,442,443,444,445,446,447,608,609,610,611,615,616,617,618,619,620,
173;0;8724;8763;1;14,18,25,26,57,58,60,71,73,82,86,87,88,89,110,126,131,132,145,172,180,181,182,183,184,185,186,187,188,189,190,191,192,193,194,195,196,197,198,199,200,201,221,318,369,370,371,372,373,374,375,376,377,378,379,380,381,382,383,384,400,401,402,441,442,443,444,445,446,447,608,609,610,611,615,616,617,618,619,620,
173;1;8763;8804;1;14,18,25,26,57,58,60,71,73,82,86,87,88,89,110,126,131,132,145,172,180,181,182,183,184,185,186,187,188,189,190,191,192,193,194,195,196,197,198,199,200,201,221,318,369,370,371,372,373,374,375,376,377,378,379,380,381,382,383,384,400,401,402,441,442,443,444,445,446,447,608,609,610,611,615,616,617,618,619,620,
143;0;8804;8877;0;14,18,25,26,57,58,60,71,73,82,86,87,88,89,110,126,131,132,145,172,180,181,182,183,184,185,186,187,188,189,190,191,192,193,194,195,196,197,198,199,200,201,221,318,369,370,371,372,373,374,375,376,377,378,379,380,381,382,383,384,400,401,402,441,442,443,444,445,446,447,608,609,610,611,615,616,617,618,619,620,
143;1;8877;8969;0;14,18,25,26,57,58,60,71,73,82,86,87,88,89,110,126,131,132,145,172,180,181,182,183,184,185,186,187,188,189,190,191,192,193,194,195,196,197,198,199,200,201,221,318,369,370,371,372,373,374,375,376,377,378,379,380,381,382,383,384,400,401,402,441,442,443,444,445,446,447,608,609,610,611,615,616,617,618,619,620,
183;0;8969;9043;0;14,18,25,26,57,58,60,71,73,82,86,87,88,89,110,126,131,132,145,172,180,181,182,183,184,185,186,187,188,189,190,191,192,193,194,195,196,197,198,199,200,201,221,318,369,370,371,372,373,374,375,376,377,378,379,380,381,382,383,384,400,401,402,441,442,443,444,445,446,447,608,609,610,611,615,616,617,618,619,620,
183;1;9043;9047;0;14,18,25,26,57,58,60,71,73,82,86,87,88,89,110,126,131,132,145,172,180,181,182,183,184,185,186,187,188,189,190,191,192,193,194,195,196,197,198,199,200,201,221,318,369,370,371,372,373,374,375,376,377,378,379,380,381,382,383,384,400,401,402,441,442,443,444,445,446,447,608,609,610,611,615,616,617,618,619,620,
106;0;9047;9142;0;14,18,25,26,57,58,60,71,73,82,86,87,88,89,110,126,131,132,145,172,180,181,182,183,184,185,186,187,188,189,190,191,192,193,194,195,196,197,198,199,200,201,221,318,369,370,371,372,373,374,375,376,377,378,379,380,381,382,383,384,400,401,402,441,442,443,444,445,446,447,608,609,610,611,615,616,617,618,619,620,
100;0;9142;9237;1;14,18,25,26,57,58,60,71,73,82,86,87,88,89,110,126,131,132,145,172,180,181,182,183,184,185,186,187,188,189,190,191,192,193,194,195,196,197,198,199,200,201,221,318,369,370,371,372,373,374,375,376,377,378,379,380,381,382,383,384,400,401,402,441,442,443,444,445,446,447,608,609,610,611,615,616,617,618,619,620,
132;0;9237;9332;1;14,18,25,26,57,58,60,71,73,82,86,87,88,89,110,126,131,132,145,172,180,181,182,183,184,185,186,187,188,189,190,191,192,193,194,195,196,197,198,199,200,201,221,318,369,370,371,372,373,374,375,376,377,378,379,380,381,382,383,384,400,401,402,441,442,443,444,445,446,447,608,609,610,611,615,616,617,618,619,620,
42;0;9332;9373;0;14,18,25,26,57,58,60,71,73,82,86,87,88,89,110,126,131,132,145,172,180,181,182,183,184,185,186,187,188,189,190,191,192,193,194,195,196,197,198,199,200,201,221,318,369,370,371,372,373,374,375,376,377,378,379,380,381,382,383,384,400,401,402,441,442,443,444,445,446,447,608,609,610,611,615,616,617,618,619,620,
89;0;9373;9509;1;14,18,25,26,57,58,60,71,73,82,86,87,88,89,110,126,131,132,145,172,180,181,182,183,184,185,186,187,188,189,190,191,192,193,194,195,196,197,198,199,200,201,221,318,369,370,371,372,373,374,375,376,377,378,379,380,381,382,383,384,400,401,402,441,442,443,444,445,446,447,608,609,610,611,615,616,617,618,619,620,
89;1;9509;9643;1;14,18,25,26,57,58,60,71,73,82,86,87,88,89,110,126,131,132,145,172,180,181,182,183,184,185,186,187,188,189,190,191,192,193,194,195,196,197,198,199,200,201,221,318,369,370,371,372,373,374,375,376,377,378,379,380,381,382,383,384,400,401,402,441,442,443,444,445,446,447,608,609,610,611,615,616,617,618,619,620,
23;0;9643;9705;0;14,18,25,26,57,58,60,71,73,82,86,87,88,89,110,126,131,132,145,172,180,181,182,183,184,185,186,187,188,189,190,191,192,193,194,195,196,197,198,199,200,201,221,318,369,370,371,372,373,374,375,376,377,378,379,380,381,382,383,384,400,401,402,441,442,443,444,445,446,447,608,609,610,611,615,616,617,618,619,620,
23;1;9705;9746;0;14,18,25,26,57,58,60,71,73,82,86,87,88,89,110,126,131,132,145,172,180,181,182,183,184,185,186,187,188,189,190,191,192,193,194,195,196,197,198,199,200,201,221,318,369,370,371,372,373,374,375,376,377,378,379,380,381,382,383,384,400,401,402,441,442,443,444,445,446,447,608,609,610,611,615,616,617,618,619,620,
237;0;9746;9754;1;14,18,25,26,57,58,60,71,73,82,86,87,88,89,110,126,131,132,145,172,180,181,182,183,184,185,186,187,188,189,190,191,192,193,194,195,196,197,198,199,200,201,221,318,369,370,371,372,373,374,375,376,377,378,379,380,381,382,383,384,400,401,402,441,442,443,444,445,446,447,608,609,610,611,615,616,617,618,619,620,
237;1;9754;9922;1;14,18,25,26,57,58,60,71,73,82,86,87,88,89,110,126,131,132,145,172,180,181,182,183,184,185,186,187,188,189,190,191,192,193,194,195,196,197,198,199,200,201,221,318,369,370,371,372,373,374,375,376,377,378,379,380,381,382,383,384,400,401,402,441,442,443,444,445,446,447,608,609,610,611,615,616,617,618,619,620,
192;0;9922;9926;1;14,18,25,26,57,58,60,71,73,82,86,87,88,89,110,126,131,132,145,172,180,181,182,183,184,185,186,187,188,189,190,191,192,193,194,195,196,197,198,199,200,201,221,318,369,370,371,372,373,374,375,376,377,378,379,380,381,382,383,384,400,401,402,441,442,443,444,445,446,447,608,609,610,611,615,616,617,618,619,620,
199;0;9926;9981;0;14,18,25,26,57,58,60,71,73,82,86,87,88,89,110,126,131,132,145,172,180,181,182,183,184,185,186,187,188,189,190,191,192,193,194,195,196,197,198,199,200,201,221,318,369,370,371,372,373,374,375,376,377,378,379,380,381,382,383,384,400,401,402,441,442,443,444,445,446,447,608,609,610,611,615,616,617,618,619,620,
199;1;9981;10076;0;14,18,25,26,57,58,60,71,73,82,86,87,88,89,110,126,131,132,145,172,180,181,182,183,184,185,186,187,188,189,190,191,192,193,194,195,196,197,198,199,200,201,221,318,369,370,371,372,373,374,375,376,377,378,379,380,381,382,383,384,400,401,402,441,442,443,444,445,446,447,608,609,610,611,615,616,617,618,619,620,
Machine: 1
109;0;0;168;1;26,52,53,54,69,89,111,123,139,212,251,280,282,306,318,332,333,334,335,363,364,365,366,367,368,369,370,371,372,373,374,375,376,377,378,379,380,381,382,383,384,403,404,427,476,488,489,490,491,492,493,494,495,496,497,498,499,500,501,502,503,504,505,506,535,536,537,538,539,540,541,542,603,604,605,606,607,612,613,614,
109;1;168;331;1;26,52,53,54,69,89,111,123,139,212,251,280,282,306,318,332,333,334,335,363,364,365,366,367,368,369,370,371,372,373,374,375,376,377,378,379,380,381,382,383,384,403,404,427,476,488,489,490,491,492,493,494,495,496,497,498,499,500,501,502,503,504,505,506,535,536,537,538,539,540,541,542,603,604,605,606,607,612,613,614,
77;0;331;499;1;26,52,53,54,69,89,111,123,139,212,251,280,282,306,318,332,333,334,335,363,364,365,366,367,368,369,370,371,372,373,374,375,376,377,378,379,380,381,382,383,384,403,404,427,476,488,489,490,491,492,493,494,495,496,497,498,499,500,501,502,503,504,505,506,535,536,537,538,539,540,541,542,603,604,605,606,607,612,613,614,
77;1;499;518;1;26,52,53,54,69,89,111,123,139,212,251,280,282,306,318,332,333,334,335,363,364,365,366,367,368,369,370,371,372,373,374,375,376,377,378,379,380,381,382,383,384,403,404,427,476,488,489,490,491,492,493,494,495,496,497,498,499,500,501,502,503,504,505,506,535,536,537,538,539,540,541,542,603,604,605,606,607,612,613,614,
86;0;518;568;0;26,52,53,54,69,89,111,123,139,212,251,280,282,306,318,332,333,334,335,363,364,365,366,367,368,369,370,371,372,373,374,375,376,377,378,379,380,381,382,383,384,403,404,427,476,488,489,490,491,492,493,494,495,496,497,498,499,500,501,502,503,504,505,506,535,536,537,538,539,540,541,542,603,604,605,606,607,612,613,614,
104;0;568;660;1;26,52,53,54,69,89,111,123,139,212,251,280,282,306,318,332,333,334,335,363,364,365,366,367,368,369,370,371,372,373,374,375,376,377,378,379,380,381,382,383,384,403,404,427,476,488,489,490,491,492,493,494,495,496,497,498,499,500,501,502,503,504,505,506,535,536,537,538,539,540,541,542,603,604,605,606,607,612,613,614,
188;0;660;774;1;26,52,53,54,69,89,111,123,139,212,251,280,282,306,318,332,333,334,335,363,364,365,366,367,368,369,370,371,372,373,374,375,376,377,378,379,380,381,382,383,384,403,404,427,476,488,489,490,491,492,493,494,495,496,497,498,499,500,501,502,503,504,505,506,535,536,537,538,539,540,541,542,603,604,605,606,607,612,613,614,
168;0;774;793;1;26,52,53,54,69,89,111,123,139,212,251,280,282,306,318,332,333,334,335,363,364,365,366,367,368,369,370,371,372,373,374,375,376,377,378,379,380,381,382,383,384,403,404,427,476,488,489,490,491,492,493,494,495,496,497,498,499,500,501,502,503,504,505,506,535,536,537,538,539,540,541,542,603,604,605,606,607,612,613,614,
239;0;793;889;0;26,52,53,54,69,89,111,123,139,212,251,280,282,306,318,332,333,334,335,363,364,365,366,367,368,369,370,371,372,373,374,375,376,377,378,379,380,381,382,383,384,403,404,427,476,488,489,490,491,492,493,494,495,496,497,498,499,500,501,502,503,504,505,506,535,536,537,538,539,540,541,542,603,604,605,606,607,612,613,614,
239;1;889;942;0;26,52,53,54,69,89,111,123,139,212,251,280,282,306,318,332,333,334,335,363,364,365,366,367,368,369,370,371,372,373,374,375,376,377,378,379,380,381,382,383,384,403,404,427,476,488,489,490,491,492,493,494,495,496,497,498,499,500,501,502,503,504,505,506,535,536,537,538,539,540,541,542,603,604,605,606,607,612,613,614,
162;0;942;961;0;26,52,53,54,69,89,111,123,139,212,251,280,282,306,318,332,333,334,335,363,364,365,366,367,368,369,370,371,372,373,374,375,376,377,378,379,380,381,382,383,384,403,404,427,476,488,489,490,491,492,493,494,495,496,497,498,499,500,501,502,503,504,505,506,535,536,537,538,539,540,541,542,603,604,605,606,607,612,613,614,
152;0;961;979;1;26,52,53,54,69,89,111,123,139,212,251,280,282,306,318,332,333,334,335,363,364,365,366,367,368,369,370,371,372,373,374,375,376,377,378,379,380,381,382,383,384,403,404,427,476,488,489,490,491,492,493,494,495,496,497,498,499,500,501,502,503,504,505,506,535,536,537,538,539,540,541,542,603,604,605,606,607,612,613,614,
217;0;979;1139;1;26,52,53,54,69,89,111,123,139,212,251,280,282,306,318,332,333,334,335,363,364,365,366,367,368,369,370,371,372,373,374,375,376,377,378,379,380,381,382,383,384,403,404,427,476,488,489,490,491,492,493,494,495,496,497,498,499,500,501,502,503,504,505,506,535,536,537,538,539,540,541,542,603,604,605,606,607,612,613,614,
217;1;1139;1231;1;26,52,53,54,69,89,111,123,139,212,251,280,282,306,318,332,333,334,335,363,364,365,366,367,368,369,370,371,372,373,374,375,376,377,378,379,380,381,382,383,384,403,404,427,476,488,489,490,491,492,493,494,495,496,497,498,499,500,501,502,503,504,505,506,535,536,537,538,539,540,541,542,603,604,605,606,607,612,613,614,
149;0;1231;1332;1;26,52,53,54,69,89,111,123,139,212,251,280,282,306,318,332,333,334,335,363,364,365,366,367,368,369,370,371,372,373,374,375,376,377,378,379,380,381,382,383,384,403,404,427,476,488,489,490,491,492,493,494,495,496,497,498,499,500,501,502,503,504,505,506,535,536,537,538,539,540,541,542,603,604,605,606,607,612,613,614,
149;1;1332;1424;1;26,52,53,54,69,89,111,123,139,212,251,280,282,306,318,332,333,334,335,363,364,365,366,367,368,369,370,371,372,373,374,375,376,377,378,379,380,381,382,383,384,403,404,427,476,488,489,490,491,492,493,494,495,496,497,498,499,500,501,502,503,504,505,506,535,536,537,538,539,540,541,542,603,604,605,606,607,612,613,614,
113;0;1424;1484;1;26,52,53,54,69,89,111,123,139,212,251,280,282,306,318,332,333,334,335,363,364,365,366,367,368,369,370,371,372,373,374,375,376,377,378,379,380,381,382,383,384,403,404,427,476,488,489,490,491,492,493,494,495,496,497,498,499,500,501,502,503,504,505,506,535,536,537,538,539,540,541,542,603,604,605,606,607,612,613,614,
113;1;1484;1576;1;26,52,53,54,69,89,111,123,139,212,251,280,282,306,318,332,333,334,335,363,364,365,366,367,368,369,370,371,372,373,374,375,376,377,378,379,380,381,382,383,384,403,404,427,476,488,489,490,491,492,493,494,495,496,497,498,499,500,501,502,503,504,505,506,535,536,537,538,539,540,541,542,603,604,605,606,607,612,613,614,
214;0;1576;1626;0;26,52,53,54,69,89,111,123,139,212,251,280,282,306,318,332,333,334,335,363,364,365,366,367,368,369,370,371,372,373,374,375,376,377,378,379,380,381,382,383,384,403,404,427,476,488,489,490,491,492,493,494,495,496,497,498,499,500,501,502,503,504,505,506,535,536,537,538,539,540,541,542,603,604,605,606,607,612,613,614,
195;0;1626;1741;0;26,52,53,54,69,89,111,123,139,212,251,280,282,306,318,332,333,334,335,363,364,365,366,367,368,369,370,371,372,373,374,375,376,377,378,379,380,381,382,383,384,403,404,427,476,488,489,490,491,492,493,494,495,496,497,498,499,500,501,502,503,504,505,506,535,536,537,538,539,540,541,542,603,604,605,606,607,612,613,614,
195;1;1741;1794;0;26,52,53,54,69,89,111,123,139,212,251,280,282,306,318,332,333,334,335,363,364,365,366,367,368,369,370,371,372,373,374,375,376,377,378,379,380,381,382,383,384,403,404,427,476,488,489,490,491,492,493,494,495,496,497,498,499,500,501,502,503,504,505,506,535,536,537,538,539,540,541,542,603,604,605,606,607,612,613,614,
235;0;1794;1810;0;26,52,53,54,69,89,111,123,139,212,251,280,282,306,318,332,333,334,335,363,364,365,366,367,368,369,370,371,372,373,374,375,376,377,378,379,380,381,382,383,384,403,404,427,476,488,489,490,491,492,493,494,495,496,497,498,499,500,501,502,503,504,505,506,535,536,537,538,539,540,541,542,603,604,605,606,607,612,613,614,
235;1;1810;1829;0;26,52,53,54,69,89,111,123,139,212,251,280,282,306,318,332,333,334,335,363,364,365,366,367,368,369,370,371,372,373,374,375,376,377,378,379,380,381,382,383,384,403,404,427,476,488,489,490,491,492,493,494,495,496,497,498,499,500,501,502,503,504,505,506,535,536,537,538,539,540,541,542,603,604,605,606,607,612,613,614,
189;0;1829;1906;1;26,52,53,54,69,89,111,123,139,212,251,280,282,306,318,332,333,334,335,363,364,365,366,367,368,369,370,371,372,373,374,375,376,377,378,379,380,381,382,383,384,403,404,427,476,488,489,490,491,492,493,494,495,496,497,498,499,500,501,502,503,504,505,506,535,536,537,538,539,540,541,542,603,604,605,606,607,612,613,614,
189;1;1906;1959;1;26,52,53,54,69,89,111,123,139,212,251,280,282,306,318,332,333,334,335,363,364,365,366,367,368,369,370,371,372,373,374,375,376,377,378,379,380,381,382,383,384,403,404,427,476,488,489,490,491,492,493,494,495,496,497,498,499,500,501,502,503,504,505,506,535,536,537,538,539,540,541,542,603,604,605,606,607,612,613,614,
130;0;1959;2012;0;26,52,53,54,69,89,111,123,139,212,251,280,282,306,318,332,333,334,335,363,364,365,366,367,368,369,370,371,372,373,374,375,376,377,378,379,380,381,382,383,384,403,404,427,476,488,489,490,491,492,493,494,495,496,497,498,499,500,501,502,503,504,505,506,535,536,537,538,539,540,541,542,603,604,605,606,607,612,613,614,
44;0;2012;2142;1;26,52,53,54,69,89,111,123,139,212,251,280,282,306,318,332,333,334,335,363,364,365,366,367,368,369,370,371,372,373,374,375,376,377,378,379,380,381,382,383,384,403,404,427,476,488,489,490,491,492,493,494,495,496,497,498,499,500,501,502,503,504,505,506,535,536,537,538,539,540,541,542,603,604,605,606,607,612,613,614,
108;0;2142;2294;1;26,46,47,48,49,52,53,54,69,88,89,111,123,139,166,167,168,169,170,171,205,212,251,280,282,306,307,308,309,312,318,332,333,334,335,363,364,365,366,367,371,476,507,508,509,510,511,512,513,514,515,516,517,518,519,520,521,522,523,524,525,526,527,528,535,536,537,538,539,540,541,542,603,604,605,606,607,612,613,614,
157;0;2294;2377;1;26,46,47,48,49,52,53,54,69,88,89,111,123,139,166,167,168,169,170,171,205,212,251,280,282,306,307,308,309,312,318,332,333,334,335,363,364,365,366,367,371,476,507,508,509,510,511,512,513,514,515,516,517,518,519,520,521,522,523,524,525,526,527,528,535,536,537,538,539,540,541,542,603,604,605,606,607,612,613,614,
157;1;2377;2430;1;26,46,47,48,49,52,53,54,69,88,89,111,123,139,166,167,168,169,170,171,205,212,251,280,282,306,307,308,309,312,318,332,333,334,335,363,364,365,366,367,371,476,507,508,509,510,511,512,513,514,515,516,517,518,519,520,521,522,523,524,525,526,527,528,535,536,537,538,539,540,541,542,603,604,605,606,607,612,613,614,
208;0;2430;2531;1;26,46,47,48,49,52,53,54,69,88,89,111,123,139,166,167,168,169,170,171,205,212,251,280,282,306,307,308,309,312,318,332,333,334,335,363,364,365,366,367,371,476,507,508,509,510,511,512,513,514,515,516,517,518,519,520,521,522,523,524,525,526,527,528,535,536,537,538,539,540,541,542,603,604,605,606,607,612,613,614,
19;0;2531;2632;0;26,46,47,48,49,52,53,54,69,88,89,111,123,139,166,167,168,169,170,171,205,212,251,280,282,306,307,308,309,312,318,332,333,334,335,363,364,365,366,367,371,476,507,508,509,510,511,512,513,514,515,516,517,518,519,520,521,522,523,524,525,526,527,528,535,536,537,538,539,540,541,542,603,604,605,606,607,612,613,614,
19;1;2632;2643;0;26,46,47,48,49,52,53,54,69,88,89,111,123,139,166,167,168,169,170,171,205,212,251,280,282,306,307,308,309,312,318,332,333,334,335,363,364,365,366,367,371,476,507,508,509,510,511,512,513,514,515,516,517,518,519,520,521,522,523,524,525,526,527,528,535,536,537,538,539,540,541,542,603,604,605,606,607,612,613,614,
71;0;2643;2691;0;26,46,47,48,49,52,53,54,69,88,89,111,123,139,166,167,168,169,170,171,205,212,251,280,282,306,307,308,309,312,318,332,333,334,335,363,364,365,366,367,371,476,507,508,509,510,511,512,513,514,515,516,517,518,519,520,521,522,523,524,525,526,527,528,535,536,537,538,539,540,541,542,603,604,605,606,607,612,613,614,
71;1;2691;2702;0;26,46,47,48,49,52,53,54,69,88,89,111,123,139,166,167,168,169,170,171,205,212,251,280,282,306,307,308,309,312,318,332,333,334,335,363,364,365,366,367,371,476,507,508,509,510,511,512,513,514,515,516,517,518,519,520,521,522,523,524,525,526,527,528,535,536,537,538,539,540,541,542,603,604,605,606,607,612,613,614,
153;0;2702;2865;1;26,46,47,48,49,52,53,54,69,88,89,111,123,139,166,167,168,169,170,171,205,212,251,280,282,306,307,308,309,312,318,332,333,334,335,363,364,365,366,367,371,476,507,508,509,510,511,512,513,514,515,516,517,518,519,520,521,522,523,524,525,526,527,528,535,536,537,538,539,540,541,542,603,604,605,606,607,612,613,614,
153;1;2865;2915;1;26,46,47,48,49,52,53,54,69,88,89,111,123,139,166,167,168,169,170,171,205,212,251,280,282,306,307,308,309,312,318,332,333,334,335,363,364,365,366,367,371,476,507,508,509,510,511,512,513,514,515,516,517,518,519,520,521,522,523,524,525,526,527,528,535,536,537,538,539,540,541,542,603,604,605,606,607,612,613,614,
205;0;2915;2967;1;26,46,47,48,49,52,53,54,69,88,89,111,123,139,166,167,168,169,170,171,205,212,251,280,282,306,307,308,309,312,318,332,333,334,335,363,364,365,366,367,371,476,507,508,509,510,511,512,513,514,515,516,517,518,519,520,521,522,523,524,525,526,527,528,535,536,537,538,539,540,541,542,603,604,605,606,607,612,613,614,
205;1;2967;3081;1;26,46,47,48,49,52,53,54,69,88,89,111,123,139,166,167,168,169,170,171,205,212,251,280,282,306,307,308,309,312,318,332,333,334,335,363,364,365,366,367,371,476,507,508,509,510,511,512,513,514,515,516,517,518,519,520,521,522,523,524,525,526,527,528,535,536,537,538,539,540,541,542,603,604,605,606,607,612,613,614,
81;0;3081;3127;1;26,46,47,48,49,52,53,54,69,88,89,111,123,139,166,167,168,169,170,171,205,212,251,280,282,306,307,308,309,312,318,332,333,334,335,363,364,365,366,367,371,476,507,508,509,510,511,512,513,514,515,516,517,518,519,520,521,522,523,524,525,526,527,528,535,536,537,538,539,540,541,542,603,604,605,606,607,612,613,614,
81;1;3127;3279;1;26,46,47,48,49,52,53,54,69,88,89,111,123,139,166,167,168,169,170,171,205,212,251,280,282,306,307,308,309,312,318,332,333,334,335,363,364,365,366,367,371,476,507,508,509,510,511,512,513,514,515,516,517,518,519,520,521,522,523,524,525,526,527,528,535,536,537,538,539,540,541,542,603,604,605,606,607,612,613,614,
24;0;3279;3380;1;26,46,47,48,49,52,53,54,69,88,89,111,123,139,166,167,168,169,170,171,205,212,251,280,282,306,307,308,309,312,318,332,333,334,335,363,364,365,366,367,371,476,507,508,509,510,511,512,513,514,515,516,517,518,519,520,521,522,523,524,525,526,527,528,535,536,537,538,539,540,541,542,603,604,605,606,607,612,613,614,
127;0;3380;3518;0;26,46,47,48,49,52,53,54,69,88,89,111,123,139,166,167,168,169,170,171,205,212,251,280,282,306,307,308,309,312,318,332,333,334,335,363,364,365,366,367,371,476,507,508,509,510,511,512,513,514,515,516,517,518,519,520,521,522,523,524,525,526,527,528,535,536,537,538,539,540,541,542,603,604,605,606,607,612,613,614,
127;1;3518;3552;0;26,46,47,48,49,52,53,54,69,88,89,111,123,139,166,167,168,169,170,171,205,212,251,280,282,306,307,308,309,312,318,332,333,334,335,363,364,365,366,367,371,476,507,508,509,510,511,512,513,514,515,516,517,518,519,520,521,522,523,524,525,526,527,528,535,536,537,538,539,540,541,542,603,604,605,606,607,612,613,614,
116;0;3552;3620;1;0,1,2,3,4,5,6,7,8,9,10,11,12,13,14,15,16,17,18,26,46,47,48,49,52,53,54,69,70,71,72,73,74,75,76,77,78,79,80,88,111,123,166,167,168,169,170,171,205,212,282,288,306,307,308,309,312,318,323,332,333,334,335,363,364,365,366,371,480,481,482,483,484,485,486,487,535,612,613,614,
112;0;3620;3770;1;0,1,2,3,4,5,6,7,8,9,10,11,12,13,14,15,16,17,18,26,46,47,48,49,52,53,54,69,70,71,72,73,74,75,76,77,78,79,80,88,111,123,166,167,168,169,170,171,205,212,282,288,306,307,308,309,312,318,323,332,333,334,335,363,364,365,366,371,480,481,482,483,484,485,486,487,535,612,613,614,
107;0;3770;3775;0;0,1,2,3,4,5,6,7,8,9,10,11,12,13,14,15,16,17,18,26,46,47,48,49,52,53,54,69,70,71,72,73,74,75,76,77,78,79,80,88,111,123,166,167,168,169,170,171,205,212,282,288,306,307,308,309,312,318,323,332,333,334,335,363,364,365,366,371,480,481,482,483,484,485,486,487,535,612,613,614,
107;1;3775;3889;0;0,1,2,3,4,5,6,7,8,9,10,11,12,13,14,15,16,17,18,26,46,47,48,49,52,53,54,69,70,71,72,73,74,75,76,77,78,79,80,88,111,123,166,167,168,169,170,171,205,212,282,288,306,307,308,309,312,318,323,332,333,334,335,363,364,365,366,371,480,481,482,483,484,485,486,487,535,612,613,614,
0;0;3889;3966;1;0,1,2,3,4,5,6,7,8,9,10,11,12,13,14,15,16,17,18,26,46,47,48,49,52,53,54,69,70,71,72,73,74,75,76,77,78,79,80,88,111,123,166,167,168,169,170,171,205,212,282,288,306,307,308,309,312,318,323,332,333,334,335,363,364,365,366,371,480,481,482,483,484,485,486,487,535,612,613,614,
0;1;3966;4034;1;0,1,2,3,4,5,6,7,8,9,10,11,12,13,14,15,16,17,18,26,46,47,48,49,52,53,54,69,70,71,72,73,74,75,76,77,78,79,80,88,111,123,166,167,168,169,170,171,205,212,282,288,306,307,308,309,312,318,323,332,333,334,335,363,364,365,366,371,480,481,482,483,484,485,486,487,535,612,613,614,
220;0;4034;4045;1;0,1,2,3,4,5,6,7,8,9,10,11,12,13,14,15,16,17,18,26,46,47,48,49,52,53,54,69,70,71,72,73,74,75,76,77,78,79,80,88,111,123,166,167,168,169,170,171,205,212,282,288,306,307,308,309,312,318,323,332,333,334,335,363,364,365,366,371,480,481,482,483,484,485,486,487,535,612,613,614,
2;0;4045;4056;1;0,1,2,3,4,5,6,7,8,9,10,11,12,13,14,15,16,17,18,26,46,47,48,49,52,53,54,69,70,71,72,73,74,75,76,77,78,79,80,88,111,123,166,167,168,169,170,171,205,212,282,288,306,307,308,309,312,318,323,332,333,334,335,363,364,365,366,371,480,481,482,483,484,485,486,487,535,612,613,614,
165;0;4056;4139;1;0,1,2,3,4,5,6,7,8,9,10,11,12,13,14,15,16,17,18,26,46,47,48,49,52,53,54,69,70,71,72,73,74,75,76,77,78,79,80,88,111,123,166,167,168,169,170,171,205,212,282,288,306,307,308,309,312,318,323,332,333,334,335,363,364,365,366,371,480,481,482,483,484,485,486,487,535,612,613,614,
165;1;4139;4150;1;0,1,2,3,4,5,6,7,8,9,10,11,12,13,14,15,16,17,18,26,46,47,48,49,52,53,54,69,70,71,72,73,74,75,76,77,78,79,80,88,111,123,166,167,168,169,170,171,205,212,282,288,306,307,308,309,312,318,323,332,333,334,335,363,364,365,366,371,480,481,482,483,484,485,486,487,535,612,613,614,
212;0;4150;4264;1;0,1,2,3,4,5,6,7,8,9,10,11,12,13,14,15,16,17,18,26,46,47,48,49,52,53,54,69,70,71,72,73,74,75,76,77,78,79,80,88,111,123,166,167,168,169,170,171,205,212,282,288,306,307,308,309,312,318,323,332,333,334,335,363,364,365,366,371,480,481,482,483,484,485,486,487,535,612,613,614,
75;0;4264;4374;0;0,1,2,3,4,5,6,7,8,9,10,11,12,13,14,15,16,17,18,26,46,47,48,49,52,53,54,69,70,71,72,73,74,75,76,77,78,79,80,88,111,123,166,167,168,169,170,171,205,212,282,288,306,307,308,309,312,318,323,332,333,334,335,363,364,365,366,371,480,481,482,483,484,485,486,487,535,612,613,614,
75;1;4374;4385;0;0,1,2,3,4,5,6,7,8,9,10,11,12,13,14,15,16,17,18,26,46,47,48,49,52,53,54,69,70,71,72,73,74,75,76,77,78,79,80,88,111,123,166,167,168,169,170,171,205,212,282,288,306,307,308,309,312,318,323,332,333,334,335,363,364,365,366,371,480,481,482,483,484,485,486,487,535,612,613,614,
221;0;4385;4543;1;0,1,2,3,4,5,6,7,8,9,10,11,12,13,14,15,16,17,18,26,46,47,48,49,52,53,54,69,70,71,72,73,74,75,76,77,78,79,80,88,111,123,166,167,168,169,170,171,205,212,282,288,306,307,308,309,312,318,323,332,333,334,335,363,364,365,366,371,480,481,482,483,484,485,486,487,535,612,613,614,
221;1;4543;4561;1;0,1,2,3,4,5,6,7,8,9,10,11,12,13,14,15,16,17,18,26,46,47,48,49,52,53,54,69,70,71,72,73,74,75,76,77,78,79,80,88,111,123,166,167,168,169,170,171,205,212,282,288,306,307,308,309,312,318,323,332,333,334,335,363,364,365,366,371,480,481,482,483,484,485,486,487,535,612,613,614,
84;0;4561;4572;1;0,1,2,3,4,5,6,7,8,9,10,11,12,13,14,15,16,17,18,26,46,47,48,49,52,53,54,69,70,71,72,73,74,75,76,77,78,79,80,88,111,123,166,167,168,169,170,171,205,212,282,288,306,307,308,309,312,318,323,332,333,334,335,363,364,365,366,371,480,481,482,483,484,485,486,487,535,612,613,614,
131;0;4572;4611;0;0,1,2,3,4,5,6,7,8,9,10,11,12,13,14,15,16,17,18,26,46,47,48,49,52,53,54,69,70,71,72,73,74,75,76,77,78,79,80,88,111,123,166,167,168,169,170,171,205,212,282,288,306,307,308,309,312,318,323,332,333,334,335,363,364,365,366,371,480,481,482,483,484,485,486,487,535,612,613,614,
131;1;4611;4741;0;0,1,2,3,4,5,6,7,8,9,10,11,12,13,14,15,16,17,18,26,46,47,48,49,52,53,54,69,70,71,72,73,74,75,76,77,78,79,80,88,111,123,166,167,168,169,170,171,205,212,282,288,306,307,308,309,312,318,323,332,333,334,335,363,364,365,366,371,480,481,482,483,484,485,486,487,535,612,613,614,
124;0;4741;4891;1;0,1,2,3,4,5,6,7,8,9,10,11,12,13,14,15,16,17,18,26,46,47,48,49,52,53,54,69,70,71,72,73,74,75,76,77,78,79,80,88,111,123,166,167,168,169,170,171,205,212,282,288,306,307,308,309,312,318,323,332,333,334,335,363,364,365,366,371,480,481,482,483,484,485,486,487,535,612,613,614,
231;0;4891;4951;0;3,4,16,26,46,47,48,49,52,53,54,69,70,71,72,73,74,75,76,77,78,79,80,88,98,99,100,101,102,103,104,105,106,107,108,109,110,111,112,123,126,166,167,168,169,170,171,173,174,175,176,177,178,179,205,212,282,288,296,306,307,308,309,310,311,312,313,314,315,316,317,318,323,363,364,371,535,612,613,614,
231;1;4951;5057;0;3,4,16,26,46,47,48,49,52,53,54,69,70,71,72,73,74,75,76,77,78,79,80,88,98,99,100,101,102,103,104,105,106,107,108,109,110,111,112,123,126,166,167,168,169,170,171,173,174,175,176,177,178,179,205,212,282,288,296,306,307,308,309,310,311,312,313,314,315,316,317,318,323,363,364,371,535,612,613,614,
97;0;5057;5149;1;3,4,16,26,46,47,48,49,52,53,54,69,70,71,72,73,74,75,76,77,78,79,80,88,98,99,100,101,102,103,104,105,106,107,108,109,110,111,112,123,126,166,167,168,169,170,171,173,174,175,176,177,178,179,205,212,282,288,296,306,307,308,309,310,311,312,313,314,315,316,317,318,323,363,364,371,535,612,613,614,
97;1;5149;5299;1;3,4,16,26,46,47,48,49,52,53,54,69,70,71,72,73,74,75,76,77,78,79,80,88,98,99,100,101,102,103,104,105,106,107,108,109,110,111,112,123,126,166,167,168,169,170,171,173,174,175,176,177,178,179,205,212,282,288,296,306,307,308,309,310,311,312,313,314,315,316,317,318,323,363,364,371,535,612,613,614,
110;0;5299;5400;0;3,4,16,26,46,47,48,49,52,53,54,69,70,71,72,73,74,75,76,77,78,79,80,88,98,99,100,101,102,103,104,105,106,107,108,109,110,111,112,123,126,166,167,168,169,170,171,173,174,175,176,177,178,179,205,212,282,288,296,306,307,308,309,310,311,312,313,314,315,316,317,318,323,363,364,371,535,612,613,614,
68;0;5400;5560;1;3,4,16,26,46,47,48,49,52,53,54,69,70,71,72,73,74,75,76,77,78,79,80,88,98,99,100,101,102,103,104,105,106,107,108,109,110,111,112,123,126,166,167,168,169,170,171,173,174,175,176,177,178,179,205,212,282,288,296,306,307,308,309,310,311,312,313,314,315,316,317,318,323,363,364,371,535,612,613,614,
36;0;5560;5720;1;3,4,16,26,46,47,48,49,52,53,54,69,70,71,72,73,74,75,76,77,78,79,80,88,98,99,100,101,102,103,104,105,106,107,108,109,110,111,112,123,126,166,167,168,169,170,171,173,174,175,176,177,178,179,205,212,282,288,296,306,307,308,309,310,311,312,313,314,315,316,317,318,323,363,364,371,535,612,613,614,
53;0;5720;5752;1;3,4,16,26,46,47,48,49,52,53,54,69,70,71,72,73,74,75,76,77,78,79,80,88,98,99,100,101,102,103,104,105,106,107,108,109,110,111,112,123,126,166,167,168,169,170,171,173,174,175,176,177,178,179,205,212,282,288,296,306,307,308,309,310,311,312,313,314,315,316,317,318,323,363,364,371,535,612,613,614,
53;1;5752;5912;1;3,4,16,26,46,47,48,49,52,53,54,69,70,71,72,73,74,75,76,77,78,79,80,88,98,99,100,101,102,103,104,105,106,107,108,109,110,111,112,123,126,166,167,168,169,170,171,173,174,175,176,177,178,179,205,212,282,288,296,306,307,308,309,310,311,312,313,314,315,316,317,318,323,363,364,371,535,612,613,614,
47;0;5912;5953;0;3,4,16,26,46,47,48,49,52,53,54,69,70,71,72,73,74,75,76,77,78,79,80,88,98,99,100,101,102,103,104,105,106,107,108,109,110,111,112,123,126,166,167,168,169,170,171,173,174,175,176,177,178,179,205,212,282,288,296,306,307,308,309,310,311,312,313,314,315,316,317,318,323,363,364,371,535,612,613,614,
47;1;5953;6059;0;3,4,16,26,46,47,48,49,52,53,54,69,70,71,72,73,74,75,76,77,78,79,80,88,98,99,100,101,102,103,104,105,106,107,108,109,110,111,112,123,126,166,167,168,169,170,171,173,174,175,176,177,178,179,205,212,282,288,296,306,307,308,309,310,311,312,313,314,315,316,317,318,323,363,364,371,535,612,613,614,
13;0;6059;6136;1;3,4,16,26,46,47,48,49,52,53,54,69,70,71,72,73,74,75,76,77,78,79,80,88,98,99,100,101,102,103,104,105,106,107,108,109,110,111,112,123,126,166,167,168,169,170,171,173,174,175,176,177,178,179,205,212,282,288,296,306,307,308,309,310,311,312,313,314,315,316,317,318,323,363,364,371,535,612,613,614,
13;1;6136;6242;1;3,4,16,26,46,47,48,49,52,53,54,69,70,71,72,73,74,75,76,77,78,79,80,88,98,99,100,101,102,103,104,105,106,107,108,109,110,111,112,123,126,166,167,168,169,170,171,173,174,175,176,177,178,179,205,212,282,288,296,306,307,308,309,310,311,312,313,314,315,316,317,318,323,363,364,371,535,612,613,614,
25;0;6242;6352;1;3,4,16,26,46,47,48,49,52,53,54,76,88,98,110,111,112,115,123,129,166,167,168,169,170,171,189,250,264,268,269,271,272,274,275,276,282,287,288,292,299,318,322,323,324,325,326,327,328,329,330,331,345,346,347,348,349,350,351,352,353,354,355,356,357,358,359,360,361,362,371,385,386,387,388,389,535,612,613,614,
25;1;6352;6482;1;3,4,16,26,46,47,48,49,52,53,54,76,88,98,110,111,112,115,123,129,166,167,168,169,170,171,189,250,264,268,269,271,272,274,275,276,282,287,288,292,299,318,322,323,324,325,326,327,328,329,330,331,345,346,347,348,349,350,351,352,353,354,355,356,357,358,359,360,361,362,371,385,386,387,388,389,535,612,613,614,
137;0;6482;6646;1;3,4,16,26,46,47,48,49,52,53,54,76,88,98,110,111,112,115,123,129,166,167,168,169,170,171,189,250,264,268,269,271,272,274,275,276,282,287,288,292,299,318,322,323,324,325,326,327,328,329,330,331,345,346,347,348,349,350,351,352,353,354,355,356,357,358,359,360,361,362,371,385,386,387,388,389,535,612,613,614,
137;1;6646;6811;1;3,4,16,26,46,47,48,49,52,53,54,76,88,98,110,111,112,115,123,129,166,167,168,169,170,171,189,250,264,268,269,271,272,274,275,276,282,287,288,292,299,318,322,323,324,325,326,327,328,329,330,331,345,346,347,348,349,350,351,352,353,354,355,356,357,358,359,360,361,362,371,385,386,387,388,389,535,612,613,614,
4;0;6811;6941;1;3,4,16,26,46,47,48,49,52,53,54,76,88,98,110,111,112,115,123,129,166,167,168,169,170,171,189,250,264,268,269,271,272,274,275,276,282,287,288,292,299,318,322,323,324,325,326,327,328,329,330,331,345,346,347,348,349,350,351,352,353,354,355,356,357,358,359,360,361,362,371,385,386,387,388,389,535,612,613,614,
69;0;6941;6994;1;3,4,16,26,46,47,48,49,52,53,54,76,88,98,110,111,112,115,123,129,166,167,168,169,170,171,189,250,264,268,269,271,272,274,275,276,282,287,288,292,299,318,322,323,324,325,326,327,328,329,330,331,345,346,347,348,349,350,351,352,353,354,355,356,357,358,359,360,361,362,371,385,386,387,388,389,535,612,613,614,
69;1;6994;7152;1;3,4,16,26,46,47,48,49,52,53,54,76,88,98,110,111,112,115,123,129,166,167,168,169,170,171,189,250,264,268,269,271,272,274,275,276,282,287,288,292,299,318,322,323,324,325,326,327,328,329,330,331,345,346,347,348,349,350,351,352,353,354,355,356,357,358,359,360,361,362,371,385,386,387,388,389,535,612,613,614,
33;0;7152;7201;1;3,4,16,26,46,47,48,49,52,53,54,76,88,98,110,111,112,115,123,129,166,167,168,169,170,171,189,250,264,268,269,271,272,274,275,276,282,287,288,292,299,318,322,323,324,325,326,327,328,329,330,331,345,346,347,348,349,350,351,352,353,354,355,356,357,358,359,360,361,362,371,385,386,387,388,389,535,612,613,614,
33;1;7201;7217;1;3,4,16,26,46,47,48,49,52,53,54,76,88,98,110,111,112,115,123,129,166,167,168,169,170,171,189,250,264,268,269,271,272,274,275,276,282,287,288,292,299,318,322,323,324,325,326,327,328,329,330,331,345,346,347,348,349,350,351,352,353,354,355,356,357,358,359,360,361,362,371,385,386,387,388,389,535,612,613,614,
249;0;7217;7286;1;3,4,16,26,46,47,48,49,52,53,54,76,88,98,110,111,112,115,123,129,166,167,168,169,170,171,189,250,264,268,269,271,272,274,275,276,282,287,288,292,299,318,322,323,324,325,326,327,328,329,330,331,345,346,347,348,349,350,351,352,353,354,355,356,357,358,359,360,361,362,371,385,386,387,388,389,535,612,613,614,
249;1;7286;7304;1;3,4,16,26,46,47,48,49,52,53,54,76,88,98,110,111,112,115,123,129,166,167,168,169,170,171,189,250,264,268,269,271,272,274,275,276,282,287,288,292,299,318,322,323,324,325,326,327,328,329,330,331,345,346,347,348,349,350,351,352,353,354,355,356,357,358,359,360,361,362,371,385,386,387,388,389,535,612,613,614,
80;0;7304;7320;1;3,4,16,26,46,47,48,49,52,53,54,76,88,98,110,111,112,115,123,129,166,167,168,169,170,171,189,250,264,268,269,271,272,274,275,276,282,287,288,292,299,318,322,323,324,325,326,327,328,329,330,331,345,346,347,348,349,350,351,352,353,354,355,356,357,358,359,360,361,362,371,385,386,387,388,389,535,612,613,614,
29;0;7320;7340;1;3,4,16,26,46,47,48,49,52,53,54,76,88,98,110,111,112,115,123,129,166,167,168,169,170,171,189,250,264,268,269,271,272,274,275,276,282,287,288,292,299,318,322,323,324,325,326,327,328,329,330,331,345,346,347,348,349,350,351,352,353,354,355,356,357,358,359,360,361,362,371,385,386,387,388,389,535,612,613,614,
29;1;7340;7505;1;3,4,16,26,46,47,48,49,52,53,54,76,88,98,110,111,112,115,123,129,166,167,168,169,170,171,189,250,264,268,269,271,272,274,275,276,282,287,288,292,299,318,322,323,324,325,326,327,328,329,330,331,345,346,347,348,349,350,351,352,353,354,355,356,357,358,359,360,361,362,371,385,386,387,388,389,535,612,613,614,
146;0;7505;7539;0;3,4,16,26,46,47,48,49,52,53,54,76,88,98,110,111,112,115,123,129,166,167,168,169,170,171,189,250,264,268,269,271,272,274,275,276,282,287,288,292,299,318,322,323,324,325,326,327,328,329,330,331,345,346,347,348,349,350,351,352,353,354,355,356,357,358,359,360,361,362,371,385,386,387,388,389,535,612,613,614,
37;0;7539;7571;1;3,4,16,26,46,47,48,49,52,53,54,76,88,98,110,111,112,115,123,129,166,167,168,169,170,171,189,250,264,268,269,271,272,274,275,276,282,287,288,292,299,318,322,323,324,325,326,327,328,329,330,331,345,346,347,348,349,350,351,352,353,354,355,356,357,358,359,360,361,362,371,385,386,387,388,389,535,612,613,614,
37;1;7571;7587;1;3,4,16,26,46,47,48,49,52,53,54,76,88,98,110,111,112,115,123,129,166,167,168,169,170,171,189,250,264,268,269,271,272,274,275,276,282,287,288,292,299,318,322,323,324,325,326,327,328,329,330,331,345,346,347,348,349,350,351,352,353,354,355,356,357,358,359,360,361,362,371,385,386,387,388,389,535,612,613,614,
52;0;7587;7745;1;3,4,16,26,46,47,48,49,52,53,54,76,88,98,110,111,112,115,123,129,166,167,168,169,170,171,189,250,264,268,269,271,272,274,275,276,282,287,288,292,299,318,322,323,324,325,326,327,328,329,330,331,345,346,347,348,349,350,351,352,353,354,355,356,357,358,359,360,361,362,371,385,386,387,388,389,535,612,613,614,
224;0;7745;7761;1;3,4,16,26,46,47,48,49,52,53,54,76,88,98,110,111,112,115,123,129,166,167,168,169,170,171,189,250,264,268,269,271,272,274,275,276,282,287,288,292,299,318,322,323,324,325,326,327,328,329,330,331,345,346,347,348,349,350,351,352,353,354,355,356,357,358,359,360,361,362,371,385,386,387,388,389,535,612,613,614,
181;0;7761;7867;1;3,4,16,25,26,46,47,48,49,52,53,54,76,88,98,110,111,112,123,128,131,132,133,134,135,137,138,140,166,167,168,169,170,171,180,189,190,231,256,257,258,259,260,261,262,265,269,271,272,275,288,292,294,299,318,319,320,321,336,371,390,391,392,393,394,395,396,397,398,399,400,401,402,529,530,531,532,533,534,535,
181;1;7867;7980;1;3,4,16,25,26,46,47,48,49,52,53,54,76,88,98,110,111,112,123,128,131,132,133,134,135,137,138,140,166,167,168,169,170,171,180,189,190,231,256,257,258,259,260,261,262,265,269,271,272,275,288,292,294,299,318,319,320,321,336,371,390,391,392,393,394,395,396,397,398,399,400,401,402,529,530,531,532,533,534,535,
45;0;7980;8058;1;3,4,16,25,26,46,47,48,49,52,53,54,76,88,98,110,111,112,123,128,131,132,133,134,135,137,138,140,166,167,168,169,170,171,180,189,190,231,256,257,258,259,260,261,262,265,269,271,272,275,288,292,294,299,318,319,320,321,336,371,390,391,392,393,394,395,396,397,398,399,400,401,402,529,530,531,532,533,534,535,
45;1;8058;8171;1;3,4,16,25,26,46,47,48,49,52,53,54,76,88,98,110,111,112,123,128,131,132,133,134,135,137,138,140,166,167,168,169,170,171,180,189,190,231,256,257,258,259,260,261,262,265,269,271,272,275,288,292,294,299,318,319,320,321,336,371,390,391,392,393,394,395,396,397,398,399,400,401,402,529,530,531,532,533,534,535,
126;0;8171;8195;0;3,4,16,25,26,46,47,48,49,52,53,54,76,88,98,110,111,112,123,128,131,132,133,134,135,137,138,140,166,167,168,169,170,171,180,189,190,231,256,257,258,259,260,261,262,265,269,271,272,275,288,292,294,299,318,319,320,321,336,371,390,391,392,393,394,395,396,397,398,399,400,401,402,529,530,531,532,533,534,535,
158;0;8195;8249;0;3,4,16,25,26,46,47,48,49,52,53,54,76,88,98,110,111,112,123,128,131,132,133,134,135,137,138,140,166,167,168,169,170,171,180,189,190,231,256,257,258,259,260,261,262,265,269,271,272,275,288,292,294,299,318,319,320,321,336,371,390,391,392,393,394,395,396,397,398,399,400,401,402,529,530,531,532,533,534,535,
160;0;8249;8253;1;3,4,16,25,26,46,47,48,49,52,53,54,76,88,98,110,111,112,123,128,131,132,133,134,135,137,138,140,166,167,168,169,170,171,180,189,190,231,256,257,258,259,260,261,262,265,269,271,272,275,288,292,294,299,318,319,320,321,336,371,390,391,392,393,394,395,396,397,398,399,400,401,402,529,530,531,532,533,534,535,
218;0;8253;8307;0;3,4,16,25,26,46,47,48,49,52,53,54,76,88,98,110,111,112,123,128,131,132,133,134,135,137,138,140,166,167,168,169,170,171,180,189,190,231,256,257,258,259,260,261,262,265,269,271,272,275,288,292,294,299,318,319,320,321,336,371,390,391,392,393,394,395,396,397,398,399,400,401,402,529,530,531,532,533,534,535,
64;0;8307;8318;1;3,4,16,25,26,46,47,48,49,52,53,54,76,88,98,110,111,112,123,128,131,132,133,134,135,137,138,140,166,167,168,169,170,171,180,189,190,231,256,257,258,259,260,261,262,265,269,271,272,275,288,292,294,299,318,319,320,321,336,371,390,391,392,393,394,395,396,397,398,399,400,401,402,529,530,531,532,533,534,535,
125;0;8318;8442;1;3,4,16,25,26,46,47,48,49,52,53,54,76,88,98,110,111,112,123,128,131,132,133,134,135,137,138,140,166,167,168,169,170,171,180,189,190,231,256,257,258,259,260,261,262,265,269,271,272,275,288,292,294,299,318,319,320,321,336,371,390,391,392,393,394,395,396,397,398,399,400,401,402,529,530,531,532,533,534,535,
125;1;8442;8616;1;3,4,16,25,26,46,47,48,49,52,53,54,76,88,98,110,111,112,123,128,131,132,133,134,135,137,138,140,166,167,168,169,170,171,180,189,190,231,256,257,258,259,260,261,262,265,269,271,272,275,288,292,294,299,318,319,320,321,336,371,390,391,392,393,394,395,396,397,398,399,400,401,402,529,530,531,532,533,534,535,
147;0;8616;8693;0;3,4,16,25,26,46,47,48,49,52,53,54,76,88,98,110,111,112,123,128,131,132,133,134,135,137,138,140,166,167,168,169,170,171,180,189,190,231,256,257,258,259,260,261,262,265,269,271,272,275,288,292,294,299,318,319,320,321,336,371,390,391,392,393,394,395,396,397,398,399,400,401,402,529,530,531,532,533,534,535,
147;1;8693;8727;0;3,4,16,25,26,46,47,48,49,52,53,54,76,88,98,110,111,112,123,128,131,132,133,134,135,137,138,140,166,167,168,169,170,171,180,189,190,231,256,257,258,259,260,261,262,265,269,271,272,275,288,292,294,299,318,319,320,321,336,371,390,391,392,393,394,395,396,397,398,399,400,401,402,529,530,531,532,533,534,535,
17;0;8727;8888;1;3,4,16,25,26,46,47,48,49,52,53,54,76,88,98,110,111,112,123,128,131,132,133,134,135,137,138,140,166,167,168,169,170,171,180,189,190,231,256,257,258,259,260,261,262,265,269,271,272,275,288,292,294,299,318,319,320,321,336,371,390,391,392,393,394,395,396,397,398,399,400,401,402,529,530,531,532,533,534,535,
17;1;8888;8912;1;3,4,16,25,26,46,47,48,49,52,53,54,76,88,98,110,111,112,123,128,131,132,133,134,135,137,138,140,166,167,168,169,170,171,180,189,190,231,256,257,258,259,260,261,262,265,269,271,272,275,288,292,294,299,318,319,320,321,336,371,390,391,392,393,394,395,396,397,398,399,400,401,402,529,530,531,532,533,534,535,
120;0;8912;8916;1;3,4,16,25,26,46,47,48,49,52,53,54,76,88,98,110,111,112,123,128,131,132,133,134,135,137,138,140,166,167,168,169,170,171,180,189,190,231,256,257,258,259,260,261,262,265,269,271,272,275,288,292,294,299,318,319,320,321,336,371,390,391,392,393,394,395,396,397,398,399,400,401,402,529,530,531,532,533,534,535,
136;0;8916;8940;1;3,4,16,25,26,46,47,48,49,52,53,54,76,88,98,110,111,112,123,128,131,132,133,134,135,137,138,140,166,167,168,169,170,171,180,189,190,231,256,257,258,259,260,261,262,265,269,271,272,275,288,292,294,299,318,319,320,321,336,371,390,391,392,393,394,395,396,397,398,399,400,401,402,529,530,531,532,533,534,535,
175;0;8940;8990;0;3,4,16,19,20,21,22,23,24,25,26,27,28,29,30,31,32,33,34,35,36,37,38,39,40,41,42,43,44,45,46,47,48,49,52,53,54,76,98,111,128,180,189,190,231,265,269,271,272,275,288,292,294,299,318,319,320,321,336,371,390,391,392,393,394,395,396,397,398,399,400,401,402,529,530,531,532,533,534,535,
175;1;8990;9029;0;3,4,16,19,20,21,22,23,24,25,26,27,28,29,30,31,32,33,34,35,36,37,38,39,40,41,42,43,44,45,46,47,48,49,52,53,54,76,98,111,128,180,189,190,231,265,269,271,272,275,288,292,294,299,318,319,320,321,336,371,390,391,392,393,394,395,396,397,398,399,400,401,402,529,530,531,532,533,534,535,
148;0;9029;9083;1;3,4,16,19,20,21,22,23,24,25,26,27,28,29,30,31,32,33,34,35,36,37,38,39,40,41,42,43,44,45,46,47,48,49,52,53,54,76,98,111,128,180,189,190,231,265,269,271,272,275,288,292,294,299,318,319,320,321,336,371,390,391,392,393,394,395,396,397,398,399,400,401,402,529,530,531,532,533,534,535,
83;0;9083;9122;0;3,4,16,19,20,21,22,23,24,25,26,27,28,29,30,31,32,33,34,35,36,37,38,39,40,41,42,43,44,45,46,47,48,49,52,53,54,76,98,111,128,180,189,190,231,265,269,271,272,275,288,292,294,299,318,319,320,321,336,371,390,391,392,393,394,395,396,397,398,399,400,401,402,529,530,531,532,533,534,535,
83;1;9122;9176;0;3,4,16,19,20,21,22,23,24,25,26,27,28,29,30,31,32,33,34,35,36,37,38,39,40,41,42,43,44,45,46,47,48,49,52,53,54,76,98,111,128,180,189,190,231,265,269,271,272,275,288,292,294,299,318,319,320,321,336,371,390,391,392,393,394,395,396,397,398,399,400,401,402,529,530,531,532,533,534,535,
1;0;9176;9310;0;3,4,16,19,20,21,22,23,24,25,26,27,28,29,30,31,32,33,34,35,36,37,38,39,40,41,42,43,44,45,46,47,48,49,52,53,54,76,98,111,128,180,189,190,231,265,269,271,272,275,288,292,294,299,318,319,320,321,336,371,390,391,392,393,394,395,396,397,398,399,400,401,402,529,530,531,532,533,534,535,
1;1;9310;9349;0;3,4,16,19,20,21,22,23,24,25,26,27,28,29,30,31,32,33,34,35,36,37,38,39,40,41,42,43,44,45,46,47,48,49,52,53,54,76,98,111,128,180,189,190,231,265,269,271,272,275,288,292,294,299,318,319,320,321,336,371,390,391,392,393,394,395,396,397,398,399,400,401,402,529,530,531,532,533,534,535,
187;0;9349;9369;0;3,4,16,19,20,21,22,23,24,25,26,27,28,29,30,31,32,33,34,35,36,37,38,39,40,41,42,43,44,45,46,47,48,49,52,53,54,76,98,111,128,180,189,190,231,265,269,271,272,275,288,292,294,299,318,319,320,321,336,371,390,391,392,393,394,395,396,397,398,399,400,401,402,529,530,531,532,533,534,535,
187;1;9369;9543;0;3,4,16,19,20,21,22,23,24,25,26,27,28,29,30,31,32,33,34,35,36,37,38,39,40,41,42,43,44,45,46,47,48,49,52,53,54,76,98,111,128,180,189,190,231,265,269,271,272,275,288,292,294,299,318,319,320,321,336,371,390,391,392,393,394,395,396,397,398,399,400,401,402,529,530,531,532,533,534,535,
232;0;9543;9582;1;3,4,16,19,20,21,22,23,24,25,26,27,28,29,30,31,32,33,34,35,36,37,38,39,40,41,42,43,44,45,46,47,48,49,52,53,54,76,98,111,128,180,189,190,231,265,269,271,272,275,288,292,294,299,318,319,320,321,336,371,390,391,392,393,394,395,396,397,398,399,400,401,402,529,530,531,532,533,534,535,
114;0;9582;9621;0;3,4,16,19,20,21,22,23,24,25,26,27,28,29,30,31,32,33,34,35,36,37,38,39,40,41,42,43,44,45,46,47,48,49,52,53,54,76,98,111,128,180,189,190,231,265,269,271,272,275,288,292,294,299,318,319,320,321,336,371,390,391,392,393,394,395,396,397,398,399,400,401,402,529,530,531,532,533,534,535,
206;0;9621;9660;0;3,4,16,19,20,21,22,23,24,25,26,27,28,29,30,31,32,33,34,35,36,37,38,39,40,41,42,43,44,45,46,47,48,49,52,53,54,76,98,111,128,180,189,190,231,265,269,271,272,275,288,292,294,299,318,319,320,321,336,371,390,391,392,393,394,395,396,397,398,399,400,401,402,529,530,531,532,533,534,535,
117;0;9660;9693;1;3,4,16,19,20,21,22,23,24,25,26,27,28,29,30,31,32,33,34,35,36,37,38,39,40,41,42,43,44,45,46,47,48,49,52,53,54,76,98,111,128,180,189,190,231,265,269,271,272,275,288,292,294,299,318,319,320,321,336,371,390,391,392,393,394,395,396,397,398,399,400,401,402,529,530,531,532,533,534,535,
117;1;9693;9704;1;3,4,16,19,20,21,22,23,24,25,26,27,28,29,30,31,32,33,34,35,36,37,38,39,40,41,42,43,44,45,46,47,48,49,52,53,54,76,98,111,128,180,189,190,231,265,269,271,272,275,288,292,294,299,318,319,320,321,336,371,390,391,392,393,394,395,396,397,398,399,400,401,402,529,530,531,532,533,534,535,
176;0;9704;9708;1;3,4,16,19,20,21,22,23,24,25,26,27,28,29,30,31,32,33,34,35,36,37,38,39,40,41,42,43,44,45,46,47,48,49,52,53,54,76,98,111,128,180,189,190,231,265,269,271,272,275,288,292,294,299,318,319,320,321,336,371,390,391,392,393,394,395,396,397,398,399,400,401,402,529,530,531,532,533,534,535,
40;0;9708;9821;1;3,4,16,19,20,21,22,23,24,25,26,27,28,29,30,31,32,33,34,35,36,37,38,39,40,41,42,43,44,45,46,47,48,49,52,53,54,76,98,111,128,180,189,190,231,265,269,271,272,275,288,292,294,299,318,319,320,321,336,371,390,391,392,393,394,395,396,397,398,399,400,401,402,529,530,531,532,533,534,535,
88;0;9821;9934;1;3,4,16,19,20,21,22,23,24,25,26,27,28,29,30,31,32,33,34,35,36,37,38,39,40,41,42,43,44,45,46,47,48,49,52,53,54,76,98,111,128,180,189,190,231,265,269,271,272,275,288,292,294,299,318,319,320,321,336,371,390,391,392,393,394,395,396,397,398,399,400,401,402,529,530,531,532,533,534,535,
186;0;9934;9988;0;3,4,16,19,20,21,22,23,24,25,26,27,28,29,30,31,32,33,34,35,36,37,38,39,40,41,42,43,44,45,46,47,48,49,52,53,54,76,98,111,128,180,189,190,231,265,269,271,272,275,288,292,294,299,318,319,320,321,336,371,390,391,392,393,394,395,396,397,398,399,400,401,402,529,530,531,532,533,534,535,
87;0;9988;10022;0;3,4,16,19,20,21,22,23,24,25,26,27,28,29,30,31,32,33,34,35,36,37,38,39,40,41,42,43,44,45,46,47,48,49,52,53,54,76,98,111,128,180,189,190,231,265,269,271,272,275,288,292,294,299,318,319,320,321,336,371,390,391,392,393,394,395,396,397,398,399,400,401,402,529,530,531,532,533,534,535,
87;1;10022;10076;0;3,4,16,19,20,21,22,23,24,25,26,27,28,29,30,31,32,33,34,35,36,37,38,39,40,41,42,43,44,45,46,47,48,49,52,53,54,76,98,111,128,180,189,190,231,265,269,271,272,275,288,292,294,299,318,319,320,321,336,371,390,391,392,393,394,395,396,397,398,399,400,401,402,529,530,531,532,533,534,535,
END
fineshedJobsCount: 260
switchs: 420
switchsInstances: 11
unfineshedPriorityCount: 17
totalUnfineshed: 116
criticalMachineSwitchs: 195
criticalMachineTime: 10076
Final Solution: 6760
Time: 383390
PTL: 458
MCMC: 496
Best Initial: 1449
Mean Initial: 918
