./input/BaseInstances/2M1_n=209,r=0.5,t=361,v0.txt;./input/Processed/ToolSetInt.csv
7;720;1440
Machine: 0
68;0;0;160;1;0,1,2,3,4,5,6,7,8,9,10,34,35,36,37,48,49,50,51,52,53,54,55,56,57,58,59,60,61,62,63,64,65,66,67,68,69,95,136,137,138,139,140,141,142,143,144,148,157,163,165,171,183,198,199,201,202,239,240,241,242,243,270,271,272,273,274,290,291,292,293,294,295,296,297,298,299,300,301,302,
66;0;160;277;0;0,1,2,3,4,5,6,7,8,9,10,34,35,36,37,48,49,50,51,52,53,54,55,56,57,58,59,60,61,62,63,64,65,66,67,68,69,95,136,137,138,139,140,141,142,143,144,148,157,163,165,171,183,198,199,201,202,239,240,241,242,243,270,271,272,273,274,290,291,292,293,294,295,296,297,298,299,300,301,302,
25;0;277;438;1;0,1,2,3,4,5,6,7,8,9,10,34,35,36,37,48,49,50,51,52,53,54,55,56,57,58,59,60,61,62,63,64,65,66,67,68,69,95,136,137,138,139,140,141,142,143,144,148,157,163,165,171,183,198,199,201,202,239,240,241,242,243,270,271,272,273,274,290,291,292,293,294,295,296,297,298,299,300,301,302,
25;1;438;568;1;0,1,2,3,4,5,6,7,8,9,10,34,35,36,37,48,49,50,51,52,53,54,55,56,57,58,59,60,61,62,63,64,65,66,67,68,69,95,136,137,138,139,140,141,142,143,144,148,157,163,165,171,183,198,199,201,202,239,240,241,242,243,270,271,272,273,274,290,291,292,293,294,295,296,297,298,299,300,301,302,
111;0;568;726;0;0,1,2,3,4,5,6,7,8,9,10,34,35,36,37,48,49,50,51,52,53,54,55,56,57,58,59,60,61,62,63,64,65,66,67,68,69,95,136,137,138,139,140,141,142,143,144,148,157,163,165,171,183,198,199,201,202,239,240,241,242,243,270,271,272,273,274,290,291,292,293,294,295,296,297,298,299,300,301,302,
111;1;726;860;0;0,1,2,3,4,5,6,7,8,9,10,34,35,36,37,48,49,50,51,52,53,54,55,56,57,58,59,60,61,62,63,64,65,66,67,68,69,95,136,137,138,139,140,141,142,143,144,148,157,163,165,171,183,198,199,201,202,239,240,241,242,243,270,271,272,273,274,290,291,292,293,294,295,296,297,298,299,300,301,302,
82;0;860;1012;0;0,1,2,3,4,5,6,7,8,9,10,34,35,36,37,48,49,50,51,52,53,54,55,56,57,58,59,60,61,62,63,64,65,66,67,68,69,95,136,137,138,139,140,141,142,143,144,148,157,163,165,171,183,198,199,201,202,239,240,241,242,243,270,271,272,273,274,290,291,292,293,294,295,296,297,298,299,300,301,302,
39;0;1012;1095;0;0,1,2,3,4,5,6,7,8,9,10,34,35,36,37,48,49,50,51,52,53,54,55,56,57,58,59,60,61,62,63,64,65,66,67,68,69,95,136,137,138,139,140,141,142,143,144,148,157,163,165,171,183,198,199,201,202,239,240,241,242,243,270,271,272,273,274,290,291,292,293,294,295,296,297,298,299,300,301,302,
39;1;1095;1253;0;0,1,2,3,4,5,6,7,8,9,10,34,35,36,37,48,49,50,51,52,53,54,55,56,57,58,59,60,61,62,63,64,65,66,67,68,69,95,136,137,138,139,140,141,142,143,144,148,157,163,165,171,183,198,199,201,202,239,240,241,242,243,270,271,272,273,274,290,291,292,293,294,295,296,297,298,299,300,301,302,
75;0;1253;1314;0;0,1,2,3,4,5,6,7,8,9,10,34,35,36,37,48,49,50,51,52,53,54,55,56,57,58,59,60,61,62,63,64,65,66,67,68,69,95,136,137,138,139,140,141,142,143,144,148,157,163,165,171,183,198,199,201,202,239,240,241,242,243,270,271,272,273,274,290,291,292,293,294,295,296,297,298,299,300,301,302,
75;1;1314;1325;0;0,1,2,3,4,5,6,7,8,9,10,34,35,36,37,48,49,50,51,52,53,54,55,56,57,58,59,60,61,62,63,64,65,66,67,68,69,95,136,137,138,139,140,141,142,143,144,148,157,163,165,171,183,198,199,201,202,239,240,241,242,243,270,271,272,273,274,290,291,292,293,294,295,296,297,298,299,300,301,302,
108;0;1325;1477;1;0,1,2,3,4,5,6,7,8,9,10,34,35,36,37,48,49,50,51,52,53,54,55,56,57,58,59,60,61,62,63,64,65,66,67,68,69,95,136,137,138,139,140,141,142,143,144,148,157,163,165,171,183,198,199,201,202,239,240,241,242,243,270,271,272,273,274,290,291,292,293,294,295,296,297,298,299,300,301,302,
116;0;1477;1545;1;0,1,2,3,4,5,6,7,8,9,10,34,35,36,37,48,49,50,51,52,53,54,55,56,57,58,59,60,61,62,63,64,65,66,67,68,69,95,136,137,138,139,140,141,142,143,144,148,157,163,165,171,183,198,199,201,202,239,240,241,242,243,270,271,272,273,274,290,291,292,293,294,295,296,297,298,299,300,301,302,
65;0;1545;1660;1;0,1,2,3,4,5,6,7,8,9,10,34,35,36,37,48,49,50,51,52,53,54,55,56,57,58,59,60,61,62,63,64,65,66,67,68,69,95,136,137,138,139,140,141,142,143,144,148,157,163,165,171,183,198,199,201,202,239,240,241,242,243,270,271,272,273,274,290,291,292,293,294,295,296,297,298,299,300,301,302,
65;1;1660;1777;1;0,1,2,3,4,5,6,7,8,9,10,34,35,36,37,48,49,50,51,52,53,54,55,56,57,58,59,60,61,62,63,64,65,66,67,68,69,95,136,137,138,139,140,141,142,143,144,148,157,163,165,171,183,198,199,201,202,239,240,241,242,243,270,271,272,273,274,290,291,292,293,294,295,296,297,298,299,300,301,302,
81;0;1777;1934;1;0,1,2,3,4,5,6,7,8,9,10,34,35,36,37,48,49,50,51,52,53,54,55,56,57,58,59,60,61,62,63,64,65,66,67,68,69,95,136,137,138,139,140,141,142,143,144,148,157,163,165,171,183,198,199,201,202,239,240,241,242,243,270,271,272,273,274,290,291,292,293,294,295,296,297,298,299,300,301,302,
81;1;1934;2086;1;0,1,2,3,4,5,6,7,8,9,10,34,35,36,37,48,49,50,51,52,53,54,55,56,57,58,59,60,61,62,63,64,65,66,67,68,69,95,136,137,138,139,140,141,142,143,144,148,157,163,165,171,183,198,199,201,202,239,240,241,242,243,270,271,272,273,274,290,291,292,293,294,295,296,297,298,299,300,301,302,
136;0;2086;2110;1;0,1,2,3,4,5,6,7,8,9,10,34,35,36,37,48,49,50,51,52,53,54,55,56,57,58,59,60,61,62,63,64,65,66,67,68,69,95,136,137,138,139,140,141,142,143,144,148,157,163,165,171,183,198,199,201,202,239,240,241,242,243,270,271,272,273,274,290,291,292,293,294,295,296,297,298,299,300,301,302,
41;0;2110;2155;1;0,1,2,3,4,5,6,7,8,9,10,34,35,36,37,48,49,50,51,52,53,54,55,56,57,58,59,60,61,62,63,64,65,66,67,68,69,95,136,137,138,139,140,141,142,143,144,148,157,163,165,171,183,198,199,201,202,239,240,241,242,243,270,271,272,273,274,290,291,292,293,294,295,296,297,298,299,300,301,302,
41;1;2155;2159;1;0,1,2,3,4,5,6,7,8,9,10,34,35,36,37,48,49,50,51,52,53,54,55,56,57,58,59,60,61,62,63,64,65,66,67,68,69,95,136,137,138,139,140,141,142,143,144,148,157,163,165,171,183,198,199,201,202,239,240,241,242,243,270,271,272,273,274,290,291,292,293,294,295,296,297,298,299,300,301,302,
53;0;2159;2288;1;0,1,2,3,4,5,6,7,8,9,10,34,35,36,37,48,49,50,51,52,53,54,55,56,57,58,59,60,61,62,63,64,65,66,67,68,69,95,136,137,138,139,140,141,142,143,144,148,157,163,165,171,183,198,199,201,202,239,240,241,242,243,270,271,272,273,274,290,291,292,293,294,295,296,297,298,299,300,301,302,
53;1;2288;2448;1;0,1,2,3,4,5,6,7,8,9,10,34,35,36,37,48,49,50,51,52,53,54,55,56,57,58,59,60,61,62,63,64,65,66,67,68,69,95,136,137,138,139,140,141,142,143,144,148,157,163,165,171,183,198,199,201,202,239,240,241,242,243,270,271,272,273,274,290,291,292,293,294,295,296,297,298,299,300,301,302,
38;0;2448;2606;0;0,1,2,3,4,5,6,7,8,9,10,34,35,36,37,48,49,50,51,52,53,54,55,56,57,58,59,60,61,62,63,64,65,66,67,68,69,95,136,137,138,139,140,141,142,143,144,148,157,163,165,171,183,198,199,201,202,239,240,241,242,243,270,271,272,273,274,290,291,292,293,294,295,296,297,298,299,300,301,302,
104;0;2606;2698;1;0,1,2,3,4,5,6,7,8,9,10,34,35,36,37,48,49,50,51,52,53,54,55,56,57,58,59,60,61,62,63,64,65,66,67,68,69,95,136,137,138,139,140,141,142,143,144,148,157,163,165,171,183,198,199,201,202,239,240,241,242,243,270,271,272,273,274,290,291,292,293,294,295,296,297,298,299,300,301,302,
102;0;2698;2832;0;0,1,2,3,4,5,6,7,8,9,10,34,35,36,37,48,49,50,51,52,53,54,55,56,57,58,59,60,61,62,63,64,65,66,67,68,69,95,136,137,138,139,140,141,142,143,144,148,157,163,165,171,183,198,199,201,202,239,240,241,242,243,270,271,272,273,274,290,291,292,293,294,295,296,297,298,299,300,301,302,
60;0;2832;2938;1;0,1,2,3,4,5,6,7,8,9,10,34,35,36,37,48,49,50,51,52,53,54,55,56,57,58,59,60,61,62,63,64,65,66,67,68,69,95,136,137,138,139,140,141,142,143,144,148,157,163,165,171,183,198,199,201,202,239,240,241,242,243,270,271,272,273,274,290,291,292,293,294,295,296,297,298,299,300,301,302,
120;0;2938;2942;1;0,1,2,3,4,5,6,7,8,9,10,34,35,36,37,48,49,50,51,52,53,54,55,56,57,58,59,60,61,62,63,64,65,66,67,68,69,95,136,137,138,139,140,141,142,143,144,148,157,163,165,171,183,198,199,201,202,239,240,241,242,243,270,271,272,273,274,290,291,292,293,294,295,296,297,298,299,300,301,302,
95;0;2942;2972;0;0,1,2,3,4,5,6,7,8,9,10,34,35,36,37,48,49,50,51,52,53,54,55,56,57,58,59,60,61,62,63,64,65,66,67,68,69,95,136,137,138,139,140,141,142,143,144,148,157,163,165,171,183,198,199,201,202,239,240,241,242,243,270,271,272,273,274,290,291,292,293,294,295,296,297,298,299,300,301,302,
95;1;2972;3119;0;0,1,2,3,4,5,6,7,8,9,10,34,35,36,37,48,49,50,51,52,53,54,55,56,57,58,59,60,61,62,63,64,65,66,67,68,69,95,136,137,138,139,140,141,142,143,144,148,157,163,165,171,183,198,199,201,202,239,240,241,242,243,270,271,272,273,274,290,291,292,293,294,295,296,297,298,299,300,301,302,
91;0;3119;3183;0;0,1,2,3,4,5,6,7,8,9,10,34,35,36,37,48,49,50,51,52,53,54,55,56,57,58,59,60,61,62,63,64,65,66,67,68,69,95,136,137,138,139,140,141,142,143,144,148,157,163,165,171,183,198,199,201,202,239,240,241,242,243,270,271,272,273,274,290,291,292,293,294,295,296,297,298,299,300,301,302,
91;1;3183;3248;0;0,1,2,3,4,5,6,7,8,9,10,34,35,36,37,48,49,50,51,52,53,54,55,56,57,58,59,60,61,62,63,64,65,66,67,68,69,95,136,137,138,139,140,141,142,143,144,148,157,163,165,171,183,198,199,201,202,239,240,241,242,243,270,271,272,273,274,290,291,292,293,294,295,296,297,298,299,300,301,302,
36;0;3248;3408;1;0,1,2,3,4,5,6,7,8,9,10,34,35,36,37,48,49,50,51,52,53,54,55,56,57,58,59,60,61,62,63,64,65,66,67,68,69,95,136,137,138,139,140,141,142,143,144,148,157,163,165,171,183,198,199,201,202,239,240,241,242,243,270,271,272,273,274,290,291,292,293,294,295,296,297,298,299,300,301,302,
0;0;3408;3534;1;0,1,2,3,4,5,6,7,8,9,10,34,35,36,37,48,49,50,51,52,53,54,55,56,57,58,59,60,61,62,63,64,65,66,67,68,69,95,136,137,138,139,140,141,142,143,144,148,157,163,165,171,183,198,199,201,202,239,240,241,242,243,270,271,272,273,274,290,291,292,293,294,295,296,297,298,299,300,301,302,
0;1;3534;3602;1;0,1,2,3,4,5,6,7,8,9,10,34,35,36,37,48,49,50,51,52,53,54,55,56,57,58,59,60,61,62,63,64,65,66,67,68,69,95,136,137,138,139,140,141,142,143,144,148,157,163,165,171,183,198,199,201,202,239,240,241,242,243,270,271,272,273,274,290,291,292,293,294,295,296,297,298,299,300,301,302,
127;0;3602;3643;0;0,1,2,3,4,5,6,7,8,9,10,34,35,36,37,48,49,50,51,52,53,54,55,56,57,58,59,60,61,62,63,64,65,66,67,68,69,95,136,137,138,139,140,141,142,143,144,148,157,163,165,171,183,198,199,201,202,239,240,241,242,243,270,271,272,273,274,290,291,292,293,294,295,296,297,298,299,300,301,302,
127;1;3643;3677;0;0,1,2,3,4,5,6,7,8,9,10,34,35,36,37,48,49,50,51,52,53,54,55,56,57,58,59,60,61,62,63,64,65,66,67,68,69,95,136,137,138,139,140,141,142,143,144,148,157,163,165,171,183,198,199,201,202,239,240,241,242,243,270,271,272,273,274,290,291,292,293,294,295,296,297,298,299,300,301,302,
70;0;3677;3681;0;0,1,2,3,4,5,6,7,8,9,10,34,35,36,37,48,49,50,51,52,53,54,55,56,57,58,59,60,61,62,63,64,65,66,67,68,69,95,136,137,138,139,140,141,142,143,144,148,157,163,165,171,183,198,199,201,202,239,240,241,242,243,270,271,272,273,274,290,291,292,293,294,295,296,297,298,299,300,301,302,
94;0;3681;3787;0;0,1,2,3,4,5,6,7,8,9,10,34,35,36,37,48,49,50,51,52,53,54,55,56,57,58,59,60,61,62,63,64,65,66,67,68,69,95,136,137,138,139,140,141,142,143,144,148,157,163,165,171,183,198,199,201,202,239,240,241,242,243,270,271,272,273,274,290,291,292,293,294,295,296,297,298,299,300,301,302,
17;0;3787;3791;1;0,1,2,3,4,5,6,7,8,9,10,34,35,36,37,48,49,50,51,52,53,54,55,56,57,58,59,60,61,62,63,64,65,66,67,68,69,95,136,137,138,139,140,141,142,143,144,148,157,163,165,171,183,198,199,201,202,239,240,241,242,243,270,271,272,273,274,290,291,292,293,294,295,296,297,298,299,300,301,302,
17;1;3791;3815;1;0,1,2,3,4,5,6,7,8,9,10,34,35,36,37,48,49,50,51,52,53,54,55,56,57,58,59,60,61,62,63,64,65,66,67,68,69,95,136,137,138,139,140,141,142,143,144,148,157,163,165,171,183,198,199,201,202,239,240,241,242,243,270,271,272,273,274,290,291,292,293,294,295,296,297,298,299,300,301,302,
26;0;3815;3975;0;0,1,2,3,4,5,6,7,8,9,10,34,35,36,37,48,49,50,51,52,53,54,55,56,57,58,59,60,61,62,63,64,65,66,67,68,69,95,136,137,138,139,140,141,142,143,144,148,157,163,165,171,183,198,199,201,202,239,240,241,242,243,270,271,272,273,274,290,291,292,293,294,295,296,297,298,299,300,301,302,
126;0;3975;3999;0;0,1,2,3,4,5,6,7,8,9,10,34,35,36,37,48,49,50,51,52,53,54,55,56,57,58,59,60,61,62,63,64,65,66,67,68,69,95,136,137,138,139,140,141,142,143,144,148,157,163,165,171,183,198,199,201,202,239,240,241,242,243,270,271,272,273,274,290,291,292,293,294,295,296,297,298,299,300,301,302,
89;0;3999;4038;1;0,1,2,3,4,5,6,7,8,9,10,34,35,36,37,48,49,50,51,52,53,54,55,56,57,58,59,60,61,62,63,64,65,66,67,68,69,95,136,137,138,139,140,141,142,143,144,148,157,163,165,171,183,198,199,201,202,239,240,241,242,243,270,271,272,273,274,290,291,292,293,294,295,296,297,298,299,300,301,302,
89;1;4038;4172;1;0,1,2,3,4,5,6,7,8,9,10,34,35,36,37,48,49,50,51,52,53,54,55,56,57,58,59,60,61,62,63,64,65,66,67,68,69,95,136,137,138,139,140,141,142,143,144,148,157,163,165,171,183,198,199,201,202,239,240,241,242,243,270,271,272,273,274,290,291,292,293,294,295,296,297,298,299,300,301,302,
16;0;4172;4197;1;0,1,2,3,4,5,6,7,8,9,10,34,35,36,37,48,49,50,51,52,53,54,55,56,57,58,59,60,61,62,63,64,65,66,67,68,69,95,136,137,138,139,140,141,142,143,144,148,157,163,165,171,183,198,199,201,202,239,240,241,242,243,270,271,272,273,274,290,291,292,293,294,295,296,297,298,299,300,301,302,
62;0;4197;4331;0;0,1,2,3,4,5,6,7,8,9,10,34,35,36,37,48,49,50,51,52,53,54,55,56,57,58,59,60,61,62,63,64,65,66,67,68,69,95,136,137,138,139,140,141,142,143,144,148,157,163,165,171,183,198,199,201,202,239,240,241,242,243,270,271,272,273,274,290,291,292,293,294,295,296,297,298,299,300,301,302,
5;0;4331;4507;1;0,1,2,3,4,5,6,7,8,9,10,34,35,36,37,48,49,50,51,52,53,54,55,56,57,58,59,60,61,62,63,64,65,66,67,68,69,95,136,137,138,139,140,141,142,143,144,148,157,163,165,171,183,198,199,201,202,239,240,241,242,243,270,271,272,273,274,290,291,292,293,294,295,296,297,298,299,300,301,302,
5;1;4507;4654;1;0,1,2,3,4,5,6,7,8,9,10,34,35,36,37,48,49,50,51,52,53,54,55,56,57,58,59,60,61,62,63,64,65,66,67,68,69,95,136,137,138,139,140,141,142,143,144,148,157,163,165,171,183,198,199,201,202,239,240,241,242,243,270,271,272,273,274,290,291,292,293,294,295,296,297,298,299,300,301,302,
131;0;4654;4786;0;0,1,2,3,4,5,6,7,8,9,10,34,35,36,37,48,49,50,51,52,53,54,55,56,57,58,59,60,61,62,63,64,65,66,67,68,69,95,136,137,138,139,140,141,142,143,144,148,157,163,165,171,183,198,199,201,202,239,240,241,242,243,270,271,272,273,274,290,291,292,293,294,295,296,297,298,299,300,301,302,
131;1;4786;4916;0;0,1,2,3,4,5,6,7,8,9,10,34,35,36,37,48,49,50,51,52,53,54,55,56,57,58,59,60,61,62,63,64,65,66,67,68,69,95,136,137,138,139,140,141,142,143,144,148,157,163,165,171,183,198,199,201,202,239,240,241,242,243,270,271,272,273,274,290,291,292,293,294,295,296,297,298,299,300,301,302,
84;0;4916;4927;1;0,1,2,3,4,5,6,7,8,9,10,34,35,36,37,48,49,50,51,52,53,54,55,56,57,58,59,60,61,62,63,64,65,66,67,68,69,95,136,137,138,139,140,141,142,143,144,148,157,163,165,171,183,198,199,201,202,239,240,241,242,243,270,271,272,273,274,290,291,292,293,294,295,296,297,298,299,300,301,302,
54;0;4927;5092;0;18,34,35,36,37,48,49,50,51,52,53,54,55,56,57,58,59,60,61,62,63,64,65,66,67,68,69,70,71,72,73,74,75,76,77,78,79,80,81,82,83,84,85,86,87,88,89,90,91,92,93,94,95,141,146,148,152,154,157,163,165,170,171,175,183,187,188,189,190,191,192,193,194,195,198,199,201,202,239,240,
48;0;5092;5239;1;18,34,35,36,37,48,49,50,51,52,53,54,55,56,57,58,59,60,61,62,63,64,65,66,67,68,69,70,71,72,73,74,75,76,77,78,79,80,81,82,83,84,85,86,87,88,89,90,91,92,93,94,95,141,146,148,152,154,157,163,165,170,171,175,183,187,188,189,190,191,192,193,194,195,198,199,201,202,239,240,
37;0;5239;5335;1;18,34,35,36,37,48,49,50,51,52,53,54,55,56,57,58,59,60,61,62,63,64,65,66,67,68,69,70,71,72,73,74,75,76,77,78,79,80,81,82,83,84,85,86,87,88,89,90,91,92,93,94,95,141,146,148,152,154,157,163,165,170,171,175,183,187,188,189,190,191,192,193,194,195,198,199,201,202,239,240,
37;1;5335;5351;1;18,34,35,36,37,48,49,50,51,52,53,54,55,56,57,58,59,60,61,62,63,64,65,66,67,68,69,70,71,72,73,74,75,76,77,78,79,80,81,82,83,84,85,86,87,88,89,90,91,92,93,94,95,141,146,148,152,154,157,163,165,170,171,175,183,187,188,189,190,191,192,193,194,195,198,199,201,202,239,240,
134;0;5351;5425;0;18,34,35,36,37,48,49,50,51,52,53,54,55,56,57,58,59,60,61,62,63,64,65,66,67,68,69,70,71,72,73,74,75,76,77,78,79,80,81,82,83,84,85,86,87,88,89,90,91,92,93,94,95,141,146,148,152,154,157,163,165,170,171,175,183,187,188,189,190,191,192,193,194,195,198,199,201,202,239,240,
10;0;5425;5459;0;18,34,35,36,37,48,49,50,51,52,53,54,55,56,57,58,59,60,61,62,63,64,65,66,67,68,69,70,71,72,73,74,75,76,77,78,79,80,81,82,83,84,85,86,87,88,89,90,91,92,93,94,95,141,146,148,152,154,157,163,165,170,171,175,183,187,188,189,190,191,192,193,194,195,198,199,201,202,239,240,
137;0;5459;5548;1;18,34,35,36,37,48,49,50,51,52,53,54,55,56,57,58,59,60,61,62,63,64,65,66,67,68,69,70,71,72,73,74,75,76,77,78,79,80,81,82,83,84,85,86,87,88,89,90,91,92,93,94,95,141,146,148,152,154,157,163,165,170,171,175,183,187,188,189,190,191,192,193,194,195,198,199,201,202,239,240,
137;1;5548;5713;1;18,34,35,36,37,48,49,50,51,52,53,54,55,56,57,58,59,60,61,62,63,64,65,66,67,68,69,70,71,72,73,74,75,76,77,78,79,80,81,82,83,84,85,86,87,88,89,90,91,92,93,94,95,141,146,148,152,154,157,163,165,170,171,175,183,187,188,189,190,191,192,193,194,195,198,199,201,202,239,240,
9;0;5713;5834;1;18,34,35,36,37,48,49,50,51,52,53,54,55,56,57,58,59,60,61,62,63,64,65,66,67,68,69,70,71,72,73,74,75,76,77,78,79,80,81,82,83,84,85,86,87,88,89,90,91,92,93,94,95,141,146,148,152,154,157,163,165,170,171,175,183,187,188,189,190,191,192,193,194,195,198,199,201,202,239,240,
9;1;5834;5908;1;18,34,35,36,37,48,49,50,51,52,53,54,55,56,57,58,59,60,61,62,63,64,65,66,67,68,69,70,71,72,73,74,75,76,77,78,79,80,81,82,83,84,85,86,87,88,89,90,91,92,93,94,95,141,146,148,152,154,157,163,165,170,171,175,183,187,188,189,190,191,192,193,194,195,198,199,201,202,239,240,
11;0;5908;5916;0;18,34,35,36,37,48,49,50,51,52,53,54,55,56,57,58,59,60,61,62,63,64,65,66,67,68,69,70,71,72,73,74,75,76,77,78,79,80,81,82,83,84,85,86,87,88,89,90,91,92,93,94,95,141,146,148,152,154,157,163,165,170,171,175,183,187,188,189,190,191,192,193,194,195,198,199,201,202,239,240,
11;1;5916;6022;0;18,34,35,36,37,48,49,50,51,52,53,54,55,56,57,58,59,60,61,62,63,64,65,66,67,68,69,70,71,72,73,74,75,76,77,78,79,80,81,82,83,84,85,86,87,88,89,90,91,92,93,94,95,141,146,148,152,154,157,163,165,170,171,175,183,187,188,189,190,191,192,193,194,195,198,199,201,202,239,240,
4;0;6022;6152;1;18,34,35,36,37,48,49,50,51,52,53,54,55,56,57,58,59,60,61,62,63,64,65,66,67,68,69,70,71,72,73,74,75,76,77,78,79,80,81,82,83,84,85,86,87,88,89,90,91,92,93,94,95,141,146,148,152,154,157,163,165,170,171,175,183,187,188,189,190,191,192,193,194,195,198,199,201,202,239,240,
115;0;6152;6156;0;18,34,35,36,37,48,49,50,51,52,53,54,55,56,57,58,59,60,61,62,63,64,65,66,67,68,69,70,71,72,73,74,75,76,77,78,79,80,81,82,83,84,85,86,87,88,89,90,91,92,93,94,95,141,146,148,152,154,157,163,165,170,171,175,183,187,188,189,190,191,192,193,194,195,198,199,201,202,239,240,
115;1;6156;6286;0;18,34,35,36,37,48,49,50,51,52,53,54,55,56,57,58,59,60,61,62,63,64,65,66,67,68,69,70,71,72,73,74,75,76,77,78,79,80,81,82,83,84,85,86,87,88,89,90,91,92,93,94,95,141,146,148,152,154,157,163,165,170,171,175,183,187,188,189,190,191,192,193,194,195,198,199,201,202,239,240,
125;0;6286;6328;1;18,34,35,36,37,49,50,51,52,53,54,55,56,57,58,59,60,61,62,63,64,65,141,145,146,147,148,149,150,151,152,153,154,155,156,157,158,159,160,161,162,163,164,165,166,167,168,169,170,171,172,173,174,175,176,177,178,179,180,181,183,187,188,189,190,191,192,193,194,195,198,199,200,201,202,239,240,312,313,314,
125;1;6328;6502;1;18,34,35,36,37,49,50,51,52,53,54,55,56,57,58,59,60,61,62,63,64,65,141,145,146,147,148,149,150,151,152,153,154,155,156,157,158,159,160,161,162,163,164,165,166,167,168,169,170,171,172,173,174,175,176,177,178,179,180,181,183,187,188,189,190,191,192,193,194,195,198,199,200,201,202,239,240,312,313,314,
98;0;6502;6591;0;18,34,35,36,37,49,50,51,52,53,54,55,56,57,58,59,60,61,62,63,64,65,141,145,146,147,148,149,150,151,152,153,154,155,156,157,158,159,160,161,162,163,164,165,166,167,168,169,170,171,172,173,174,175,176,177,178,179,180,181,183,187,188,189,190,191,192,193,194,195,198,199,200,201,202,239,240,312,313,314,
52;0;6591;6749;1;18,34,35,36,37,49,50,51,52,53,54,55,56,57,58,59,60,61,62,63,64,65,141,145,146,147,148,149,150,151,152,153,154,155,156,157,158,159,160,161,162,163,164,165,166,167,168,169,170,171,172,173,174,175,176,177,178,179,180,181,183,187,188,189,190,191,192,193,194,195,198,199,200,201,202,239,240,312,313,314,
33;0;6749;6837;1;18,34,35,36,37,49,50,51,52,53,54,55,56,57,58,59,60,61,62,63,64,65,141,145,146,147,148,149,150,151,152,153,154,155,156,157,158,159,160,161,162,163,164,165,166,167,168,169,170,171,172,173,174,175,176,177,178,179,180,181,183,187,188,189,190,191,192,193,194,195,198,199,200,201,202,239,240,312,313,314,
33;1;6837;6853;1;18,34,35,36,37,49,50,51,52,53,54,55,56,57,58,59,60,61,62,63,64,65,141,145,146,147,148,149,150,151,152,153,154,155,156,157,158,159,160,161,162,163,164,165,166,167,168,169,170,171,172,173,174,175,176,177,178,179,180,181,183,187,188,189,190,191,192,193,194,195,198,199,200,201,202,239,240,312,313,314,
113;0;6853;6919;1;18,34,35,36,37,49,50,51,52,53,54,55,56,57,58,59,60,61,62,63,64,65,141,145,146,147,148,149,150,151,152,153,154,155,156,157,158,159,160,161,162,163,164,165,166,167,168,169,170,171,172,173,174,175,176,177,178,179,180,181,183,187,188,189,190,191,192,193,194,195,198,199,200,201,202,239,240,312,313,314,
113;1;6919;7011;1;18,34,35,36,37,49,50,51,52,53,54,55,56,57,58,59,60,61,62,63,64,65,141,145,146,147,148,149,150,151,152,153,154,155,156,157,158,159,160,161,162,163,164,165,166,167,168,169,170,171,172,173,174,175,176,177,178,179,180,181,183,187,188,189,190,191,192,193,194,195,198,199,200,201,202,239,240,312,313,314,
35;0;7011;7112;0;18,34,35,36,37,49,50,51,52,53,54,55,56,57,58,59,60,61,62,63,64,65,141,145,146,147,148,149,150,151,152,153,154,155,156,157,158,159,160,161,162,163,164,165,166,167,168,169,170,171,172,173,174,175,176,177,178,179,180,181,183,187,188,189,190,191,192,193,194,195,198,199,200,201,202,239,240,312,313,314,
35;1;7112;7204;0;18,34,35,36,37,49,50,51,52,53,54,55,56,57,58,59,60,61,62,63,64,65,141,145,146,147,148,149,150,151,152,153,154,155,156,157,158,159,160,161,162,163,164,165,166,167,168,169,170,171,172,173,174,175,176,177,178,179,180,181,183,187,188,189,190,191,192,193,194,195,198,199,200,201,202,239,240,312,313,314,
44;0;7204;7334;1;18,34,35,36,37,49,50,51,52,53,54,55,56,57,58,59,60,61,62,63,64,65,141,145,146,147,148,149,150,151,152,153,154,155,156,157,158,159,160,161,162,163,164,165,166,167,168,169,170,171,172,173,174,175,176,177,178,179,180,181,183,187,188,189,190,191,192,193,194,195,198,199,200,201,202,239,240,312,313,314,
49;0;7334;7490;1;18,34,35,36,37,49,50,51,52,53,54,55,56,57,58,59,60,61,62,63,64,65,141,145,146,147,148,149,150,151,152,153,154,155,156,157,158,159,160,161,162,163,164,165,166,167,168,169,170,171,172,173,174,175,176,177,178,179,180,181,183,187,188,189,190,191,192,193,194,195,198,199,200,201,202,239,240,312,313,314,
49;1;7490;7494;1;18,34,35,36,37,49,50,51,52,53,54,55,56,57,58,59,60,61,62,63,64,65,141,145,146,147,148,149,150,151,152,153,154,155,156,157,158,159,160,161,162,163,164,165,166,167,168,169,170,171,172,173,174,175,176,177,178,179,180,181,183,187,188,189,190,191,192,193,194,195,198,199,200,201,202,239,240,312,313,314,
119;0;7494;7566;0;18,34,35,36,37,49,50,51,52,53,54,55,56,57,58,59,60,61,62,63,64,65,141,145,146,147,148,149,150,151,152,153,154,155,156,157,158,159,160,161,162,163,164,165,166,167,168,169,170,171,172,173,174,175,176,177,178,179,180,181,183,187,188,189,190,191,192,193,194,195,198,199,200,201,202,239,240,312,313,314,
119;1;7566;7713;0;18,34,35,36,37,49,50,51,52,53,54,55,56,57,58,59,60,61,62,63,64,65,141,145,146,147,148,149,150,151,152,153,154,155,156,157,158,159,160,161,162,163,164,165,166,167,168,169,170,171,172,173,174,175,176,177,178,179,180,181,183,187,188,189,190,191,192,193,194,195,198,199,200,201,202,239,240,312,313,314,
55;0;7713;7828;0;18,34,35,36,37,49,50,51,52,53,54,55,56,57,58,59,60,61,62,63,64,65,141,145,146,147,148,149,150,151,152,153,154,155,156,157,158,159,160,161,162,163,164,165,166,167,168,169,170,171,172,173,174,175,176,177,178,179,180,181,183,187,188,189,190,191,192,193,194,195,198,199,200,201,202,239,240,312,313,314,
55;1;7828;7950;0;18,34,35,36,37,49,50,51,52,53,54,55,56,57,58,59,60,61,62,63,64,65,141,145,146,147,148,149,150,151,152,153,154,155,156,157,158,159,160,161,162,163,164,165,166,167,168,169,170,171,172,173,174,175,176,177,178,179,180,181,183,187,188,189,190,191,192,193,194,195,198,199,200,201,202,239,240,312,313,314,
29;0;7950;8098;1;18,34,35,36,37,49,50,51,52,53,54,55,56,57,58,59,60,61,62,63,64,65,141,145,146,147,148,149,150,151,152,153,154,155,156,157,158,159,160,161,162,163,164,165,166,167,168,169,170,171,172,173,174,175,176,177,178,179,180,181,183,187,188,189,190,191,192,193,194,195,198,199,200,201,202,239,240,312,313,314,
29;1;8098;8263;1;18,34,35,36,37,49,50,51,52,53,54,55,56,57,58,59,60,61,62,63,64,65,141,145,146,147,148,149,150,151,152,153,154,155,156,157,158,159,160,161,162,163,164,165,166,167,168,169,170,171,172,173,174,175,176,177,178,179,180,181,183,187,188,189,190,191,192,193,194,195,198,199,200,201,202,239,240,312,313,314,
96;0;8263;8352;1;18,34,35,36,37,49,50,51,52,53,54,55,56,57,58,59,60,61,62,63,64,65,141,145,146,147,148,149,150,151,152,153,154,155,156,157,158,159,160,161,162,163,164,165,166,167,168,169,170,171,172,173,174,175,176,177,178,179,180,181,183,187,188,189,190,191,192,193,194,195,198,199,200,201,202,239,240,312,313,314,
22;0;8352;8482;0;18,34,35,36,37,49,50,51,52,53,54,55,56,57,58,59,60,61,62,63,64,65,141,145,146,147,148,149,150,151,152,153,154,155,156,157,158,159,160,161,162,163,164,165,166,167,168,169,170,171,172,173,174,175,176,177,178,179,180,181,183,187,188,189,190,191,192,193,194,195,198,199,200,201,202,239,240,312,313,314,
138;0;8482;8486;0;18,34,35,36,37,49,50,51,52,53,54,55,56,57,58,59,60,61,62,63,64,65,141,145,146,147,148,149,150,151,152,153,154,155,156,157,158,159,160,161,162,163,164,165,166,167,168,169,170,171,172,173,174,175,176,177,178,179,180,181,183,187,188,189,190,191,192,193,194,195,198,199,200,201,202,239,240,312,313,314,
88;0;8486;8599;1;18,34,35,36,37,49,50,51,52,53,54,55,56,57,58,59,60,61,62,63,64,65,141,145,146,147,148,149,150,151,152,153,154,155,156,157,158,159,160,161,162,163,164,165,166,167,168,169,170,171,172,173,174,175,176,177,178,179,180,181,183,187,188,189,190,191,192,193,194,195,198,199,200,201,202,239,240,312,313,314,
45;0;8599;8724;1;18,34,35,36,37,49,50,51,52,53,54,55,56,57,58,59,60,61,62,63,64,65,141,145,146,147,148,149,150,151,152,153,154,155,156,157,158,159,160,161,162,163,164,165,166,167,168,169,170,171,172,173,174,175,176,177,178,179,180,181,183,187,188,189,190,191,192,193,194,195,198,199,200,201,202,239,240,312,313,314,
45;1;8724;8837;1;18,34,35,36,37,49,50,51,52,53,54,55,56,57,58,59,60,61,62,63,64,65,141,145,146,147,148,149,150,151,152,153,154,155,156,157,158,159,160,161,162,163,164,165,166,167,168,169,170,171,172,173,174,175,176,177,178,179,180,181,183,187,188,189,190,191,192,193,194,195,198,199,200,201,202,239,240,312,313,314,
40;0;8837;8950;1;18,34,35,36,37,49,50,51,52,53,54,55,56,57,58,59,60,61,62,63,64,65,141,145,146,147,148,149,150,151,152,153,154,155,156,157,158,159,160,161,162,163,164,165,166,167,168,169,170,171,172,173,174,175,176,177,178,179,180,181,183,187,188,189,190,191,192,193,194,195,198,199,200,201,202,239,240,312,313,314,
56;0;8950;9084;1;18,34,35,36,37,49,50,51,52,53,54,55,56,57,58,59,60,61,62,63,64,65,141,145,146,147,148,149,150,151,152,153,154,155,156,157,158,159,160,161,162,163,164,165,166,167,168,169,170,171,172,173,174,175,176,177,178,179,180,181,183,187,188,189,190,191,192,193,194,195,198,199,200,201,202,239,240,312,313,314,
105;0;9084;9095;1;18,34,35,36,37,49,50,51,52,53,54,55,56,57,58,59,60,61,62,63,64,65,141,145,146,147,148,149,150,151,152,153,154,155,156,157,158,159,160,161,162,163,164,165,166,167,168,169,170,171,172,173,174,175,176,177,178,179,180,181,183,187,188,189,190,191,192,193,194,195,198,199,200,201,202,239,240,312,313,314,
105;1;9095;9184;1;18,34,35,36,37,49,50,51,52,53,54,55,56,57,58,59,60,61,62,63,64,65,141,145,146,147,148,149,150,151,152,153,154,155,156,157,158,159,160,161,162,163,164,165,166,167,168,169,170,171,172,173,174,175,176,177,178,179,180,181,183,187,188,189,190,191,192,193,194,195,198,199,200,201,202,239,240,312,313,314,
27;0;9184;9280;0;18,34,35,36,37,49,50,51,52,53,54,55,56,57,58,59,60,61,62,63,64,65,141,145,146,147,148,149,150,151,152,153,154,155,156,157,158,159,160,161,162,163,164,165,166,167,168,169,170,171,172,173,174,175,176,177,178,179,180,181,183,187,188,189,190,191,192,193,194,195,198,199,200,201,202,239,240,312,313,314,
27;1;9280;9454;0;18,34,35,36,37,49,50,51,52,53,54,55,56,57,58,59,60,61,62,63,64,65,141,145,146,147,148,149,150,151,152,153,154,155,156,157,158,159,160,161,162,163,164,165,166,167,168,169,170,171,172,173,174,175,176,177,178,179,180,181,183,187,188,189,190,191,192,193,194,195,198,199,200,201,202,239,240,312,313,314,
8;0;9454;9560;1;18,34,35,36,37,49,50,51,52,53,54,55,56,57,58,59,60,61,62,63,64,65,141,145,146,147,148,149,150,151,152,153,154,155,156,157,158,159,160,161,162,163,164,165,166,167,168,169,170,171,172,173,174,175,176,177,178,179,180,181,183,187,188,189,190,191,192,193,194,195,198,199,200,201,202,239,240,312,313,314,
80;0;9560;9576;1;18,34,35,36,37,49,50,51,52,53,54,55,56,57,58,59,60,61,62,63,64,65,141,145,146,147,148,149,150,151,152,153,154,155,156,157,158,159,160,161,162,163,164,165,166,167,168,169,170,171,172,173,174,175,176,177,178,179,180,181,183,187,188,189,190,191,192,193,194,195,198,199,200,201,202,239,240,312,313,314,
99;0;9576;9642;0;18,34,35,36,37,49,50,51,52,53,54,55,56,57,58,59,60,61,62,63,64,65,141,145,146,147,148,149,150,151,152,153,154,155,156,157,158,159,160,161,162,163,164,165,166,167,168,169,170,171,172,173,174,175,176,177,178,179,180,181,183,187,188,189,190,191,192,193,194,195,198,199,200,201,202,239,240,312,313,314,
99;1;9642;9734;0;18,34,35,36,37,49,50,51,52,53,54,55,56,57,58,59,60,61,62,63,64,65,141,145,146,147,148,149,150,151,152,153,154,155,156,157,158,159,160,161,162,163,164,165,166,167,168,169,170,171,172,173,174,175,176,177,178,179,180,181,183,187,188,189,190,191,192,193,194,195,198,199,200,201,202,239,240,312,313,314,
20;0;9734;9856;1;18,34,35,36,37,49,50,51,52,53,54,55,56,57,58,59,60,61,62,63,64,65,141,145,146,147,148,149,150,151,152,153,154,155,156,157,158,159,160,161,162,163,164,165,166,167,168,169,170,171,172,173,174,175,176,177,178,179,180,181,183,187,188,189,190,191,192,193,194,195,198,199,200,201,202,239,240,312,313,314,
69;0;9856;9911;1;18,34,35,36,37,49,50,51,52,53,54,55,56,57,58,59,60,61,62,63,64,65,141,145,146,147,148,149,150,151,152,153,154,155,156,157,158,159,160,161,162,163,164,165,166,167,168,169,170,171,172,173,174,175,176,177,178,179,180,181,183,187,188,189,190,191,192,193,194,195,198,199,200,201,202,239,240,312,313,314,
69;1;9911;10069;1;18,34,35,36,37,49,50,51,52,53,54,55,56,57,58,59,60,61,62,63,64,65,141,145,146,147,148,149,150,151,152,153,154,155,156,157,158,159,160,161,162,163,164,165,166,167,168,169,170,171,172,173,174,175,176,177,178,179,180,181,183,187,188,189,190,191,192,193,194,195,198,199,200,201,202,239,240,312,313,314,
Machine: 1
121;0;0;137;1;30,31,32,33,38,39,41,42,66,67,98,99,103,182,184,185,186,196,197,200,203,204,229,243,263,275,276,277,278,279,280,281,282,283,284,285,286,287,288,289,303,304,305,306,315,316,317,318,319,320,321,322,323,324,325,326,327,328,334,335,336,337,338,339,340,341,342,343,344,345,346,347,348,349,350,351,352,353,354,355,
121;1;137;315;1;30,31,32,33,38,39,41,42,66,67,98,99,103,182,184,185,186,196,197,200,203,204,229,243,263,275,276,277,278,279,280,281,282,283,284,285,286,287,288,289,303,304,305,306,315,316,317,318,319,320,321,322,323,324,325,326,327,328,334,335,336,337,338,339,340,341,342,343,344,345,346,347,348,349,350,351,352,353,354,355,
12;0;315;356;1;30,31,32,33,38,39,41,42,66,67,98,99,103,182,184,185,186,196,197,200,203,204,229,243,263,275,276,277,278,279,280,281,282,283,284,285,286,287,288,289,303,304,305,306,315,316,317,318,319,320,321,322,323,324,325,326,327,328,334,335,336,337,338,339,340,341,342,343,344,345,346,347,348,349,350,351,352,353,354,355,
90;0;356;384;0;30,31,32,33,38,39,41,42,66,67,98,99,103,182,184,185,186,196,197,200,203,204,229,243,263,275,276,277,278,279,280,281,282,283,284,285,286,287,288,289,303,304,305,306,315,316,317,318,319,320,321,322,323,324,325,326,327,328,334,335,336,337,338,339,340,341,342,343,344,345,346,347,348,349,350,351,352,353,354,355,
32;0;384;552;1;30,31,32,33,38,39,41,42,66,67,98,99,103,182,184,185,186,196,197,200,203,204,229,243,263,275,276,277,278,279,280,281,282,283,284,285,286,287,288,289,303,304,305,306,315,316,317,318,319,320,321,322,323,324,325,326,327,328,334,335,336,337,338,339,340,341,342,343,344,345,346,347,348,349,350,351,352,353,354,355,
51;0;552;588;0;30,31,32,33,38,39,41,42,66,67,98,99,103,182,184,185,186,196,197,200,203,204,229,243,263,275,276,277,278,279,280,281,282,283,284,285,286,287,288,289,303,304,305,306,315,316,317,318,319,320,321,322,323,324,325,326,327,328,334,335,336,337,338,339,340,341,342,343,344,345,346,347,348,349,350,351,352,353,354,355,
51;1;588;702;0;30,31,32,33,38,39,41,42,66,67,98,99,103,182,184,185,186,196,197,200,203,204,229,243,263,275,276,277,278,279,280,281,282,283,284,285,286,287,288,289,303,304,305,306,315,316,317,318,319,320,321,322,323,324,325,326,327,328,334,335,336,337,338,339,340,341,342,343,344,345,346,347,348,349,350,351,352,353,354,355,
103;0;702;876;0;30,31,32,33,38,39,41,42,66,67,98,99,103,182,184,185,186,196,197,200,203,204,229,243,263,275,276,277,278,279,280,281,282,283,284,285,286,287,288,289,303,304,305,306,315,316,317,318,319,320,321,322,323,324,325,326,327,328,334,335,336,337,338,339,340,341,342,343,344,345,346,347,348,349,350,351,352,353,354,355,
103;1;876;917;0;30,31,32,33,38,39,41,42,66,67,98,99,103,182,184,185,186,196,197,200,203,204,229,243,263,275,276,277,278,279,280,281,282,283,284,285,286,287,288,289,303,304,305,306,315,316,317,318,319,320,321,322,323,324,325,326,327,328,334,335,336,337,338,339,340,341,342,343,344,345,346,347,348,349,350,351,352,353,354,355,
123;0;917;1031;0;30,31,32,33,38,39,41,42,66,67,98,99,103,182,184,185,186,196,197,200,203,204,229,243,263,275,276,277,278,279,280,281,282,283,284,285,286,287,288,289,303,304,305,306,315,316,317,318,319,320,321,322,323,324,325,326,327,328,334,335,336,337,338,339,340,341,342,343,344,345,346,347,348,349,350,351,352,353,354,355,
123;1;1031;1194;0;30,31,32,33,38,39,41,42,66,67,98,99,103,182,184,185,186,196,197,200,203,204,229,243,263,275,276,277,278,279,280,281,282,283,284,285,286,287,288,289,303,304,305,306,315,316,317,318,319,320,321,322,323,324,325,326,327,328,334,335,336,337,338,339,340,341,342,343,344,345,346,347,348,349,350,351,352,353,354,355,
30;0;1194;1308;0;30,31,32,33,38,39,41,42,66,67,98,99,103,182,184,185,186,196,197,200,203,204,229,243,263,275,276,277,278,279,280,281,282,283,284,285,286,287,288,289,303,304,305,306,315,316,317,318,319,320,321,322,323,324,325,326,327,328,334,335,336,337,338,339,340,341,342,343,344,345,346,347,348,349,350,351,352,353,354,355,
28;0;1308;1336;1;30,31,32,33,38,39,41,42,66,67,98,99,103,182,184,185,186,196,197,200,203,204,229,243,263,275,276,277,278,279,280,281,282,283,284,285,286,287,288,289,303,304,305,306,315,316,317,318,319,320,321,322,323,324,325,326,327,328,334,335,336,337,338,339,340,341,342,343,344,345,346,347,348,349,350,351,352,353,354,355,
83;0;1336;1387;0;30,31,32,33,38,39,41,42,66,67,98,99,103,182,184,185,186,196,197,200,203,204,229,243,263,275,276,277,278,279,280,281,282,283,284,285,286,287,288,289,303,304,305,306,315,316,317,318,319,320,321,322,323,324,325,326,327,328,334,335,336,337,338,339,340,341,342,343,344,345,346,347,348,349,350,351,352,353,354,355,
83;1;1387;1441;0;30,31,32,33,38,39,41,42,66,67,98,99,103,182,184,185,186,196,197,200,203,204,229,243,263,275,276,277,278,279,280,281,282,283,284,285,286,287,288,289,303,304,305,306,315,316,317,318,319,320,321,322,323,324,325,326,327,328,334,335,336,337,338,339,340,341,342,343,344,345,346,347,348,349,350,351,352,353,354,355,
85;0;1441;1603;1;30,31,32,33,38,39,41,42,66,67,98,99,103,182,184,185,186,196,197,200,203,204,229,243,263,275,276,277,278,279,280,281,282,283,284,285,286,287,288,289,303,304,305,306,315,316,317,318,319,320,321,322,323,324,325,326,327,328,334,335,336,337,338,339,340,341,342,343,344,345,346,347,348,349,350,351,352,353,354,355,
85;1;1603;1644;1;30,31,32,33,38,39,41,42,66,67,98,99,103,182,184,185,186,196,197,200,203,204,229,243,263,275,276,277,278,279,280,281,282,283,284,285,286,287,288,289,303,304,305,306,315,316,317,318,319,320,321,322,323,324,325,326,327,328,334,335,336,337,338,339,340,341,342,343,344,345,346,347,348,349,350,351,352,353,354,355,
23;0;1644;1732;0;30,31,32,33,38,39,41,42,66,67,98,99,103,182,184,185,186,196,197,200,203,204,229,243,263,275,276,277,278,279,280,281,282,283,284,285,286,287,288,289,303,304,305,306,315,316,317,318,319,320,321,322,323,324,325,326,327,328,334,335,336,337,338,339,340,341,342,343,344,345,346,347,348,349,350,351,352,353,354,355,
23;1;1732;1773;0;30,31,32,33,38,39,41,42,66,67,98,99,103,182,184,185,186,196,197,200,203,204,229,243,263,275,276,277,278,279,280,281,282,283,284,285,286,287,288,289,303,304,305,306,315,316,317,318,319,320,321,322,323,324,325,326,327,328,334,335,336,337,338,339,340,341,342,343,344,345,346,347,348,349,350,351,352,353,354,355,
63;0;1773;1907;0;30,31,32,33,38,39,41,42,66,67,98,99,103,182,184,185,186,196,197,200,203,204,229,243,263,275,276,277,278,279,280,281,282,283,284,285,286,287,288,289,303,304,305,306,315,316,317,318,319,320,321,322,323,324,325,326,327,328,334,335,336,337,338,339,340,341,342,343,344,345,346,347,348,349,350,351,352,353,354,355,
63;1;1907;2070;0;30,31,32,33,38,39,41,42,66,67,98,99,103,182,184,185,186,196,197,200,203,204,229,243,263,275,276,277,278,279,280,281,282,283,284,285,286,287,288,289,303,304,305,306,315,316,317,318,319,320,321,322,323,324,325,326,327,328,334,335,336,337,338,339,340,341,342,343,344,345,346,347,348,349,350,351,352,353,354,355,
19;0;2070;2190;0;30,31,32,33,38,39,41,42,66,67,98,99,103,182,184,185,186,196,197,200,203,204,229,243,263,275,276,277,278,279,280,281,282,283,284,285,286,287,288,289,303,304,305,306,315,316,317,318,319,320,321,322,323,324,325,326,327,328,334,335,336,337,338,339,340,341,342,343,344,345,346,347,348,349,350,351,352,353,354,355,
19;1;2190;2201;0;30,31,32,33,38,39,41,42,66,67,98,99,103,182,184,185,186,196,197,200,203,204,229,243,263,275,276,277,278,279,280,281,282,283,284,285,286,287,288,289,303,304,305,306,315,316,317,318,319,320,321,322,323,324,325,326,327,328,334,335,336,337,338,339,340,341,342,343,344,345,346,347,348,349,350,351,352,353,354,355,
24;0;2201;2302;1;30,31,32,33,38,39,41,42,66,67,98,99,103,182,184,185,186,196,197,200,203,204,229,243,263,275,276,277,278,279,280,281,282,283,284,285,286,287,288,289,303,304,305,306,315,316,317,318,319,320,321,322,323,324,325,326,327,328,334,335,336,337,338,339,340,341,342,343,344,345,346,347,348,349,350,351,352,353,354,355,
100;0;2302;2397;1;30,31,32,33,38,39,41,42,66,67,98,99,103,182,184,185,186,196,197,200,203,204,229,243,263,275,276,277,278,279,280,281,282,283,284,285,286,287,288,289,303,304,305,306,315,316,317,318,319,320,321,322,323,324,325,326,327,328,334,335,336,337,338,339,340,341,342,343,344,345,346,347,348,349,350,351,352,353,354,355,
77;0;2397;2441;1;30,31,32,33,38,39,41,42,66,67,98,99,103,182,184,185,186,196,197,200,203,204,229,243,263,275,276,277,278,279,280,281,282,283,284,285,286,287,288,289,303,304,305,306,315,316,317,318,319,320,321,322,323,324,325,326,327,328,334,335,336,337,338,339,340,341,342,343,344,345,346,347,348,349,350,351,352,353,354,355,
77;1;2441;2460;1;30,31,32,33,38,39,41,42,66,67,98,99,103,182,184,185,186,196,197,200,203,204,229,243,263,275,276,277,278,279,280,281,282,283,284,285,286,287,288,289,303,304,305,306,315,316,317,318,319,320,321,322,323,324,325,326,327,328,334,335,336,337,338,339,340,341,342,343,344,345,346,347,348,349,350,351,352,353,354,355,
14;0;2460;2555;0;30,31,32,33,38,39,41,42,66,67,98,99,103,182,184,185,186,196,197,200,203,204,229,243,263,275,276,277,278,279,280,281,282,283,284,285,286,287,288,289,303,304,305,306,315,316,317,318,319,320,321,322,323,324,325,326,327,328,334,335,336,337,338,339,340,341,342,343,344,345,346,347,348,349,350,351,352,353,354,355,
129;0;2555;2686;1;30,31,32,33,38,39,41,42,66,67,98,99,103,182,184,185,186,196,197,200,203,204,229,243,263,275,276,277,278,279,280,281,282,283,284,285,286,287,288,289,303,304,305,306,315,316,317,318,319,320,321,322,323,324,325,326,327,328,334,335,336,337,338,339,340,341,342,343,344,345,346,347,348,349,350,351,352,353,354,355,
129;1;2686;2739;1;30,31,32,33,38,39,41,42,66,67,98,99,103,182,184,185,186,196,197,200,203,204,229,243,263,275,276,277,278,279,280,281,282,283,284,285,286,287,288,289,303,304,305,306,315,316,317,318,319,320,321,322,323,324,325,326,327,328,334,335,336,337,338,339,340,341,342,343,344,345,346,347,348,349,350,351,352,353,354,355,
61;0;2739;2827;1;30,31,32,33,38,39,41,42,66,67,98,99,103,182,184,185,186,196,197,200,203,204,229,243,263,275,276,277,278,279,280,281,282,283,284,285,286,287,288,289,303,304,305,306,315,316,317,318,319,320,321,322,323,324,325,326,327,328,334,335,336,337,338,339,340,341,342,343,344,345,346,347,348,349,350,351,352,353,354,355,
61;1;2827;2868;1;30,31,32,33,38,39,41,42,66,67,98,99,103,182,184,185,186,196,197,200,203,204,229,243,263,275,276,277,278,279,280,281,282,283,284,285,286,287,288,289,303,304,305,306,315,316,317,318,319,320,321,322,323,324,325,326,327,328,334,335,336,337,338,339,340,341,342,343,344,345,346,347,348,349,350,351,352,353,354,355,
2;0;2868;2879;1;30,31,32,33,38,39,41,42,66,67,98,99,103,182,184,185,186,196,197,200,203,204,229,243,263,275,276,277,278,279,280,281,282,283,284,285,286,287,288,289,303,304,305,306,315,316,317,318,319,320,321,322,323,324,325,326,327,328,334,335,336,337,338,339,340,341,342,343,344,345,346,347,348,349,350,351,352,353,354,355,
34;0;2879;3042;0;30,31,32,33,38,39,41,42,66,67,98,99,103,182,184,185,186,196,197,200,203,204,229,243,263,275,276,277,278,279,280,281,282,283,284,285,286,287,288,289,303,304,305,306,315,316,317,318,319,320,321,322,323,324,325,326,327,328,334,335,336,337,338,339,340,341,342,343,344,345,346,347,348,349,350,351,352,353,354,355,
87;0;3042;3064;0;30,31,32,33,38,39,41,42,66,67,98,99,103,182,184,185,186,196,197,200,203,204,229,243,263,275,276,277,278,279,280,281,282,283,284,285,286,287,288,289,303,304,305,306,315,316,317,318,319,320,321,322,323,324,325,326,327,328,334,335,336,337,338,339,340,341,342,343,344,345,346,347,348,349,350,351,352,353,354,355,
87;1;3064;3118;0;30,31,32,33,38,39,41,42,66,67,98,99,103,182,184,185,186,196,197,200,203,204,229,243,263,275,276,277,278,279,280,281,282,283,284,285,286,287,288,289,303,304,305,306,315,316,317,318,319,320,321,322,323,324,325,326,327,328,334,335,336,337,338,339,340,341,342,343,344,345,346,347,348,349,350,351,352,353,354,355,
46;0;3118;3281;0;30,31,32,33,38,39,41,42,66,67,98,99,103,182,184,185,186,196,197,200,203,204,229,243,263,275,276,277,278,279,280,281,282,283,284,285,286,287,288,289,303,304,305,306,315,316,317,318,319,320,321,322,323,324,325,326,327,328,334,335,336,337,338,339,340,341,342,343,344,345,346,347,348,349,350,351,352,353,354,355,
73;0;3281;3453;1;30,31,32,33,38,39,41,42,66,67,98,99,103,182,184,185,186,196,197,200,203,204,229,243,263,275,276,277,278,279,280,281,282,283,284,285,286,287,288,289,303,304,305,306,315,316,317,318,319,320,321,322,323,324,325,326,327,328,334,335,336,337,338,339,340,341,342,343,344,345,346,347,348,349,350,351,352,353,354,355,
73;1;3453;3621;1;30,31,32,33,38,39,41,42,66,67,98,99,103,182,184,185,186,196,197,200,203,204,229,243,263,275,276,277,278,279,280,281,282,283,284,285,286,287,288,289,303,304,305,306,315,316,317,318,319,320,321,322,323,324,325,326,327,328,334,335,336,337,338,339,340,341,342,343,344,345,346,347,348,349,350,351,352,353,354,355,
3;0;3621;3733;0;30,31,32,33,38,39,41,42,66,67,98,99,103,182,184,185,186,196,197,200,203,204,229,243,263,275,276,277,278,279,280,281,282,283,284,285,286,287,288,289,303,304,305,306,315,316,317,318,319,320,321,322,323,324,325,326,327,328,334,335,336,337,338,339,340,341,342,343,344,345,346,347,348,349,350,351,352,353,354,355,
3;1;3733;3761;0;30,31,32,33,38,39,41,42,66,67,98,99,103,182,184,185,186,196,197,200,203,204,229,243,263,275,276,277,278,279,280,281,282,283,284,285,286,287,288,289,303,304,305,306,315,316,317,318,319,320,321,322,323,324,325,326,327,328,334,335,336,337,338,339,340,341,342,343,344,345,346,347,348,349,350,351,352,353,354,355,
109;0;3761;3862;1;30,31,32,33,38,39,41,42,66,67,98,99,103,182,184,185,186,196,197,200,203,204,229,243,263,275,276,277,278,279,280,281,282,283,284,285,286,287,288,289,303,304,305,306,315,316,317,318,319,320,321,322,323,324,325,326,327,328,334,335,336,337,338,339,340,341,342,343,344,345,346,347,348,349,350,351,352,353,354,355,
109;1;3862;4025;1;30,31,32,33,38,39,41,42,66,67,98,99,103,182,184,185,186,196,197,200,203,204,229,243,263,275,276,277,278,279,280,281,282,283,284,285,286,287,288,289,303,304,305,306,315,316,317,318,319,320,321,322,323,324,325,326,327,328,334,335,336,337,338,339,340,341,342,343,344,345,346,347,348,349,350,351,352,353,354,355,
122;0;4025;4175;0;30,31,32,33,38,39,41,42,66,67,98,99,103,182,184,185,186,196,197,200,203,204,229,243,263,275,276,277,278,279,280,281,282,283,284,285,286,287,288,289,303,304,305,306,315,316,317,318,319,320,321,322,323,324,325,326,327,328,334,335,336,337,338,339,340,341,342,343,344,345,346,347,348,349,350,351,352,353,354,355,
67;0;4175;4312;0;30,31,32,33,38,39,41,42,66,67,98,99,103,182,184,185,186,196,197,200,203,204,229,243,263,275,276,277,278,279,280,281,282,283,284,285,286,287,288,289,303,304,305,306,315,316,317,318,319,320,321,322,323,324,325,326,327,328,334,335,336,337,338,339,340,341,342,343,344,345,346,347,348,349,350,351,352,353,354,355,
67;1;4312;4407;0;30,31,32,33,38,39,41,42,66,67,98,99,103,182,184,185,186,196,197,200,203,204,229,243,263,275,276,277,278,279,280,281,282,283,284,285,286,287,288,289,303,304,305,306,315,316,317,318,319,320,321,322,323,324,325,326,327,328,334,335,336,337,338,339,340,341,342,343,344,345,346,347,348,349,350,351,352,353,354,355,
101;0;4407;4507;1;30,31,32,33,38,39,41,42,66,67,98,99,103,182,184,185,186,196,197,200,203,204,229,243,263,275,276,277,278,279,280,281,282,283,284,285,286,287,288,289,303,304,305,306,315,316,317,318,319,320,321,322,323,324,325,326,327,328,334,335,336,337,338,339,340,341,342,343,344,345,346,347,348,349,350,351,352,353,354,355,
101;1;4507;4524;1;30,31,32,33,38,39,41,42,66,67,98,99,103,182,184,185,186,196,197,200,203,204,229,243,263,275,276,277,278,279,280,281,282,283,284,285,286,287,288,289,303,304,305,306,315,316,317,318,319,320,321,322,323,324,325,326,327,328,334,335,336,337,338,339,340,341,342,343,344,345,346,347,348,349,350,351,352,353,354,355,
107;0;4524;4696;0;30,31,32,33,38,39,41,42,66,67,98,99,103,182,184,185,186,196,197,200,203,204,229,243,263,275,276,277,278,279,280,281,282,283,284,285,286,287,288,289,303,304,305,306,315,316,317,318,319,320,321,322,323,324,325,326,327,328,334,335,336,337,338,339,340,341,342,343,344,345,346,347,348,349,350,351,352,353,354,355,
107;1;4696;4810;0;30,31,32,33,38,39,41,42,66,67,98,99,103,182,184,185,186,196,197,200,203,204,229,243,263,275,276,277,278,279,280,281,282,283,284,285,286,287,288,289,303,304,305,306,315,316,317,318,319,320,321,322,323,324,325,326,327,328,334,335,336,337,338,339,340,341,342,343,344,345,346,347,348,349,350,351,352,353,354,355,
15;0;4810;4929;0;17,18,30,31,32,33,38,39,40,41,42,43,44,45,46,47,48,66,67,75,96,97,98,99,100,101,102,103,104,105,106,107,108,109,110,111,112,113,114,115,116,117,118,119,120,121,122,123,124,125,126,127,128,129,130,131,132,133,134,135,182,184,185,186,196,197,200,203,204,229,243,263,307,308,309,310,311,356,357,358,
15;1;4929;5067;0;17,18,30,31,32,33,38,39,40,41,42,43,44,45,46,47,48,66,67,75,96,97,98,99,100,101,102,103,104,105,106,107,108,109,110,111,112,113,114,115,116,117,118,119,120,121,122,123,124,125,126,127,128,129,130,131,132,133,134,135,182,184,185,186,196,197,200,203,204,229,243,263,307,308,309,310,311,356,357,358,
21;0;5067;5108;1;17,18,30,31,32,33,38,39,40,41,42,43,44,45,46,47,48,66,67,75,96,97,98,99,100,101,102,103,104,105,106,107,108,109,110,111,112,113,114,115,116,117,118,119,120,121,122,123,124,125,126,127,128,129,130,131,132,133,134,135,182,184,185,186,196,197,200,203,204,229,243,263,307,308,309,310,311,356,357,358,
21;1;5108;5214;1;17,18,30,31,32,33,38,39,40,41,42,43,44,45,46,47,48,66,67,75,96,97,98,99,100,101,102,103,104,105,106,107,108,109,110,111,112,113,114,115,116,117,118,119,120,121,122,123,124,125,126,127,128,129,130,131,132,133,134,135,182,184,185,186,196,197,200,203,204,229,243,263,307,308,309,310,311,356,357,358,
13;0;5214;5378;1;17,18,30,31,32,33,38,39,40,41,42,43,44,45,46,47,48,66,67,75,96,97,98,99,100,101,102,103,104,105,106,107,108,109,110,111,112,113,114,115,116,117,118,119,120,121,122,123,124,125,126,127,128,129,130,131,132,133,134,135,182,184,185,186,196,197,200,203,204,229,243,263,307,308,309,310,311,356,357,358,
13;1;5378;5484;1;17,18,30,31,32,33,38,39,40,41,42,43,44,45,46,47,48,66,67,75,96,97,98,99,100,101,102,103,104,105,106,107,108,109,110,111,112,113,114,115,116,117,118,119,120,121,122,123,124,125,126,127,128,129,130,131,132,133,134,135,182,184,185,186,196,197,200,203,204,229,243,263,307,308,309,310,311,356,357,358,
86;0;5484;5534;0;17,18,30,31,32,33,38,39,40,41,42,43,44,45,46,47,48,66,67,75,96,97,98,99,100,101,102,103,104,105,106,107,108,109,110,111,112,113,114,115,116,117,118,119,120,121,122,123,124,125,126,127,128,129,130,131,132,133,134,135,182,184,185,186,196,197,200,203,204,229,243,263,307,308,309,310,311,356,357,358,
92;0;5534;5629;1;17,18,30,31,32,33,38,39,40,41,42,43,44,45,46,47,48,66,67,75,96,97,98,99,100,101,102,103,104,105,106,107,108,109,110,111,112,113,114,115,116,117,118,119,120,121,122,123,124,125,126,127,128,129,130,131,132,133,134,135,182,184,185,186,196,197,200,203,204,229,243,263,307,308,309,310,311,356,357,358,
6;0;5629;5779;0;17,18,30,31,32,33,38,39,40,41,42,43,44,45,46,47,48,66,67,75,96,97,98,99,100,101,102,103,104,105,106,107,108,109,110,111,112,113,114,115,116,117,118,119,120,121,122,123,124,125,126,127,128,129,130,131,132,133,134,135,182,184,185,186,196,197,200,203,204,229,243,263,307,308,309,310,311,356,357,358,
130;0;5779;5832;0;17,18,30,31,32,33,38,39,40,41,42,43,44,45,46,47,48,66,67,75,96,97,98,99,100,101,102,103,104,105,106,107,108,109,110,111,112,113,114,115,116,117,118,119,120,121,122,123,124,125,126,127,128,129,130,131,132,133,134,135,182,184,185,186,196,197,200,203,204,229,243,263,307,308,309,310,311,356,357,358,
58;0;5832;5946;0;17,18,30,31,32,33,38,39,40,41,42,43,44,45,46,47,48,66,67,75,96,97,98,99,100,101,102,103,104,105,106,107,108,109,110,111,112,113,114,115,116,117,118,119,120,121,122,123,124,125,126,127,128,129,130,131,132,133,134,135,182,184,185,186,196,197,200,203,204,229,243,263,307,308,309,310,311,356,357,358,
97;0;5946;6110;1;17,18,30,31,32,33,38,39,40,41,42,43,44,45,46,47,48,66,67,75,96,97,98,99,100,101,102,103,104,105,106,107,108,109,110,111,112,113,114,115,116,117,118,119,120,121,122,123,124,125,126,127,128,129,130,131,132,133,134,135,182,184,185,186,196,197,200,203,204,229,243,263,307,308,309,310,311,356,357,358,
97;1;6110;6260;1;17,18,30,31,32,33,38,39,40,41,42,43,44,45,46,47,48,66,67,75,96,97,98,99,100,101,102,103,104,105,106,107,108,109,110,111,112,113,114,115,116,117,118,119,120,121,122,123,124,125,126,127,128,129,130,131,132,133,134,135,182,184,185,186,196,197,200,203,204,229,243,263,307,308,309,310,311,356,357,358,
112;0;6260;6410;1;17,18,30,31,32,33,38,39,40,41,42,43,44,45,46,47,48,66,67,75,96,97,98,99,100,101,102,103,104,105,106,107,108,109,110,111,112,113,114,115,116,117,118,119,120,121,122,123,124,125,126,127,128,129,130,131,132,133,134,135,182,184,185,186,196,197,200,203,204,229,243,263,307,308,309,310,311,356,357,358,
79;0;6410;6476;0;17,18,30,31,32,33,38,39,40,41,42,43,44,45,46,47,48,66,67,75,96,97,98,99,100,101,102,103,104,105,106,107,108,109,110,111,112,113,114,115,116,117,118,119,120,121,122,123,124,125,126,127,128,129,130,131,132,133,134,135,182,184,185,186,196,197,200,203,204,229,243,263,307,308,309,310,311,356,357,358,
79;1;6476;6644;0;17,18,30,31,32,33,38,39,40,41,42,43,44,45,46,47,48,66,67,75,96,97,98,99,100,101,102,103,104,105,106,107,108,109,110,111,112,113,114,115,116,117,118,119,120,121,122,123,124,125,126,127,128,129,130,131,132,133,134,135,182,184,185,186,196,197,200,203,204,229,243,263,307,308,309,310,311,356,357,358,
7;0;6644;6701;0;17,18,30,31,32,33,38,39,40,41,42,43,44,45,46,47,48,66,67,75,96,97,98,99,100,101,102,103,104,105,106,107,108,109,110,111,112,113,114,115,116,117,118,119,120,121,122,123,124,125,126,127,128,129,130,131,132,133,134,135,182,184,185,186,196,197,200,203,204,229,243,263,307,308,309,310,311,356,357,358,
7;1;6701;6746;0;17,18,30,31,32,33,38,39,40,41,42,43,44,45,46,47,48,66,67,75,96,97,98,99,100,101,102,103,104,105,106,107,108,109,110,111,112,113,114,115,116,117,118,119,120,121,122,123,124,125,126,127,128,129,130,131,132,133,134,135,182,184,185,186,196,197,200,203,204,229,243,263,307,308,309,310,311,356,357,358,
132;0;6746;6841;1;17,18,30,31,32,33,38,39,40,41,42,43,44,45,46,47,48,66,67,75,96,97,98,99,100,101,102,103,104,105,106,107,108,109,110,111,112,113,114,115,116,117,118,119,120,121,122,123,124,125,126,127,128,129,130,131,132,133,134,135,182,184,185,186,196,197,200,203,204,229,243,263,307,308,309,310,311,356,357,358,
31;0;6841;6995;0;17,18,30,31,32,33,38,39,40,41,42,43,44,45,46,47,48,66,67,75,96,97,98,99,100,101,102,103,104,105,106,107,108,109,110,111,112,113,114,115,116,117,118,119,120,121,122,123,124,125,126,127,128,129,130,131,132,133,134,135,182,184,185,186,196,197,200,203,204,229,243,263,307,308,309,310,311,356,357,358,
31;1;6995;7023;0;17,18,30,31,32,33,38,39,40,41,42,43,44,45,46,47,48,66,67,75,96,97,98,99,100,101,102,103,104,105,106,107,108,109,110,111,112,113,114,115,116,117,118,119,120,121,122,123,124,125,126,127,128,129,130,131,132,133,134,135,182,184,185,186,196,197,200,203,204,229,243,263,307,308,309,310,311,356,357,358,
43;0;7023;7034;0;17,18,30,31,32,33,38,39,40,41,42,43,44,45,46,47,48,66,67,75,96,97,98,99,100,101,102,103,104,105,106,107,108,109,110,111,112,113,114,115,116,117,118,119,120,121,122,123,124,125,126,127,128,129,130,131,132,133,134,135,182,184,185,186,196,197,200,203,204,229,243,263,307,308,309,310,311,356,357,358,
43;1;7034;7087;0;17,18,30,31,32,33,38,39,40,41,42,43,44,45,46,47,48,66,67,75,96,97,98,99,100,101,102,103,104,105,106,107,108,109,110,111,112,113,114,115,116,117,118,119,120,121,122,123,124,125,126,127,128,129,130,131,132,133,134,135,182,184,185,186,196,197,200,203,204,229,243,263,307,308,309,310,311,356,357,358,
72;0;7087;7225;1;17,18,30,31,32,33,38,39,40,41,42,43,44,45,46,47,48,66,67,75,96,97,98,99,100,101,102,103,104,105,106,107,108,109,110,111,112,113,114,115,116,117,118,119,120,121,122,123,124,125,126,127,128,129,130,131,132,133,134,135,182,184,185,186,196,197,200,203,204,229,243,263,307,308,309,310,311,356,357,358,
106;0;7225;7320;0;17,18,30,31,32,33,38,39,40,41,42,43,44,45,46,47,48,66,67,75,96,97,98,99,100,101,102,103,104,105,106,107,108,109,110,111,112,113,114,115,116,117,118,119,120,121,122,123,124,125,126,127,128,129,130,131,132,133,134,135,182,184,185,186,196,197,200,203,204,229,243,263,307,308,309,310,311,356,357,358,
124;0;7320;7470;1;17,18,30,31,32,33,38,39,40,41,42,43,44,45,46,47,48,66,67,75,96,97,98,99,100,101,102,103,104,105,106,107,108,109,110,111,112,113,114,115,116,117,118,119,120,121,122,123,124,125,126,127,128,129,130,131,132,133,134,135,182,184,185,186,196,197,200,203,204,229,243,263,307,308,309,310,311,356,357,358,
57;0;7470;7499;1;17,18,30,31,32,33,38,39,40,41,42,43,44,45,46,47,48,66,67,75,96,97,98,99,100,101,102,103,104,105,106,107,108,109,110,111,112,113,114,115,116,117,118,119,120,121,122,123,124,125,126,127,128,129,130,131,132,133,134,135,182,184,185,186,196,197,200,203,204,229,243,263,307,308,309,310,311,356,357,358,
57;1;7499;7600;1;17,18,30,31,32,33,38,39,40,41,42,43,44,45,46,47,48,66,67,75,96,97,98,99,100,101,102,103,104,105,106,107,108,109,110,111,112,113,114,115,116,117,118,119,120,121,122,123,124,125,126,127,128,129,130,131,132,133,134,135,182,184,185,186,196,197,200,203,204,229,243,263,307,308,309,310,311,356,357,358,
47;0;7600;7664;0;17,18,30,31,32,33,38,39,40,41,42,43,44,45,46,47,48,66,67,75,96,97,98,99,100,101,102,103,104,105,106,107,108,109,110,111,112,113,114,115,116,117,118,119,120,121,122,123,124,125,126,127,128,129,130,131,132,133,134,135,182,184,185,186,196,197,200,203,204,229,243,263,307,308,309,310,311,356,357,358,
47;1;7664;7770;0;17,18,30,31,32,33,38,39,40,41,42,43,44,45,46,47,48,66,67,75,96,97,98,99,100,101,102,103,104,105,106,107,108,109,110,111,112,113,114,115,116,117,118,119,120,121,122,123,124,125,126,127,128,129,130,131,132,133,134,135,182,184,185,186,196,197,200,203,204,229,243,263,307,308,309,310,311,356,357,358,
59;0;7770;7809;0;17,18,30,31,32,33,38,39,40,41,42,43,44,45,46,47,48,66,67,75,96,97,98,99,100,101,102,103,104,105,106,107,108,109,110,111,112,113,114,115,116,117,118,119,120,121,122,123,124,125,126,127,128,129,130,131,132,133,134,135,182,184,185,186,196,197,200,203,204,229,243,263,307,308,309,310,311,356,357,358,
59;1;7809;7854;0;17,18,30,31,32,33,38,39,40,41,42,43,44,45,46,47,48,66,67,75,96,97,98,99,100,101,102,103,104,105,106,107,108,109,110,111,112,113,114,115,116,117,118,119,120,121,122,123,124,125,126,127,128,129,130,131,132,133,134,135,182,184,185,186,196,197,200,203,204,229,243,263,307,308,309,310,311,356,357,358,
64;0;7854;7865;1;17,18,30,31,32,33,38,39,40,41,42,43,44,45,46,47,48,66,67,75,96,97,98,99,100,101,102,103,104,105,106,107,108,109,110,111,112,113,114,115,116,117,118,119,120,121,122,123,124,125,126,127,128,129,130,131,132,133,134,135,182,184,185,186,196,197,200,203,204,229,243,263,307,308,309,310,311,356,357,358,
42;0;7865;7906;0;17,18,30,31,32,33,38,39,40,41,42,43,44,45,46,47,48,66,67,75,96,97,98,99,100,101,102,103,104,105,106,107,108,109,110,111,112,113,114,115,116,117,118,119,120,121,122,123,124,125,126,127,128,129,130,131,132,133,134,135,182,184,185,186,196,197,200,203,204,229,243,263,307,308,309,310,311,356,357,358,
93;0;7906;8057;1;0,4,5,11,12,13,14,15,16,17,18,19,20,21,22,23,24,25,26,27,28,29,30,31,40,41,42,43,44,45,46,47,48,66,67,75,98,99,100,103,106,107,110,182,203,204,224,244,245,246,247,248,249,250,251,252,253,254,255,256,257,258,259,260,261,262,263,264,265,266,267,268,269,329,330,331,332,333,359,360,
93;1;8057;8110;1;0,4,5,11,12,13,14,15,16,17,18,19,20,21,22,23,24,25,26,27,28,29,30,31,40,41,42,43,44,45,46,47,48,66,67,75,98,99,100,103,106,107,110,182,203,204,224,244,245,246,247,248,249,250,251,252,253,254,255,256,257,258,259,260,261,262,263,264,265,266,267,268,269,329,330,331,332,333,359,360,
18;0;8110;8205;0;0,4,5,11,12,13,14,15,16,17,18,19,20,21,22,23,24,25,26,27,28,29,30,31,40,41,42,43,44,45,46,47,48,66,67,75,98,99,100,103,106,107,110,182,203,204,224,244,245,246,247,248,249,250,251,252,253,254,255,256,257,258,259,260,261,262,263,264,265,266,267,268,269,329,330,331,332,333,359,360,
76;0;8205;8250;1;0,4,5,11,12,13,14,15,16,17,18,19,20,21,22,23,24,25,26,27,28,29,30,31,40,41,42,43,44,45,46,47,48,66,67,75,98,99,100,103,106,107,110,182,203,204,224,244,245,246,247,248,249,250,251,252,253,254,255,256,257,258,259,260,261,262,263,264,265,266,267,268,269,329,330,331,332,333,359,360,
114;0;8250;8289;0;0,4,5,11,12,13,14,15,16,17,18,19,20,21,22,23,24,25,26,27,28,29,30,31,40,41,42,43,44,45,46,47,48,66,67,75,98,99,100,103,106,107,110,182,203,204,224,244,245,246,247,248,249,250,251,252,253,254,255,256,257,258,259,260,261,262,263,264,265,266,267,268,269,329,330,331,332,333,359,360,
128;0;8289;8330;1;0,4,5,11,12,13,14,15,16,17,18,19,20,21,22,23,24,25,26,27,28,29,30,31,40,41,42,43,44,45,46,47,48,66,67,75,98,99,100,103,106,107,110,182,203,204,224,244,245,246,247,248,249,250,251,252,253,254,255,256,257,258,259,260,261,262,263,264,265,266,267,268,269,329,330,331,332,333,359,360,
110;0;8330;8431;0;0,4,5,11,12,13,14,15,16,17,18,19,20,21,22,23,24,25,26,27,28,29,30,31,40,41,42,43,44,45,46,47,48,66,67,75,98,99,100,103,106,107,110,182,203,204,224,244,245,246,247,248,249,250,251,252,253,254,255,256,257,258,259,260,261,262,263,264,265,266,267,268,269,329,330,331,332,333,359,360,
118;0;8431;8492;0;0,4,5,11,12,13,14,15,16,17,18,19,20,21,22,23,24,25,26,27,28,29,30,31,40,41,42,43,44,45,46,47,48,66,67,75,98,99,100,103,106,107,110,182,203,204,224,244,245,246,247,248,249,250,251,252,253,254,255,256,257,258,259,260,261,262,263,264,265,266,267,268,269,329,330,331,332,333,359,360,
74;0;8492;8658;0;0,4,5,11,12,13,14,15,16,17,18,19,20,21,22,23,24,25,26,27,28,29,30,31,40,41,42,43,44,45,46,47,48,66,67,75,98,99,100,103,106,107,110,182,203,204,224,244,245,246,247,248,249,250,251,252,253,254,255,256,257,258,259,260,261,262,263,264,265,266,267,268,269,329,330,331,332,333,359,360,
117;0;8658;8819;1;0,4,5,11,12,13,14,15,16,17,18,19,20,21,22,23,24,25,26,27,28,29,30,31,40,41,42,43,44,45,46,47,48,66,67,75,98,99,100,103,106,107,110,182,203,204,224,244,245,246,247,248,249,250,251,252,253,254,255,256,257,258,259,260,261,262,263,264,265,266,267,268,269,329,330,331,332,333,359,360,
117;1;8819;8830;1;0,4,5,11,12,13,14,15,16,17,18,19,20,21,22,23,24,25,26,27,28,29,30,31,40,41,42,43,44,45,46,47,48,66,67,75,98,99,100,103,106,107,110,182,203,204,224,244,245,246,247,248,249,250,251,252,253,254,255,256,257,258,259,260,261,262,263,264,265,266,267,268,269,329,330,331,332,333,359,360,
135;0;8830;8929;0;0,4,5,11,12,13,14,15,16,17,18,19,20,21,22,23,24,25,26,27,28,29,30,31,40,41,42,43,44,45,46,47,48,66,67,75,98,99,100,103,106,107,110,182,203,204,224,244,245,246,247,248,249,250,251,252,253,254,255,256,257,258,259,260,261,262,263,264,265,266,267,268,269,329,330,331,332,333,359,360,
135;1;8929;9095;0;0,4,5,11,12,13,14,15,16,17,18,19,20,21,22,23,24,25,26,27,28,29,30,31,40,41,42,43,44,45,46,47,48,66,67,75,98,99,100,103,106,107,110,182,203,204,224,244,245,246,247,248,249,250,251,252,253,254,255,256,257,258,259,260,261,262,263,264,265,266,267,268,269,329,330,331,332,333,359,360,
133;0;9095;9215;1;0,4,5,11,12,13,14,15,16,17,18,19,20,21,22,23,24,25,26,27,28,29,30,31,40,41,42,43,44,45,46,47,48,66,67,75,98,99,100,103,106,107,110,182,203,204,224,244,245,246,247,248,249,250,251,252,253,254,255,256,257,258,259,260,261,262,263,264,265,266,267,268,269,329,330,331,332,333,359,360,
133;1;9215;9383;1;0,4,5,11,12,13,14,15,16,17,18,19,20,21,22,23,24,25,26,27,28,29,30,31,40,41,42,43,44,45,46,47,48,66,67,75,98,99,100,103,106,107,110,182,203,204,224,244,245,246,247,248,249,250,251,252,253,254,255,256,257,258,259,260,261,262,263,264,265,266,267,268,269,329,330,331,332,333,359,360,
71;0;9383;9387;0;0,4,5,11,12,13,14,15,16,17,18,19,20,21,22,23,24,25,26,27,28,29,30,31,40,41,42,43,44,45,46,47,48,66,67,75,98,99,100,103,106,107,110,182,203,204,224,244,245,246,247,248,249,250,251,252,253,254,255,256,257,258,259,260,261,262,263,264,265,266,267,268,269,329,330,331,332,333,359,360,
71;1;9387;9398;0;0,4,5,11,12,13,14,15,16,17,18,19,20,21,22,23,24,25,26,27,28,29,30,31,40,41,42,43,44,45,46,47,48,66,67,75,98,99,100,103,106,107,110,182,203,204,224,244,245,246,247,248,249,250,251,252,253,254,255,256,257,258,259,260,261,262,263,264,265,266,267,268,269,329,330,331,332,333,359,360,
78;0;9398;9499;0;0,4,5,11,12,13,14,15,16,17,18,19,20,21,22,23,24,25,26,27,28,29,30,31,40,41,42,43,44,45,46,47,48,66,67,75,98,99,100,103,106,107,110,182,203,204,224,244,245,246,247,248,249,250,251,252,253,254,255,256,257,258,259,260,261,262,263,264,265,266,267,268,269,329,330,331,332,333,359,360,
1;0;9499;9531;0;0,4,5,11,12,13,14,15,16,17,18,19,20,21,22,23,24,25,26,27,28,29,30,31,40,41,42,43,44,45,46,47,48,66,67,75,98,99,100,103,106,107,110,182,203,204,224,244,245,246,247,248,249,250,251,252,253,254,255,256,257,258,259,260,261,262,263,264,265,266,267,268,269,329,330,331,332,333,359,360,
1;1;9531;9570;0;0,4,5,11,12,13,14,15,16,17,18,19,20,21,22,23,24,25,26,27,28,29,30,31,40,41,42,43,44,45,46,47,48,66,67,75,98,99,100,103,106,107,110,182,203,204,224,244,245,246,247,248,249,250,251,252,253,254,255,256,257,258,259,260,261,262,263,264,265,266,267,268,269,329,330,331,332,333,359,360,
END
fineshedJobsCount: 208
switchs: 179
switchsInstances: 4
unfineshedPriorityCount: 0
totalUnfineshed: 1
criticalMachineSwitchs: 71
criticalMachineTime: 10069
Final Solution: 6021
Time: 242485
PTL: 473
MCMC: 491
Best Initial: 5233
Mean Initial: 5026.27
