./input/BaseInstances/2M1_n=376,r=0.5,t=650,v0.txt;./input/Processed/ToolSetInt.csv
7;720;1440
Machine: 0
80;0;0;16;1;52,53,54,98,99,100,101,102,103,104,105,106,107,108,109,110,111,112,113,114,115,116,117,118,119,120,121,122,123,124,125,126,127,128,129,130,250,264,269,271,274,282,287,288,292,299,322,323,324,325,326,327,328,329,330,331,345,346,347,348,349,350,351,352,353,354,355,356,357,358,359,360,361,362,382,390,558,612,613,614,
29;0;16;36;1;52,53,54,98,99,100,101,102,103,104,105,106,107,108,109,110,111,112,113,114,115,116,117,118,119,120,121,122,123,124,125,126,127,128,129,130,250,264,269,271,274,282,287,288,292,299,322,323,324,325,326,327,328,329,330,331,345,346,347,348,349,350,351,352,353,354,355,356,357,358,359,360,361,362,382,390,558,612,613,614,
29;1;36;201;1;52,53,54,98,99,100,101,102,103,104,105,106,107,108,109,110,111,112,113,114,115,116,117,118,119,120,121,122,123,124,125,126,127,128,129,130,250,264,269,271,274,282,287,288,292,299,322,323,324,325,326,327,328,329,330,331,345,346,347,348,349,350,351,352,353,354,355,356,357,358,359,360,361,362,382,390,558,612,613,614,
11;0;201;245;0;52,53,54,98,99,100,101,102,103,104,105,106,107,108,109,110,111,112,113,114,115,116,117,118,119,120,121,122,123,124,125,126,127,128,129,130,250,264,269,271,274,282,287,288,292,299,322,323,324,325,326,327,328,329,330,331,345,346,347,348,349,350,351,352,353,354,355,356,357,358,359,360,361,362,382,390,558,612,613,614,
11;1;245;351;0;52,53,54,98,99,100,101,102,103,104,105,106,107,108,109,110,111,112,113,114,115,116,117,118,119,120,121,122,123,124,125,126,127,128,129,130,250,264,269,271,274,282,287,288,292,299,322,323,324,325,326,327,328,329,330,331,345,346,347,348,349,350,351,352,353,354,355,356,357,358,359,360,361,362,382,390,558,612,613,614,
33;0;351;400;1;52,53,54,98,99,100,101,102,103,104,105,106,107,108,109,110,111,112,113,114,115,116,117,118,119,120,121,122,123,124,125,126,127,128,129,130,250,264,269,271,274,282,287,288,292,299,322,323,324,325,326,327,328,329,330,331,345,346,347,348,349,350,351,352,353,354,355,356,357,358,359,360,361,362,382,390,558,612,613,614,
33;1;400;416;1;52,53,54,98,99,100,101,102,103,104,105,106,107,108,109,110,111,112,113,114,115,116,117,118,119,120,121,122,123,124,125,126,127,128,129,130,250,264,269,271,274,282,287,288,292,299,322,323,324,325,326,327,328,329,330,331,345,346,347,348,349,350,351,352,353,354,355,356,357,358,359,360,361,362,382,390,558,612,613,614,
25;0;416;526;1;52,53,54,98,99,100,101,102,103,104,105,106,107,108,109,110,111,112,113,114,115,116,117,118,119,120,121,122,123,124,125,126,127,128,129,130,250,264,269,271,274,282,287,288,292,299,322,323,324,325,326,327,328,329,330,331,345,346,347,348,349,350,351,352,353,354,355,356,357,358,359,360,361,362,382,390,558,612,613,614,
25;1;526;656;1;52,53,54,98,99,100,101,102,103,104,105,106,107,108,109,110,111,112,113,114,115,116,117,118,119,120,121,122,123,124,125,126,127,128,129,130,250,264,269,271,274,282,287,288,292,299,322,323,324,325,326,327,328,329,330,331,345,346,347,348,349,350,351,352,353,354,355,356,357,358,359,360,361,362,382,390,558,612,613,614,
224;0;656;672;1;52,53,54,98,99,100,101,102,103,104,105,106,107,108,109,110,111,112,113,114,115,116,117,118,119,120,121,122,123,124,125,126,127,128,129,130,250,264,269,271,274,282,287,288,292,299,322,323,324,325,326,327,328,329,330,331,345,346,347,348,349,350,351,352,353,354,355,356,357,358,359,360,361,362,382,390,558,612,613,614,
60;0;672;778;1;52,53,54,98,99,100,101,102,103,104,105,106,107,108,109,110,111,112,113,114,115,116,117,118,119,120,121,122,123,124,125,126,127,128,129,130,250,264,269,271,274,282,287,288,292,299,322,323,324,325,326,327,328,329,330,331,345,346,347,348,349,350,351,352,353,354,355,356,357,358,359,360,361,362,382,390,558,612,613,614,
37;0;778;810;1;52,53,54,98,99,100,101,102,103,104,105,106,107,108,109,110,111,112,113,114,115,116,117,118,119,120,121,122,123,124,125,126,127,128,129,130,250,264,269,271,274,282,287,288,292,299,322,323,324,325,326,327,328,329,330,331,345,346,347,348,349,350,351,352,353,354,355,356,357,358,359,360,361,362,382,390,558,612,613,614,
37;1;810;826;1;52,53,54,98,99,100,101,102,103,104,105,106,107,108,109,110,111,112,113,114,115,116,117,118,119,120,121,122,123,124,125,126,127,128,129,130,250,264,269,271,274,282,287,288,292,299,322,323,324,325,326,327,328,329,330,331,345,346,347,348,349,350,351,352,353,354,355,356,357,358,359,360,361,362,382,390,558,612,613,614,
213;0;826;906;1;52,53,54,98,99,100,101,102,103,104,105,106,107,108,109,110,111,112,113,114,115,116,117,118,119,120,121,122,123,124,125,126,127,128,129,130,250,264,269,271,274,282,287,288,292,299,322,323,324,325,326,327,328,329,330,331,345,346,347,348,349,350,351,352,353,354,355,356,357,358,359,360,361,362,382,390,558,612,613,614,
213;1;906;1012;1;52,53,54,98,99,100,101,102,103,104,105,106,107,108,109,110,111,112,113,114,115,116,117,118,119,120,121,122,123,124,125,126,127,128,129,130,250,264,269,271,274,282,287,288,292,299,322,323,324,325,326,327,328,329,330,331,345,346,347,348,349,350,351,352,353,354,355,356,357,358,359,360,361,362,382,390,558,612,613,614,
152;0;1012;1030;1;52,53,54,98,99,100,101,102,103,104,105,106,107,108,109,110,111,112,113,114,115,116,117,118,119,120,121,122,123,124,125,126,127,128,129,130,250,264,269,271,274,282,287,288,292,299,322,323,324,325,326,327,328,329,330,331,345,346,347,348,349,350,351,352,353,354,355,356,357,358,359,360,361,362,382,390,558,612,613,614,
137;0;1030;1194;1;52,53,54,98,99,100,101,102,103,104,105,106,107,108,109,110,111,112,113,114,115,116,117,118,119,120,121,122,123,124,125,126,127,128,129,130,250,264,269,271,274,282,287,288,292,299,322,323,324,325,326,327,328,329,330,331,345,346,347,348,349,350,351,352,353,354,355,356,357,358,359,360,361,362,382,390,558,612,613,614,
137;1;1194;1359;1;52,53,54,98,99,100,101,102,103,104,105,106,107,108,109,110,111,112,113,114,115,116,117,118,119,120,121,122,123,124,125,126,127,128,129,130,250,264,269,271,274,282,287,288,292,299,322,323,324,325,326,327,328,329,330,331,345,346,347,348,349,350,351,352,353,354,355,356,357,358,359,360,361,362,382,390,558,612,613,614,
4;0;1359;1489;1;52,53,54,98,99,100,101,102,103,104,105,106,107,108,109,110,111,112,113,114,115,116,117,118,119,120,121,122,123,124,125,126,127,128,129,130,250,264,269,271,274,282,287,288,292,299,322,323,324,325,326,327,328,329,330,331,345,346,347,348,349,350,351,352,353,354,355,356,357,358,359,360,361,362,382,390,558,612,613,614,
8;0;1489;1595;1;52,53,54,98,99,100,101,102,103,104,105,106,107,108,109,110,111,112,113,114,115,116,117,118,119,120,121,122,123,124,125,126,127,128,129,130,250,264,269,271,274,282,287,288,292,299,322,323,324,325,326,327,328,329,330,331,345,346,347,348,349,350,351,352,353,354,355,356,357,358,359,360,361,362,382,390,558,612,613,614,
221;0;1595;1753;1;52,53,54,98,99,100,101,102,103,104,105,106,107,108,109,110,111,112,113,114,115,116,117,118,119,120,121,122,123,124,125,126,127,128,129,130,250,264,269,271,274,282,287,288,292,299,322,323,324,325,326,327,328,329,330,331,345,346,347,348,349,350,351,352,353,354,355,356,357,358,359,360,361,362,382,390,558,612,613,614,
221;1;1753;1771;1;52,53,54,98,99,100,101,102,103,104,105,106,107,108,109,110,111,112,113,114,115,116,117,118,119,120,121,122,123,124,125,126,127,128,129,130,250,264,269,271,274,282,287,288,292,299,322,323,324,325,326,327,328,329,330,331,345,346,347,348,349,350,351,352,353,354,355,356,357,358,359,360,361,362,382,390,558,612,613,614,
225;0;1771;1928;1;52,53,54,98,99,100,101,102,103,104,105,106,107,108,109,110,111,112,113,114,115,116,117,118,119,120,121,122,123,124,125,126,127,128,129,130,250,264,269,271,274,282,287,288,292,299,322,323,324,325,326,327,328,329,330,331,345,346,347,348,349,350,351,352,353,354,355,356,357,358,359,360,361,362,382,390,558,612,613,614,
225;1;1928;2034;1;52,53,54,98,99,100,101,102,103,104,105,106,107,108,109,110,111,112,113,114,115,116,117,118,119,120,121,122,123,124,125,126,127,128,129,130,250,264,269,271,274,282,287,288,292,299,322,323,324,325,326,327,328,329,330,331,345,346,347,348,349,350,351,352,353,354,355,356,357,358,359,360,361,362,382,390,558,612,613,614,
121;0;2034;2073;1;26,52,53,69,70,71,72,73,74,75,76,77,78,79,80,98,99,100,101,102,103,104,105,106,107,108,109,110,111,112,113,114,123,126,127,128,250,269,271,282,288,292,299,382,390,441,442,443,444,445,446,447,558,579,580,581,582,583,584,585,586,587,588,589,590,591,592,593,594,595,596,597,598,599,600,601,602,612,613,614,
121;1;2073;2251;1;26,52,53,69,70,71,72,73,74,75,76,77,78,79,80,98,99,100,101,102,103,104,105,106,107,108,109,110,111,112,113,114,123,126,127,128,250,269,271,282,288,292,299,382,390,441,442,443,444,445,446,447,558,579,580,581,582,583,584,585,586,587,588,589,590,591,592,593,594,595,596,597,598,599,600,601,602,612,613,614,
249;0;2251;2320;1;26,52,53,69,70,71,72,73,74,75,76,77,78,79,80,98,99,100,101,102,103,104,105,106,107,108,109,110,111,112,113,114,123,126,127,128,250,269,271,282,288,292,299,382,390,441,442,443,444,445,446,447,558,579,580,581,582,583,584,585,586,587,588,589,590,591,592,593,594,595,596,597,598,599,600,601,602,612,613,614,
249;1;2320;2338;1;26,52,53,69,70,71,72,73,74,75,76,77,78,79,80,98,99,100,101,102,103,104,105,106,107,108,109,110,111,112,113,114,123,126,127,128,250,269,271,282,288,292,299,382,390,441,442,443,444,445,446,447,558,579,580,581,582,583,584,585,586,587,588,589,590,591,592,593,594,595,596,597,598,599,600,601,602,612,613,614,
89;0;2338;2474;1;26,52,53,69,70,71,72,73,74,75,76,77,78,79,80,98,99,100,101,102,103,104,105,106,107,108,109,110,111,112,113,114,123,126,127,128,250,269,271,282,288,292,299,382,390,441,442,443,444,445,446,447,558,579,580,581,582,583,584,585,586,587,588,589,590,591,592,593,594,595,596,597,598,599,600,601,602,612,613,614,
89;1;2474;2608;1;26,52,53,69,70,71,72,73,74,75,76,77,78,79,80,98,99,100,101,102,103,104,105,106,107,108,109,110,111,112,113,114,123,126,127,128,250,269,271,282,288,292,299,382,390,441,442,443,444,445,446,447,558,579,580,581,582,583,584,585,586,587,588,589,590,591,592,593,594,595,596,597,598,599,600,601,602,612,613,614,
97;0;2608;2700;1;26,52,53,69,70,71,72,73,74,75,76,77,78,79,80,98,99,100,101,102,103,104,105,106,107,108,109,110,111,112,113,114,123,126,127,128,250,269,271,282,288,292,299,382,390,441,442,443,444,445,446,447,558,579,580,581,582,583,584,585,586,587,588,589,590,591,592,593,594,595,596,597,598,599,600,601,602,612,613,614,
97;1;2700;2850;1;26,52,53,69,70,71,72,73,74,75,76,77,78,79,80,98,99,100,101,102,103,104,105,106,107,108,109,110,111,112,113,114,123,126,127,128,250,269,271,282,288,292,299,382,390,441,442,443,444,445,446,447,558,579,580,581,582,583,584,585,586,587,588,589,590,591,592,593,594,595,596,597,598,599,600,601,602,612,613,614,
111;0;2850;2896;0;26,52,53,69,70,71,72,73,74,75,76,77,78,79,80,98,99,100,101,102,103,104,105,106,107,108,109,110,111,112,113,114,123,126,127,128,250,269,271,282,288,292,299,382,390,441,442,443,444,445,446,447,558,579,580,581,582,583,584,585,586,587,588,589,590,591,592,593,594,595,596,597,598,599,600,601,602,612,613,614,
111;1;2896;3030;0;26,52,53,69,70,71,72,73,74,75,76,77,78,79,80,98,99,100,101,102,103,104,105,106,107,108,109,110,111,112,113,114,123,126,127,128,250,269,271,282,288,292,299,382,390,441,442,443,444,445,446,447,558,579,580,581,582,583,584,585,586,587,588,589,590,591,592,593,594,595,596,597,598,599,600,601,602,612,613,614,
177;0;3030;3064;1;26,52,53,69,70,71,72,73,74,75,76,77,78,79,80,98,99,100,101,102,103,104,105,106,107,108,109,110,111,112,113,114,123,126,127,128,250,269,271,282,288,292,299,382,390,441,442,443,444,445,446,447,558,579,580,581,582,583,584,585,586,587,588,589,590,591,592,593,594,595,596,597,598,599,600,601,602,612,613,614,
177;1;3064;3198;1;26,52,53,69,70,71,72,73,74,75,76,77,78,79,80,98,99,100,101,102,103,104,105,106,107,108,109,110,111,112,113,114,123,126,127,128,250,269,271,282,288,292,299,382,390,441,442,443,444,445,446,447,558,579,580,581,582,583,584,585,586,587,588,589,590,591,592,593,594,595,596,597,598,599,600,601,602,612,613,614,
56;0;3198;3332;1;26,52,53,69,70,71,72,73,74,75,76,77,78,79,80,98,99,100,101,102,103,104,105,106,107,108,109,110,111,112,113,114,123,126,127,128,250,269,271,282,288,292,299,382,390,441,442,443,444,445,446,447,558,579,580,581,582,583,584,585,586,587,588,589,590,591,592,593,594,595,596,597,598,599,600,601,602,612,613,614,
203;0;3332;3385;0;26,52,53,69,70,71,72,73,74,75,76,77,78,79,80,98,99,100,101,102,103,104,105,106,107,108,109,110,111,112,113,114,123,126,127,128,250,269,271,282,288,292,299,382,390,441,442,443,444,445,446,447,558,579,580,581,582,583,584,585,586,587,588,589,590,591,592,593,594,595,596,597,598,599,600,601,602,612,613,614,
203;1;3385;3519;0;26,52,53,69,70,71,72,73,74,75,76,77,78,79,80,98,99,100,101,102,103,104,105,106,107,108,109,110,111,112,113,114,123,126,127,128,250,269,271,282,288,292,299,382,390,441,442,443,444,445,446,447,558,579,580,581,582,583,584,585,586,587,588,589,590,591,592,593,594,595,596,597,598,599,600,601,602,612,613,614,
209;0;3519;3682;1;26,52,53,57,58,60,71,73,98,99,100,101,102,103,104,105,106,107,108,109,110,111,112,113,114,123,126,127,128,190,250,269,271,282,288,292,299,363,364,365,366,367,368,381,382,383,390,448,449,450,451,452,453,545,546,547,548,549,550,551,552,553,554,555,556,557,558,559,560,561,562,563,564,565,566,567,568,569,570,571,
209;1;3682;3771;1;26,52,53,57,58,60,71,73,98,99,100,101,102,103,104,105,106,107,108,109,110,111,112,113,114,123,126,127,128,190,250,269,271,282,288,292,299,363,364,365,366,367,368,381,382,383,390,448,449,450,451,452,453,545,546,547,548,549,550,551,552,553,554,555,556,557,558,559,560,561,562,563,564,565,566,567,568,569,570,571,
245;0;3771;3807;1;26,52,53,57,58,60,71,73,98,99,100,101,102,103,104,105,106,107,108,109,110,111,112,113,114,123,126,127,128,190,250,269,271,282,288,292,299,363,364,365,366,367,368,381,382,383,390,448,449,450,451,452,453,545,546,547,548,549,550,551,552,553,554,555,556,557,558,559,560,561,562,563,564,565,566,567,568,569,570,571,
245;1;3807;3824;1;26,52,53,57,58,60,71,73,98,99,100,101,102,103,104,105,106,107,108,109,110,111,112,113,114,123,126,127,128,190,250,269,271,282,288,292,299,363,364,365,366,367,368,381,382,383,390,448,449,450,451,452,453,545,546,547,548,549,550,551,552,553,554,555,556,557,558,559,560,561,562,563,564,565,566,567,568,569,570,571,
101;0;3824;3830;1;26,52,53,57,58,60,71,73,98,99,100,101,102,103,104,105,106,107,108,109,110,111,112,113,114,123,126,127,128,190,250,269,271,282,288,292,299,363,364,365,366,367,368,381,382,383,390,448,449,450,451,452,453,545,546,547,548,549,550,551,552,553,554,555,556,557,558,559,560,561,562,563,564,565,566,567,568,569,570,571,
101;1;3830;3847;1;26,52,53,57,58,60,71,73,98,99,100,101,102,103,104,105,106,107,108,109,110,111,112,113,114,123,126,127,128,190,250,269,271,282,288,292,299,363,364,365,366,367,368,381,382,383,390,448,449,450,451,452,453,545,546,547,548,549,550,551,552,553,554,555,556,557,558,559,560,561,562,563,564,565,566,567,568,569,570,571,
204;0;3847;3936;1;26,52,53,57,58,60,71,73,98,99,100,101,102,103,104,105,106,107,108,109,110,111,112,113,114,123,126,127,128,190,250,269,271,282,288,292,299,363,364,365,366,367,368,381,382,383,390,448,449,450,451,452,453,545,546,547,548,549,550,551,552,553,554,555,556,557,558,559,560,561,562,563,564,565,566,567,568,569,570,571,
169;0;3936;4000;1;26,52,53,57,58,60,71,73,98,99,100,101,102,103,104,105,106,107,108,109,110,111,112,113,114,123,126,127,128,190,250,269,271,282,288,292,299,363,364,365,366,367,368,381,382,383,390,448,449,450,451,452,453,545,546,547,548,549,550,551,552,553,554,555,556,557,558,559,560,561,562,563,564,565,566,567,568,569,570,571,
169;1;4000;4089;1;26,52,53,57,58,60,71,73,98,99,100,101,102,103,104,105,106,107,108,109,110,111,112,113,114,123,126,127,128,190,250,269,271,282,288,292,299,363,364,365,366,367,368,381,382,383,390,448,449,450,451,452,453,545,546,547,548,549,550,551,552,553,554,555,556,557,558,559,560,561,562,563,564,565,566,567,568,569,570,571,
109;0;4089;4257;1;26,52,53,57,58,60,71,73,98,99,100,101,102,103,104,105,106,107,108,109,110,111,112,113,114,123,126,127,128,190,250,269,271,282,288,292,299,363,364,365,366,367,368,381,382,383,390,448,449,450,451,452,453,545,546,547,548,549,550,551,552,553,554,555,556,557,558,559,560,561,562,563,564,565,566,567,568,569,570,571,
109;1;4257;4420;1;26,52,53,57,58,60,71,73,98,99,100,101,102,103,104,105,106,107,108,109,110,111,112,113,114,123,126,127,128,190,250,269,271,282,288,292,299,363,364,365,366,367,368,381,382,383,390,448,449,450,451,452,453,545,546,547,548,549,550,551,552,553,554,555,556,557,558,559,560,561,562,563,564,565,566,567,568,569,570,571,
197;0;4420;4571;1;26,52,53,57,58,60,71,73,98,99,100,101,102,103,104,105,106,107,108,109,110,111,112,113,114,123,126,127,128,190,250,269,271,282,288,292,299,363,364,365,366,367,368,381,382,383,390,448,449,450,451,452,453,545,546,547,548,549,550,551,552,553,554,555,556,557,558,559,560,561,562,563,564,565,566,567,568,569,570,571,
197;1;4571;4688;1;26,52,53,57,58,60,71,73,98,99,100,101,102,103,104,105,106,107,108,109,110,111,112,113,114,123,126,127,128,190,250,269,271,282,288,292,299,363,364,365,366,367,368,381,382,383,390,448,449,450,451,452,453,545,546,547,548,549,550,551,552,553,554,555,556,557,558,559,560,561,562,563,564,565,566,567,568,569,570,571,
65;0;4688;4777;1;26,52,53,57,58,60,71,73,98,99,100,101,102,103,104,105,106,107,108,109,110,111,112,113,114,123,126,127,128,190,250,269,271,282,288,292,299,363,364,365,366,367,368,381,382,383,390,448,449,450,451,452,453,545,546,547,548,549,550,551,552,553,554,555,556,557,558,559,560,561,562,563,564,565,566,567,568,569,570,571,
65;1;4777;4894;1;26,52,53,57,58,60,71,73,98,99,100,101,102,103,104,105,106,107,108,109,110,111,112,113,114,123,126,127,128,190,250,269,271,282,288,292,299,363,364,365,366,367,368,381,382,383,390,448,449,450,451,452,453,545,546,547,548,549,550,551,552,553,554,555,556,557,558,559,560,561,562,563,564,565,566,567,568,569,570,571,
181;0;4894;5000;1;0,1,2,3,4,5,6,7,8,9,10,11,12,13,14,15,16,17,18,26,46,47,48,49,57,58,71,73,82,87,89,98,99,100,101,102,103,104,105,106,107,108,109,110,111,112,123,126,128,180,190,250,265,269,271,272,275,288,292,294,299,336,337,338,339,340,341,342,343,344,390,391,392,393,394,395,396,397,398,399,
181;1;5000;5113;1;0,1,2,3,4,5,6,7,8,9,10,11,12,13,14,15,16,17,18,26,46,47,48,49,57,58,71,73,82,87,89,98,99,100,101,102,103,104,105,106,107,108,109,110,111,112,123,126,128,180,190,250,265,269,271,272,275,288,292,294,299,336,337,338,339,340,341,342,343,344,390,391,392,393,394,395,396,397,398,399,
117;0;5113;5146;1;0,1,2,3,4,5,6,7,8,9,10,11,12,13,14,15,16,17,18,26,46,47,48,49,57,58,71,73,82,87,89,98,99,100,101,102,103,104,105,106,107,108,109,110,111,112,123,126,128,180,190,250,265,269,271,272,275,288,292,294,299,336,337,338,339,340,341,342,343,344,390,391,392,393,394,395,396,397,398,399,
117;1;5146;5157;1;0,1,2,3,4,5,6,7,8,9,10,11,12,13,14,15,16,17,18,26,46,47,48,49,57,58,71,73,82,87,89,98,99,100,101,102,103,104,105,106,107,108,109,110,111,112,123,126,128,180,190,250,265,269,271,272,275,288,292,294,299,336,337,338,339,340,341,342,343,344,390,391,392,393,394,395,396,397,398,399,
40;0;5157;5270;1;0,1,2,3,4,5,6,7,8,9,10,11,12,13,14,15,16,17,18,26,46,47,48,49,57,58,71,73,82,87,89,98,99,100,101,102,103,104,105,106,107,108,109,110,111,112,123,126,128,180,190,250,265,269,271,272,275,288,292,294,299,336,337,338,339,340,341,342,343,344,390,391,392,393,394,395,396,397,398,399,
73;0;5270;5332;1;0,1,2,3,4,5,6,7,8,9,10,11,12,13,14,15,16,17,18,26,46,47,48,49,57,58,71,73,82,87,89,98,99,100,101,102,103,104,105,106,107,108,109,110,111,112,123,126,128,180,190,250,265,269,271,272,275,288,292,294,299,336,337,338,339,340,341,342,343,344,390,391,392,393,394,395,396,397,398,399,
73;1;5332;5500;1;0,1,2,3,4,5,6,7,8,9,10,11,12,13,14,15,16,17,18,26,46,47,48,49,57,58,71,73,82,87,89,98,99,100,101,102,103,104,105,106,107,108,109,110,111,112,123,126,128,180,190,250,265,269,271,272,275,288,292,294,299,336,337,338,339,340,341,342,343,344,390,391,392,393,394,395,396,397,398,399,
45;0;5500;5578;1;0,1,2,3,4,5,6,7,8,9,10,11,12,13,14,15,16,17,18,26,46,47,48,49,57,58,71,73,82,87,89,98,99,100,101,102,103,104,105,106,107,108,109,110,111,112,123,126,128,180,190,250,265,269,271,272,275,288,292,294,299,336,337,338,339,340,341,342,343,344,390,391,392,393,394,395,396,397,398,399,
45;1;5578;5691;1;0,1,2,3,4,5,6,7,8,9,10,11,12,13,14,15,16,17,18,26,46,47,48,49,57,58,71,73,82,87,89,98,99,100,101,102,103,104,105,106,107,108,109,110,111,112,123,126,128,180,190,250,265,269,271,272,275,288,292,294,299,336,337,338,339,340,341,342,343,344,390,391,392,393,394,395,396,397,398,399,
0;0;5691;5768;1;0,1,2,3,4,5,6,7,8,9,10,11,12,13,14,15,16,17,18,26,46,47,48,49,57,58,71,73,82,87,89,98,99,100,101,102,103,104,105,106,107,108,109,110,111,112,123,126,128,180,190,250,265,269,271,272,275,288,292,294,299,336,337,338,339,340,341,342,343,344,390,391,392,393,394,395,396,397,398,399,
0;1;5768;5836;1;0,1,2,3,4,5,6,7,8,9,10,11,12,13,14,15,16,17,18,26,46,47,48,49,57,58,71,73,82,87,89,98,99,100,101,102,103,104,105,106,107,108,109,110,111,112,123,126,128,180,190,250,265,269,271,272,275,288,292,294,299,336,337,338,339,340,341,342,343,344,390,391,392,393,394,395,396,397,398,399,
71;0;5836;5884;0;0,1,2,3,4,5,6,7,8,9,10,11,12,13,14,15,16,17,18,26,46,47,48,49,57,58,71,73,82,87,89,98,99,100,101,102,103,104,105,106,107,108,109,110,111,112,123,126,128,180,190,250,265,269,271,272,275,288,292,294,299,336,337,338,339,340,341,342,343,344,390,391,392,393,394,395,396,397,398,399,
71;1;5884;5895;0;0,1,2,3,4,5,6,7,8,9,10,11,12,13,14,15,16,17,18,26,46,47,48,49,57,58,71,73,82,87,89,98,99,100,101,102,103,104,105,106,107,108,109,110,111,112,123,126,128,180,190,250,265,269,271,272,275,288,292,294,299,336,337,338,339,340,341,342,343,344,390,391,392,393,394,395,396,397,398,399,
116;0;5895;5963;1;0,1,2,3,4,5,6,7,8,9,10,11,12,13,14,15,16,17,18,26,46,47,48,49,57,58,71,73,82,87,89,98,99,100,101,102,103,104,105,106,107,108,109,110,111,112,123,126,128,180,190,250,265,269,271,272,275,288,292,294,299,336,337,338,339,340,341,342,343,344,390,391,392,393,394,395,396,397,398,399,
164;0;5963;6131;1;0,1,2,3,4,5,6,7,8,9,10,11,12,13,14,15,16,17,18,26,46,47,48,49,57,58,71,73,82,87,89,98,99,100,101,102,103,104,105,106,107,108,109,110,111,112,123,126,128,180,190,250,265,269,271,272,275,288,292,294,299,336,337,338,339,340,341,342,343,344,390,391,392,393,394,395,396,397,398,399,
19;0;6131;6232;0;0,1,2,3,4,5,6,7,8,9,10,11,12,13,14,15,16,17,18,26,46,47,48,49,57,58,71,73,82,87,89,98,99,100,101,102,103,104,105,106,107,108,109,110,111,112,123,126,128,180,190,250,265,269,271,272,275,288,292,294,299,336,337,338,339,340,341,342,343,344,390,391,392,393,394,395,396,397,398,399,
19;1;6232;6243;0;0,1,2,3,4,5,6,7,8,9,10,11,12,13,14,15,16,17,18,26,46,47,48,49,57,58,71,73,82,87,89,98,99,100,101,102,103,104,105,106,107,108,109,110,111,112,123,126,128,180,190,250,265,269,271,272,275,288,292,294,299,336,337,338,339,340,341,342,343,344,390,391,392,393,394,395,396,397,398,399,
88;0;6243;6356;1;0,1,2,3,4,5,6,7,8,9,10,11,12,13,14,15,16,17,18,26,46,47,48,49,57,58,71,73,82,87,89,98,99,100,101,102,103,104,105,106,107,108,109,110,111,112,123,126,128,180,190,250,265,269,271,272,275,288,292,294,299,336,337,338,339,340,341,342,343,344,390,391,392,393,394,395,396,397,398,399,
185;0;6356;6516;1;0,2,4,14,15,16,18,25,26,71,73,81,82,83,84,85,86,87,88,89,90,91,92,93,94,95,96,97,98,99,100,101,102,103,104,105,106,107,108,109,110,111,112,123,126,205,212,245,246,247,248,249,250,251,252,253,254,255,296,306,307,308,309,310,311,312,313,314,315,316,317,336,337,338,339,340,341,342,343,344,
185;1;6516;6684;1;0,2,4,14,15,16,18,25,26,71,73,81,82,83,84,85,86,87,88,89,90,91,92,93,94,95,96,97,98,99,100,101,102,103,104,105,106,107,108,109,110,111,112,123,126,205,212,245,246,247,248,249,250,251,252,253,254,255,296,306,307,308,309,310,311,312,313,314,315,316,317,336,337,338,339,340,341,342,343,344,
36;0;6684;6844;1;0,2,4,14,15,16,18,25,26,71,73,81,82,83,84,85,86,87,88,89,90,91,92,93,94,95,96,97,98,99,100,101,102,103,104,105,106,107,108,109,110,111,112,123,126,205,212,245,246,247,248,249,250,251,252,253,254,255,296,306,307,308,309,310,311,312,313,314,315,316,317,336,337,338,339,340,341,342,343,344,
174;0;6844;6889;0;0,2,4,14,15,16,18,25,26,71,73,81,82,83,84,85,86,87,88,89,90,91,92,93,94,95,96,97,98,99,100,101,102,103,104,105,106,107,108,109,110,111,112,123,126,205,212,245,246,247,248,249,250,251,252,253,254,255,296,306,307,308,309,310,311,312,313,314,315,316,317,336,337,338,339,340,341,342,343,344,
7;0;6889;6993;0;0,2,4,14,15,16,18,25,26,71,73,81,82,83,84,85,86,87,88,89,90,91,92,93,94,95,96,97,98,99,100,101,102,103,104,105,106,107,108,109,110,111,112,123,126,205,212,245,246,247,248,249,250,251,252,253,254,255,296,306,307,308,309,310,311,312,313,314,315,316,317,336,337,338,339,340,341,342,343,344,
7;1;6993;7038;0;0,2,4,14,15,16,18,25,26,71,73,81,82,83,84,85,86,87,88,89,90,91,92,93,94,95,96,97,98,99,100,101,102,103,104,105,106,107,108,109,110,111,112,123,126,205,212,245,246,247,248,249,250,251,252,253,254,255,296,306,307,308,309,310,311,312,313,314,315,316,317,336,337,338,339,340,341,342,343,344,
248;0;7038;7063;1;0,2,4,14,15,16,18,25,26,71,73,81,82,83,84,85,86,87,88,89,90,91,92,93,94,95,96,97,98,99,100,101,102,103,104,105,106,107,108,109,110,111,112,123,126,205,212,245,246,247,248,249,250,251,252,253,254,255,296,306,307,308,309,310,311,312,313,314,315,316,317,336,337,338,339,340,341,342,343,344,
196;0;7063;7108;1;0,2,4,14,15,16,18,25,26,71,73,81,82,83,84,85,86,87,88,89,90,91,92,93,94,95,96,97,98,99,100,101,102,103,104,105,106,107,108,109,110,111,112,123,126,205,212,245,246,247,248,249,250,251,252,253,254,255,296,306,307,308,309,310,311,312,313,314,315,316,317,336,337,338,339,340,341,342,343,344,
16;0;7108;7133;1;0,2,4,14,15,16,18,25,26,71,73,81,82,83,84,85,86,87,88,89,90,91,92,93,94,95,96,97,98,99,100,101,102,103,104,105,106,107,108,109,110,111,112,123,126,205,212,245,246,247,248,249,250,251,252,253,254,255,296,306,307,308,309,310,311,312,313,314,315,316,317,336,337,338,339,340,341,342,343,344,
68;0;7133;7293;1;0,2,4,14,15,16,18,25,26,71,73,81,82,83,84,85,86,87,88,89,90,91,92,93,94,95,96,97,98,99,100,101,102,103,104,105,106,107,108,109,110,111,112,123,126,205,212,245,246,247,248,249,250,251,252,253,254,255,296,306,307,308,309,310,311,312,313,314,315,316,317,336,337,338,339,340,341,342,343,344,
145;0;7293;7433;1;0,2,4,14,15,16,18,25,26,71,73,81,82,83,84,85,86,87,88,89,90,91,92,93,94,95,96,97,98,99,100,101,102,103,104,105,106,107,108,109,110,111,112,123,126,205,212,245,246,247,248,249,250,251,252,253,254,255,296,306,307,308,309,310,311,312,313,314,315,316,317,336,337,338,339,340,341,342,343,344,
145;1;7433;7534;1;0,2,4,14,15,16,18,25,26,71,73,81,82,83,84,85,86,87,88,89,90,91,92,93,94,95,96,97,98,99,100,101,102,103,104,105,106,107,108,109,110,111,112,123,126,205,212,245,246,247,248,249,250,251,252,253,254,255,296,306,307,308,309,310,311,312,313,314,315,316,317,336,337,338,339,340,341,342,343,344,
76;0;7534;7579;1;0,2,4,14,15,16,18,25,26,71,73,81,82,83,84,85,86,87,88,89,90,91,92,93,94,95,96,97,98,99,100,101,102,103,104,105,106,107,108,109,110,111,112,123,126,205,212,245,246,247,248,249,250,251,252,253,254,255,296,306,307,308,309,310,311,312,313,314,315,316,317,336,337,338,339,340,341,342,343,344,
53;0;7579;7611;1;0,2,4,14,15,16,18,25,26,71,73,81,82,83,84,85,86,87,88,89,90,91,92,93,94,95,96,97,98,99,100,101,102,103,104,105,106,107,108,109,110,111,112,123,126,205,212,245,246,247,248,249,250,251,252,253,254,255,296,306,307,308,309,310,311,312,313,314,315,316,317,336,337,338,339,340,341,342,343,344,
53;1;7611;7771;1;0,2,4,14,15,16,18,25,26,71,73,81,82,83,84,85,86,87,88,89,90,91,92,93,94,95,96,97,98,99,100,101,102,103,104,105,106,107,108,109,110,111,112,123,126,205,212,245,246,247,248,249,250,251,252,253,254,255,296,306,307,308,309,310,311,312,313,314,315,316,317,336,337,338,339,340,341,342,343,344,
17;0;7771;7932;1;0,14,15,16,18,25,26,71,73,81,82,83,84,85,86,87,88,89,90,91,92,93,94,95,96,97,98,110,111,112,131,132,133,134,135,137,138,139,140,173,174,175,176,177,178,179,205,212,221,256,257,258,259,260,261,262,306,307,308,309,338,371,400,401,402,476,535,536,537,538,539,540,541,542,615,616,617,618,619,620,
17;1;7932;7956;1;0,14,15,16,18,25,26,71,73,81,82,83,84,85,86,87,88,89,90,91,92,93,94,95,96,97,98,110,111,112,131,132,133,134,135,137,138,139,140,173,174,175,176,177,178,179,205,212,221,256,257,258,259,260,261,262,306,307,308,309,338,371,400,401,402,476,535,536,537,538,539,540,541,542,615,616,617,618,619,620,
47;0;7956;7997;0;0,14,15,16,18,25,26,71,73,81,82,83,84,85,86,87,88,89,90,91,92,93,94,95,96,97,98,110,111,112,131,132,133,134,135,137,138,139,140,173,174,175,176,177,178,179,205,212,221,256,257,258,259,260,261,262,306,307,308,309,338,371,400,401,402,476,535,536,537,538,539,540,541,542,615,616,617,618,619,620,
47;1;7997;8103;0;0,14,15,16,18,25,26,71,73,81,82,83,84,85,86,87,88,89,90,91,92,93,94,95,96,97,98,110,111,112,131,132,133,134,135,137,138,139,140,173,174,175,176,177,178,179,205,212,221,256,257,258,259,260,261,262,306,307,308,309,338,371,400,401,402,476,535,536,537,538,539,540,541,542,615,616,617,618,619,620,
160;0;8103;8107;1;0,14,15,16,18,25,26,71,73,81,82,83,84,85,86,87,88,89,90,91,92,93,94,95,96,97,98,110,111,112,131,132,133,134,135,137,138,139,140,173,174,175,176,177,178,179,205,212,221,256,257,258,259,260,261,262,306,307,308,309,338,371,400,401,402,476,535,536,537,538,539,540,541,542,615,616,617,618,619,620,
138;0;8107;8111;0;0,14,15,16,18,25,26,71,73,81,82,83,84,85,86,87,88,89,90,91,92,93,94,95,96,97,98,110,111,112,131,132,133,134,135,137,138,139,140,173,174,175,176,177,178,179,205,212,221,256,257,258,259,260,261,262,306,307,308,309,338,371,400,401,402,476,535,536,537,538,539,540,541,542,615,616,617,618,619,620,
86;0;8111;8161;0;0,14,15,16,18,25,26,71,73,81,82,83,84,85,86,87,88,89,90,91,92,93,94,95,96,97,98,110,111,112,131,132,133,134,135,137,138,139,140,173,174,175,176,177,178,179,205,212,221,256,257,258,259,260,261,262,306,307,308,309,338,371,400,401,402,476,535,536,537,538,539,540,541,542,615,616,617,618,619,620,
126;0;8161;8185;0;0,14,15,16,18,25,26,71,73,81,82,83,84,85,86,87,88,89,90,91,92,93,94,95,96,97,98,110,111,112,131,132,133,134,135,137,138,139,140,173,174,175,176,177,178,179,205,212,221,256,257,258,259,260,261,262,306,307,308,309,338,371,400,401,402,476,535,536,537,538,539,540,541,542,615,616,617,618,619,620,
183;0;8185;8259;0;0,14,15,16,18,25,26,71,73,81,82,83,84,85,86,87,88,89,90,91,92,93,94,95,96,97,98,110,111,112,131,132,133,134,135,137,138,139,140,173,174,175,176,177,178,179,205,212,221,256,257,258,259,260,261,262,306,307,308,309,338,371,400,401,402,476,535,536,537,538,539,540,541,542,615,616,617,618,619,620,
183;1;8259;8263;0;0,14,15,16,18,25,26,71,73,81,82,83,84,85,86,87,88,89,90,91,92,93,94,95,96,97,98,110,111,112,131,132,133,134,135,137,138,139,140,173,174,175,176,177,178,179,205,212,221,256,257,258,259,260,261,262,306,307,308,309,338,371,400,401,402,476,535,536,537,538,539,540,541,542,615,616,617,618,619,620,
229;0;8263;8415;1;0,14,15,16,18,25,26,71,73,81,82,83,84,85,86,87,88,89,90,91,92,93,94,95,96,97,98,110,111,112,131,132,133,134,135,137,138,139,140,173,174,175,176,177,178,179,205,212,221,256,257,258,259,260,261,262,306,307,308,309,338,371,400,401,402,476,535,536,537,538,539,540,541,542,615,616,617,618,619,620,
229;1;8415;8521;1;0,14,15,16,18,25,26,71,73,81,82,83,84,85,86,87,88,89,90,91,92,93,94,95,96,97,98,110,111,112,131,132,133,134,135,137,138,139,140,173,174,175,176,177,178,179,205,212,221,256,257,258,259,260,261,262,306,307,308,309,338,371,400,401,402,476,535,536,537,538,539,540,541,542,615,616,617,618,619,620,
59;0;8521;8553;0;0,14,15,16,18,25,26,71,73,81,82,83,84,85,86,87,88,89,90,91,92,93,94,95,96,97,98,110,111,112,131,132,133,134,135,137,138,139,140,173,174,175,176,177,178,179,205,212,221,256,257,258,259,260,261,262,306,307,308,309,338,371,400,401,402,476,535,536,537,538,539,540,541,542,615,616,617,618,619,620,
59;1;8553;8598;0;0,14,15,16,18,25,26,71,73,81,82,83,84,85,86,87,88,89,90,91,92,93,94,95,96,97,98,110,111,112,131,132,133,134,135,137,138,139,140,173,174,175,176,177,178,179,205,212,221,256,257,258,259,260,261,262,306,307,308,309,338,371,400,401,402,476,535,536,537,538,539,540,541,542,615,616,617,618,619,620,
70;0;8598;8602;0;0,14,15,16,18,25,26,71,73,81,82,83,84,85,86,87,88,89,90,91,92,93,94,95,96,97,98,110,111,112,131,132,133,134,135,137,138,139,140,173,174,175,176,177,178,179,205,212,221,256,257,258,259,260,261,262,306,307,308,309,338,371,400,401,402,476,535,536,537,538,539,540,541,542,615,616,617,618,619,620,
136;0;8602;8626;1;0,14,15,16,18,25,26,71,73,81,82,83,84,85,86,87,88,89,90,91,92,93,94,95,96,97,98,110,111,112,131,132,133,134,135,137,138,139,140,173,174,175,176,177,178,179,205,212,221,256,257,258,259,260,261,262,306,307,308,309,338,371,400,401,402,476,535,536,537,538,539,540,541,542,615,616,617,618,619,620,
208;0;8626;8727;1;0,14,15,16,18,25,26,71,73,81,82,83,84,85,86,87,88,89,90,91,92,93,94,95,96,97,98,110,111,112,131,132,133,134,135,137,138,139,140,173,174,175,176,177,178,179,205,212,221,256,257,258,259,260,261,262,306,307,308,309,338,371,400,401,402,476,535,536,537,538,539,540,541,542,615,616,617,618,619,620,
153;0;8727;8890;1;0,14,15,16,18,25,26,71,73,81,82,83,84,85,86,87,88,89,90,91,92,93,94,95,96,97,98,110,111,112,131,132,133,134,135,137,138,139,140,173,174,175,176,177,178,179,205,212,221,256,257,258,259,260,261,262,306,307,308,309,338,371,400,401,402,476,535,536,537,538,539,540,541,542,615,616,617,618,619,620,
153;1;8890;8940;1;0,14,15,16,18,25,26,71,73,81,82,83,84,85,86,87,88,89,90,91,92,93,94,95,96,97,98,110,111,112,131,132,133,134,135,137,138,139,140,173,174,175,176,177,178,179,205,212,221,256,257,258,259,260,261,262,306,307,308,309,338,371,400,401,402,476,535,536,537,538,539,540,541,542,615,616,617,618,619,620,
21;0;8940;9028;1;0,14,15,16,18,25,26,71,73,81,82,83,84,85,86,87,88,89,90,91,92,93,94,95,96,97,98,110,111,112,131,132,133,134,135,137,138,139,140,173,174,175,176,177,178,179,205,212,221,256,257,258,259,260,261,262,306,307,308,309,338,371,400,401,402,476,535,536,537,538,539,540,541,542,615,616,617,618,619,620,
21;1;9028;9134;1;0,14,15,16,18,25,26,71,73,81,82,83,84,85,86,87,88,89,90,91,92,93,94,95,96,97,98,110,111,112,131,132,133,134,135,137,138,139,140,173,174,175,176,177,178,179,205,212,221,256,257,258,259,260,261,262,306,307,308,309,338,371,400,401,402,476,535,536,537,538,539,540,541,542,615,616,617,618,619,620,
41;0;9134;9227;1;0,14,15,16,18,25,26,71,73,81,82,83,84,85,86,87,88,89,90,91,92,93,94,95,96,97,98,110,111,112,131,132,133,134,135,137,138,139,140,173,174,175,176,177,178,179,205,212,221,256,257,258,259,260,261,262,306,307,308,309,338,371,400,401,402,476,535,536,537,538,539,540,541,542,615,616,617,618,619,620,
41;1;9227;9231;1;0,14,15,16,18,25,26,71,73,81,82,83,84,85,86,87,88,89,90,91,92,93,94,95,96,97,98,110,111,112,131,132,133,134,135,137,138,139,140,173,174,175,176,177,178,179,205,212,221,256,257,258,259,260,261,262,306,307,308,309,338,371,400,401,402,476,535,536,537,538,539,540,541,542,615,616,617,618,619,620,
232;0;9231;9270;1;0,14,15,16,18,19,20,21,22,23,24,25,26,27,28,29,30,31,32,33,34,35,36,37,38,39,40,41,42,43,44,45,71,73,82,86,87,88,89,98,110,111,112,131,132,133,134,135,137,138,139,140,173,174,175,176,177,178,179,205,212,221,259,306,307,308,309,338,371,400,401,402,476,536,615,616,617,618,619,620,
175;0;9270;9320;0;0,14,15,16,18,19,20,21,22,23,24,25,26,27,28,29,30,31,32,33,34,35,36,37,38,39,40,41,42,43,44,45,71,73,82,86,87,88,89,98,110,111,112,131,132,133,134,135,137,138,139,140,173,174,175,176,177,178,179,205,212,221,259,306,307,308,309,338,371,400,401,402,476,536,615,616,617,618,619,620,
175;1;9320;9359;0;0,14,15,16,18,19,20,21,22,23,24,25,26,27,28,29,30,31,32,33,34,35,36,37,38,39,40,41,42,43,44,45,71,73,82,86,87,88,89,98,110,111,112,131,132,133,134,135,137,138,139,140,173,174,175,176,177,178,179,205,212,221,259,306,307,308,309,338,371,400,401,402,476,536,615,616,617,618,619,620,
50;0;9359;9418;0;0,15,16,18,25,26,71,73,86,88,89,139,142,143,145,173,174,175,176,177,178,179,202,203,205,212,221,259,306,307,308,309,338,371,400,401,402,405,406,407,408,409,410,411,412,413,414,415,416,417,418,419,420,421,422,423,424,425,426,427,428,429,430,431,432,433,434,435,436,437,438,439,440,476,615,616,617,618,619,620,
192;0;9418;9422;1;0,15,16,18,25,26,71,73,86,88,89,139,142,143,145,173,174,175,176,177,178,179,202,203,205,212,221,259,306,307,308,309,338,371,400,401,402,405,406,407,408,409,410,411,412,413,414,415,416,417,418,419,420,421,422,423,424,425,426,427,428,429,430,431,432,433,434,435,436,437,438,439,440,476,615,616,617,618,619,620,
216;0;9422;9426;1;0,15,16,18,25,26,71,73,86,88,89,139,142,143,145,173,174,175,176,177,178,179,202,203,205,212,221,259,306,307,308,309,338,371,400,401,402,405,406,407,408,409,410,411,412,413,414,415,416,417,418,419,420,421,422,423,424,425,426,427,428,429,430,431,432,433,434,435,436,437,438,439,440,476,615,616,617,618,619,620,
120;0;9426;9430;1;0,15,16,18,25,26,71,73,86,88,89,139,142,143,145,173,174,175,176,177,178,179,202,203,205,212,221,259,306,307,308,309,338,371,400,401,402,405,406,407,408,409,410,411,412,413,414,415,416,417,418,419,420,421,422,423,424,425,426,427,428,429,430,431,432,433,434,435,436,437,438,439,440,476,615,616,617,618,619,620,
244;0;9430;9489;1;0,15,16,18,25,26,71,73,86,88,89,139,142,143,145,173,174,175,176,177,178,179,202,203,205,212,221,259,306,307,308,309,338,371,400,401,402,405,406,407,408,409,410,411,412,413,414,415,416,417,418,419,420,421,422,423,424,425,426,427,428,429,430,431,432,433,434,435,436,437,438,439,440,476,615,616,617,618,619,620,
201;0;9489;9503;1;0,15,16,18,25,26,71,73,86,88,89,139,142,143,145,173,174,175,176,177,178,179,202,203,205,212,221,259,306,307,308,309,338,371,400,401,402,405,406,407,408,409,410,411,412,413,414,415,416,417,418,419,420,421,422,423,424,425,426,427,428,429,430,431,432,433,434,435,436,437,438,439,440,476,615,616,617,618,619,620,
201;1;9503;9604;1;0,15,16,18,25,26,71,73,86,88,89,139,142,143,145,173,174,175,176,177,178,179,202,203,205,212,221,259,306,307,308,309,338,371,400,401,402,405,406,407,408,409,410,411,412,413,414,415,416,417,418,419,420,421,422,423,424,425,426,427,428,429,430,431,432,433,434,435,436,437,438,439,440,476,615,616,617,618,619,620,
231;0;9604;9664;0;0,15,16,18,25,26,71,73,86,88,89,139,142,143,145,173,174,175,176,177,178,179,202,203,205,212,221,259,306,307,308,309,338,371,400,401,402,405,406,407,408,409,410,411,412,413,414,415,416,417,418,419,420,421,422,423,424,425,426,427,428,429,430,431,432,433,434,435,436,437,438,439,440,476,615,616,617,618,619,620,
231;1;9664;9770;0;0,15,16,18,25,26,71,73,86,88,89,139,142,143,145,173,174,175,176,177,178,179,202,203,205,212,221,259,306,307,308,309,338,371,400,401,402,405,406,407,408,409,410,411,412,413,414,415,416,417,418,419,420,421,422,423,424,425,426,427,428,429,430,431,432,433,434,435,436,437,438,439,440,476,615,616,617,618,619,620,
172;0;9770;9829;1;0,15,16,18,25,26,71,73,86,88,89,139,142,143,145,173,174,175,176,177,178,179,202,203,205,212,221,259,306,307,308,309,338,371,400,401,402,405,406,407,408,409,410,411,412,413,414,415,416,417,418,419,420,421,422,423,424,425,426,427,428,429,430,431,432,433,434,435,436,437,438,439,440,476,615,616,617,618,619,620,
230;0;9829;9833;0;0,15,16,18,25,26,71,73,86,88,89,139,142,143,145,173,174,175,176,177,178,179,202,203,205,212,221,259,306,307,308,309,338,371,400,401,402,405,406,407,408,409,410,411,412,413,414,415,416,417,418,419,420,421,422,423,424,425,426,427,428,429,430,431,432,433,434,435,436,437,438,439,440,476,615,616,617,618,619,620,
13;0;9833;9910;1;0,15,16,18,25,26,71,73,86,88,89,139,142,143,145,173,174,175,176,177,178,179,202,203,205,212,221,259,306,307,308,309,338,371,400,401,402,405,406,407,408,409,410,411,412,413,414,415,416,417,418,419,420,421,422,423,424,425,426,427,428,429,430,431,432,433,434,435,436,437,438,439,440,476,615,616,617,618,619,620,
13;1;9910;10016;1;0,15,16,18,25,26,71,73,86,88,89,139,142,143,145,173,174,175,176,177,178,179,202,203,205,212,221,259,306,307,308,309,338,371,400,401,402,405,406,407,408,409,410,411,412,413,414,415,416,417,418,419,420,421,422,423,424,425,426,427,428,429,430,431,432,433,434,435,436,437,438,439,440,476,615,616,617,618,619,620,
178;0;10016;10075;0;0,15,16,18,25,26,71,73,86,88,89,139,142,143,145,173,174,175,176,177,178,179,202,203,205,212,221,259,306,307,308,309,338,371,400,401,402,405,406,407,408,409,410,411,412,413,414,415,416,417,418,419,420,421,422,423,424,425,426,427,428,429,430,431,432,433,434,435,436,437,438,439,440,476,615,616,617,618,619,620,
Machine: 1
119;0;0;53;0;50,51,52,53,54,55,56,57,58,59,60,61,62,63,64,65,66,67,68,98,110,111,112,123,128,189,251,268,272,275,276,280,282,312,366,371,385,386,387,388,389,400,401,402,403,404,507,508,509,510,511,512,513,514,515,516,517,518,519,520,521,522,523,524,525,526,527,528,545,546,547,548,549,550,551,552,553,554,555,556,
119;1;53;200;0;50,51,52,53,54,55,56,57,58,59,60,61,62,63,64,65,66,67,68,98,110,111,112,123,128,189,251,268,272,275,276,280,282,312,366,371,385,386,387,388,389,400,401,402,403,404,507,508,509,510,511,512,513,514,515,516,517,518,519,520,521,522,523,524,525,526,527,528,545,546,547,548,549,550,551,552,553,554,555,556,
176;0;200;204;1;50,51,52,53,54,55,56,57,58,59,60,61,62,63,64,65,66,67,68,98,110,111,112,123,128,189,251,268,272,275,276,280,282,312,366,371,385,386,387,388,389,400,401,402,403,404,507,508,509,510,511,512,513,514,515,516,517,518,519,520,521,522,523,524,525,526,527,528,545,546,547,548,549,550,551,552,553,554,555,556,
215;0;204;251;0;50,51,52,53,54,55,56,57,58,59,60,61,62,63,64,65,66,67,68,98,110,111,112,123,128,189,251,268,272,275,276,280,282,312,366,371,385,386,387,388,389,400,401,402,403,404,507,508,509,510,511,512,513,514,515,516,517,518,519,520,521,522,523,524,525,526,527,528,545,546,547,548,549,550,551,552,553,554,555,556,
215;1;251;381;0;50,51,52,53,54,55,56,57,58,59,60,61,62,63,64,65,66,67,68,98,110,111,112,123,128,189,251,268,272,275,276,280,282,312,366,371,385,386,387,388,389,400,401,402,403,404,507,508,509,510,511,512,513,514,515,516,517,518,519,520,521,522,523,524,525,526,527,528,545,546,547,548,549,550,551,552,553,554,555,556,
5;0;381;467;1;50,51,52,53,54,55,56,57,58,59,60,61,62,63,64,65,66,67,68,98,110,111,112,123,128,189,251,268,272,275,276,280,282,312,366,371,385,386,387,388,389,400,401,402,403,404,507,508,509,510,511,512,513,514,515,516,517,518,519,520,521,522,523,524,525,526,527,528,545,546,547,548,549,550,551,552,553,554,555,556,
5;1;467;614;1;50,51,52,53,54,55,56,57,58,59,60,61,62,63,64,65,66,67,68,98,110,111,112,123,128,189,251,268,272,275,276,280,282,312,366,371,385,386,387,388,389,400,401,402,403,404,507,508,509,510,511,512,513,514,515,516,517,518,519,520,521,522,523,524,525,526,527,528,545,546,547,548,549,550,551,552,553,554,555,556,
129;0;614;755;1;50,51,52,53,54,55,56,57,58,59,60,61,62,63,64,65,66,67,68,98,110,111,112,123,128,189,251,268,272,275,276,280,282,312,366,371,385,386,387,388,389,400,401,402,403,404,507,508,509,510,511,512,513,514,515,516,517,518,519,520,521,522,523,524,525,526,527,528,545,546,547,548,549,550,551,552,553,554,555,556,
129;1;755;808;1;50,51,52,53,54,55,56,57,58,59,60,61,62,63,64,65,66,67,68,98,110,111,112,123,128,189,251,268,272,275,276,280,282,312,366,371,385,386,387,388,389,400,401,402,403,404,507,508,509,510,511,512,513,514,515,516,517,518,519,520,521,522,523,524,525,526,527,528,545,546,547,548,549,550,551,552,553,554,555,556,
240;0;808;960;1;50,51,52,53,54,55,56,57,58,59,60,61,62,63,64,65,66,67,68,98,110,111,112,123,128,189,251,268,272,275,276,280,282,312,366,371,385,386,387,388,389,400,401,402,403,404,507,508,509,510,511,512,513,514,515,516,517,518,519,520,521,522,523,524,525,526,527,528,545,546,547,548,549,550,551,552,553,554,555,556,
69;0;960;1013;1;50,51,52,53,54,55,56,57,58,59,60,61,62,63,64,65,66,67,68,98,110,111,112,123,128,189,251,268,272,275,276,280,282,312,366,371,385,386,387,388,389,400,401,402,403,404,507,508,509,510,511,512,513,514,515,516,517,518,519,520,521,522,523,524,525,526,527,528,545,546,547,548,549,550,551,552,553,554,555,556,
69;1;1013;1171;1;50,51,52,53,54,55,56,57,58,59,60,61,62,63,64,65,66,67,68,98,110,111,112,123,128,189,251,268,272,275,276,280,282,312,366,371,385,386,387,388,389,400,401,402,403,404,507,508,509,510,511,512,513,514,515,516,517,518,519,520,521,522,523,524,525,526,527,528,545,546,547,548,549,550,551,552,553,554,555,556,
28;0;1171;1199;1;50,51,52,53,54,55,56,57,58,59,60,61,62,63,64,65,66,67,68,98,110,111,112,123,128,189,251,268,272,275,276,280,282,312,366,371,385,386,387,388,389,400,401,402,403,404,507,508,509,510,511,512,513,514,515,516,517,518,519,520,521,522,523,524,525,526,527,528,545,546,547,548,549,550,551,552,553,554,555,556,
184;0;1199;1346;1;50,51,52,53,54,55,56,57,58,59,60,61,62,63,64,65,66,67,68,98,110,111,112,123,128,189,251,268,272,275,276,280,282,312,366,371,385,386,387,388,389,400,401,402,403,404,507,508,509,510,511,512,513,514,515,516,517,518,519,520,521,522,523,524,525,526,527,528,545,546,547,548,549,550,551,552,553,554,555,556,
81;0;1346;1392;1;50,51,52,53,54,55,56,57,58,59,60,61,62,63,64,65,66,67,68,98,110,111,112,123,128,189,251,268,272,275,276,280,282,312,366,371,385,386,387,388,389,400,401,402,403,404,507,508,509,510,511,512,513,514,515,516,517,518,519,520,521,522,523,524,525,526,527,528,545,546,547,548,549,550,551,552,553,554,555,556,
81;1;1392;1544;1;50,51,52,53,54,55,56,57,58,59,60,61,62,63,64,65,66,67,68,98,110,111,112,123,128,189,251,268,272,275,276,280,282,312,366,371,385,386,387,388,389,400,401,402,403,404,507,508,509,510,511,512,513,514,515,516,517,518,519,520,521,522,523,524,525,526,527,528,545,546,547,548,549,550,551,552,553,554,555,556,
108;0;1544;1696;1;50,51,52,53,54,55,56,57,58,59,60,61,62,63,64,65,66,67,68,98,110,111,112,123,128,189,251,268,272,275,276,280,282,312,366,371,385,386,387,388,389,400,401,402,403,404,507,508,509,510,511,512,513,514,515,516,517,518,519,520,521,522,523,524,525,526,527,528,545,546,547,548,549,550,551,552,553,554,555,556,
44;0;1696;1826;1;50,51,52,53,54,55,56,57,58,59,60,61,62,63,64,65,66,67,68,98,110,111,112,123,128,189,251,268,272,275,276,280,282,312,366,371,385,386,387,388,389,400,401,402,403,404,507,508,509,510,511,512,513,514,515,516,517,518,519,520,521,522,523,524,525,526,527,528,545,546,547,548,549,550,551,552,553,554,555,556,
96;0;1826;1915;1;50,51,52,53,54,55,56,57,58,59,60,61,62,63,64,65,66,67,68,98,110,111,112,123,128,189,251,268,272,275,276,280,282,312,366,371,385,386,387,388,389,400,401,402,403,404,507,508,509,510,511,512,513,514,515,516,517,518,519,520,521,522,523,524,525,526,527,528,545,546,547,548,549,550,551,552,553,554,555,556,
48;0;1915;2062;1;50,51,52,53,54,55,56,57,58,59,60,61,62,63,64,65,66,67,68,98,110,111,112,123,128,189,251,268,272,275,276,280,282,312,366,371,385,386,387,388,389,400,401,402,403,404,507,508,509,510,511,512,513,514,515,516,517,518,519,520,521,522,523,524,525,526,527,528,545,546,547,548,549,550,551,552,553,554,555,556,
125;0;2062;2186;1;50,51,52,53,54,57,58,60,98,110,111,123,128,131,132,172,180,181,182,183,184,185,186,187,188,189,190,191,192,193,194,195,196,197,198,199,200,201,269,271,272,282,294,318,319,320,321,369,370,371,372,373,374,375,376,377,378,379,380,381,382,383,384,400,401,402,403,404,545,546,547,548,549,550,551,552,553,554,555,556,
125;1;2186;2360;1;50,51,52,53,54,57,58,60,98,110,111,123,128,131,132,172,180,181,182,183,184,185,186,187,188,189,190,191,192,193,194,195,196,197,198,199,200,201,269,271,272,282,294,318,319,320,321,369,370,371,372,373,374,375,376,377,378,379,380,381,382,383,384,400,401,402,403,404,545,546,547,548,549,550,551,552,553,554,555,556,
99;0;2360;2397;0;50,51,52,53,54,57,58,60,98,110,111,123,128,131,132,172,180,181,182,183,184,185,186,187,188,189,190,191,192,193,194,195,196,197,198,199,200,201,269,271,272,282,294,318,319,320,321,369,370,371,372,373,374,375,376,377,378,379,380,381,382,383,384,400,401,402,403,404,545,546,547,548,549,550,551,552,553,554,555,556,
99;1;2397;2489;0;50,51,52,53,54,57,58,60,98,110,111,123,128,131,132,172,180,181,182,183,184,185,186,187,188,189,190,191,192,193,194,195,196,197,198,199,200,201,269,271,272,282,294,318,319,320,321,369,370,371,372,373,374,375,376,377,378,379,380,381,382,383,384,400,401,402,403,404,545,546,547,548,549,550,551,552,553,554,555,556,
104;0;2489;2581;1;50,51,52,53,54,57,58,60,98,110,111,123,128,131,132,172,180,181,182,183,184,185,186,187,188,189,190,191,192,193,194,195,196,197,198,199,200,201,269,271,272,282,294,318,319,320,321,369,370,371,372,373,374,375,376,377,378,379,380,381,382,383,384,400,401,402,403,404,545,546,547,548,549,550,551,552,553,554,555,556,
42;0;2581;2622;0;50,51,52,53,54,57,58,60,98,110,111,123,128,131,132,172,180,181,182,183,184,185,186,187,188,189,190,191,192,193,194,195,196,197,198,199,200,201,269,271,272,282,294,318,319,320,321,369,370,371,372,373,374,375,376,377,378,379,380,381,382,383,384,400,401,402,403,404,545,546,547,548,549,550,551,552,553,554,555,556,
23;0;2622;2684;0;50,51,52,53,54,57,58,60,98,110,111,123,128,131,132,172,180,181,182,183,184,185,186,187,188,189,190,191,192,193,194,195,196,197,198,199,200,201,269,271,272,282,294,318,319,320,321,369,370,371,372,373,374,375,376,377,378,379,380,381,382,383,384,400,401,402,403,404,545,546,547,548,549,550,551,552,553,554,555,556,
23;1;2684;2725;0;50,51,52,53,54,57,58,60,98,110,111,123,128,131,132,172,180,181,182,183,184,185,186,187,188,189,190,191,192,193,194,195,196,197,198,199,200,201,269,271,272,282,294,318,319,320,321,369,370,371,372,373,374,375,376,377,378,379,380,381,382,383,384,400,401,402,403,404,545,546,547,548,549,550,551,552,553,554,555,556,
93;0;2725;2758;1;50,51,52,53,54,57,58,60,98,110,111,123,128,131,132,172,180,181,182,183,184,185,186,187,188,189,190,191,192,193,194,195,196,197,198,199,200,201,269,271,272,282,294,318,319,320,321,369,370,371,372,373,374,375,376,377,378,379,380,381,382,383,384,400,401,402,403,404,545,546,547,548,549,550,551,552,553,554,555,556,
93;1;2758;2811;1;50,51,52,53,54,57,58,60,98,110,111,123,128,131,132,172,180,181,182,183,184,185,186,187,188,189,190,191,192,193,194,195,196,197,198,199,200,201,269,271,272,282,294,318,319,320,321,369,370,371,372,373,374,375,376,377,378,379,380,381,382,383,384,400,401,402,403,404,545,546,547,548,549,550,551,552,553,554,555,556,
18;0;2811;2906;0;50,51,52,53,54,57,58,60,98,110,111,123,128,131,132,172,180,181,182,183,184,185,186,187,188,189,190,191,192,193,194,195,196,197,198,199,200,201,269,271,272,282,294,318,319,320,321,369,370,371,372,373,374,375,376,377,378,379,380,381,382,383,384,400,401,402,403,404,545,546,547,548,549,550,551,552,553,554,555,556,
155;0;2906;2979;0;50,51,52,53,54,57,58,60,98,110,111,123,128,131,132,172,180,181,182,183,184,185,186,187,188,189,190,191,192,193,194,195,196,197,198,199,200,201,269,271,272,282,294,318,319,320,321,369,370,371,372,373,374,375,376,377,378,379,380,381,382,383,384,400,401,402,403,404,545,546,547,548,549,550,551,552,553,554,555,556,
155;1;2979;3074;0;50,51,52,53,54,57,58,60,98,110,111,123,128,131,132,172,180,181,182,183,184,185,186,187,188,189,190,191,192,193,194,195,196,197,198,199,200,201,269,271,272,282,294,318,319,320,321,369,370,371,372,373,374,375,376,377,378,379,380,381,382,383,384,400,401,402,403,404,545,546,547,548,549,550,551,552,553,554,555,556,
35;0;3074;3118;0;50,51,52,53,54,57,58,60,98,110,111,123,128,131,132,172,180,181,182,183,184,185,186,187,188,189,190,191,192,193,194,195,196,197,198,199,200,201,269,271,272,282,294,318,319,320,321,369,370,371,372,373,374,375,376,377,378,379,380,381,382,383,384,400,401,402,403,404,545,546,547,548,549,550,551,552,553,554,555,556,
35;1;3118;3210;0;50,51,52,53,54,57,58,60,98,110,111,123,128,131,132,172,180,181,182,183,184,185,186,187,188,189,190,191,192,193,194,195,196,197,198,199,200,201,269,271,272,282,294,318,319,320,321,369,370,371,372,373,374,375,376,377,378,379,380,381,382,383,384,400,401,402,403,404,545,546,547,548,549,550,551,552,553,554,555,556,
85;0;3210;3385;1;50,51,52,53,54,57,58,60,98,110,111,123,128,131,132,172,180,181,182,183,184,185,186,187,188,189,190,191,192,193,194,195,196,197,198,199,200,201,269,271,272,282,294,318,319,320,321,369,370,371,372,373,374,375,376,377,378,379,380,381,382,383,384,400,401,402,403,404,545,546,547,548,549,550,551,552,553,554,555,556,
85;1;3385;3426;1;50,51,52,53,54,57,58,60,98,110,111,123,128,131,132,172,180,181,182,183,184,185,186,187,188,189,190,191,192,193,194,195,196,197,198,199,200,201,269,271,272,282,294,318,319,320,321,369,370,371,372,373,374,375,376,377,378,379,380,381,382,383,384,400,401,402,403,404,545,546,547,548,549,550,551,552,553,554,555,556,
103;0;3426;3550;0;50,51,52,53,54,57,58,60,98,110,111,123,128,131,132,172,180,181,182,183,184,185,186,187,188,189,190,191,192,193,194,195,196,197,198,199,200,201,269,271,272,282,294,318,319,320,321,369,370,371,372,373,374,375,376,377,378,379,380,381,382,383,384,400,401,402,403,404,545,546,547,548,549,550,551,552,553,554,555,556,
103;1;3550;3591;0;50,51,52,53,54,57,58,60,98,110,111,123,128,131,132,172,180,181,182,183,184,185,186,187,188,189,190,191,192,193,194,195,196,197,198,199,200,201,269,271,272,282,294,318,319,320,321,369,370,371,372,373,374,375,376,377,378,379,380,381,382,383,384,400,401,402,403,404,545,546,547,548,549,550,551,552,553,554,555,556,
239;0;3591;3687;0;46,47,48,49,50,51,52,53,54,57,58,60,110,123,131,132,172,180,181,182,183,184,185,186,187,188,189,190,191,192,193,194,195,196,197,198,199,200,201,205,212,282,306,307,308,309,318,369,370,371,372,373,374,375,376,377,378,379,380,381,382,383,384,400,401,402,403,404,545,546,547,548,549,550,551,552,553,554,555,556,
239;1;3687;3740;0;46,47,48,49,50,51,52,53,54,57,58,60,110,123,131,132,172,180,181,182,183,184,185,186,187,188,189,190,191,192,193,194,195,196,197,198,199,200,201,205,212,282,306,307,308,309,318,369,370,371,372,373,374,375,376,377,378,379,380,381,382,383,384,400,401,402,403,404,545,546,547,548,549,550,551,552,553,554,555,556,
2;0;3740;3751;1;46,47,48,49,50,51,52,53,54,57,58,60,110,123,131,132,172,180,181,182,183,184,185,186,187,188,189,190,191,192,193,194,195,196,197,198,199,200,201,205,212,282,306,307,308,309,318,369,370,371,372,373,374,375,376,377,378,379,380,381,382,383,384,400,401,402,403,404,545,546,547,548,549,550,551,552,553,554,555,556,
131;0;3751;3790;0;46,47,48,49,50,51,52,53,54,57,58,60,110,123,131,132,172,180,181,182,183,184,185,186,187,188,189,190,191,192,193,194,195,196,197,198,199,200,201,205,212,282,306,307,308,309,318,369,370,371,372,373,374,375,376,377,378,379,380,381,382,383,384,400,401,402,403,404,545,546,547,548,549,550,551,552,553,554,555,556,
131;1;3790;3920;0;46,47,48,49,50,51,52,53,54,57,58,60,110,123,131,132,172,180,181,182,183,184,185,186,187,188,189,190,191,192,193,194,195,196,197,198,199,200,201,205,212,282,306,307,308,309,318,369,370,371,372,373,374,375,376,377,378,379,380,381,382,383,384,400,401,402,403,404,545,546,547,548,549,550,551,552,553,554,555,556,
140;0;3920;4009;1;46,47,48,49,50,51,52,53,54,57,58,60,110,123,131,132,172,180,181,182,183,184,185,186,187,188,189,190,191,192,193,194,195,196,197,198,199,200,201,205,212,282,306,307,308,309,318,369,370,371,372,373,374,375,376,377,378,379,380,381,382,383,384,400,401,402,403,404,545,546,547,548,549,550,551,552,553,554,555,556,
199;0;4009;4064;0;46,47,48,49,50,51,52,53,54,57,58,60,110,123,131,132,172,180,181,182,183,184,185,186,187,188,189,190,191,192,193,194,195,196,197,198,199,200,201,205,212,282,306,307,308,309,318,369,370,371,372,373,374,375,376,377,378,379,380,381,382,383,384,400,401,402,403,404,545,546,547,548,549,550,551,552,553,554,555,556,
199;1;4064;4159;0;46,47,48,49,50,51,52,53,54,57,58,60,110,123,131,132,172,180,181,182,183,184,185,186,187,188,189,190,191,192,193,194,195,196,197,198,199,200,201,205,212,282,306,307,308,309,318,369,370,371,372,373,374,375,376,377,378,379,380,381,382,383,384,400,401,402,403,404,545,546,547,548,549,550,551,552,553,554,555,556,
31;0;4159;4188;0;46,47,48,49,50,51,52,53,54,57,58,60,110,123,131,132,172,180,181,182,183,184,185,186,187,188,189,190,191,192,193,194,195,196,197,198,199,200,201,205,212,282,306,307,308,309,318,369,370,371,372,373,374,375,376,377,378,379,380,381,382,383,384,400,401,402,403,404,545,546,547,548,549,550,551,552,553,554,555,556,
31;1;4188;4216;0;46,47,48,49,50,51,52,53,54,57,58,60,110,123,131,132,172,180,181,182,183,184,185,186,187,188,189,190,191,192,193,194,195,196,197,198,199,200,201,205,212,282,306,307,308,309,318,369,370,371,372,373,374,375,376,377,378,379,380,381,382,383,384,400,401,402,403,404,545,546,547,548,549,550,551,552,553,554,555,556,
24;0;4216;4317;1;46,47,48,49,50,51,52,53,54,57,58,60,110,123,131,132,172,180,181,182,183,184,185,186,187,188,189,190,191,192,193,194,195,196,197,198,199,200,201,205,212,282,306,307,308,309,318,369,370,371,372,373,374,375,376,377,378,379,380,381,382,383,384,400,401,402,403,404,545,546,547,548,549,550,551,552,553,554,555,556,
217;0;4317;4477;1;46,47,48,49,50,51,52,53,54,57,58,60,110,123,131,132,172,180,181,182,183,184,185,186,187,188,189,190,191,192,193,194,195,196,197,198,199,200,201,205,212,282,306,307,308,309,318,369,370,371,372,373,374,375,376,377,378,379,380,381,382,383,384,400,401,402,403,404,545,546,547,548,549,550,551,552,553,554,555,556,
217;1;4477;4569;1;46,47,48,49,50,51,52,53,54,57,58,60,110,123,131,132,172,180,181,182,183,184,185,186,187,188,189,190,191,192,193,194,195,196,197,198,199,200,201,205,212,282,306,307,308,309,318,369,370,371,372,373,374,375,376,377,378,379,380,381,382,383,384,400,401,402,403,404,545,546,547,548,549,550,551,552,553,554,555,556,
92;0;4569;4664;1;46,47,48,49,50,51,52,53,54,57,58,60,110,123,131,132,172,180,181,182,183,184,185,186,187,188,189,190,191,192,193,194,195,196,197,198,199,200,201,205,212,282,306,307,308,309,318,369,370,371,372,373,374,375,376,377,378,379,380,381,382,383,384,400,401,402,403,404,545,546,547,548,549,550,551,552,553,554,555,556,
57;0;4664;4838;1;46,47,48,49,50,51,52,53,54,57,58,60,110,123,131,132,172,180,181,182,183,184,185,186,187,188,189,190,191,192,193,194,195,196,197,198,199,200,201,205,212,282,306,307,308,309,318,369,370,371,372,373,374,375,376,377,378,379,380,381,382,383,384,400,401,402,403,404,545,546,547,548,549,550,551,552,553,554,555,556,
57;1;4838;4939;1;46,47,48,49,50,51,52,53,54,57,58,60,110,123,131,132,172,180,181,182,183,184,185,186,187,188,189,190,191,192,193,194,195,196,197,198,199,200,201,205,212,282,306,307,308,309,318,369,370,371,372,373,374,375,376,377,378,379,380,381,382,383,384,400,401,402,403,404,545,546,547,548,549,550,551,552,553,554,555,556,
105;0;4939;5109;1;46,47,48,49,50,51,52,53,54,57,58,60,110,123,131,132,172,180,181,182,183,184,185,186,187,188,189,190,191,192,193,194,195,196,197,198,199,200,201,205,212,282,306,307,308,309,318,369,370,371,372,373,374,375,376,377,378,379,380,381,382,383,384,400,401,402,403,404,545,546,547,548,549,550,551,552,553,554,555,556,
105;1;5109;5198;1;46,47,48,49,50,51,52,53,54,57,58,60,110,123,131,132,172,180,181,182,183,184,185,186,187,188,189,190,191,192,193,194,195,196,197,198,199,200,201,205,212,282,306,307,308,309,318,369,370,371,372,373,374,375,376,377,378,379,380,381,382,383,384,400,401,402,403,404,545,546,547,548,549,550,551,552,553,554,555,556,
198;0;5198;5202;0;46,47,48,49,50,51,52,53,54,57,58,60,110,123,131,132,172,180,181,182,183,184,185,186,187,188,189,190,191,192,193,194,195,196,197,198,199,200,201,205,212,282,306,307,308,309,318,369,370,371,372,373,374,375,376,377,378,379,380,381,382,383,384,400,401,402,403,404,545,546,547,548,549,550,551,552,553,554,555,556,
113;0;5202;5262;1;46,47,48,49,50,51,52,53,54,57,58,60,110,123,131,132,172,180,181,182,183,184,185,186,187,188,189,190,191,192,193,194,195,196,197,198,199,200,201,205,212,282,306,307,308,309,318,369,370,371,372,373,374,375,376,377,378,379,380,381,382,383,384,400,401,402,403,404,545,546,547,548,549,550,551,552,553,554,555,556,
113;1;5262;5354;1;46,47,48,49,50,51,52,53,54,57,58,60,110,123,131,132,172,180,181,182,183,184,185,186,187,188,189,190,191,192,193,194,195,196,197,198,199,200,201,205,212,282,306,307,308,309,318,369,370,371,372,373,374,375,376,377,378,379,380,381,382,383,384,400,401,402,403,404,545,546,547,548,549,550,551,552,553,554,555,556,
132;0;5354;5449;1;46,47,48,49,50,51,52,53,54,57,58,60,110,123,131,132,172,180,181,182,183,184,185,186,187,188,189,190,191,192,193,194,195,196,197,198,199,200,201,205,212,282,306,307,308,309,318,369,370,371,372,373,374,375,376,377,378,379,380,381,382,383,384,400,401,402,403,404,545,546,547,548,549,550,551,552,553,554,555,556,
100;0;5449;5544;1;46,47,48,49,50,51,52,53,54,57,58,60,110,123,131,132,172,180,181,182,183,184,185,186,187,188,189,190,191,192,193,194,195,196,197,198,199,200,201,205,212,282,306,307,308,309,318,369,370,371,372,373,374,375,376,377,378,379,380,381,382,383,384,400,401,402,403,404,545,546,547,548,549,550,551,552,553,554,555,556,
143;0;5544;5617;0;46,47,48,49,50,51,52,53,54,57,58,60,110,123,131,132,172,180,181,182,183,184,185,186,187,188,189,190,191,192,193,194,195,196,197,198,199,200,201,205,212,282,306,307,308,309,318,369,370,371,372,373,374,375,376,377,378,379,380,381,382,383,384,400,401,402,403,404,545,546,547,548,549,550,551,552,553,554,555,556,
143;1;5617;5709;0;46,47,48,49,50,51,52,53,54,57,58,60,110,123,131,132,172,180,181,182,183,184,185,186,187,188,189,190,191,192,193,194,195,196,197,198,199,200,201,205,212,282,306,307,308,309,318,369,370,371,372,373,374,375,376,377,378,379,380,381,382,383,384,400,401,402,403,404,545,546,547,548,549,550,551,552,553,554,555,556,
180;0;5709;5798;1;46,47,48,49,50,51,52,53,54,57,58,60,110,123,131,132,172,180,181,182,183,184,185,186,187,188,189,190,191,192,193,194,195,196,197,198,199,200,201,205,212,282,306,307,308,309,318,369,370,371,372,373,374,375,376,377,378,379,380,381,382,383,384,400,401,402,403,404,545,546,547,548,549,550,551,552,553,554,555,556,
149;0;5798;5899;1;46,47,48,49,50,51,52,53,54,57,58,60,110,123,131,132,172,180,181,182,183,184,185,186,187,188,189,190,191,192,193,194,195,196,197,198,199,200,201,205,212,282,306,307,308,309,318,369,370,371,372,373,374,375,376,377,378,379,380,381,382,383,384,400,401,402,403,404,545,546,547,548,549,550,551,552,553,554,555,556,
149;1;5899;5991;1;46,47,48,49,50,51,52,53,54,57,58,60,110,123,131,132,172,180,181,182,183,184,185,186,187,188,189,190,191,192,193,194,195,196,197,198,199,200,201,205,212,282,306,307,308,309,318,369,370,371,372,373,374,375,376,377,378,379,380,381,382,383,384,400,401,402,403,404,545,546,547,548,549,550,551,552,553,554,555,556,
64;0;5991;6002;1;46,47,48,49,50,51,52,53,54,57,58,60,110,123,131,132,172,180,181,182,183,184,185,186,187,188,189,190,191,192,193,194,195,196,197,198,199,200,201,205,212,282,306,307,308,309,318,369,370,371,372,373,374,375,376,377,378,379,380,381,382,383,384,400,401,402,403,404,545,546,547,548,549,550,551,552,553,554,555,556,
141;0;6002;6055;1;12,26,46,47,48,49,50,51,53,110,123,131,132,133,134,135,136,137,138,139,140,141,142,143,144,145,146,147,148,149,150,151,152,153,154,155,156,157,158,159,160,161,162,163,164,165,172,180,181,182,183,184,185,186,187,188,189,190,191,192,193,194,195,196,197,198,205,212,282,306,307,308,309,318,371,400,401,402,403,404,
141;1;6055;6129;1;12,26,46,47,48,49,50,51,53,110,123,131,132,133,134,135,136,137,138,139,140,141,142,143,144,145,146,147,148,149,150,151,152,153,154,155,156,157,158,159,160,161,162,163,164,165,172,180,181,182,183,184,185,186,187,188,189,190,191,192,193,194,195,196,197,198,205,212,282,306,307,308,309,318,371,400,401,402,403,404,
9;0;6129;6189;1;12,26,46,47,48,49,50,51,53,110,123,131,132,133,134,135,136,137,138,139,140,141,142,143,144,145,146,147,148,149,150,151,152,153,154,155,156,157,158,159,160,161,162,163,164,165,172,180,181,182,183,184,185,186,187,188,189,190,191,192,193,194,195,196,197,198,205,212,282,306,307,308,309,318,371,400,401,402,403,404,
9;1;6189;6263;1;12,26,46,47,48,49,50,51,53,110,123,131,132,133,134,135,136,137,138,139,140,141,142,143,144,145,146,147,148,149,150,151,152,153,154,155,156,157,158,159,160,161,162,163,164,165,172,180,181,182,183,184,185,186,187,188,189,190,191,192,193,194,195,196,197,198,205,212,282,306,307,308,309,318,371,400,401,402,403,404,
61;0;6263;6354;1;12,26,46,47,48,49,50,51,53,110,123,131,132,133,134,135,136,137,138,139,140,141,142,143,144,145,146,147,148,149,150,151,152,153,154,155,156,157,158,159,160,161,162,163,164,165,172,180,181,182,183,184,185,186,187,188,189,190,191,192,193,194,195,196,197,198,205,212,282,306,307,308,309,318,371,400,401,402,403,404,
61;1;6354;6395;1;12,26,46,47,48,49,50,51,53,110,123,131,132,133,134,135,136,137,138,139,140,141,142,143,144,145,146,147,148,149,150,151,152,153,154,155,156,157,158,159,160,161,162,163,164,165,172,180,181,182,183,184,185,186,187,188,189,190,191,192,193,194,195,196,197,198,205,212,282,306,307,308,309,318,371,400,401,402,403,404,
212;0;6395;6509;1;3,4,16,25,26,46,47,48,49,50,51,53,69,76,88,89,123,131,132,166,167,168,169,170,171,172,189,205,212,231,282,306,332,333,334,335,336,371,400,401,402,403,404,427,488,489,490,491,492,493,494,495,496,497,498,499,500,501,502,503,504,505,506,529,530,531,532,533,534,535,536,603,604,605,606,607,608,609,610,611,
127;0;6509;6647;0;3,4,16,25,26,46,47,48,49,50,51,53,69,76,88,89,123,131,132,166,167,168,169,170,171,172,189,205,212,231,282,306,332,333,334,335,336,371,400,401,402,403,404,427,488,489,490,491,492,493,494,495,496,497,498,499,500,501,502,503,504,505,506,529,530,531,532,533,534,535,536,603,604,605,606,607,608,609,610,611,
127;1;6647;6681;0;3,4,16,25,26,46,47,48,49,50,51,53,69,76,88,89,123,131,132,166,167,168,169,170,171,172,189,205,212,231,282,306,332,333,334,335,336,371,400,401,402,403,404,427,488,489,490,491,492,493,494,495,496,497,498,499,500,501,502,503,504,505,506,529,530,531,532,533,534,535,536,603,604,605,606,607,608,609,610,611,
10;0;6681;6715;0;3,4,16,25,26,46,47,48,49,50,51,53,69,76,88,89,123,131,132,166,167,168,169,170,171,172,189,205,212,231,282,306,332,333,334,335,336,371,400,401,402,403,404,427,488,489,490,491,492,493,494,495,496,497,498,499,500,501,502,503,504,505,506,529,530,531,532,533,534,535,536,603,604,605,606,607,608,609,610,611,
205;0;6715;6767;1;3,4,16,25,26,46,47,48,49,50,51,53,69,76,88,89,123,131,132,166,167,168,169,170,171,172,189,205,212,231,282,306,332,333,334,335,336,371,400,401,402,403,404,427,488,489,490,491,492,493,494,495,496,497,498,499,500,501,502,503,504,505,506,529,530,531,532,533,534,535,536,603,604,605,606,607,608,609,610,611,
205;1;6767;6881;1;3,4,16,25,26,46,47,48,49,50,51,53,69,76,88,89,123,131,132,166,167,168,169,170,171,172,189,205,212,231,282,306,332,333,334,335,336,371,400,401,402,403,404,427,488,489,490,491,492,493,494,495,496,497,498,499,500,501,502,503,504,505,506,529,530,531,532,533,534,535,536,603,604,605,606,607,608,609,610,611,
246;0;6881;6922;0;3,4,16,25,26,46,47,48,49,50,51,53,69,76,88,89,123,131,132,166,167,168,169,170,171,172,189,205,212,231,282,306,332,333,334,335,336,371,400,401,402,403,404,427,488,489,490,491,492,493,494,495,496,497,498,499,500,501,502,503,504,505,506,529,530,531,532,533,534,535,536,603,604,605,606,607,608,609,610,611,
218;0;6922;6976;0;3,4,16,25,26,46,47,48,49,50,51,53,69,76,88,89,123,131,132,166,167,168,169,170,171,172,189,205,212,231,282,306,332,333,334,335,336,371,400,401,402,403,404,427,488,489,490,491,492,493,494,495,496,497,498,499,500,501,502,503,504,505,506,529,530,531,532,533,534,535,536,603,604,605,606,607,608,609,610,611,
147;0;6976;7053;0;3,4,16,25,26,46,47,48,49,50,51,53,69,76,88,89,123,131,132,166,167,168,169,170,171,172,189,205,212,231,282,306,332,333,334,335,336,371,400,401,402,403,404,427,488,489,490,491,492,493,494,495,496,497,498,499,500,501,502,503,504,505,506,529,530,531,532,533,534,535,536,603,604,605,606,607,608,609,610,611,
147;1;7053;7087;0;3,4,16,25,26,46,47,48,49,50,51,53,69,76,88,89,123,131,132,166,167,168,169,170,171,172,189,205,212,231,282,306,332,333,334,335,336,371,400,401,402,403,404,427,488,489,490,491,492,493,494,495,496,497,498,499,500,501,502,503,504,505,506,529,530,531,532,533,534,535,536,603,604,605,606,607,608,609,610,611,
77;0;7087;7255;1;3,4,16,25,26,46,47,48,49,50,51,53,69,76,88,89,123,131,132,166,167,168,169,170,171,172,189,205,212,231,282,306,332,333,334,335,336,371,400,401,402,403,404,427,488,489,490,491,492,493,494,495,496,497,498,499,500,501,502,503,504,505,506,529,530,531,532,533,534,535,536,603,604,605,606,607,608,609,610,611,
77;1;7255;7274;1;3,4,16,25,26,46,47,48,49,50,51,53,69,76,88,89,123,131,132,166,167,168,169,170,171,172,189,205,212,231,282,306,332,333,334,335,336,371,400,401,402,403,404,427,488,489,490,491,492,493,494,495,496,497,498,499,500,501,502,503,504,505,506,529,530,531,532,533,534,535,536,603,604,605,606,607,608,609,610,611,
168;0;7274;7293;1;3,4,16,25,26,46,47,48,49,50,51,53,69,76,88,89,123,131,132,166,167,168,169,170,171,172,189,205,212,231,282,306,332,333,334,335,336,371,400,401,402,403,404,427,488,489,490,491,492,493,494,495,496,497,498,499,500,501,502,503,504,505,506,529,530,531,532,533,534,535,536,603,604,605,606,607,608,609,610,611,
237;0;7293;7301;1;3,4,16,25,26,46,47,48,49,50,51,53,69,76,88,89,123,131,132,166,167,168,169,170,171,172,189,205,212,231,282,306,332,333,334,335,336,371,400,401,402,403,404,427,488,489,490,491,492,493,494,495,496,497,498,499,500,501,502,503,504,505,506,529,530,531,532,533,534,535,536,603,604,605,606,607,608,609,610,611,
237;1;7301;7469;1;3,4,16,25,26,46,47,48,49,50,51,53,69,76,88,89,123,131,132,166,167,168,169,170,171,172,189,205,212,231,282,306,332,333,334,335,336,371,400,401,402,403,404,427,488,489,490,491,492,493,494,495,496,497,498,499,500,501,502,503,504,505,506,529,530,531,532,533,534,535,536,603,604,605,606,607,608,609,610,611,
43;0;7469;7633;0;3,4,16,25,26,46,47,48,49,50,51,53,69,76,88,89,123,131,132,166,167,168,169,170,171,172,189,205,212,231,282,306,332,333,334,335,336,371,400,401,402,403,404,427,488,489,490,491,492,493,494,495,496,497,498,499,500,501,502,503,504,505,506,529,530,531,532,533,534,535,536,603,604,605,606,607,608,609,610,611,
43;1;7633;7686;0;3,4,16,25,26,46,47,48,49,50,51,53,69,76,88,89,123,131,132,166,167,168,169,170,171,172,189,205,212,231,282,306,332,333,334,335,336,371,400,401,402,403,404,427,488,489,490,491,492,493,494,495,496,497,498,499,500,501,502,503,504,505,506,529,530,531,532,533,534,535,536,603,604,605,606,607,608,609,610,611,
148;0;7686;7740;1;3,4,16,25,26,46,47,48,49,50,51,53,69,76,88,89,123,131,132,166,167,168,169,170,171,172,189,205,212,231,282,306,332,333,334,335,336,371,400,401,402,403,404,427,488,489,490,491,492,493,494,495,496,497,498,499,500,501,502,503,504,505,506,529,530,531,532,533,534,535,536,603,604,605,606,607,608,609,610,611,
186;0;7740;7794;0;3,4,16,25,26,46,47,48,49,50,51,53,69,76,88,89,123,131,132,166,167,168,169,170,171,172,189,205,212,231,282,306,332,333,334,335,336,371,400,401,402,403,404,427,488,489,490,491,492,493,494,495,496,497,498,499,500,501,502,503,504,505,506,529,530,531,532,533,534,535,536,603,604,605,606,607,608,609,610,611,
107;0;7794;7799;0;3,4,16,25,26,46,47,48,49,50,51,53,69,76,88,89,123,131,132,166,167,168,169,170,171,172,189,205,212,231,282,306,332,333,334,335,336,371,400,401,402,403,404,427,488,489,490,491,492,493,494,495,496,497,498,499,500,501,502,503,504,505,506,529,530,531,532,533,534,535,536,603,604,605,606,607,608,609,610,611,
107;1;7799;7913;0;3,4,16,25,26,46,47,48,49,50,51,53,69,76,88,89,123,131,132,166,167,168,169,170,171,172,189,205,212,231,282,306,332,333,334,335,336,371,400,401,402,403,404,427,488,489,490,491,492,493,494,495,496,497,498,499,500,501,502,503,504,505,506,529,530,531,532,533,534,535,536,603,604,605,606,607,608,609,610,611,
162;0;7913;7932;0;3,4,16,25,26,46,47,48,49,50,51,53,69,76,88,89,123,131,132,166,167,168,169,170,171,172,189,205,212,231,282,306,332,333,334,335,336,371,400,401,402,403,404,427,488,489,490,491,492,493,494,495,496,497,498,499,500,501,502,503,504,505,506,529,530,531,532,533,534,535,536,603,604,605,606,607,608,609,610,611,
133;0;7932;8030;1;3,4,16,25,26,46,47,48,49,50,51,53,69,76,88,89,123,131,132,166,167,168,169,170,171,172,189,205,212,231,282,306,332,333,334,335,336,371,400,401,402,403,404,427,488,489,490,491,492,493,494,495,496,497,498,499,500,501,502,503,504,505,506,529,530,531,532,533,534,535,536,603,604,605,606,607,608,609,610,611,
133;1;8030;8198;1;3,4,16,25,26,46,47,48,49,50,51,53,69,76,88,89,123,131,132,166,167,168,169,170,171,172,189,205,212,231,282,306,332,333,334,335,336,371,400,401,402,403,404,427,488,489,490,491,492,493,494,495,496,497,498,499,500,501,502,503,504,505,506,529,530,531,532,533,534,535,536,603,604,605,606,607,608,609,610,611,
87;0;8198;8232;0;3,4,16,25,26,46,47,48,49,50,51,53,69,76,88,89,123,131,132,166,167,168,169,170,171,172,189,205,212,231,282,306,332,333,334,335,336,371,400,401,402,403,404,427,488,489,490,491,492,493,494,495,496,497,498,499,500,501,502,503,504,505,506,529,530,531,532,533,534,535,536,603,604,605,606,607,608,609,610,611,
87;1;8232;8286;0;3,4,16,25,26,46,47,48,49,50,51,53,69,76,88,89,123,131,132,166,167,168,169,170,171,172,189,205,212,231,282,306,332,333,334,335,336,371,400,401,402,403,404,427,488,489,490,491,492,493,494,495,496,497,498,499,500,501,502,503,504,505,506,529,530,531,532,533,534,535,536,603,604,605,606,607,608,609,610,611,
146;0;8286;8320;0;3,4,16,25,26,46,47,48,49,50,51,53,69,76,88,89,123,131,132,166,167,168,169,170,171,172,189,205,212,231,282,306,332,333,334,335,336,371,400,401,402,403,404,427,488,489,490,491,492,493,494,495,496,497,498,499,500,501,502,503,504,505,506,529,530,531,532,533,534,535,536,603,604,605,606,607,608,609,610,611,
90;0;8320;8348;0;3,4,16,25,26,46,47,48,49,50,51,53,69,76,88,89,123,131,132,166,167,168,169,170,171,172,189,205,212,231,282,306,332,333,334,335,336,371,400,401,402,403,404,427,488,489,490,491,492,493,494,495,496,497,498,499,500,501,502,503,504,505,506,529,530,531,532,533,534,535,536,603,604,605,606,607,608,609,610,611,
128;0;8348;8389;1;3,4,16,25,26,46,47,48,49,50,51,53,69,76,88,89,123,131,132,166,167,168,169,170,171,172,189,205,212,231,282,306,332,333,334,335,336,371,400,401,402,403,404,427,488,489,490,491,492,493,494,495,496,497,498,499,500,501,502,503,504,505,506,529,530,531,532,533,534,535,536,603,604,605,606,607,608,609,610,611,
189;0;8389;8466;1;3,4,16,25,26,46,47,48,49,50,51,53,69,76,88,89,123,131,132,166,167,168,169,170,171,172,189,205,212,231,282,306,332,333,334,335,336,371,400,401,402,403,404,427,488,489,490,491,492,493,494,495,496,497,498,499,500,501,502,503,504,505,506,529,530,531,532,533,534,535,536,603,604,605,606,607,608,609,610,611,
189;1;8466;8519;1;3,4,16,25,26,46,47,48,49,50,51,53,69,76,88,89,123,131,132,166,167,168,169,170,171,172,189,205,212,231,282,306,332,333,334,335,336,371,400,401,402,403,404,427,488,489,490,491,492,493,494,495,496,497,498,499,500,501,502,503,504,505,506,529,530,531,532,533,534,535,536,603,604,605,606,607,608,609,610,611,
188;0;8519;8633;1;3,4,16,25,26,46,47,48,49,50,51,53,69,76,88,89,123,131,132,166,167,168,169,170,171,172,189,205,212,231,282,306,332,333,334,335,336,371,400,401,402,403,404,427,488,489,490,491,492,493,494,495,496,497,498,499,500,501,502,503,504,505,506,529,530,531,532,533,534,535,536,603,604,605,606,607,608,609,610,611,
235;0;8633;8649;0;3,4,16,25,26,46,47,48,49,50,51,53,69,76,88,89,123,131,132,166,167,168,169,170,171,172,189,205,212,231,282,306,332,333,334,335,336,371,400,401,402,403,404,427,488,489,490,491,492,493,494,495,496,497,498,499,500,501,502,503,504,505,506,529,530,531,532,533,534,535,536,603,604,605,606,607,608,609,610,611,
235;1;8649;8668;0;3,4,16,25,26,46,47,48,49,50,51,53,69,76,88,89,123,131,132,166,167,168,169,170,171,172,189,205,212,231,282,306,332,333,334,335,336,371,400,401,402,403,404,427,488,489,490,491,492,493,494,495,496,497,498,499,500,501,502,503,504,505,506,529,530,531,532,533,534,535,536,603,604,605,606,607,608,609,610,611,
3;0;8668;8710;0;3,4,16,25,26,46,47,48,49,50,51,53,69,76,88,89,123,131,132,166,167,168,169,170,171,172,189,205,212,231,282,306,332,333,334,335,336,371,400,401,402,403,404,427,488,489,490,491,492,493,494,495,496,497,498,499,500,501,502,503,504,505,506,529,530,531,532,533,534,535,536,603,604,605,606,607,608,609,610,611,
3;1;8710;8738;0;3,4,16,25,26,46,47,48,49,50,51,53,69,76,88,89,123,131,132,166,167,168,169,170,171,172,189,205,212,231,282,306,332,333,334,335,336,371,400,401,402,403,404,427,488,489,490,491,492,493,494,495,496,497,498,499,500,501,502,503,504,505,506,529,530,531,532,533,534,535,536,603,604,605,606,607,608,609,610,611,
130;0;8738;8791;0;3,4,16,25,26,46,47,48,49,50,51,53,69,76,88,89,123,131,132,166,167,168,169,170,171,172,189,205,212,231,282,306,332,333,334,335,336,371,400,401,402,403,404,427,488,489,490,491,492,493,494,495,496,497,498,499,500,501,502,503,504,505,506,529,530,531,532,533,534,535,536,603,604,605,606,607,608,609,610,611,
83;0;8791;8830;0;3,4,16,25,26,46,47,48,49,50,51,53,69,76,88,89,123,131,132,166,167,168,169,170,171,172,189,205,212,231,282,306,332,333,334,335,336,371,400,401,402,403,404,427,488,489,490,491,492,493,494,495,496,497,498,499,500,501,502,503,504,505,506,529,530,531,532,533,534,535,536,603,604,605,606,607,608,609,610,611,
83;1;8830;8884;0;3,4,16,25,26,46,47,48,49,50,51,53,69,76,88,89,123,131,132,166,167,168,169,170,171,172,189,205,212,231,282,306,332,333,334,335,336,371,400,401,402,403,404,427,488,489,490,491,492,493,494,495,496,497,498,499,500,501,502,503,504,505,506,529,530,531,532,533,534,535,536,603,604,605,606,607,608,609,610,611,
49;0;8884;9044;1;3,4,16,25,26,46,47,48,49,50,51,53,69,76,88,89,123,131,132,166,167,168,169,170,171,172,189,205,212,231,282,306,332,333,334,335,336,371,400,401,402,403,404,427,488,489,490,491,492,493,494,495,496,497,498,499,500,501,502,503,504,505,506,529,530,531,532,533,534,535,536,603,604,605,606,607,608,609,610,611,
49;1;9044;9048;1;3,4,16,25,26,46,47,48,49,50,51,53,69,76,88,89,123,131,132,166,167,168,169,170,171,172,189,205,212,231,282,306,332,333,334,335,336,371,400,401,402,403,404,427,488,489,490,491,492,493,494,495,496,497,498,499,500,501,502,503,504,505,506,529,530,531,532,533,534,535,536,603,604,605,606,607,608,609,610,611,
165;0;9048;9131;1;3,4,16,25,26,46,47,48,49,50,51,53,69,76,88,89,123,131,132,166,167,168,169,170,171,172,189,205,212,231,282,306,332,333,334,335,336,371,400,401,402,403,404,427,488,489,490,491,492,493,494,495,496,497,498,499,500,501,502,503,504,505,506,529,530,531,532,533,534,535,536,603,604,605,606,607,608,609,610,611,
165;1;9131;9142;1;3,4,16,25,26,46,47,48,49,50,51,53,69,76,88,89,123,131,132,166,167,168,169,170,171,172,189,205,212,231,282,306,332,333,334,335,336,371,400,401,402,403,404,427,488,489,490,491,492,493,494,495,496,497,498,499,500,501,502,503,504,505,506,529,530,531,532,533,534,535,536,603,604,605,606,607,608,609,610,611,
161;0;9142;9303;1;3,4,5,14,16,25,26,46,47,48,49,50,51,53,69,76,86,89,123,131,132,171,172,189,205,212,231,282,288,306,323,332,333,334,335,336,337,363,371,400,401,402,422,427,458,480,481,482,483,484,485,486,487,488,489,490,491,492,493,494,529,530,531,532,533,534,535,536,572,573,574,575,576,577,578,603,604,605,606,607,
161;1;9303;9364;1;3,4,5,14,16,25,26,46,47,48,49,50,51,53,69,76,86,89,123,131,132,171,172,189,205,212,231,282,288,306,323,332,333,334,335,336,337,363,371,400,401,402,422,427,458,480,481,482,483,484,485,486,487,488,489,490,491,492,493,494,529,530,531,532,533,534,535,536,572,573,574,575,576,577,578,603,604,605,606,607,
157;0;9364;9447;1;3,4,5,14,16,25,26,46,47,48,49,50,51,53,69,76,86,89,123,131,132,171,172,189,205,212,231,282,288,306,323,332,333,334,335,336,337,363,371,400,401,402,422,427,458,480,481,482,483,484,485,486,487,488,489,490,491,492,493,494,529,530,531,532,533,534,535,536,572,573,574,575,576,577,578,603,604,605,606,607,
157;1;9447;9500;1;3,4,5,14,16,25,26,46,47,48,49,50,51,53,69,76,86,89,123,131,132,171,172,189,205,212,231,282,288,306,323,332,333,334,335,336,337,363,371,400,401,402,422,427,458,480,481,482,483,484,485,486,487,488,489,490,491,492,493,494,529,530,531,532,533,534,535,536,572,573,574,575,576,577,578,603,604,605,606,607,
220;0;9500;9511;1;3,4,5,14,16,25,26,46,47,48,49,50,51,53,69,76,86,89,123,131,132,171,172,189,205,212,231,282,288,306,323,332,333,334,335,336,337,363,371,400,401,402,422,427,458,480,481,482,483,484,485,486,487,488,489,490,491,492,493,494,529,530,531,532,533,534,535,536,572,573,574,575,576,577,578,603,604,605,606,607,
195;0;9511;9626;0;3,4,5,14,16,25,26,46,47,48,49,50,51,53,69,76,86,89,123,131,132,171,172,189,205,212,231,282,288,306,323,332,333,334,335,336,337,363,371,400,401,402,422,427,458,480,481,482,483,484,485,486,487,488,489,490,491,492,493,494,529,530,531,532,533,534,535,536,572,573,574,575,576,577,578,603,604,605,606,607,
195;1;9626;9679;0;3,4,5,14,16,25,26,46,47,48,49,50,51,53,69,76,86,89,123,131,132,171,172,189,205,212,231,282,288,306,323,332,333,334,335,336,337,363,371,400,401,402,422,427,458,480,481,482,483,484,485,486,487,488,489,490,491,492,493,494,529,530,531,532,533,534,535,536,572,573,574,575,576,577,578,603,604,605,606,607,
75;0;9679;9789;0;3,4,5,14,16,25,26,46,47,48,49,50,51,53,69,76,86,89,123,131,132,171,172,189,205,212,231,282,288,306,323,332,333,334,335,336,337,363,371,400,401,402,422,427,458,480,481,482,483,484,485,486,487,488,489,490,491,492,493,494,529,530,531,532,533,534,535,536,572,573,574,575,576,577,578,603,604,605,606,607,
75;1;9789;9800;0;3,4,5,14,16,25,26,46,47,48,49,50,51,53,69,76,86,89,123,131,132,171,172,189,205,212,231,282,288,306,323,332,333,334,335,336,337,363,371,400,401,402,422,427,458,480,481,482,483,484,485,486,487,488,489,490,491,492,493,494,529,530,531,532,533,534,535,536,572,573,574,575,576,577,578,603,604,605,606,607,
158;0;9800;9854;0;3,4,5,14,16,25,26,46,47,48,49,50,51,53,69,76,86,89,123,131,132,171,172,189,205,212,231,282,288,306,323,332,333,334,335,336,337,363,371,400,401,402,422,427,458,480,481,482,483,484,485,486,487,488,489,490,491,492,493,494,529,530,531,532,533,534,535,536,572,573,574,575,576,577,578,603,604,605,606,607,
173;0;9854;9893;1;3,4,5,14,16,25,26,46,47,48,49,50,51,53,69,76,86,89,123,131,132,171,172,189,205,212,231,282,288,306,323,332,333,334,335,336,337,363,371,400,401,402,422,427,458,480,481,482,483,484,485,486,487,488,489,490,491,492,493,494,529,530,531,532,533,534,535,536,572,573,574,575,576,577,578,603,604,605,606,607,
173;1;9893;9934;1;3,4,5,14,16,25,26,46,47,48,49,50,51,53,69,76,86,89,123,131,132,171,172,189,205,212,231,282,288,306,323,332,333,334,335,336,337,363,371,400,401,402,422,427,458,480,481,482,483,484,485,486,487,488,489,490,491,492,493,494,529,530,531,532,533,534,535,536,572,573,574,575,576,577,578,603,604,605,606,607,
118;0;9934;9995;0;3,4,5,14,16,25,26,46,47,48,49,50,51,53,69,76,86,89,123,131,132,171,172,189,205,212,231,282,288,306,323,332,333,334,335,336,337,363,371,400,401,402,422,427,458,480,481,482,483,484,485,486,487,488,489,490,491,492,493,494,529,530,531,532,533,534,535,536,572,573,574,575,576,577,578,603,604,605,606,607,
144;0;9995;9999;1;3,4,5,14,16,25,26,46,47,48,49,50,51,53,69,76,86,89,123,131,132,171,172,189,205,212,231,282,288,306,323,332,333,334,335,336,337,363,371,400,401,402,422,427,458,480,481,482,483,484,485,486,487,488,489,490,491,492,493,494,529,530,531,532,533,534,535,536,572,573,574,575,576,577,578,603,604,605,606,607,
226;0;9999;10027;0;3,4,5,14,16,25,26,46,47,48,49,50,51,53,69,76,86,89,123,131,132,171,172,189,205,212,231,282,288,306,323,332,333,334,335,336,337,363,371,400,401,402,422,427,458,480,481,482,483,484,485,486,487,488,489,490,491,492,493,494,529,530,531,532,533,534,535,536,572,573,574,575,576,577,578,603,604,605,606,607,
84;0;10027;10038;1;3,4,5,14,16,25,26,46,47,48,49,50,51,53,69,76,86,89,123,131,132,171,172,189,205,212,231,282,288,306,323,332,333,334,335,336,337,363,371,400,401,402,422,427,458,480,481,482,483,484,485,486,487,488,489,490,491,492,493,494,529,530,531,532,533,534,535,536,572,573,574,575,576,577,578,603,604,605,606,607,
12;0;10038;10079;1;3,4,5,14,16,25,26,46,47,48,49,50,51,53,69,76,86,89,123,131,132,171,172,189,205,212,231,282,288,306,323,332,333,334,335,336,337,363,371,400,401,402,422,427,458,480,481,482,483,484,485,486,487,488,489,490,491,492,493,494,529,530,531,532,533,534,535,536,572,573,574,575,576,577,578,603,604,605,606,607,
END
fineshedJobsCount: 261
switchs: 458
switchsInstances: 12
unfineshedPriorityCount: 16
totalUnfineshed: 115
criticalMachineSwitchs: 172
criticalMachineTime: 10079
Final Solution: 6772
Time: 384747
PTL: 476
MCMC: 490
Best Initial: 1218
Mean Initial: 846.545
