./input/BaseInstances/2M1_n=130,r=0.5,t=224,v0.txt;./input/Processed/ToolSetInt.csv
7;720;1440
Machine: 0
14;0;0;95;0;8,9,10,11,12,13,14,15,16,17,18,19,20,21,22,23,28,29,30,31,34,35,36,37,67,68,93,94,95,96,97,98,99,100,101,102,103,104,105,108,109,110,111,112,113,114,115,116,117,118,119,120,121,122,123,124,125,126,127,128,129,130,131,132,133,135,138,141,142,143,144,145,146,147,214,215,216,217,218,219,
1;0;95;181;0;8,9,10,11,12,13,14,15,16,17,18,19,20,21,22,23,28,29,30,31,34,35,36,37,67,68,93,94,95,96,97,98,99,100,101,102,103,104,105,108,109,110,111,112,113,114,115,116,117,118,119,120,121,122,123,124,125,126,127,128,129,130,131,132,133,135,138,141,142,143,144,145,146,147,214,215,216,217,218,219,
1;1;181;220;0;8,9,10,11,12,13,14,15,16,17,18,19,20,21,22,23,28,29,30,31,34,35,36,37,67,68,93,94,95,96,97,98,99,100,101,102,103,104,105,108,109,110,111,112,113,114,115,116,117,118,119,120,121,122,123,124,125,126,127,128,129,130,131,132,133,135,138,141,142,143,144,145,146,147,214,215,216,217,218,219,
29;0;220;334;1;8,9,10,11,12,13,14,15,16,17,18,19,20,21,22,23,28,29,30,31,34,35,36,37,67,68,93,94,95,96,97,98,99,100,101,102,103,104,105,108,109,110,111,112,113,114,115,116,117,118,119,120,121,122,123,124,125,126,127,128,129,130,131,132,133,135,138,141,142,143,144,145,146,147,214,215,216,217,218,219,
29;1;334;499;1;8,9,10,11,12,13,14,15,16,17,18,19,20,21,22,23,28,29,30,31,34,35,36,37,67,68,93,94,95,96,97,98,99,100,101,102,103,104,105,108,109,110,111,112,113,114,115,116,117,118,119,120,121,122,123,124,125,126,127,128,129,130,131,132,133,135,138,141,142,143,144,145,146,147,214,215,216,217,218,219,
39;0;499;578;0;8,9,10,11,12,13,14,15,16,17,18,19,20,21,22,23,28,29,30,31,34,35,36,37,67,68,93,94,95,96,97,98,99,100,101,102,103,104,105,108,109,110,111,112,113,114,115,116,117,118,119,120,121,122,123,124,125,126,127,128,129,130,131,132,133,135,138,141,142,143,144,145,146,147,214,215,216,217,218,219,
39;1;578;736;0;8,9,10,11,12,13,14,15,16,17,18,19,20,21,22,23,28,29,30,31,34,35,36,37,67,68,93,94,95,96,97,98,99,100,101,102,103,104,105,108,109,110,111,112,113,114,115,116,117,118,119,120,121,122,123,124,125,126,127,128,129,130,131,132,133,135,138,141,142,143,144,145,146,147,214,215,216,217,218,219,
40;0;736;849;1;8,9,10,11,12,13,14,15,16,17,18,19,20,21,22,23,28,29,30,31,34,35,36,37,67,68,93,94,95,96,97,98,99,100,101,102,103,104,105,108,109,110,111,112,113,114,115,116,117,118,119,120,121,122,123,124,125,126,127,128,129,130,131,132,133,135,138,141,142,143,144,145,146,147,214,215,216,217,218,219,
79;0;849;964;0;8,9,10,11,12,13,14,15,16,17,18,19,20,21,22,23,28,29,30,31,34,35,36,37,67,68,93,94,95,96,97,98,99,100,101,102,103,104,105,108,109,110,111,112,113,114,115,116,117,118,119,120,121,122,123,124,125,126,127,128,129,130,131,132,133,135,138,141,142,143,144,145,146,147,214,215,216,217,218,219,
79;1;964;1132;0;8,9,10,11,12,13,14,15,16,17,18,19,20,21,22,23,28,29,30,31,34,35,36,37,67,68,93,94,95,96,97,98,99,100,101,102,103,104,105,108,109,110,111,112,113,114,115,116,117,118,119,120,121,122,123,124,125,126,127,128,129,130,131,132,133,135,138,141,142,143,144,145,146,147,214,215,216,217,218,219,
82;0;1132;1284;0;8,9,10,11,12,13,14,15,16,17,18,19,20,21,22,23,28,29,30,31,34,35,36,37,67,68,93,94,95,96,97,98,99,100,101,102,103,104,105,108,109,110,111,112,113,114,115,116,117,118,119,120,121,122,123,124,125,126,127,128,129,130,131,132,133,135,138,141,142,143,144,145,146,147,214,215,216,217,218,219,
55;0;1284;1389;0;8,9,10,11,12,13,14,15,16,17,18,19,20,21,22,23,28,29,30,31,34,35,36,37,67,68,93,94,95,96,97,98,99,100,101,102,103,104,105,108,109,110,111,112,113,114,115,116,117,118,119,120,121,122,123,124,125,126,127,128,129,130,131,132,133,135,138,141,142,143,144,145,146,147,214,215,216,217,218,219,
55;1;1389;1511;0;8,9,10,11,12,13,14,15,16,17,18,19,20,21,22,23,28,29,30,31,34,35,36,37,67,68,93,94,95,96,97,98,99,100,101,102,103,104,105,108,109,110,111,112,113,114,115,116,117,118,119,120,121,122,123,124,125,126,127,128,129,130,131,132,133,135,138,141,142,143,144,145,146,147,214,215,216,217,218,219,
48;0;1511;1658;1;8,9,10,11,12,13,14,15,16,17,18,19,20,21,22,23,28,29,30,31,34,35,36,37,67,68,93,94,95,96,97,98,99,100,101,102,103,104,105,108,109,110,111,112,113,114,115,116,117,118,119,120,121,122,123,124,125,126,127,128,129,130,131,132,133,135,138,141,142,143,144,145,146,147,214,215,216,217,218,219,
16;0;1658;1683;1;8,9,10,11,12,13,14,15,16,17,18,19,20,21,22,23,28,29,30,31,34,35,36,37,67,68,93,94,95,96,97,98,99,100,101,102,103,104,105,108,109,110,111,112,113,114,115,116,117,118,119,120,121,122,123,124,125,126,127,128,129,130,131,132,133,135,138,141,142,143,144,145,146,147,214,215,216,217,218,219,
38;0;1683;1841;0;8,9,10,11,12,13,14,15,16,17,18,19,20,21,22,23,28,29,30,31,34,35,36,37,67,68,93,94,95,96,97,98,99,100,101,102,103,104,105,108,109,110,111,112,113,114,115,116,117,118,119,120,121,122,123,124,125,126,127,128,129,130,131,132,133,135,138,141,142,143,144,145,146,147,214,215,216,217,218,219,
20;0;1841;1963;1;8,9,10,11,12,13,14,15,16,17,18,19,20,21,22,23,28,29,30,31,34,35,36,37,67,68,93,94,95,96,97,98,99,100,101,102,103,104,105,108,109,110,111,112,113,114,115,116,117,118,119,120,121,122,123,124,125,126,127,128,129,130,131,132,133,135,138,141,142,143,144,145,146,147,214,215,216,217,218,219,
70;0;1963;1967;0;8,9,10,11,12,13,14,15,16,17,18,19,20,21,22,23,28,29,30,31,34,35,36,37,67,68,93,94,95,96,97,98,99,100,101,102,103,104,105,108,109,110,111,112,113,114,115,116,117,118,119,120,121,122,123,124,125,126,127,128,129,130,131,132,133,135,138,141,142,143,144,145,146,147,214,215,216,217,218,219,
22;0;1967;2097;0;8,9,10,11,12,13,14,15,16,17,18,19,20,21,22,23,28,29,30,31,34,35,36,37,67,68,93,94,95,96,97,98,99,100,101,102,103,104,105,108,109,110,111,112,113,114,115,116,117,118,119,120,121,122,123,124,125,126,127,128,129,130,131,132,133,135,138,141,142,143,144,145,146,147,214,215,216,217,218,219,
18;0;2097;2192;0;8,9,10,11,12,13,14,15,16,17,18,19,20,21,22,23,28,29,30,31,34,35,36,37,67,68,93,94,95,96,97,98,99,100,101,102,103,104,105,108,109,110,111,112,113,114,115,116,117,118,119,120,121,122,123,124,125,126,127,128,129,130,131,132,133,135,138,141,142,143,144,145,146,147,214,215,216,217,218,219,
54;0;2192;2357;0;8,9,10,11,12,13,14,15,16,17,18,19,20,21,22,23,28,29,30,31,34,35,36,37,67,68,93,94,95,96,97,98,99,100,101,102,103,104,105,108,109,110,111,112,113,114,115,116,117,118,119,120,121,122,123,124,125,126,127,128,129,130,131,132,133,135,138,141,142,143,144,145,146,147,214,215,216,217,218,219,
53;0;2357;2389;1;8,9,10,11,12,13,14,15,16,17,18,19,20,21,22,23,28,29,30,31,34,35,36,37,67,68,93,94,95,96,97,98,99,100,101,102,103,104,105,108,109,110,111,112,113,114,115,116,117,118,119,120,121,122,123,124,125,126,127,128,129,130,131,132,133,135,138,141,142,143,144,145,146,147,214,215,216,217,218,219,
53;1;2389;2549;1;8,9,10,11,12,13,14,15,16,17,18,19,20,21,22,23,28,29,30,31,34,35,36,37,67,68,93,94,95,96,97,98,99,100,101,102,103,104,105,108,109,110,111,112,113,114,115,116,117,118,119,120,121,122,123,124,125,126,127,128,129,130,131,132,133,135,138,141,142,143,144,145,146,147,214,215,216,217,218,219,
76;0;2549;2594;1;8,9,10,11,12,13,14,15,16,17,18,19,20,21,22,23,28,29,30,31,34,35,36,37,67,68,93,94,95,96,97,98,99,100,101,102,103,104,105,108,109,110,111,112,113,114,115,116,117,118,119,120,121,122,123,124,125,126,127,128,129,130,131,132,133,135,138,141,142,143,144,145,146,147,214,215,216,217,218,219,
37;0;2594;2622;1;8,9,10,11,12,13,14,15,16,17,18,19,20,21,22,23,28,29,30,31,34,35,36,37,67,68,93,94,95,96,97,98,99,100,101,102,103,104,105,108,109,110,111,112,113,114,115,116,117,118,119,120,121,122,123,124,125,126,127,128,129,130,131,132,133,135,138,141,142,143,144,145,146,147,214,215,216,217,218,219,
37;1;2622;2638;1;8,9,10,11,12,13,14,15,16,17,18,19,20,21,22,23,28,29,30,31,34,35,36,37,67,68,93,94,95,96,97,98,99,100,101,102,103,104,105,108,109,110,111,112,113,114,115,116,117,118,119,120,121,122,123,124,125,126,127,128,129,130,131,132,133,135,138,141,142,143,144,145,146,147,214,215,216,217,218,219,
27;0;2638;2702;0;8,9,10,11,12,13,14,15,16,17,18,19,20,21,22,23,28,29,30,31,34,35,36,37,67,68,93,94,95,96,97,98,99,100,101,102,103,104,105,108,109,110,111,112,113,114,115,116,117,118,119,120,121,122,123,124,125,126,127,128,129,130,131,132,133,135,138,141,142,143,144,145,146,147,214,215,216,217,218,219,
27;1;2702;2876;0;8,9,10,11,12,13,14,15,16,17,18,19,20,21,22,23,28,29,30,31,34,35,36,37,67,68,93,94,95,96,97,98,99,100,101,102,103,104,105,108,109,110,111,112,113,114,115,116,117,118,119,120,121,122,123,124,125,126,127,128,129,130,131,132,133,135,138,141,142,143,144,145,146,147,214,215,216,217,218,219,
25;0;2876;3001;1;8,9,10,11,12,13,14,15,16,17,18,19,20,21,22,23,28,29,30,31,34,35,36,37,67,68,93,94,95,96,97,98,99,100,101,102,103,104,105,108,109,110,111,112,113,114,115,116,117,118,119,120,121,122,123,124,125,126,127,128,129,130,131,132,133,135,138,141,142,143,144,145,146,147,214,215,216,217,218,219,
25;1;3001;3131;1;8,9,10,11,12,13,14,15,16,17,18,19,20,21,22,23,28,29,30,31,34,35,36,37,67,68,93,94,95,96,97,98,99,100,101,102,103,104,105,108,109,110,111,112,113,114,115,116,117,118,119,120,121,122,123,124,125,126,127,128,129,130,131,132,133,135,138,141,142,143,144,145,146,147,214,215,216,217,218,219,
44;0;3131;3261;1;8,9,10,11,12,13,14,15,16,17,18,19,20,21,22,23,28,29,30,31,34,35,36,37,67,68,93,94,95,96,97,98,99,100,101,102,103,104,105,108,109,110,111,112,113,114,115,116,117,118,119,120,121,122,123,124,125,126,127,128,129,130,131,132,133,135,138,141,142,143,144,145,146,147,214,215,216,217,218,219,
80;0;3261;3277;1;8,9,10,11,12,13,14,15,16,17,18,19,20,21,22,23,28,29,30,31,34,35,36,37,67,68,93,94,95,96,97,98,99,100,101,102,103,104,105,108,109,110,111,112,113,114,115,116,117,118,119,120,121,122,123,124,125,126,127,128,129,130,131,132,133,135,138,141,142,143,144,145,146,147,214,215,216,217,218,219,
5;0;3277;3361;1;8,9,10,11,12,13,14,15,16,17,18,19,20,21,22,23,28,29,30,31,34,35,36,37,67,68,93,94,95,96,97,98,99,100,101,102,103,104,105,108,109,110,111,112,113,114,115,116,117,118,119,120,121,122,123,124,125,126,127,128,129,130,131,132,133,135,138,141,142,143,144,145,146,147,214,215,216,217,218,219,
5;1;3361;3508;1;8,9,10,11,12,13,14,15,16,17,18,19,20,21,22,23,28,29,30,31,34,35,36,37,67,68,93,94,95,96,97,98,99,100,101,102,103,104,105,108,109,110,111,112,113,114,115,116,117,118,119,120,121,122,123,124,125,126,127,128,129,130,131,132,133,135,138,141,142,143,144,145,146,147,214,215,216,217,218,219,
8;0;3508;3614;1;8,9,10,11,12,13,14,15,16,17,18,19,20,21,22,23,28,29,30,31,34,35,36,37,67,68,93,94,95,96,97,98,99,100,101,102,103,104,105,108,109,110,111,112,113,114,115,116,117,118,119,120,121,122,123,124,125,126,127,128,129,130,131,132,133,135,138,141,142,143,144,145,146,147,214,215,216,217,218,219,
41;0;3614;3659;1;8,9,10,11,12,13,14,15,16,17,18,19,20,21,22,23,28,29,30,31,34,35,36,37,67,68,93,94,95,96,97,98,99,100,101,102,103,104,105,108,109,110,111,112,113,114,115,116,117,118,119,120,121,122,123,124,125,126,127,128,129,130,131,132,133,135,138,141,142,143,144,145,146,147,214,215,216,217,218,219,
41;1;3659;3663;1;8,9,10,11,12,13,14,15,16,17,18,19,20,21,22,23,28,29,30,31,34,35,36,37,67,68,93,94,95,96,97,98,99,100,101,102,103,104,105,108,109,110,111,112,113,114,115,116,117,118,119,120,121,122,123,124,125,126,127,128,129,130,131,132,133,135,138,141,142,143,144,145,146,147,214,215,216,217,218,219,
45;0;3663;3685;1;8,9,10,11,12,13,14,15,16,17,18,19,20,21,22,23,28,29,30,31,34,35,36,37,67,68,93,94,95,96,97,98,99,100,101,102,103,104,105,108,109,110,111,112,113,114,115,116,117,118,119,120,121,122,123,124,125,126,127,128,129,130,131,132,133,135,138,141,142,143,144,145,146,147,214,215,216,217,218,219,
45;1;3685;3798;1;8,9,10,11,12,13,14,15,16,17,18,19,20,21,22,23,28,29,30,31,34,35,36,37,67,68,93,94,95,96,97,98,99,100,101,102,103,104,105,108,109,110,111,112,113,114,115,116,117,118,119,120,121,122,123,124,125,126,127,128,129,130,131,132,133,135,138,141,142,143,144,145,146,147,214,215,216,217,218,219,
32;0;3798;3966;1;8,9,10,11,12,13,14,15,16,17,18,19,20,21,22,23,28,29,30,31,34,35,36,37,67,68,93,94,95,96,97,98,99,100,101,102,103,104,105,108,109,110,111,112,113,114,115,116,117,118,119,120,121,122,123,124,125,126,127,128,129,130,131,132,133,135,138,141,142,143,144,145,146,147,214,215,216,217,218,219,
49;0;3966;3993;1;8,9,10,11,12,13,14,15,16,17,18,19,20,21,22,23,28,29,30,31,34,35,36,37,67,68,93,94,95,96,97,98,99,100,101,102,103,104,105,108,109,110,111,112,113,114,115,116,117,118,119,120,121,122,123,124,125,126,127,128,129,130,131,132,133,135,138,141,142,143,144,145,146,147,214,215,216,217,218,219,
49;1;3993;3997;1;8,9,10,11,12,13,14,15,16,17,18,19,20,21,22,23,28,29,30,31,34,35,36,37,67,68,93,94,95,96,97,98,99,100,101,102,103,104,105,108,109,110,111,112,113,114,115,116,117,118,119,120,121,122,123,124,125,126,127,128,129,130,131,132,133,135,138,141,142,143,144,145,146,147,214,215,216,217,218,219,
52;0;3997;4155;1;8,9,10,11,12,13,14,15,16,17,18,19,20,21,22,23,28,29,30,31,34,35,36,37,67,68,93,94,95,96,97,98,99,100,101,102,103,104,105,108,109,110,111,112,113,114,115,116,117,118,119,120,121,122,123,124,125,126,127,128,129,130,131,132,133,135,138,141,142,143,144,145,146,147,214,215,216,217,218,219,
60;0;4155;4261;1;8,9,10,11,12,13,14,15,16,17,18,19,20,21,22,23,28,29,30,31,34,35,36,37,67,68,93,94,95,96,97,98,99,100,101,102,103,104,105,108,109,110,111,112,113,114,115,116,117,118,119,120,121,122,123,124,125,126,127,128,129,130,131,132,133,135,138,141,142,143,144,145,146,147,214,215,216,217,218,219,
11;0;4261;4291;0;8,9,10,11,12,13,14,15,16,17,18,19,20,21,22,23,28,29,30,31,34,35,36,37,67,68,93,94,95,96,97,98,99,100,101,102,103,104,105,108,109,110,111,112,113,114,115,116,117,118,119,120,121,122,123,124,125,126,127,128,129,130,131,132,133,135,138,141,142,143,144,145,146,147,214,215,216,217,218,219,
11;1;4291;4397;0;8,9,10,11,12,13,14,15,16,17,18,19,20,21,22,23,28,29,30,31,34,35,36,37,67,68,93,94,95,96,97,98,99,100,101,102,103,104,105,108,109,110,111,112,113,114,115,116,117,118,119,120,121,122,123,124,125,126,127,128,129,130,131,132,133,135,138,141,142,143,144,145,146,147,214,215,216,217,218,219,
7;0;4397;4401;0;8,9,10,11,12,13,14,15,16,17,18,19,20,21,22,23,28,29,30,31,34,35,36,37,67,68,93,94,95,96,97,98,99,100,101,102,103,104,105,108,109,110,111,112,113,114,115,116,117,118,119,120,121,122,123,124,125,126,127,128,129,130,131,132,133,135,138,141,142,143,144,145,146,147,214,215,216,217,218,219,
7;1;4401;4446;0;8,9,10,11,12,13,14,15,16,17,18,19,20,21,22,23,28,29,30,31,34,35,36,37,67,68,93,94,95,96,97,98,99,100,101,102,103,104,105,108,109,110,111,112,113,114,115,116,117,118,119,120,121,122,123,124,125,126,127,128,129,130,131,132,133,135,138,141,142,143,144,145,146,147,214,215,216,217,218,219,
73;0;4446;4598;1;8,9,10,11,12,13,14,15,16,17,18,19,20,21,22,23,28,29,30,31,34,35,36,37,67,68,93,94,95,96,97,98,99,100,101,102,103,104,105,108,109,110,111,112,113,114,115,116,117,118,119,120,121,122,123,124,125,126,127,128,129,130,131,132,133,135,138,141,142,143,144,145,146,147,214,215,216,217,218,219,
73;1;4598;4766;1;8,9,10,11,12,13,14,15,16,17,18,19,20,21,22,23,28,29,30,31,34,35,36,37,67,68,93,94,95,96,97,98,99,100,101,102,103,104,105,108,109,110,111,112,113,114,115,116,117,118,119,120,121,122,123,124,125,126,127,128,129,130,131,132,133,135,138,141,142,143,144,145,146,147,214,215,216,217,218,219,
69;0;4766;4845;1;8,9,10,11,12,13,14,15,16,17,18,19,20,21,22,23,28,29,30,31,34,35,36,37,67,68,93,94,95,96,97,98,99,100,101,102,103,104,105,108,109,110,111,112,113,114,115,116,117,118,119,120,121,122,123,124,125,126,127,128,129,130,131,132,133,135,138,141,142,143,144,145,146,147,214,215,216,217,218,219,
69;1;4845;5003;1;8,9,10,11,12,13,14,15,16,17,18,19,20,21,22,23,28,29,30,31,34,35,36,37,67,68,93,94,95,96,97,98,99,100,101,102,103,104,105,108,109,110,111,112,113,114,115,116,117,118,119,120,121,122,123,124,125,126,127,128,129,130,131,132,133,135,138,141,142,143,144,145,146,147,214,215,216,217,218,219,
81;0;5003;5042;1;8,9,10,11,12,13,14,15,16,17,18,19,20,21,22,23,28,29,30,31,34,35,36,37,67,68,93,94,95,96,97,98,99,100,101,102,103,104,105,108,109,110,111,112,113,114,115,116,117,118,119,120,121,122,123,124,125,126,127,128,129,130,131,132,133,135,138,141,142,143,144,145,146,147,214,215,216,217,218,219,
81;1;5042;5194;1;8,9,10,11,12,13,14,15,16,17,18,19,20,21,22,23,28,29,30,31,34,35,36,37,67,68,93,94,95,96,97,98,99,100,101,102,103,104,105,108,109,110,111,112,113,114,115,116,117,118,119,120,121,122,123,124,125,126,127,128,129,130,131,132,133,135,138,141,142,143,144,145,146,147,214,215,216,217,218,219,
59;0;5194;5326;0;8,9,10,11,12,13,14,15,16,17,18,19,20,21,22,23,28,29,30,31,34,35,36,37,67,68,93,94,95,96,97,98,99,100,101,102,103,104,105,108,109,110,111,112,113,114,115,116,117,118,119,120,121,122,123,124,125,126,127,128,129,130,131,132,133,135,138,141,142,143,144,145,146,147,214,215,216,217,218,219,
59;1;5326;5371;0;8,9,10,11,12,13,14,15,16,17,18,19,20,21,22,23,28,29,30,31,34,35,36,37,67,68,93,94,95,96,97,98,99,100,101,102,103,104,105,108,109,110,111,112,113,114,115,116,117,118,119,120,121,122,123,124,125,126,127,128,129,130,131,132,133,135,138,141,142,143,144,145,146,147,214,215,216,217,218,219,
65;0;5371;5461;1;8,9,10,11,12,13,14,15,16,17,18,19,20,21,22,23,28,29,30,31,34,35,36,37,67,68,93,94,95,96,97,98,99,100,101,102,103,104,105,108,109,110,111,112,113,114,115,116,117,118,119,120,121,122,123,124,125,126,127,128,129,130,131,132,133,135,138,141,142,143,144,145,146,147,214,215,216,217,218,219,
65;1;5461;5578;1;8,9,10,11,12,13,14,15,16,17,18,19,20,21,22,23,28,29,30,31,34,35,36,37,67,68,93,94,95,96,97,98,99,100,101,102,103,104,105,108,109,110,111,112,113,114,115,116,117,118,119,120,121,122,123,124,125,126,127,128,129,130,131,132,133,135,138,141,142,143,144,145,146,147,214,215,216,217,218,219,
67;0;5578;5589;0;8,9,10,11,12,13,14,15,16,17,18,19,20,21,22,23,28,29,30,31,34,35,36,37,67,68,93,94,95,96,97,98,99,100,101,102,103,104,105,108,109,110,111,112,113,114,115,116,117,118,119,120,121,122,123,124,125,126,127,128,129,130,131,132,133,135,138,141,142,143,144,145,146,147,214,215,216,217,218,219,
67;1;5589;5684;0;8,9,10,11,12,13,14,15,16,17,18,19,20,21,22,23,28,29,30,31,34,35,36,37,67,68,93,94,95,96,97,98,99,100,101,102,103,104,105,108,109,110,111,112,113,114,115,116,117,118,119,120,121,122,123,124,125,126,127,128,129,130,131,132,133,135,138,141,142,143,144,145,146,147,214,215,216,217,218,219,
35;0;5684;5688;0;8,9,10,11,12,13,14,15,16,17,18,19,20,21,22,23,28,29,30,31,34,35,36,37,67,68,93,94,95,96,97,98,99,100,101,102,103,104,105,108,109,110,111,112,113,114,115,116,117,118,119,120,121,122,123,124,125,126,127,128,129,130,131,132,133,135,138,141,142,143,144,145,146,147,214,215,216,217,218,219,
35;1;5688;5780;0;8,9,10,11,12,13,14,15,16,17,18,19,20,21,22,23,28,29,30,31,34,35,36,37,67,68,93,94,95,96,97,98,99,100,101,102,103,104,105,108,109,110,111,112,113,114,115,116,117,118,119,120,121,122,123,124,125,126,127,128,129,130,131,132,133,135,138,141,142,143,144,145,146,147,214,215,216,217,218,219,
33;0;5780;5840;1;8,9,10,11,12,13,14,15,16,17,18,19,20,21,22,23,28,29,30,31,34,35,36,37,67,68,93,94,95,96,97,98,99,100,101,102,103,104,105,108,109,110,111,112,113,114,115,116,117,118,119,120,121,122,123,124,125,126,127,128,129,130,131,132,133,135,138,141,142,143,144,145,146,147,214,215,216,217,218,219,
33;1;5840;5856;1;8,9,10,11,12,13,14,15,16,17,18,19,20,21,22,23,28,29,30,31,34,35,36,37,67,68,93,94,95,96,97,98,99,100,101,102,103,104,105,108,109,110,111,112,113,114,115,116,117,118,119,120,121,122,123,124,125,126,127,128,129,130,131,132,133,135,138,141,142,143,144,145,146,147,214,215,216,217,218,219,
66;0;5856;5973;0;8,9,10,11,12,13,14,15,16,17,18,19,20,21,22,23,28,29,30,31,34,35,36,37,67,68,93,94,95,96,97,98,99,100,101,102,103,104,105,108,109,110,111,112,113,114,115,116,117,118,119,120,121,122,123,124,125,126,127,128,129,130,131,132,133,135,138,141,142,143,144,145,146,147,214,215,216,217,218,219,
4;0;5973;6103;1;8,9,10,11,12,13,14,15,16,17,18,19,20,21,22,23,28,29,30,31,34,35,36,37,67,68,93,94,95,96,97,98,99,100,101,102,103,104,105,108,109,110,111,112,113,114,115,116,117,118,119,120,121,122,123,124,125,126,127,128,129,130,131,132,133,135,138,141,142,143,144,145,146,147,214,215,216,217,218,219,
Machine: 1
24;0;0;101;1;0,1,2,3,4,5,6,7,24,25,26,27,32,33,36,38,39,40,65,66,69,70,71,72,73,74,75,76,77,78,79,80,81,82,83,84,85,86,87,88,89,90,91,92,106,107,134,136,137,139,140,148,149,178,179,180,181,182,183,184,185,186,187,188,189,190,191,192,193,194,195,196,197,198,199,200,201,202,203,204,
51;0;101;173;0;0,1,2,3,4,5,6,7,24,25,26,27,32,33,36,38,39,40,65,66,69,70,71,72,73,74,75,76,77,78,79,80,81,82,83,84,85,86,87,88,89,90,91,92,106,107,134,136,137,139,140,148,149,178,179,180,181,182,183,184,185,186,187,188,189,190,191,192,193,194,195,196,197,198,199,200,201,202,203,204,
51;1;173;287;0;0,1,2,3,4,5,6,7,24,25,26,27,32,33,36,38,39,40,65,66,69,70,71,72,73,74,75,76,77,78,79,80,81,82,83,84,85,86,87,88,89,90,91,92,106,107,134,136,137,139,140,148,149,178,179,180,181,182,183,184,185,186,187,188,189,190,191,192,193,194,195,196,197,198,199,200,201,202,203,204,
72;0;287;425;1;0,1,2,3,4,5,6,7,24,25,26,27,32,33,36,38,39,40,65,66,69,70,71,72,73,74,75,76,77,78,79,80,81,82,83,84,85,86,87,88,89,90,91,92,106,107,134,136,137,139,140,148,149,178,179,180,181,182,183,184,185,186,187,188,189,190,191,192,193,194,195,196,197,198,199,200,201,202,203,204,
15;0;425;503;0;0,1,2,3,4,5,6,7,24,25,26,27,32,33,36,38,39,40,65,66,69,70,71,72,73,74,75,76,77,78,79,80,81,82,83,84,85,86,87,88,89,90,91,92,106,107,134,136,137,139,140,148,149,178,179,180,181,182,183,184,185,186,187,188,189,190,191,192,193,194,195,196,197,198,199,200,201,202,203,204,
15;1;503;641;0;0,1,2,3,4,5,6,7,24,25,26,27,32,33,36,38,39,40,65,66,69,70,71,72,73,74,75,76,77,78,79,80,81,82,83,84,85,86,87,88,89,90,91,92,106,107,134,136,137,139,140,148,149,178,179,180,181,182,183,184,185,186,187,188,189,190,191,192,193,194,195,196,197,198,199,200,201,202,203,204,
58;0;641;755;0;0,1,2,3,4,5,6,7,24,25,26,27,32,33,36,38,39,40,65,66,69,70,71,72,73,74,75,76,77,78,79,80,81,82,83,84,85,86,87,88,89,90,91,92,106,107,134,136,137,139,140,148,149,178,179,180,181,182,183,184,185,186,187,188,189,190,191,192,193,194,195,196,197,198,199,200,201,202,203,204,
43;0;755;821;0;0,1,2,3,4,5,6,7,24,25,26,27,32,33,36,38,39,40,65,66,69,70,71,72,73,74,75,76,77,78,79,80,81,82,83,84,85,86,87,88,89,90,91,92,106,107,134,136,137,139,140,148,149,178,179,180,181,182,183,184,185,186,187,188,189,190,191,192,193,194,195,196,197,198,199,200,201,202,203,204,
43;1;821;874;0;0,1,2,3,4,5,6,7,24,25,26,27,32,33,36,38,39,40,65,66,69,70,71,72,73,74,75,76,77,78,79,80,81,82,83,84,85,86,87,88,89,90,91,92,106,107,134,136,137,139,140,148,149,178,179,180,181,182,183,184,185,186,187,188,189,190,191,192,193,194,195,196,197,198,199,200,201,202,203,204,
64;0;874;885;1;0,1,2,3,4,5,6,7,24,25,26,27,32,33,36,38,39,40,65,66,69,70,71,72,73,74,75,76,77,78,79,80,81,82,83,84,85,86,87,88,89,90,91,92,106,107,134,136,137,139,140,148,149,178,179,180,181,182,183,184,185,186,187,188,189,190,191,192,193,194,195,196,197,198,199,200,201,202,203,204,
63;0;885;965;0;0,1,2,3,4,5,6,7,24,25,26,27,32,33,36,38,39,40,65,66,69,70,71,72,73,74,75,76,77,78,79,80,81,82,83,84,85,86,87,88,89,90,91,92,106,107,134,136,137,139,140,148,149,178,179,180,181,182,183,184,185,186,187,188,189,190,191,192,193,194,195,196,197,198,199,200,201,202,203,204,
63;1;965;1128;0;0,1,2,3,4,5,6,7,24,25,26,27,32,33,36,38,39,40,65,66,69,70,71,72,73,74,75,76,77,78,79,80,81,82,83,84,85,86,87,88,89,90,91,92,106,107,134,136,137,139,140,148,149,178,179,180,181,182,183,184,185,186,187,188,189,190,191,192,193,194,195,196,197,198,199,200,201,202,203,204,
6;0;1128;1278;0;0,1,2,3,4,5,6,7,24,25,26,27,32,33,36,38,39,40,65,66,69,70,71,72,73,74,75,76,77,78,79,80,81,82,83,84,85,86,87,88,89,90,91,92,106,107,134,136,137,139,140,148,149,178,179,180,181,182,183,184,185,186,187,188,189,190,191,192,193,194,195,196,197,198,199,200,201,202,203,204,
31;0;1278;1454;0;0,1,2,3,4,5,6,7,24,25,26,27,32,33,36,38,39,40,65,66,69,70,71,72,73,74,75,76,77,78,79,80,81,82,83,84,85,86,87,88,89,90,91,92,106,107,134,136,137,139,140,148,149,178,179,180,181,182,183,184,185,186,187,188,189,190,191,192,193,194,195,196,197,198,199,200,201,202,203,204,
31;1;1454;1482;0;0,1,2,3,4,5,6,7,24,25,26,27,32,33,36,38,39,40,65,66,69,70,71,72,73,74,75,76,77,78,79,80,81,82,83,84,85,86,87,88,89,90,91,92,106,107,134,136,137,139,140,148,149,178,179,180,181,182,183,184,185,186,187,188,189,190,191,192,193,194,195,196,197,198,199,200,201,202,203,204,
75;0;1482;1537;0;0,1,2,3,4,5,6,7,24,25,26,27,32,33,36,38,39,40,65,66,69,70,71,72,73,74,75,76,77,78,79,80,81,82,83,84,85,86,87,88,89,90,91,92,106,107,134,136,137,139,140,148,149,178,179,180,181,182,183,184,185,186,187,188,189,190,191,192,193,194,195,196,197,198,199,200,201,202,203,204,
75;1;1537;1548;0;0,1,2,3,4,5,6,7,24,25,26,27,32,33,36,38,39,40,65,66,69,70,71,72,73,74,75,76,77,78,79,80,81,82,83,84,85,86,87,88,89,90,91,92,106,107,134,136,137,139,140,148,149,178,179,180,181,182,183,184,185,186,187,188,189,190,191,192,193,194,195,196,197,198,199,200,201,202,203,204,
21;0;1548;1699;1;0,1,2,3,4,5,6,7,24,25,26,27,32,33,36,38,39,40,65,66,69,70,71,72,73,74,75,76,77,78,79,80,81,82,83,84,85,86,87,88,89,90,91,92,106,107,134,136,137,139,140,148,149,178,179,180,181,182,183,184,185,186,187,188,189,190,191,192,193,194,195,196,197,198,199,200,201,202,203,204,
21;1;1699;1805;1;0,1,2,3,4,5,6,7,24,25,26,27,32,33,36,38,39,40,65,66,69,70,71,72,73,74,75,76,77,78,79,80,81,82,83,84,85,86,87,88,89,90,91,92,106,107,134,136,137,139,140,148,149,178,179,180,181,182,183,184,185,186,187,188,189,190,191,192,193,194,195,196,197,198,199,200,201,202,203,204,
56;0;1805;1939;1;0,1,2,3,4,5,6,7,24,25,26,27,32,33,36,38,39,40,65,66,69,70,71,72,73,74,75,76,77,78,79,80,81,82,83,84,85,86,87,88,89,90,91,92,106,107,134,136,137,139,140,148,149,178,179,180,181,182,183,184,185,186,187,188,189,190,191,192,193,194,195,196,197,198,199,200,201,202,203,204,
0;0;1939;1973;1;0,1,2,3,4,5,6,7,24,25,26,27,32,33,36,38,39,40,65,66,69,70,71,72,73,74,75,76,77,78,79,80,81,82,83,84,85,86,87,88,89,90,91,92,106,107,134,136,137,139,140,148,149,178,179,180,181,182,183,184,185,186,187,188,189,190,191,192,193,194,195,196,197,198,199,200,201,202,203,204,
0;1;1973;2041;1;0,1,2,3,4,5,6,7,24,25,26,27,32,33,36,38,39,40,65,66,69,70,71,72,73,74,75,76,77,78,79,80,81,82,83,84,85,86,87,88,89,90,91,92,106,107,134,136,137,139,140,148,149,178,179,180,181,182,183,184,185,186,187,188,189,190,191,192,193,194,195,196,197,198,199,200,201,202,203,204,
78;0;2041;2142;0;0,1,2,3,4,5,6,7,24,25,26,27,32,33,36,38,39,40,65,66,69,70,71,72,73,74,75,76,77,78,79,80,81,82,83,84,85,86,87,88,89,90,91,92,106,107,134,136,137,139,140,148,149,178,179,180,181,182,183,184,185,186,187,188,189,190,191,192,193,194,195,196,197,198,199,200,201,202,203,204,
84;0;2142;2153;1;0,1,2,3,4,5,6,7,24,25,26,27,32,33,36,38,39,40,65,66,69,70,71,72,73,74,75,76,77,78,79,80,81,82,83,84,85,86,87,88,89,90,91,92,106,107,134,136,137,139,140,148,149,178,179,180,181,182,183,184,185,186,187,188,189,190,191,192,193,194,195,196,197,198,199,200,201,202,203,204,
17;0;2153;2302;1;0,1,2,3,4,5,6,7,24,25,26,27,32,33,36,38,39,40,65,66,69,70,71,72,73,74,75,76,77,78,79,80,81,82,83,84,85,86,87,88,89,90,91,92,106,107,134,136,137,139,140,148,149,178,179,180,181,182,183,184,185,186,187,188,189,190,191,192,193,194,195,196,197,198,199,200,201,202,203,204,
17;1;2302;2326;1;0,1,2,3,4,5,6,7,24,25,26,27,32,33,36,38,39,40,65,66,69,70,71,72,73,74,75,76,77,78,79,80,81,82,83,84,85,86,87,88,89,90,91,92,106,107,134,136,137,139,140,148,149,178,179,180,181,182,183,184,185,186,187,188,189,190,191,192,193,194,195,196,197,198,199,200,201,202,203,204,
2;0;2326;2337;1;0,1,2,3,4,5,6,7,24,25,26,27,32,33,36,38,39,40,65,66,69,70,71,72,73,74,75,76,77,78,79,80,81,82,83,84,85,86,87,88,89,90,91,92,106,107,134,136,137,139,140,148,149,178,179,180,181,182,183,184,185,186,187,188,189,190,191,192,193,194,195,196,197,198,199,200,201,202,203,204,
71;0;2337;2505;0;0,1,2,3,4,5,6,7,24,25,26,27,32,33,36,38,39,40,65,66,69,70,71,72,73,74,75,76,77,78,79,80,81,82,83,84,85,86,87,88,89,90,91,92,106,107,134,136,137,139,140,148,149,178,179,180,181,182,183,184,185,186,187,188,189,190,191,192,193,194,195,196,197,198,199,200,201,202,203,204,
71;1;2505;2516;0;0,1,2,3,4,5,6,7,24,25,26,27,32,33,36,38,39,40,65,66,69,70,71,72,73,74,75,76,77,78,79,80,81,82,83,84,85,86,87,88,89,90,91,92,106,107,134,136,137,139,140,148,149,178,179,180,181,182,183,184,185,186,187,188,189,190,191,192,193,194,195,196,197,198,199,200,201,202,203,204,
12;0;2516;2557;1;0,1,2,3,4,5,6,7,24,25,26,27,32,33,36,38,39,40,65,66,69,70,71,72,73,74,75,76,77,78,79,80,81,82,83,84,85,86,87,88,89,90,91,92,106,107,134,136,137,139,140,148,149,178,179,180,181,182,183,184,185,186,187,188,189,190,191,192,193,194,195,196,197,198,199,200,201,202,203,204,
47;0;2557;2640;0;0,1,2,3,4,5,6,7,24,25,26,27,32,33,36,38,39,40,65,66,69,70,71,72,73,74,75,76,77,78,79,80,81,82,83,84,85,86,87,88,89,90,91,92,106,107,134,136,137,139,140,148,149,178,179,180,181,182,183,184,185,186,187,188,189,190,191,192,193,194,195,196,197,198,199,200,201,202,203,204,
47;1;2640;2746;0;0,1,2,3,4,5,6,7,24,25,26,27,32,33,36,38,39,40,65,66,69,70,71,72,73,74,75,76,77,78,79,80,81,82,83,84,85,86,87,88,89,90,91,92,106,107,134,136,137,139,140,148,149,178,179,180,181,182,183,184,185,186,187,188,189,190,191,192,193,194,195,196,197,198,199,200,201,202,203,204,
19;0;2746;2910;0;0,1,2,3,4,5,6,7,24,25,26,27,32,33,36,38,39,40,65,66,69,70,71,72,73,74,75,76,77,78,79,80,81,82,83,84,85,86,87,88,89,90,91,92,106,107,134,136,137,139,140,148,149,178,179,180,181,182,183,184,185,186,187,188,189,190,191,192,193,194,195,196,197,198,199,200,201,202,203,204,
19;1;2910;2921;0;0,1,2,3,4,5,6,7,24,25,26,27,32,33,36,38,39,40,65,66,69,70,71,72,73,74,75,76,77,78,79,80,81,82,83,84,85,86,87,88,89,90,91,92,106,107,134,136,137,139,140,148,149,178,179,180,181,182,183,184,185,186,187,188,189,190,191,192,193,194,195,196,197,198,199,200,201,202,203,204,
30;0;2921;3035;0;0,1,2,3,4,5,6,7,24,25,26,27,32,33,36,38,39,40,65,66,69,70,71,72,73,74,75,76,77,78,79,80,81,82,83,84,85,86,87,88,89,90,91,92,106,107,134,136,137,139,140,148,149,178,179,180,181,182,183,184,185,186,187,188,189,190,191,192,193,194,195,196,197,198,199,200,201,202,203,204,
74;0;3035;3201;0;0,1,2,3,4,5,6,7,24,25,26,27,32,33,36,38,39,40,65,66,69,70,71,72,73,74,75,76,77,78,79,80,81,82,83,84,85,86,87,88,89,90,91,92,106,107,134,136,137,139,140,148,149,178,179,180,181,182,183,184,185,186,187,188,189,190,191,192,193,194,195,196,197,198,199,200,201,202,203,204,
13;0;3201;3307;1;0,1,2,3,4,5,6,7,24,25,26,27,32,33,36,38,39,40,65,66,69,70,71,72,73,74,75,76,77,78,79,80,81,82,83,84,85,86,87,88,89,90,91,92,106,107,134,136,137,139,140,148,149,178,179,180,181,182,183,184,185,186,187,188,189,190,191,192,193,194,195,196,197,198,199,200,201,202,203,204,
13;1;3307;3413;1;0,1,2,3,4,5,6,7,24,25,26,27,32,33,36,38,39,40,65,66,69,70,71,72,73,74,75,76,77,78,79,80,81,82,83,84,85,86,87,88,89,90,91,92,106,107,134,136,137,139,140,148,149,178,179,180,181,182,183,184,185,186,187,188,189,190,191,192,193,194,195,196,197,198,199,200,201,202,203,204,
62;0;3413;3547;0;0,1,2,3,4,5,6,7,24,25,26,27,32,33,36,38,39,40,65,66,69,70,71,72,73,74,75,76,77,78,79,80,81,82,83,84,85,86,87,88,89,90,91,92,106,107,134,136,137,139,140,148,149,178,179,180,181,182,183,184,185,186,187,188,189,190,191,192,193,194,195,196,197,198,199,200,201,202,203,204,
36;0;3547;3707;1;0,15,26,27,36,37,38,39,40,41,42,43,44,45,46,47,48,49,50,51,52,53,54,55,56,57,58,59,60,61,62,63,64,69,70,72,134,139,140,150,151,152,153,154,155,156,157,158,159,160,161,162,163,164,165,166,167,168,169,170,171,172,173,174,175,176,177,205,206,207,208,209,210,211,212,213,220,221,222,223,
57;0;3707;3782;1;0,15,26,27,36,37,38,39,40,41,42,43,44,45,46,47,48,49,50,51,52,53,54,55,56,57,58,59,60,61,62,63,64,69,70,72,134,139,140,150,151,152,153,154,155,156,157,158,159,160,161,162,163,164,165,166,167,168,169,170,171,172,173,174,175,176,177,205,206,207,208,209,210,211,212,213,220,221,222,223,
57;1;3782;3883;1;0,15,26,27,36,37,38,39,40,41,42,43,44,45,46,47,48,49,50,51,52,53,54,55,56,57,58,59,60,61,62,63,64,69,70,72,134,139,140,150,151,152,153,154,155,156,157,158,159,160,161,162,163,164,165,166,167,168,169,170,171,172,173,174,175,176,177,205,206,207,208,209,210,211,212,213,220,221,222,223,
10;0;3883;3917;0;0,15,26,27,36,37,38,39,40,41,42,43,44,45,46,47,48,49,50,51,52,53,54,55,56,57,58,59,60,61,62,63,64,69,70,72,134,139,140,150,151,152,153,154,155,156,157,158,159,160,161,162,163,164,165,166,167,168,169,170,171,172,173,174,175,176,177,205,206,207,208,209,210,211,212,213,220,221,222,223,
68;0;3917;4077;1;0,15,26,27,36,37,38,39,40,41,42,43,44,45,46,47,48,49,50,51,52,53,54,55,56,57,58,59,60,61,62,63,64,69,70,72,134,139,140,150,151,152,153,154,155,156,157,158,159,160,161,162,163,164,165,166,167,168,169,170,171,172,173,174,175,176,177,205,206,207,208,209,210,211,212,213,220,221,222,223,
85;0;4077;4113;1;0,15,26,27,36,37,38,39,40,41,42,43,44,45,46,47,48,49,50,51,52,53,54,55,56,57,58,59,60,61,62,63,64,69,70,72,134,139,140,150,151,152,153,154,155,156,157,158,159,160,161,162,163,164,165,166,167,168,169,170,171,172,173,174,175,176,177,205,206,207,208,209,210,211,212,213,220,221,222,223,
85;1;4113;4154;1;0,15,26,27,36,37,38,39,40,41,42,43,44,45,46,47,48,49,50,51,52,53,54,55,56,57,58,59,60,61,62,63,64,69,70,72,134,139,140,150,151,152,153,154,155,156,157,158,159,160,161,162,163,164,165,166,167,168,169,170,171,172,173,174,175,176,177,205,206,207,208,209,210,211,212,213,220,221,222,223,
50;0;4154;4213;0;0,15,26,27,36,37,38,39,40,41,42,43,44,45,46,47,48,49,50,51,52,53,54,55,56,57,58,59,60,61,62,63,64,69,70,72,134,139,140,150,151,152,153,154,155,156,157,158,159,160,161,162,163,164,165,166,167,168,169,170,171,172,173,174,175,176,177,205,206,207,208,209,210,211,212,213,220,221,222,223,
77;0;4213;4373;1;0,15,26,27,36,37,38,39,40,41,42,43,44,45,46,47,48,49,50,51,52,53,54,55,56,57,58,59,60,61,62,63,64,69,70,72,134,139,140,150,151,152,153,154,155,156,157,158,159,160,161,162,163,164,165,166,167,168,169,170,171,172,173,174,175,176,177,205,206,207,208,209,210,211,212,213,220,221,222,223,
77;1;4373;4392;1;0,15,26,27,36,37,38,39,40,41,42,43,44,45,46,47,48,49,50,51,52,53,54,55,56,57,58,59,60,61,62,63,64,69,70,72,134,139,140,150,151,152,153,154,155,156,157,158,159,160,161,162,163,164,165,166,167,168,169,170,171,172,173,174,175,176,177,205,206,207,208,209,210,211,212,213,220,221,222,223,
26;0;4392;4552;0;0,15,26,27,36,37,38,39,40,41,42,43,44,45,46,47,48,49,50,51,52,53,54,55,56,57,58,59,60,61,62,63,64,69,70,72,134,139,140,150,151,152,153,154,155,156,157,158,159,160,161,162,163,164,165,166,167,168,169,170,171,172,173,174,175,176,177,205,206,207,208,209,210,211,212,213,220,221,222,223,
46;0;4552;4715;0;0,15,26,27,36,37,38,39,40,41,42,43,44,45,46,47,48,49,50,51,52,53,54,55,56,57,58,59,60,61,62,63,64,69,70,72,134,139,140,150,151,152,153,154,155,156,157,158,159,160,161,162,163,164,165,166,167,168,169,170,171,172,173,174,175,176,177,205,206,207,208,209,210,211,212,213,220,221,222,223,
61;0;4715;4869;1;0,15,26,27,36,37,38,39,40,41,42,43,44,45,46,47,48,49,50,51,52,53,54,55,56,57,58,59,60,61,62,63,64,69,70,72,134,139,140,150,151,152,153,154,155,156,157,158,159,160,161,162,163,164,165,166,167,168,169,170,171,172,173,174,175,176,177,205,206,207,208,209,210,211,212,213,220,221,222,223,
61;1;4869;4910;1;0,15,26,27,36,37,38,39,40,41,42,43,44,45,46,47,48,49,50,51,52,53,54,55,56,57,58,59,60,61,62,63,64,69,70,72,134,139,140,150,151,152,153,154,155,156,157,158,159,160,161,162,163,164,165,166,167,168,169,170,171,172,173,174,175,176,177,205,206,207,208,209,210,211,212,213,220,221,222,223,
83;0;4910;4976;0;0,15,26,27,36,37,38,39,40,41,42,43,44,45,46,47,48,49,50,51,52,53,54,55,56,57,58,59,60,61,62,63,64,69,70,72,134,139,140,150,151,152,153,154,155,156,157,158,159,160,161,162,163,164,165,166,167,168,169,170,171,172,173,174,175,176,177,205,206,207,208,209,210,211,212,213,220,221,222,223,
83;1;4976;5030;0;0,15,26,27,36,37,38,39,40,41,42,43,44,45,46,47,48,49,50,51,52,53,54,55,56,57,58,59,60,61,62,63,64,69,70,72,134,139,140,150,151,152,153,154,155,156,157,158,159,160,161,162,163,164,165,166,167,168,169,170,171,172,173,174,175,176,177,205,206,207,208,209,210,211,212,213,220,221,222,223,
34;0;5030;5193;0;0,15,26,27,36,37,38,39,40,41,42,43,44,45,46,47,48,49,50,51,52,53,54,55,56,57,58,59,60,61,62,63,64,69,70,72,134,139,140,150,151,152,153,154,155,156,157,158,159,160,161,162,163,164,165,166,167,168,169,170,171,172,173,174,175,176,177,205,206,207,208,209,210,211,212,213,220,221,222,223,
42;0;5193;5234;0;0,15,26,27,36,37,38,39,40,41,42,43,44,45,46,47,48,49,50,51,52,53,54,55,56,57,58,59,60,61,62,63,64,69,70,72,134,139,140,150,151,152,153,154,155,156,157,158,159,160,161,162,163,164,165,166,167,168,169,170,171,172,173,174,175,176,177,205,206,207,208,209,210,211,212,213,220,221,222,223,
3;0;5234;5314;0;0,15,26,27,36,37,38,39,40,41,42,43,44,45,46,47,48,49,50,51,52,53,54,55,56,57,58,59,60,61,62,63,64,69,70,72,134,139,140,150,151,152,153,154,155,156,157,158,159,160,161,162,163,164,165,166,167,168,169,170,171,172,173,174,175,176,177,205,206,207,208,209,210,211,212,213,220,221,222,223,
3;1;5314;5342;0;0,15,26,27,36,37,38,39,40,41,42,43,44,45,46,47,48,49,50,51,52,53,54,55,56,57,58,59,60,61,62,63,64,69,70,72,134,139,140,150,151,152,153,154,155,156,157,158,159,160,161,162,163,164,165,166,167,168,169,170,171,172,173,174,175,176,177,205,206,207,208,209,210,211,212,213,220,221,222,223,
28;0;5342;5370;1;0,15,26,27,36,37,38,39,40,41,42,43,44,45,46,47,48,49,50,51,52,53,54,55,56,57,58,59,60,61,62,63,64,69,70,72,134,139,140,150,151,152,153,154,155,156,157,158,159,160,161,162,163,164,165,166,167,168,169,170,171,172,173,174,175,176,177,205,206,207,208,209,210,211,212,213,220,221,222,223,
9;0;5370;5439;1;0,15,26,27,36,37,38,39,40,41,42,43,44,45,46,47,48,49,50,51,52,53,54,55,56,57,58,59,60,61,62,63,64,69,70,72,134,139,140,150,151,152,153,154,155,156,157,158,159,160,161,162,163,164,165,166,167,168,169,170,171,172,173,174,175,176,177,205,206,207,208,209,210,211,212,213,220,221,222,223,
9;1;5439;5513;1;0,15,26,27,36,37,38,39,40,41,42,43,44,45,46,47,48,49,50,51,52,53,54,55,56,57,58,59,60,61,62,63,64,69,70,72,134,139,140,150,151,152,153,154,155,156,157,158,159,160,161,162,163,164,165,166,167,168,169,170,171,172,173,174,175,176,177,205,206,207,208,209,210,211,212,213,220,221,222,223,
23;0;5513;5537;0;0,15,26,27,36,37,38,39,40,41,42,43,44,45,46,47,48,49,50,51,52,53,54,55,56,57,58,59,60,61,62,63,64,69,70,72,134,139,140,150,151,152,153,154,155,156,157,158,159,160,161,162,163,164,165,166,167,168,169,170,171,172,173,174,175,176,177,205,206,207,208,209,210,211,212,213,220,221,222,223,
23;1;5537;5578;0;0,15,26,27,36,37,38,39,40,41,42,43,44,45,46,47,48,49,50,51,52,53,54,55,56,57,58,59,60,61,62,63,64,69,70,72,134,139,140,150,151,152,153,154,155,156,157,158,159,160,161,162,163,164,165,166,167,168,169,170,171,172,173,174,175,176,177,205,206,207,208,209,210,211,212,213,220,221,222,223,
END
fineshedJobsCount: 130
switchs: 67
switchsInstances: 1
unfineshedPriorityCount: 0
totalUnfineshed: 0
criticalMachineSwitchs: 0
criticalMachineTime: 6103
Final Solution: 3823
Time: 113096
PTL: 50
MCMC: 336
Best Initial: 3697
Mean Initial: 3610.27
