./input/BaseInstances/6M1_n=130,r=0.6,t=165,v0.txt;./input/Processed/ToolSetInt.csv
7;720;1440
Machine: 0
44;0;0;163;1;0,1,2,3,4,5,6,7,8,9,10,11,12,13,14,15,16,17,18,19,20,21,22,23,24,25,26,27,28,29,30,31,32,33,34,35,36,37,38,40,53,57,62,63,64,67,69,80,81,98,99,100,103,104,105,106,107,108,115,116,117,118,119,120,121,122,123,124,134,135,137,151,156,158,159,160,161,162,163,164,
44;1;163;202;1;0,1,2,3,4,5,6,7,8,9,10,11,12,13,14,15,16,17,18,19,20,21,22,23,24,25,26,27,28,29,30,31,32,33,34,35,36,37,38,40,53,57,62,63,64,67,69,80,81,98,99,100,103,104,105,106,107,108,115,116,117,118,119,120,121,122,123,124,134,135,137,151,156,158,159,160,161,162,163,164,
78;0;202;263;0;0,1,2,3,4,5,6,7,8,9,10,11,12,13,14,15,16,17,18,19,20,21,22,23,24,25,26,27,28,29,30,31,32,33,34,35,36,37,38,40,53,57,62,63,64,67,69,80,81,98,99,100,103,104,105,106,107,108,115,116,117,118,119,120,121,122,123,124,134,135,137,151,156,158,159,160,161,162,163,164,
78;1;263;424;0;0,1,2,3,4,5,6,7,8,9,10,11,12,13,14,15,16,17,18,19,20,21,22,23,24,25,26,27,28,29,30,31,32,33,34,35,36,37,38,40,53,57,62,63,64,67,69,80,81,98,99,100,103,104,105,106,107,108,115,116,117,118,119,120,121,122,123,124,134,135,137,151,156,158,159,160,161,162,163,164,
26;0;424;490;1;0,1,2,3,4,5,6,7,8,9,10,11,12,13,14,15,16,17,18,19,20,21,22,23,24,25,26,27,28,29,30,31,32,33,34,35,36,37,38,40,53,57,62,63,64,67,69,80,81,98,99,100,103,104,105,106,107,108,115,116,117,118,119,120,121,122,123,124,134,135,137,151,156,158,159,160,161,162,163,164,
26;1;490;531;1;0,1,2,3,4,5,6,7,8,9,10,11,12,13,14,15,16,17,18,19,20,21,22,23,24,25,26,27,28,29,30,31,32,33,34,35,36,37,38,40,53,57,62,63,64,67,69,80,81,98,99,100,103,104,105,106,107,108,115,116,117,118,119,120,121,122,123,124,134,135,137,151,156,158,159,160,161,162,163,164,
21;0;531;572;1;0,1,2,3,4,5,6,7,8,9,10,11,12,13,14,15,16,17,18,19,20,21,22,23,24,25,26,27,28,29,30,31,32,33,34,35,36,37,38,40,53,57,62,63,64,67,69,80,81,98,99,100,103,104,105,106,107,108,115,116,117,118,119,120,121,122,123,124,134,135,137,151,156,158,159,160,161,162,163,164,
21;1;572;681;1;0,1,2,3,4,5,6,7,8,9,10,11,12,13,14,15,16,17,18,19,20,21,22,23,24,25,26,27,28,29,30,31,32,33,34,35,36,37,38,40,53,57,62,63,64,67,69,80,81,98,99,100,103,104,105,106,107,108,115,116,117,118,119,120,121,122,123,124,134,135,137,151,156,158,159,160,161,162,163,164,
41;0;681;699;1;0,1,2,3,4,5,6,7,8,9,10,11,12,13,14,15,16,17,18,19,20,21,22,23,24,25,26,27,28,29,30,31,32,33,34,35,36,37,38,40,53,57,62,63,64,67,69,80,81,98,99,100,103,104,105,106,107,108,115,116,117,118,119,120,121,122,123,124,134,135,137,151,156,158,159,160,161,162,163,164,
41;1;699;733;1;0,1,2,3,4,5,6,7,8,9,10,11,12,13,14,15,16,17,18,19,20,21,22,23,24,25,26,27,28,29,30,31,32,33,34,35,36,37,38,40,53,57,62,63,64,67,69,80,81,98,99,100,103,104,105,106,107,108,115,116,117,118,119,120,121,122,123,124,134,135,137,151,156,158,159,160,161,162,163,164,
54;0;733;836;1;0,1,2,3,4,5,6,7,8,9,10,11,12,13,14,15,16,17,18,19,20,21,22,23,24,25,26,27,28,29,30,31,32,33,34,35,36,37,38,40,53,57,62,63,64,67,69,80,81,98,99,100,103,104,105,106,107,108,115,116,117,118,119,120,121,122,123,124,134,135,137,151,156,158,159,160,161,162,163,164,
54;1;836;927;1;0,1,2,3,4,5,6,7,8,9,10,11,12,13,14,15,16,17,18,19,20,21,22,23,24,25,26,27,28,29,30,31,32,33,34,35,36,37,38,40,53,57,62,63,64,67,69,80,81,98,99,100,103,104,105,106,107,108,115,116,117,118,119,120,121,122,123,124,134,135,137,151,156,158,159,160,161,162,163,164,
14;0;927;1007;1;0,1,2,3,4,5,6,7,8,9,10,11,12,13,14,15,16,17,18,19,20,21,22,23,24,25,26,27,28,29,30,31,32,33,34,35,36,37,38,40,53,57,62,63,64,67,69,80,81,98,99,100,103,104,105,106,107,108,115,116,117,118,119,120,121,122,123,124,134,135,137,151,156,158,159,160,161,162,163,164,
14;1;1007;1158;1;0,1,2,3,4,5,6,7,8,9,10,11,12,13,14,15,16,17,18,19,20,21,22,23,24,25,26,27,28,29,30,31,32,33,34,35,36,37,38,40,53,57,62,63,64,67,69,80,81,98,99,100,103,104,105,106,107,108,115,116,117,118,119,120,121,122,123,124,134,135,137,151,156,158,159,160,161,162,163,164,
36;0;1158;1315;1;0,1,2,3,4,5,6,7,8,9,10,11,12,13,14,15,16,17,18,19,20,21,22,23,24,25,26,27,28,29,30,31,32,33,34,35,36,37,38,40,53,57,62,63,64,67,69,80,81,98,99,100,103,104,105,106,107,108,115,116,117,118,119,120,121,122,123,124,134,135,137,151,156,158,159,160,161,162,163,164,
36;1;1315;1414;1;0,1,2,3,4,5,6,7,8,9,10,11,12,13,14,15,16,17,18,19,20,21,22,23,24,25,26,27,28,29,30,31,32,33,34,35,36,37,38,40,53,57,62,63,64,67,69,80,81,98,99,100,103,104,105,106,107,108,115,116,117,118,119,120,121,122,123,124,134,135,137,151,156,158,159,160,161,162,163,164,
16;0;1414;1419;1;0,1,2,3,4,5,6,7,8,9,10,11,12,13,14,15,16,17,18,19,20,21,22,23,24,25,26,27,28,29,30,31,32,33,34,35,36,37,38,40,53,57,62,63,64,67,69,80,81,98,99,100,103,104,105,106,107,108,115,116,117,118,119,120,121,122,123,124,134,135,137,151,156,158,159,160,161,162,163,164,
16;1;1419;1516;1;0,1,2,3,4,5,6,7,8,9,10,11,12,13,14,15,16,17,18,19,20,21,22,23,24,25,26,27,28,29,30,31,32,33,34,35,36,37,38,40,53,57,62,63,64,67,69,80,81,98,99,100,103,104,105,106,107,108,115,116,117,118,119,120,121,122,123,124,134,135,137,151,156,158,159,160,161,162,163,164,
2;0;1516;1688;1;0,1,2,3,4,5,6,7,8,9,10,11,12,13,14,15,16,17,18,19,20,21,22,23,24,25,26,27,28,29,30,31,32,33,34,35,36,37,38,40,53,57,62,63,64,67,69,80,81,98,99,100,103,104,105,106,107,108,115,116,117,118,119,120,121,122,123,124,134,135,137,151,156,158,159,160,161,162,163,164,
66;0;1688;1702;1;0,1,2,3,4,5,6,7,8,9,10,11,12,13,14,15,16,17,18,19,20,21,22,23,24,25,26,27,28,29,30,31,32,33,34,35,36,37,38,40,53,57,62,63,64,67,69,80,81,98,99,100,103,104,105,106,107,108,115,116,117,118,119,120,121,122,123,124,134,135,137,151,156,158,159,160,161,162,163,164,
66;1;1702;1863;1;0,1,2,3,4,5,6,7,8,9,10,11,12,13,14,15,16,17,18,19,20,21,22,23,24,25,26,27,28,29,30,31,32,33,34,35,36,37,38,40,53,57,62,63,64,67,69,80,81,98,99,100,103,104,105,106,107,108,115,116,117,118,119,120,121,122,123,124,134,135,137,151,156,158,159,160,161,162,163,164,
49;0;1863;2026;1;0,1,2,3,4,5,6,7,8,9,10,11,12,13,14,15,16,17,18,19,20,21,22,23,24,25,26,27,28,29,30,31,32,33,34,35,36,37,38,40,53,57,62,63,64,67,69,80,81,98,99,100,103,104,105,106,107,108,115,116,117,118,119,120,121,122,123,124,134,135,137,151,156,158,159,160,161,162,163,164,
49;1;2026;2099;1;0,1,2,3,4,5,6,7,8,9,10,11,12,13,14,15,16,17,18,19,20,21,22,23,24,25,26,27,28,29,30,31,32,33,34,35,36,37,38,40,53,57,62,63,64,67,69,80,81,98,99,100,103,104,105,106,107,108,115,116,117,118,119,120,121,122,123,124,134,135,137,151,156,158,159,160,161,162,163,164,
46;0;2099;2249;1;0,1,2,3,4,5,6,7,8,9,10,11,12,13,14,15,16,17,18,19,20,21,22,23,24,25,26,27,28,29,30,31,32,33,34,35,36,37,38,40,53,57,62,63,64,67,69,80,81,98,99,100,103,104,105,106,107,108,115,116,117,118,119,120,121,122,123,124,134,135,137,151,156,158,159,160,161,162,163,164,
46;1;2249;2419;1;0,1,2,3,4,5,6,7,8,9,10,11,12,13,14,15,16,17,18,19,20,21,22,23,24,25,26,27,28,29,30,31,32,33,34,35,36,37,38,40,53,57,62,63,64,67,69,80,81,98,99,100,103,104,105,106,107,108,115,116,117,118,119,120,121,122,123,124,134,135,137,151,156,158,159,160,161,162,163,164,
6;0;2419;2516;1;0,1,2,3,4,5,6,7,8,9,10,11,12,13,14,15,16,17,18,19,20,21,22,23,24,25,26,27,28,29,30,31,32,33,34,35,36,37,38,40,53,57,62,63,64,67,69,80,81,98,99,100,103,104,105,106,107,108,115,116,117,118,119,120,121,122,123,124,134,135,137,151,156,158,159,160,161,162,163,164,
6;1;2516;2606;1;0,1,2,3,4,5,6,7,8,9,10,11,12,13,14,15,16,17,18,19,20,21,22,23,24,25,26,27,28,29,30,31,32,33,34,35,36,37,38,40,53,57,62,63,64,67,69,80,81,98,99,100,103,104,105,106,107,108,115,116,117,118,119,120,121,122,123,124,134,135,137,151,156,158,159,160,161,162,163,164,
Machine: 1
59;0;0;83;1;0,1,2,3,4,5,6,7,8,9,10,11,12,13,14,15,16,17,18,19,20,21,22,23,24,25,26,27,28,29,30,31,36,38,44,53,57,63,64,67,69,77,80,81,82,83,84,85,86,87,88,100,103,104,105,106,107,108,115,116,117,118,119,120,121,122,123,124,135,142,143,144,145,146,147,148,149,150,151,155,
59;1;83;207;1;0,1,2,3,4,5,6,7,8,9,10,11,12,13,14,15,16,17,18,19,20,21,22,23,24,25,26,27,28,29,30,31,36,38,44,53,57,63,64,67,69,77,80,81,82,83,84,85,86,87,88,100,103,104,105,106,107,108,115,116,117,118,119,120,121,122,123,124,135,142,143,144,145,146,147,148,149,150,151,155,
29;0;207;273;1;0,1,2,3,4,5,6,7,8,9,10,11,12,13,14,15,16,17,18,19,20,21,22,23,24,25,26,27,28,29,30,31,36,38,44,53,57,63,64,67,69,77,80,81,82,83,84,85,86,87,88,100,103,104,105,106,107,108,115,116,117,118,119,120,121,122,123,124,135,142,143,144,145,146,147,148,149,150,151,155,
29;1;273;317;1;0,1,2,3,4,5,6,7,8,9,10,11,12,13,14,15,16,17,18,19,20,21,22,23,24,25,26,27,28,29,30,31,36,38,44,53,57,63,64,67,69,77,80,81,82,83,84,85,86,87,88,100,103,104,105,106,107,108,115,116,117,118,119,120,121,122,123,124,135,142,143,144,145,146,147,148,149,150,151,155,
77;0;317;362;0;0,1,2,3,4,5,6,7,8,9,10,11,12,13,14,15,16,17,18,19,20,21,22,23,24,25,26,27,28,29,30,31,36,38,44,53,57,63,64,67,69,77,80,81,82,83,84,85,86,87,88,100,103,104,105,106,107,108,115,116,117,118,119,120,121,122,123,124,135,142,143,144,145,146,147,148,149,150,151,155,
79;0;362;456;1;0,1,2,3,4,5,6,7,8,9,10,11,12,13,14,15,16,17,18,19,20,21,22,23,24,25,26,27,28,29,30,31,36,38,44,53,57,63,64,67,69,77,80,81,82,83,84,85,86,87,88,100,103,104,105,106,107,108,115,116,117,118,119,120,121,122,123,124,135,142,143,144,145,146,147,148,149,150,151,155,
79;1;456;477;1;0,1,2,3,4,5,6,7,8,9,10,11,12,13,14,15,16,17,18,19,20,21,22,23,24,25,26,27,28,29,30,31,36,38,44,53,57,63,64,67,69,77,80,81,82,83,84,85,86,87,88,100,103,104,105,106,107,108,115,116,117,118,119,120,121,122,123,124,135,142,143,144,145,146,147,148,149,150,151,155,
40;0;477;641;0;0,1,2,3,4,5,6,7,8,9,10,11,12,13,14,15,16,17,18,19,20,21,22,23,24,25,26,27,28,29,30,31,36,38,44,53,57,63,64,67,69,77,80,81,82,83,84,85,86,87,88,100,103,104,105,106,107,108,115,116,117,118,119,120,121,122,123,124,135,142,143,144,145,146,147,148,149,150,151,155,
43;0;641;819;0;0,1,2,3,4,5,6,7,8,9,10,11,12,13,14,15,16,17,18,19,20,21,22,23,24,25,26,27,28,29,30,31,36,38,44,53,57,63,64,67,69,77,80,81,82,83,84,85,86,87,88,100,103,104,105,106,107,108,115,116,117,118,119,120,121,122,123,124,135,142,143,144,145,146,147,148,149,150,151,155,
43;1;819;983;0;0,1,2,3,4,5,6,7,8,9,10,11,12,13,14,15,16,17,18,19,20,21,22,23,24,25,26,27,28,29,30,31,36,38,44,53,57,63,64,67,69,77,80,81,82,83,84,85,86,87,88,100,103,104,105,106,107,108,115,116,117,118,119,120,121,122,123,124,135,142,143,144,145,146,147,148,149,150,151,155,
61;0;983;1080;1;0,1,2,3,4,5,6,7,8,9,10,11,12,13,14,15,16,17,18,19,20,21,22,23,24,25,26,27,28,29,30,31,36,38,44,53,57,63,64,67,69,77,80,81,82,83,84,85,86,87,88,100,103,104,105,106,107,108,115,116,117,118,119,120,121,122,123,124,135,142,143,144,145,146,147,148,149,150,151,155,
61;1;1080;1170;1;0,1,2,3,4,5,6,7,8,9,10,11,12,13,14,15,16,17,18,19,20,21,22,23,24,25,26,27,28,29,30,31,36,38,44,53,57,63,64,67,69,77,80,81,82,83,84,85,86,87,88,100,103,104,105,106,107,108,115,116,117,118,119,120,121,122,123,124,135,142,143,144,145,146,147,148,149,150,151,155,
19;0;1170;1341;1;0,1,2,3,4,5,6,7,8,9,10,11,12,13,14,15,16,17,18,19,20,21,22,23,24,25,26,27,28,29,30,31,36,38,44,53,57,63,64,67,69,77,80,81,82,83,84,85,86,87,88,100,103,104,105,106,107,108,115,116,117,118,119,120,121,122,123,124,135,142,143,144,145,146,147,148,149,150,151,155,
19;1;1341;1505;1;0,1,2,3,4,5,6,7,8,9,10,11,12,13,14,15,16,17,18,19,20,21,22,23,24,25,26,27,28,29,30,31,36,38,44,53,57,63,64,67,69,77,80,81,82,83,84,85,86,87,88,100,103,104,105,106,107,108,115,116,117,118,119,120,121,122,123,124,135,142,143,144,145,146,147,148,149,150,151,155,
34;0;1505;1663;1;0,1,2,3,4,5,6,7,8,9,10,11,12,13,14,15,16,17,18,19,20,21,22,23,24,25,26,27,28,29,30,31,36,38,44,53,57,63,64,67,69,77,80,81,82,83,84,85,86,87,88,100,103,104,105,106,107,108,115,116,117,118,119,120,121,122,123,124,135,142,143,144,145,146,147,148,149,150,151,155,
34;1;1663;1712;1;0,1,2,3,4,5,6,7,8,9,10,11,12,13,14,15,16,17,18,19,20,21,22,23,24,25,26,27,28,29,30,31,36,38,44,53,57,63,64,67,69,77,80,81,82,83,84,85,86,87,88,100,103,104,105,106,107,108,115,116,117,118,119,120,121,122,123,124,135,142,143,144,145,146,147,148,149,150,151,155,
39;0;1712;1788;1;0,1,2,3,4,5,6,7,8,9,10,11,12,13,14,15,16,17,18,19,20,21,22,23,24,25,26,27,28,29,30,31,36,38,44,53,57,63,64,67,69,77,80,81,82,83,84,85,86,87,88,100,103,104,105,106,107,108,115,116,117,118,119,120,121,122,123,124,135,142,143,144,145,146,147,148,149,150,151,155,
39;1;1788;1939;1;0,1,2,3,4,5,6,7,8,9,10,11,12,13,14,15,16,17,18,19,20,21,22,23,24,25,26,27,28,29,30,31,36,38,44,53,57,63,64,67,69,77,80,81,82,83,84,85,86,87,88,100,103,104,105,106,107,108,115,116,117,118,119,120,121,122,123,124,135,142,143,144,145,146,147,148,149,150,151,155,
51;0;1939;1943;1;0,1,2,3,4,5,6,7,8,9,10,11,12,13,14,15,16,17,18,19,20,21,22,23,24,25,26,27,28,29,30,31,36,38,44,53,57,63,64,67,69,77,80,81,82,83,84,85,86,87,88,100,103,104,105,106,107,108,115,116,117,118,119,120,121,122,123,124,135,142,143,144,145,146,147,148,149,150,151,155,
51;1;1943;2080;1;0,1,2,3,4,5,6,7,8,9,10,11,12,13,14,15,16,17,18,19,20,21,22,23,24,25,26,27,28,29,30,31,36,38,44,53,57,63,64,67,69,77,80,81,82,83,84,85,86,87,88,100,103,104,105,106,107,108,115,116,117,118,119,120,121,122,123,124,135,142,143,144,145,146,147,148,149,150,151,155,
31;0;2080;2119;1;0,1,2,3,4,5,6,7,8,9,10,11,12,13,14,15,16,17,18,19,20,21,22,23,24,25,26,27,28,29,30,31,36,38,44,53,57,63,64,67,69,77,80,81,82,83,84,85,86,87,88,100,103,104,105,106,107,108,115,116,117,118,119,120,121,122,123,124,135,142,143,144,145,146,147,148,149,150,151,155,
31;1;2119;2191;1;0,1,2,3,4,5,6,7,8,9,10,11,12,13,14,15,16,17,18,19,20,21,22,23,24,25,26,27,28,29,30,31,36,38,44,53,57,63,64,67,69,77,80,81,82,83,84,85,86,87,88,100,103,104,105,106,107,108,115,116,117,118,119,120,121,122,123,124,135,142,143,144,145,146,147,148,149,150,151,155,
11;0;2191;2227;1;0,1,2,3,4,5,6,7,8,9,10,11,12,13,14,15,16,17,18,19,20,21,22,23,24,25,26,27,28,29,30,31,36,38,44,53,57,63,64,67,69,77,80,81,82,83,84,85,86,87,88,100,103,104,105,106,107,108,115,116,117,118,119,120,121,122,123,124,135,142,143,144,145,146,147,148,149,150,151,155,
11;1;2227;2241;1;0,1,2,3,4,5,6,7,8,9,10,11,12,13,14,15,16,17,18,19,20,21,22,23,24,25,26,27,28,29,30,31,36,38,44,53,57,63,64,67,69,77,80,81,82,83,84,85,86,87,88,100,103,104,105,106,107,108,115,116,117,118,119,120,121,122,123,124,135,142,143,144,145,146,147,148,149,150,151,155,
0;0;2241;2269;1;0,1,2,3,4,5,6,7,8,9,10,11,12,13,14,15,16,17,18,19,20,21,22,23,24,25,26,27,28,29,30,31,36,38,44,53,57,63,64,67,69,77,80,81,82,83,84,85,86,87,88,100,103,104,105,106,107,108,115,116,117,118,119,120,121,122,123,124,135,142,143,144,145,146,147,148,149,150,151,155,
0;1;2269;2324;1;0,1,2,3,4,5,6,7,8,9,10,11,12,13,14,15,16,17,18,19,20,21,22,23,24,25,26,27,28,29,30,31,36,38,44,53,57,63,64,67,69,77,80,81,82,83,84,85,86,87,88,100,103,104,105,106,107,108,115,116,117,118,119,120,121,122,123,124,135,142,143,144,145,146,147,148,149,150,151,155,
Machine: 2
64;0;0;157;1;0,1,2,3,4,5,6,7,8,9,10,11,12,13,14,15,16,17,18,19,20,21,22,23,24,25,26,30,31,32,33,34,35,36,37,38,39,40,41,42,43,44,45,53,54,55,56,57,58,59,60,61,62,63,64,67,69,70,71,72,73,74,75,76,77,78,79,80,81,82,84,85,98,99,100,101,102,115,127,135,
64;1;157;222;1;0,1,2,3,4,5,6,7,8,9,10,11,12,13,14,15,16,17,18,19,20,21,22,23,24,25,26,30,31,32,33,34,35,36,37,38,39,40,41,42,43,44,45,53,54,55,56,57,58,59,60,61,62,63,64,67,69,70,71,72,73,74,75,76,77,78,79,80,81,82,84,85,98,99,100,101,102,115,127,135,
4;0;222;398;1;0,1,2,3,4,5,6,7,8,9,10,11,12,13,14,15,16,17,18,19,20,21,22,23,24,25,26,30,31,32,33,34,35,36,37,38,39,40,41,42,43,44,45,53,54,55,56,57,58,59,60,61,62,63,64,67,69,70,71,72,73,74,75,76,77,78,79,80,81,82,84,85,98,99,100,101,102,115,127,135,
4;1;398;442;1;0,1,2,3,4,5,6,7,8,9,10,11,12,13,14,15,16,17,18,19,20,21,22,23,24,25,26,30,31,32,33,34,35,36,37,38,39,40,41,42,43,44,45,53,54,55,56,57,58,59,60,61,62,63,64,67,69,70,71,72,73,74,75,76,77,78,79,80,81,82,84,85,98,99,100,101,102,115,127,135,
56;0;442;447;1;0,1,2,3,4,5,6,7,8,9,10,11,12,13,14,15,16,17,18,19,20,21,22,23,24,25,26,30,31,32,33,34,35,36,37,38,39,40,41,42,43,44,45,53,54,55,56,57,58,59,60,61,62,63,64,67,69,70,71,72,73,74,75,76,77,78,79,80,81,82,84,85,98,99,100,101,102,115,127,135,
56;1;447;551;1;0,1,2,3,4,5,6,7,8,9,10,11,12,13,14,15,16,17,18,19,20,21,22,23,24,25,26,30,31,32,33,34,35,36,37,38,39,40,41,42,43,44,45,53,54,55,56,57,58,59,60,61,62,63,64,67,69,70,71,72,73,74,75,76,77,78,79,80,81,82,84,85,98,99,100,101,102,115,127,135,
74;0;551;590;1;0,1,2,3,4,5,6,7,8,9,10,11,12,13,14,15,16,17,18,19,20,21,22,23,24,25,26,30,31,32,33,34,35,36,37,38,39,40,41,42,43,44,45,53,54,55,56,57,58,59,60,61,62,63,64,67,69,70,71,72,73,74,75,76,77,78,79,80,81,82,84,85,98,99,100,101,102,115,127,135,
74;1;590;632;1;0,1,2,3,4,5,6,7,8,9,10,11,12,13,14,15,16,17,18,19,20,21,22,23,24,25,26,30,31,32,33,34,35,36,37,38,39,40,41,42,43,44,45,53,54,55,56,57,58,59,60,61,62,63,64,67,69,70,71,72,73,74,75,76,77,78,79,80,81,82,84,85,98,99,100,101,102,115,127,135,
9;0;632;773;1;0,1,2,3,4,5,6,7,8,9,10,11,12,13,14,15,16,17,18,19,20,21,22,23,24,25,26,30,31,32,33,34,35,36,37,38,39,40,41,42,43,44,45,53,54,55,56,57,58,59,60,61,62,63,64,67,69,70,71,72,73,74,75,76,77,78,79,80,81,82,84,85,98,99,100,101,102,115,127,135,
9;1;773;836;1;0,1,2,3,4,5,6,7,8,9,10,11,12,13,14,15,16,17,18,19,20,21,22,23,24,25,26,30,31,32,33,34,35,36,37,38,39,40,41,42,43,44,45,53,54,55,56,57,58,59,60,61,62,63,64,67,69,70,71,72,73,74,75,76,77,78,79,80,81,82,84,85,98,99,100,101,102,115,127,135,
38;0;836;1005;0;0,1,2,3,4,5,6,7,8,9,10,11,12,13,14,15,16,17,18,19,20,21,22,23,24,25,26,30,31,32,33,34,35,36,37,38,39,40,41,42,43,44,45,53,54,55,56,57,58,59,60,61,62,63,64,67,69,70,71,72,73,74,75,76,77,78,79,80,81,82,84,85,98,99,100,101,102,115,127,135,
38;1;1005;1081;0;0,1,2,3,4,5,6,7,8,9,10,11,12,13,14,15,16,17,18,19,20,21,22,23,24,25,26,30,31,32,33,34,35,36,37,38,39,40,41,42,43,44,45,53,54,55,56,57,58,59,60,61,62,63,64,67,69,70,71,72,73,74,75,76,77,78,79,80,81,82,84,85,98,99,100,101,102,115,127,135,
22;0;1081;1190;0;0,1,2,3,4,5,6,7,8,9,10,11,12,13,14,15,16,17,18,19,20,21,22,23,24,25,26,30,31,32,33,34,35,36,37,38,39,40,41,42,43,44,45,53,54,55,56,57,58,59,60,61,62,63,64,67,69,70,71,72,73,74,75,76,77,78,79,80,81,82,84,85,98,99,100,101,102,115,127,135,
24;0;1190;1250;1;0,1,2,3,4,5,6,7,8,9,10,11,12,13,14,15,16,17,18,19,20,21,22,23,24,25,26,30,31,32,33,34,35,36,37,38,39,40,41,42,43,44,45,53,54,55,56,57,58,59,60,61,62,63,64,67,69,70,71,72,73,74,75,76,77,78,79,80,81,82,84,85,98,99,100,101,102,115,127,135,
24;1;1250;1262;1;0,1,2,3,4,5,6,7,8,9,10,11,12,13,14,15,16,17,18,19,20,21,22,23,24,25,26,30,31,32,33,34,35,36,37,38,39,40,41,42,43,44,45,53,54,55,56,57,58,59,60,61,62,63,64,67,69,70,71,72,73,74,75,76,77,78,79,80,81,82,84,85,98,99,100,101,102,115,127,135,
13;0;1262;1413;0;0,1,2,3,4,5,6,7,8,9,10,11,12,13,14,15,16,17,18,19,20,21,22,23,24,25,26,30,31,32,33,34,35,36,37,38,39,40,41,42,43,44,45,53,54,55,56,57,58,59,60,61,62,63,64,67,69,70,71,72,73,74,75,76,77,78,79,80,81,82,84,85,98,99,100,101,102,115,127,135,
13;1;1413;1593;0;0,1,2,3,4,5,6,7,8,9,10,11,12,13,14,15,16,17,18,19,20,21,22,23,24,25,26,30,31,32,33,34,35,36,37,38,39,40,41,42,43,44,45,53,54,55,56,57,58,59,60,61,62,63,64,67,69,70,71,72,73,74,75,76,77,78,79,80,81,82,84,85,98,99,100,101,102,115,127,135,
73;0;1593;1680;0;0,1,2,3,4,5,6,7,8,9,10,11,12,13,14,15,16,17,18,19,20,21,22,23,24,25,26,30,31,32,33,34,35,36,37,38,39,40,41,42,43,44,45,53,54,55,56,57,58,59,60,61,62,63,64,67,69,70,71,72,73,74,75,76,77,78,79,80,81,82,84,85,98,99,100,101,102,115,127,135,
73;1;1680;1764;0;0,1,2,3,4,5,6,7,8,9,10,11,12,13,14,15,16,17,18,19,20,21,22,23,24,25,26,30,31,32,33,34,35,36,37,38,39,40,41,42,43,44,45,53,54,55,56,57,58,59,60,61,62,63,64,67,69,70,71,72,73,74,75,76,77,78,79,80,81,82,84,85,98,99,100,101,102,115,127,135,
1;0;1764;1903;0;0,1,2,3,4,5,6,7,8,9,10,11,12,13,14,15,16,17,18,19,20,21,22,23,24,25,26,30,31,32,33,34,35,36,37,38,39,40,41,42,43,44,45,53,54,55,56,57,58,59,60,61,62,63,64,67,69,70,71,72,73,74,75,76,77,78,79,80,81,82,84,85,98,99,100,101,102,115,127,135,
1;1;1903;1968;0;0,1,2,3,4,5,6,7,8,9,10,11,12,13,14,15,16,17,18,19,20,21,22,23,24,25,26,30,31,32,33,34,35,36,37,38,39,40,41,42,43,44,45,53,54,55,56,57,58,59,60,61,62,63,64,67,69,70,71,72,73,74,75,76,77,78,79,80,81,82,84,85,98,99,100,101,102,115,127,135,
50;0;1968;2107;0;0,1,2,3,4,5,6,7,8,9,10,11,12,13,14,15,16,17,18,19,20,21,22,23,24,25,26,30,31,32,33,34,35,36,37,38,39,40,41,42,43,44,45,53,54,55,56,57,58,59,60,61,62,63,64,67,69,70,71,72,73,74,75,76,77,78,79,80,81,82,84,85,98,99,100,101,102,115,127,135,
72;0;2107;2251;0;0,1,2,3,4,5,6,7,8,9,10,11,12,13,14,15,16,17,18,19,20,21,22,23,24,25,26,30,31,32,33,34,35,36,37,38,39,40,41,42,43,44,45,53,54,55,56,57,58,59,60,61,62,63,64,67,69,70,71,72,73,74,75,76,77,78,79,80,81,82,84,85,98,99,100,101,102,115,127,135,
60;0;2251;2416;0;0,1,2,3,4,5,6,7,8,9,10,11,12,13,14,15,16,17,18,19,20,21,22,23,24,25,26,30,31,32,33,34,35,36,37,38,39,40,41,42,43,44,45,53,54,55,56,57,58,59,60,61,62,63,64,67,69,70,71,72,73,74,75,76,77,78,79,80,81,82,84,85,98,99,100,101,102,115,127,135,
Machine: 3
7;0;0;31;0;0,1,2,3,4,5,6,7,8,9,10,11,12,13,14,15,16,17,18,19,20,21,22,23,24,25,26,27,30,31,32,33,34,35,36,37,38,48,53,54,55,56,57,58,59,60,61,62,63,64,65,66,67,68,69,81,85,89,90,91,92,93,94,95,96,97,101,102,104,106,109,110,111,112,113,114,135,151,153,157,
37;0;31;81;0;0,1,2,3,4,5,6,7,8,9,10,11,12,13,14,15,16,17,18,19,20,21,22,23,24,25,26,27,30,31,32,33,34,35,36,37,38,48,53,54,55,56,57,58,59,60,61,62,63,64,65,66,67,68,69,81,85,89,90,91,92,93,94,95,96,97,101,102,104,106,109,110,111,112,113,114,135,151,153,157,
68;0;81;165;0;0,1,2,3,4,5,6,7,8,9,10,11,12,13,14,15,16,17,18,19,20,21,22,23,24,25,26,27,30,31,32,33,34,35,36,37,38,48,53,54,55,56,57,58,59,60,61,62,63,64,65,66,67,68,69,81,85,89,90,91,92,93,94,95,96,97,101,102,104,106,109,110,111,112,113,114,135,151,153,157,
68;1;165;327;0;0,1,2,3,4,5,6,7,8,9,10,11,12,13,14,15,16,17,18,19,20,21,22,23,24,25,26,27,30,31,32,33,34,35,36,37,38,48,53,54,55,56,57,58,59,60,61,62,63,64,65,66,67,68,69,81,85,89,90,91,92,93,94,95,96,97,101,102,104,106,109,110,111,112,113,114,135,151,153,157,
25;0;327;411;0;0,1,2,3,4,5,6,7,8,9,10,11,12,13,14,15,16,17,18,19,20,21,22,23,24,25,26,27,30,31,32,33,34,35,36,37,38,48,53,54,55,56,57,58,59,60,61,62,63,64,65,66,67,68,69,81,85,89,90,91,92,93,94,95,96,97,101,102,104,106,109,110,111,112,113,114,135,151,153,157,
8;0;411;579;0;0,1,2,3,4,5,6,7,8,9,10,11,12,13,14,15,16,17,18,19,20,21,22,23,24,25,26,27,30,31,32,33,34,35,36,37,38,48,53,54,55,56,57,58,59,60,61,62,63,64,65,66,67,68,69,81,85,89,90,91,92,93,94,95,96,97,101,102,104,106,109,110,111,112,113,114,135,151,153,157,
8;1;579;715;0;0,1,2,3,4,5,6,7,8,9,10,11,12,13,14,15,16,17,18,19,20,21,22,23,24,25,26,27,30,31,32,33,34,35,36,37,38,48,53,54,55,56,57,58,59,60,61,62,63,64,65,66,67,68,69,81,85,89,90,91,92,93,94,95,96,97,101,102,104,106,109,110,111,112,113,114,135,151,153,157,
75;0;715;830;0;0,1,2,3,4,5,6,7,8,9,10,11,12,13,14,15,16,17,18,19,20,21,22,23,24,25,26,27,30,31,32,33,34,35,36,37,38,48,53,54,55,56,57,58,59,60,61,62,63,64,65,66,67,68,69,81,85,89,90,91,92,93,94,95,96,97,101,102,104,106,109,110,111,112,113,114,135,151,153,157,
3;0;830;961;0;0,1,2,3,4,5,6,7,8,9,10,11,12,13,14,15,16,17,18,19,20,21,22,23,24,25,26,27,30,31,32,33,34,35,36,37,38,48,53,54,55,56,57,58,59,60,61,62,63,64,65,66,67,68,69,81,85,89,90,91,92,93,94,95,96,97,101,102,104,106,109,110,111,112,113,114,135,151,153,157,
3;1;961;1003;0;0,1,2,3,4,5,6,7,8,9,10,11,12,13,14,15,16,17,18,19,20,21,22,23,24,25,26,27,30,31,32,33,34,35,36,37,38,48,53,54,55,56,57,58,59,60,61,62,63,64,65,66,67,68,69,81,85,89,90,91,92,93,94,95,96,97,101,102,104,106,109,110,111,112,113,114,135,151,153,157,
42;0;1003;1074;0;0,1,2,3,4,5,6,7,8,9,10,11,12,13,14,15,16,17,18,19,20,21,22,23,24,25,26,27,30,31,32,33,34,35,36,37,38,48,53,54,55,56,57,58,59,60,61,62,63,64,65,66,67,68,69,81,85,89,90,91,92,93,94,95,96,97,101,102,104,106,109,110,111,112,113,114,135,151,153,157,
48;0;1074;1179;0;0,1,2,3,4,5,6,7,8,9,10,11,12,13,14,15,16,17,18,19,20,21,22,23,24,25,26,27,30,31,32,33,34,35,36,37,38,48,53,54,55,56,57,58,59,60,61,62,63,64,65,66,67,68,69,81,85,89,90,91,92,93,94,95,96,97,101,102,104,106,109,110,111,112,113,114,135,151,153,157,
48;1;1179;1231;0;0,1,2,3,4,5,6,7,8,9,10,11,12,13,14,15,16,17,18,19,20,21,22,23,24,25,26,27,30,31,32,33,34,35,36,37,38,48,53,54,55,56,57,58,59,60,61,62,63,64,65,66,67,68,69,81,85,89,90,91,92,93,94,95,96,97,101,102,104,106,109,110,111,112,113,114,135,151,153,157,
62;0;1231;1378;0;0,1,2,3,4,5,6,7,8,9,10,11,12,13,14,15,16,17,18,19,20,21,22,23,24,25,26,27,30,31,32,33,34,35,36,37,38,48,53,54,55,56,57,58,59,60,61,62,63,64,65,66,67,68,69,81,85,89,90,91,92,93,94,95,96,97,101,102,104,106,109,110,111,112,113,114,135,151,153,157,
30;0;1378;1509;0;0,1,2,3,4,5,6,7,8,9,10,11,12,13,14,15,16,17,18,19,20,21,22,23,24,25,26,27,30,31,32,33,34,35,36,37,38,48,53,54,55,56,57,58,59,60,61,62,63,64,65,66,67,68,69,81,85,89,90,91,92,93,94,95,96,97,101,102,104,106,109,110,111,112,113,114,135,151,153,157,
35;0;1509;1513;0;0,1,2,3,4,5,6,7,8,9,10,11,12,13,14,15,16,17,18,19,20,21,22,23,24,25,26,27,30,31,32,33,34,35,36,37,38,48,53,54,55,56,57,58,59,60,61,62,63,64,65,66,67,68,69,81,85,89,90,91,92,93,94,95,96,97,101,102,104,106,109,110,111,112,113,114,135,151,153,157,
28;0;1513;1661;0;0,1,2,3,4,5,6,7,8,9,10,11,12,13,14,15,16,17,18,19,20,21,22,23,24,25,26,27,30,31,32,33,34,35,36,37,38,48,53,54,55,56,57,58,59,60,61,62,63,64,65,66,67,68,69,81,85,89,90,91,92,93,94,95,96,97,101,102,104,106,109,110,111,112,113,114,135,151,153,157,
28;1;1661;1805;0;0,1,2,3,4,5,6,7,8,9,10,11,12,13,14,15,16,17,18,19,20,21,22,23,24,25,26,27,30,31,32,33,34,35,36,37,38,48,53,54,55,56,57,58,59,60,61,62,63,64,65,66,67,68,69,81,85,89,90,91,92,93,94,95,96,97,101,102,104,106,109,110,111,112,113,114,135,151,153,157,
Machine: 4
23;0;0;150;0;0,1,2,3,4,5,6,7,8,9,10,11,12,13,14,15,16,17,18,19,20,21,22,23,24,25,26,28,36,37,38,45,46,47,48,49,50,51,52,53,54,55,56,57,58,59,60,61,62,63,64,65,66,67,68,69,77,81,82,84,85,88,90,100,102,103,104,105,106,107,108,120,135,151,152,153,154,155,156,157,
23;1;150;307;0;0,1,2,3,4,5,6,7,8,9,10,11,12,13,14,15,16,17,18,19,20,21,22,23,24,25,26,28,36,37,38,45,46,47,48,49,50,51,52,53,54,55,56,57,58,59,60,61,62,63,64,65,66,67,68,69,77,81,82,84,85,88,90,100,102,103,104,105,106,107,108,120,135,151,152,153,154,155,156,157,
76;0;307;379;1;0,1,2,3,4,5,6,7,8,9,10,11,12,13,14,15,16,17,18,19,20,21,22,23,24,25,26,28,36,37,38,45,46,47,48,49,50,51,52,53,54,55,56,57,58,59,60,61,62,63,64,65,66,67,68,69,77,81,82,84,85,88,90,100,102,103,104,105,106,107,108,120,135,151,152,153,154,155,156,157,
76;1;379;515;1;0,1,2,3,4,5,6,7,8,9,10,11,12,13,14,15,16,17,18,19,20,21,22,23,24,25,26,28,36,37,38,45,46,47,48,49,50,51,52,53,54,55,56,57,58,59,60,61,62,63,64,65,66,67,68,69,77,81,82,84,85,88,90,100,102,103,104,105,106,107,108,120,135,151,152,153,154,155,156,157,
20;0;515;588;0;0,1,2,3,4,5,6,7,8,9,10,11,12,13,14,15,16,17,18,19,20,21,22,23,24,25,26,28,36,37,38,45,46,47,48,49,50,51,52,53,54,55,56,57,58,59,60,61,62,63,64,65,66,67,68,69,77,81,82,84,85,88,90,100,102,103,104,105,106,107,108,120,135,151,152,153,154,155,156,157,
63;0;588;730;0;0,1,2,3,4,5,6,7,8,9,10,11,12,13,14,15,16,17,18,19,20,21,22,23,24,25,26,28,36,37,38,45,46,47,48,49,50,51,52,53,54,55,56,57,58,59,60,61,62,63,64,65,66,67,68,69,77,81,82,84,85,88,90,100,102,103,104,105,106,107,108,120,135,151,152,153,154,155,156,157,
63;1;730;761;0;0,1,2,3,4,5,6,7,8,9,10,11,12,13,14,15,16,17,18,19,20,21,22,23,24,25,26,28,36,37,38,45,46,47,48,49,50,51,52,53,54,55,56,57,58,59,60,61,62,63,64,65,66,67,68,69,77,81,82,84,85,88,90,100,102,103,104,105,106,107,108,120,135,151,152,153,154,155,156,157,
52;0;761;795;0;0,1,2,3,4,5,6,7,8,9,10,11,12,13,14,15,16,17,18,19,20,21,22,23,24,25,26,28,36,37,38,45,46,47,48,49,50,51,52,53,54,55,56,57,58,59,60,61,62,63,64,65,66,67,68,69,77,81,82,84,85,88,90,100,102,103,104,105,106,107,108,120,135,151,152,153,154,155,156,157,
5;0;795;861;0;0,1,2,3,4,5,6,7,8,9,10,11,12,13,14,15,16,17,18,19,20,21,22,23,24,25,26,28,36,37,38,45,46,47,48,49,50,51,52,53,54,55,56,57,58,59,60,61,62,63,64,65,66,67,68,69,77,81,82,84,85,88,90,100,102,103,104,105,106,107,108,120,135,151,152,153,154,155,156,157,
80;0;861;938;0;0,1,2,3,4,5,6,7,8,9,10,11,12,13,14,15,16,17,18,19,20,21,22,23,24,25,26,28,36,37,38,45,46,47,48,49,50,51,52,53,54,55,56,57,58,59,60,61,62,63,64,65,66,67,68,69,77,81,82,84,85,88,90,100,102,103,104,105,106,107,108,120,135,151,152,153,154,155,156,157,
47;0;938;1082;0;0,1,2,3,4,5,6,7,8,9,10,11,12,13,14,15,16,17,18,19,20,21,22,23,24,25,26,28,36,37,38,45,46,47,48,49,50,51,52,53,54,55,56,57,58,59,60,61,62,63,64,65,66,67,68,69,77,81,82,84,85,88,90,100,102,103,104,105,106,107,108,120,135,151,152,153,154,155,156,157,
33;0;1082;1146;0;0,1,2,3,4,5,6,7,8,9,10,11,12,13,14,15,16,17,18,19,20,21,22,23,24,25,26,28,36,37,38,45,46,47,48,49,50,51,52,53,54,55,56,57,58,59,60,61,62,63,64,65,66,67,68,69,77,81,82,84,85,88,90,100,102,103,104,105,106,107,108,120,135,151,152,153,154,155,156,157,
33;1;1146;1289;0;0,1,2,3,4,5,6,7,8,9,10,11,12,13,14,15,16,17,18,19,20,21,22,23,24,25,26,28,36,37,38,45,46,47,48,49,50,51,52,53,54,55,56,57,58,59,60,61,62,63,64,65,66,67,68,69,77,81,82,84,85,88,90,100,102,103,104,105,106,107,108,120,135,151,152,153,154,155,156,157,
58;0;1289;1324;0;0,1,2,3,4,5,6,7,8,9,10,11,12,13,14,15,16,17,18,19,20,21,22,23,24,25,26,28,36,37,38,45,46,47,48,49,50,51,52,53,54,55,56,57,58,59,60,61,62,63,64,65,66,67,68,69,77,81,82,84,85,88,90,100,102,103,104,105,106,107,108,120,135,151,152,153,154,155,156,157,
58;1;1324;1401;0;0,1,2,3,4,5,6,7,8,9,10,11,12,13,14,15,16,17,18,19,20,21,22,23,24,25,26,28,36,37,38,45,46,47,48,49,50,51,52,53,54,55,56,57,58,59,60,61,62,63,64,65,66,67,68,69,77,81,82,84,85,88,90,100,102,103,104,105,106,107,108,120,135,151,152,153,154,155,156,157,
71;0;1401;1566;1;0,1,2,3,4,5,6,7,8,9,10,11,12,13,14,15,16,17,18,19,20,21,22,23,24,25,26,28,36,37,38,45,46,47,48,49,50,51,52,53,54,55,56,57,58,59,60,61,62,63,64,65,66,67,68,69,77,81,82,84,85,88,90,100,102,103,104,105,106,107,108,120,135,151,152,153,154,155,156,157,
71;1;1566;1717;1;0,1,2,3,4,5,6,7,8,9,10,11,12,13,14,15,16,17,18,19,20,21,22,23,24,25,26,28,36,37,38,45,46,47,48,49,50,51,52,53,54,55,56,57,58,59,60,61,62,63,64,65,66,67,68,69,77,81,82,84,85,88,90,100,102,103,104,105,106,107,108,120,135,151,152,153,154,155,156,157,
55;0;1717;1789;0;0,1,2,3,4,5,6,7,8,9,10,11,12,13,14,15,16,17,18,19,20,21,22,23,24,25,26,28,36,37,38,45,46,47,48,49,50,51,52,53,54,55,56,57,58,59,60,61,62,63,64,65,66,67,68,69,77,81,82,84,85,88,90,100,102,103,104,105,106,107,108,120,135,151,152,153,154,155,156,157,
70;0;1789;1926;0;0,1,2,3,4,5,6,7,8,9,10,11,12,13,14,15,16,17,18,19,20,21,22,23,24,25,26,28,36,37,38,45,46,47,48,49,50,51,52,53,54,55,56,57,58,59,60,61,62,63,64,65,66,67,68,69,77,81,82,84,85,88,90,100,102,103,104,105,106,107,108,120,135,151,152,153,154,155,156,157,
Machine: 5
67;0;0;55;0;0,1,2,3,4,5,6,7,8,9,20,21,33,36,38,53,54,55,56,57,58,59,60,61,62,63,64,66,67,69,70,77,85,89,90,91,92,93,94,95,96,97,100,102,103,104,106,107,109,110,111,112,113,114,125,126,127,128,129,130,131,132,133,134,135,136,137,138,139,140,141,142,143,144,145,146,147,148,149,150,
12;0;55;202;0;0,1,2,3,4,5,6,7,8,9,20,21,33,36,38,53,54,55,56,57,58,59,60,61,62,63,64,66,67,69,70,77,85,89,90,91,92,93,94,95,96,97,100,102,103,104,106,107,109,110,111,112,113,114,125,126,127,128,129,130,131,132,133,134,135,136,137,138,139,140,141,142,143,144,145,146,147,148,149,150,
15;0;202;333;0;0,1,2,3,4,5,6,7,8,9,20,21,33,36,38,53,54,55,56,57,58,59,60,61,62,63,64,66,67,69,70,77,85,89,90,91,92,93,94,95,96,97,100,102,103,104,106,107,109,110,111,112,113,114,125,126,127,128,129,130,131,132,133,134,135,136,137,138,139,140,141,142,143,144,145,146,147,148,149,150,
57;0;333;431;0;0,1,2,3,4,5,6,7,8,9,20,21,33,36,38,53,54,55,56,57,58,59,60,61,62,63,64,66,67,69,70,77,85,89,90,91,92,93,94,95,96,97,100,102,103,104,106,107,109,110,111,112,113,114,125,126,127,128,129,130,131,132,133,134,135,136,137,138,139,140,141,142,143,144,145,146,147,148,149,150,
10;0;431;527;0;0,1,2,3,4,5,6,7,8,9,20,21,33,36,38,53,54,55,56,57,58,59,60,61,62,63,64,66,67,69,70,77,85,89,90,91,92,93,94,95,96,97,100,102,103,104,106,107,109,110,111,112,113,114,125,126,127,128,129,130,131,132,133,134,135,136,137,138,139,140,141,142,143,144,145,146,147,148,149,150,
69;0;527;607;1;0,1,2,3,4,5,6,7,8,9,20,21,33,36,38,53,54,55,56,57,58,59,60,61,62,63,64,66,67,69,70,77,85,89,90,91,92,93,94,95,96,97,100,102,103,104,106,107,109,110,111,112,113,114,125,126,127,128,129,130,131,132,133,134,135,136,137,138,139,140,141,142,143,144,145,146,147,148,149,150,
69;1;607;640;1;0,1,2,3,4,5,6,7,8,9,20,21,33,36,38,53,54,55,56,57,58,59,60,61,62,63,64,66,67,69,70,77,85,89,90,91,92,93,94,95,96,97,100,102,103,104,106,107,109,110,111,112,113,114,125,126,127,128,129,130,131,132,133,134,135,136,137,138,139,140,141,142,143,144,145,146,147,148,149,150,
17;0;640;723;0;0,1,2,3,4,5,6,7,8,9,20,21,33,36,38,53,54,55,56,57,58,59,60,61,62,63,64,66,67,69,70,77,85,89,90,91,92,93,94,95,96,97,100,102,103,104,106,107,109,110,111,112,113,114,125,126,127,128,129,130,131,132,133,134,135,136,137,138,139,140,141,142,143,144,145,146,147,148,149,150,
18;0;723;892;0;0,1,2,3,4,5,6,7,8,9,20,21,33,36,38,53,54,55,56,57,58,59,60,61,62,63,64,66,67,69,70,77,85,89,90,91,92,93,94,95,96,97,100,102,103,104,106,107,109,110,111,112,113,114,125,126,127,128,129,130,131,132,133,134,135,136,137,138,139,140,141,142,143,144,145,146,147,148,149,150,
18;1;892;1026;0;0,1,2,3,4,5,6,7,8,9,20,21,33,36,38,53,54,55,56,57,58,59,60,61,62,63,64,66,67,69,70,77,85,89,90,91,92,93,94,95,96,97,100,102,103,104,106,107,109,110,111,112,113,114,125,126,127,128,129,130,131,132,133,134,135,136,137,138,139,140,141,142,143,144,145,146,147,148,149,150,
27;0;1026;1131;0;0,1,2,3,4,5,6,7,8,9,20,21,33,36,38,53,54,55,56,57,58,59,60,61,62,63,64,66,67,69,70,77,85,89,90,91,92,93,94,95,96,97,100,102,103,104,106,107,109,110,111,112,113,114,125,126,127,128,129,130,131,132,133,134,135,136,137,138,139,140,141,142,143,144,145,146,147,148,149,150,
45;0;1131;1170;0;0,1,2,3,4,5,6,7,8,9,20,21,33,36,38,53,54,55,56,57,58,59,60,61,62,63,64,66,67,69,70,77,85,89,90,91,92,93,94,95,96,97,100,102,103,104,106,107,109,110,111,112,113,114,125,126,127,128,129,130,131,132,133,134,135,136,137,138,139,140,141,142,143,144,145,146,147,148,149,150,
53;0;1170;1335;0;0,1,2,3,4,5,6,7,8,9,20,21,33,36,38,53,54,55,56,57,58,59,60,61,62,63,64,66,67,69,70,77,85,89,90,91,92,93,94,95,96,97,100,102,103,104,106,107,109,110,111,112,113,114,125,126,127,128,129,130,131,132,133,134,135,136,137,138,139,140,141,142,143,144,145,146,147,148,149,150,
53;1;1335;1395;0;0,1,2,3,4,5,6,7,8,9,20,21,33,36,38,53,54,55,56,57,58,59,60,61,62,63,64,66,67,69,70,77,85,89,90,91,92,93,94,95,96,97,100,102,103,104,106,107,109,110,111,112,113,114,125,126,127,128,129,130,131,132,133,134,135,136,137,138,139,140,141,142,143,144,145,146,147,148,149,150,
65;0;1395;1559;0;0,1,2,3,4,5,6,7,8,9,20,21,33,36,38,53,54,55,56,57,58,59,60,61,62,63,64,66,67,69,70,77,85,89,90,91,92,93,94,95,96,97,100,102,103,104,106,107,109,110,111,112,113,114,125,126,127,128,129,130,131,132,133,134,135,136,137,138,139,140,141,142,143,144,145,146,147,148,149,150,
32;0;1559;1663;0;0,1,2,3,4,5,6,7,8,9,20,21,33,36,38,53,54,55,56,57,58,59,60,61,62,63,64,66,67,69,70,77,85,89,90,91,92,93,94,95,96,97,100,102,103,104,106,107,109,110,111,112,113,114,125,126,127,128,129,130,131,132,133,134,135,136,137,138,139,140,141,142,143,144,145,146,147,148,149,150,
END
fineshedJobsCount: 130
switchs: 0
switchsInstances: 0
unfineshedPriorityCount: 0
totalUnfineshed: 0
criticalMachineSwitchs: 0
criticalMachineTime: 2606
Final Solution: 3900
Time: 155574
PTL: 0
MCMC: 8
Best Initial: 3900
Mean Initial: 3895.27
