./input/BaseInstances/6M2_n=209,r=0.4,t=209,v0.txt;./input/Processed/ToolSetInt.csv
7;720;1440
Machine: 0
90;0;0;41;1;0,1,2,3,4,5,6,7,8,9,10,11,12,13,14,15,16,17,18,19,20,21,22,23,24,25,26,27,28,29,32,33,34,35,36,37,40,41,42,43,44,45,46,47,58,59,60,61,62,64,66,102,117,118,119,120,121,122,123,124,125,126,130,131,132,133,144,167,168,169,170,171,172,174,175,188,205,206,207,208,
15;0;41;65;0;0,1,2,3,4,5,6,7,8,9,10,11,12,13,14,15,16,17,18,19,20,21,22,23,24,25,26,27,28,29,32,33,34,35,36,37,40,41,42,43,44,45,46,47,58,59,60,61,62,64,66,102,117,118,119,120,121,122,123,124,125,126,130,131,132,133,144,167,168,169,170,171,172,174,175,188,205,206,207,208,
101;0;65;168;1;0,1,2,3,4,5,6,7,8,9,10,11,12,13,14,15,16,17,18,19,20,21,22,23,24,25,26,27,28,29,32,33,34,35,36,37,40,41,42,43,44,45,46,47,58,59,60,61,62,64,66,102,117,118,119,120,121,122,123,124,125,126,130,131,132,133,144,167,168,169,170,171,172,174,175,188,205,206,207,208,
49;0;168;229;0;0,1,2,3,4,5,6,7,8,9,10,11,12,13,14,15,16,17,18,19,20,21,22,23,24,25,26,27,28,29,32,33,34,35,36,37,40,41,42,43,44,45,46,47,58,59,60,61,62,64,66,102,117,118,119,120,121,122,123,124,125,126,130,131,132,133,144,167,168,169,170,171,172,174,175,188,205,206,207,208,
49;1;229;254;0;0,1,2,3,4,5,6,7,8,9,10,11,12,13,14,15,16,17,18,19,20,21,22,23,24,25,26,27,28,29,32,33,34,35,36,37,40,41,42,43,44,45,46,47,58,59,60,61,62,64,66,102,117,118,119,120,121,122,123,124,125,126,130,131,132,133,144,167,168,169,170,171,172,174,175,188,205,206,207,208,
85;0;254;385;0;0,1,2,3,4,5,6,7,8,9,10,11,12,13,14,15,16,17,18,19,20,21,22,23,24,25,26,27,28,29,32,33,34,35,36,37,40,41,42,43,44,45,46,47,58,59,60,61,62,64,66,102,117,118,119,120,121,122,123,124,125,126,130,131,132,133,144,167,168,169,170,171,172,174,175,188,205,206,207,208,
143;0;385;399;1;0,1,2,3,4,5,6,7,8,9,10,11,12,13,14,15,16,17,18,19,20,21,22,23,24,25,26,27,28,29,32,33,34,35,36,37,40,41,42,43,44,45,46,47,58,59,60,61,62,64,66,102,117,118,119,120,121,122,123,124,125,126,130,131,132,133,144,167,168,169,170,171,172,174,175,188,205,206,207,208,
19;0;399;556;0;0,1,2,3,4,5,6,7,8,9,10,11,12,13,14,15,16,17,18,19,20,21,22,23,24,25,26,27,28,29,32,33,34,35,36,37,40,41,42,43,44,45,46,47,58,59,60,61,62,64,66,102,117,118,119,120,121,122,123,124,125,126,130,131,132,133,144,167,168,169,170,171,172,174,175,188,205,206,207,208,
19;1;556;630;0;0,1,2,3,4,5,6,7,8,9,10,11,12,13,14,15,16,17,18,19,20,21,22,23,24,25,26,27,28,29,32,33,34,35,36,37,40,41,42,43,44,45,46,47,58,59,60,61,62,64,66,102,117,118,119,120,121,122,123,124,125,126,130,131,132,133,144,167,168,169,170,171,172,174,175,188,205,206,207,208,
123;0;630;678;1;0,1,2,3,4,5,6,7,8,9,10,11,12,13,14,15,16,17,18,19,20,21,22,23,24,25,26,27,28,29,32,33,34,35,36,37,40,41,42,43,44,45,46,47,58,59,60,61,62,64,66,102,117,118,119,120,121,122,123,124,125,126,130,131,132,133,144,167,168,169,170,171,172,174,175,188,205,206,207,208,
63;0;678;758;1;0,1,2,3,4,5,6,7,8,9,10,11,12,13,14,15,16,17,18,19,20,21,22,23,24,25,26,27,28,29,32,33,34,35,36,37,40,41,42,43,44,45,46,47,58,59,60,61,62,64,66,102,117,118,119,120,121,122,123,124,125,126,130,131,132,133,144,167,168,169,170,171,172,174,175,188,205,206,207,208,
32;0;758;807;0;0,1,2,3,4,5,6,7,8,9,10,11,12,13,14,15,16,17,18,19,20,21,22,23,24,25,26,27,28,29,32,33,34,35,36,37,40,41,42,43,44,45,46,47,58,59,60,61,62,64,66,102,117,118,119,120,121,122,123,124,125,126,130,131,132,133,144,167,168,169,170,171,172,174,175,188,205,206,207,208,
32;1;807;875;0;0,1,2,3,4,5,6,7,8,9,10,11,12,13,14,15,16,17,18,19,20,21,22,23,24,25,26,27,28,29,32,33,34,35,36,37,40,41,42,43,44,45,46,47,58,59,60,61,62,64,66,102,117,118,119,120,121,122,123,124,125,126,130,131,132,133,144,167,168,169,170,171,172,174,175,188,205,206,207,208,
134;0;875;937;1;0,1,2,3,4,5,6,7,8,9,10,11,12,13,14,15,16,17,18,19,20,21,22,23,24,25,26,27,28,29,32,33,34,35,36,37,40,41,42,43,44,45,46,47,58,59,60,61,62,64,66,102,117,118,119,120,121,122,123,124,125,126,130,131,132,133,144,167,168,169,170,171,172,174,175,188,205,206,207,208,
134;1;937;1048;1;0,1,2,3,4,5,6,7,8,9,10,11,12,13,14,15,16,17,18,19,20,21,22,23,24,25,26,27,28,29,32,33,34,35,36,37,40,41,42,43,44,45,46,47,58,59,60,61,62,64,66,102,117,118,119,120,121,122,123,124,125,126,130,131,132,133,144,167,168,169,170,171,172,174,175,188,205,206,207,208,
74;0;1048;1163;1;0,1,2,3,4,5,6,7,8,9,10,11,12,13,14,15,16,17,18,19,20,21,22,23,24,25,26,27,28,29,32,33,34,35,36,37,40,41,42,43,44,45,46,47,58,59,60,61,62,64,66,102,117,118,119,120,121,122,123,124,125,126,130,131,132,133,144,167,168,169,170,171,172,174,175,188,205,206,207,208,
74;1;1163;1341;1;0,1,2,3,4,5,6,7,8,9,10,11,12,13,14,15,16,17,18,19,20,21,22,23,24,25,26,27,28,29,32,33,34,35,36,37,40,41,42,43,44,45,46,47,58,59,60,61,62,64,66,102,117,118,119,120,121,122,123,124,125,126,130,131,132,133,144,167,168,169,170,171,172,174,175,188,205,206,207,208,
135;0;1341;1466;0;0,1,2,3,4,5,6,7,8,9,10,11,12,13,14,15,16,17,18,19,20,21,22,23,24,25,26,27,28,29,32,33,34,35,36,37,40,41,42,43,44,45,46,47,58,59,60,61,62,64,66,102,117,118,119,120,121,122,123,124,125,126,130,131,132,133,144,167,168,169,170,171,172,174,175,188,205,206,207,208,
11;0;1466;1532;1;0,1,2,3,4,5,6,7,8,9,10,11,12,13,14,15,16,17,18,19,20,21,22,23,24,25,26,27,28,29,32,33,34,35,36,37,40,41,42,43,44,45,46,47,58,59,60,61,62,64,66,102,117,118,119,120,121,122,123,124,125,126,130,131,132,133,144,167,168,169,170,171,172,174,175,188,205,206,207,208,
38;0;1532;1610;0;0,1,2,3,4,5,6,7,8,9,10,11,12,13,14,15,16,17,18,19,20,21,22,23,24,25,26,27,28,29,32,33,34,35,36,37,40,41,42,43,44,45,46,47,58,59,60,61,62,64,66,102,117,118,119,120,121,122,123,124,125,126,130,131,132,133,144,167,168,169,170,171,172,174,175,188,205,206,207,208,
84;0;1610;1621;1;0,1,2,3,4,5,6,7,8,9,10,11,12,13,14,15,16,17,18,19,20,21,22,23,24,25,26,27,28,29,32,33,34,35,36,37,40,41,42,43,44,45,46,47,58,59,60,61,62,64,66,102,117,118,119,120,121,122,123,124,125,126,130,131,132,133,144,167,168,169,170,171,172,174,175,188,205,206,207,208,
84;1;1621;1697;1;0,1,2,3,4,5,6,7,8,9,10,11,12,13,14,15,16,17,18,19,20,21,22,23,24,25,26,27,28,29,32,33,34,35,36,37,40,41,42,43,44,45,46,47,58,59,60,61,62,64,66,102,117,118,119,120,121,122,123,124,125,126,130,131,132,133,144,167,168,169,170,171,172,174,175,188,205,206,207,208,
141;0;1697;1778;1;0,1,2,3,4,5,6,7,8,9,10,11,12,13,14,15,16,17,18,19,20,21,22,23,24,25,26,27,28,29,32,33,34,35,36,37,40,41,42,43,44,45,46,47,58,59,60,61,62,64,66,102,117,118,119,120,121,122,123,124,125,126,130,131,132,133,144,167,168,169,170,171,172,174,175,188,205,206,207,208,
86;0;1778;1815;0;0,1,2,3,4,5,6,7,8,9,10,11,12,13,14,15,16,17,18,19,20,21,22,23,24,25,26,27,28,29,32,33,34,35,36,37,40,41,42,43,44,45,46,47,58,59,60,61,62,64,66,102,117,118,119,120,121,122,123,124,125,126,130,131,132,133,144,167,168,169,170,171,172,174,175,188,205,206,207,208,
100;0;1815;1934;1;0,1,2,3,4,5,6,7,8,9,10,11,12,13,14,15,16,17,18,19,20,21,22,23,24,25,26,27,28,29,32,33,34,35,36,37,40,41,42,43,44,45,46,47,58,59,60,61,62,64,66,102,117,118,119,120,121,122,123,124,125,126,130,131,132,133,144,167,168,169,170,171,172,174,175,188,205,206,207,208,
119;0;1934;2105;0;0,1,2,3,4,5,6,7,8,9,10,11,12,13,14,15,16,17,18,19,20,21,22,23,24,25,26,27,28,29,32,33,34,35,36,37,40,41,42,43,44,45,46,47,58,59,60,61,62,64,66,102,117,118,119,120,121,122,123,124,125,126,130,131,132,133,144,167,168,169,170,171,172,174,175,188,205,206,207,208,
119;1;2105;2250;0;0,1,2,3,4,5,6,7,8,9,10,11,12,13,14,15,16,17,18,19,20,21,22,23,24,25,26,27,28,29,32,33,34,35,36,37,40,41,42,43,44,45,46,47,58,59,60,61,62,64,66,102,117,118,119,120,121,122,123,124,125,126,130,131,132,133,144,167,168,169,170,171,172,174,175,188,205,206,207,208,
148;0;2250;2351;0;0,1,2,3,4,5,6,7,8,9,10,11,12,13,14,15,16,17,18,19,20,21,22,23,24,25,26,27,28,29,32,33,34,35,36,37,40,41,42,43,44,45,46,47,58,59,60,61,62,64,66,102,117,118,119,120,121,122,123,124,125,126,130,131,132,133,144,167,168,169,170,171,172,174,175,188,205,206,207,208,
39;0;2351;2398;0;0,1,2,3,4,5,6,7,8,9,10,11,12,13,14,15,16,17,18,19,20,21,22,23,24,25,26,27,28,29,32,33,34,35,36,37,40,41,42,43,44,45,46,47,58,59,60,61,62,64,66,102,117,118,119,120,121,122,123,124,125,126,130,131,132,133,144,167,168,169,170,171,172,174,175,188,205,206,207,208,
39;1;2398;2518;0;0,1,2,3,4,5,6,7,8,9,10,11,12,13,14,15,16,17,18,19,20,21,22,23,24,25,26,27,28,29,32,33,34,35,36,37,40,41,42,43,44,45,46,47,58,59,60,61,62,64,66,102,117,118,119,120,121,122,123,124,125,126,130,131,132,133,144,167,168,169,170,171,172,174,175,188,205,206,207,208,
75;0;2518;2578;0;0,1,2,3,4,5,6,7,8,9,10,11,12,13,14,15,16,17,18,19,20,21,22,23,24,25,26,27,28,29,32,33,34,35,36,37,40,41,42,43,44,45,46,47,58,59,60,61,62,64,66,102,117,118,119,120,121,122,123,124,125,126,130,131,132,133,144,167,168,169,170,171,172,174,175,188,205,206,207,208,
65;0;2578;2752;0;0,1,2,3,4,5,6,7,8,9,10,11,12,13,14,15,16,17,18,19,20,21,22,23,24,25,26,27,28,29,32,33,34,35,36,37,40,41,42,43,44,45,46,47,58,59,60,61,62,64,66,102,117,118,119,120,121,122,123,124,125,126,130,131,132,133,144,167,168,169,170,171,172,174,175,188,205,206,207,208,
46;0;2752;2903;0;0,1,2,3,4,5,6,7,8,9,10,11,12,13,14,15,16,17,18,19,20,21,22,23,24,25,26,27,28,29,32,33,34,35,36,37,40,41,42,43,44,45,46,47,58,59,60,61,62,64,66,102,117,118,119,120,121,122,123,124,125,126,130,131,132,133,144,167,168,169,170,171,172,174,175,188,205,206,207,208,
Machine: 1
138;0;0;157;0;0,1,2,3,4,5,6,7,8,9,10,11,12,13,14,15,16,17,18,19,20,21,22,23,24,25,26,27,28,29,30,31,32,33,34,35,36,37,38,39,40,41,42,43,44,47,49,64,65,102,103,104,105,106,129,134,135,136,137,147,148,149,150,151,162,163,164,165,166,181,194,195,196,197,198,204,205,206,207,208,
4;0;157;332;1;0,1,2,3,4,5,6,7,8,9,10,11,12,13,14,15,16,17,18,19,20,21,22,23,24,25,26,27,28,29,30,31,32,33,34,35,36,37,38,39,40,41,42,43,44,47,49,64,65,102,103,104,105,106,129,134,135,136,137,147,148,149,150,151,162,163,164,165,166,181,194,195,196,197,198,204,205,206,207,208,
4;1;332;429;1;0,1,2,3,4,5,6,7,8,9,10,11,12,13,14,15,16,17,18,19,20,21,22,23,24,25,26,27,28,29,30,31,32,33,34,35,36,37,38,39,40,41,42,43,44,47,49,64,65,102,103,104,105,106,129,134,135,136,137,147,148,149,150,151,162,163,164,165,166,181,194,195,196,197,198,204,205,206,207,208,
29;0;429;450;0;0,1,2,3,4,5,6,7,8,9,10,11,12,13,14,15,16,17,18,19,20,21,22,23,24,25,26,27,28,29,30,31,32,33,34,35,36,37,38,39,40,41,42,43,44,47,49,64,65,102,103,104,105,106,129,134,135,136,137,147,148,149,150,151,162,163,164,165,166,181,194,195,196,197,198,204,205,206,207,208,
29;1;450;610;0;0,1,2,3,4,5,6,7,8,9,10,11,12,13,14,15,16,17,18,19,20,21,22,23,24,25,26,27,28,29,30,31,32,33,34,35,36,37,38,39,40,41,42,43,44,47,49,64,65,102,103,104,105,106,129,134,135,136,137,147,148,149,150,151,162,163,164,165,166,181,194,195,196,197,198,204,205,206,207,208,
121;0;610;775;1;0,1,2,3,4,5,6,7,8,9,10,11,12,13,14,15,16,17,18,19,20,21,22,23,24,25,26,27,28,29,30,31,32,33,34,35,36,37,38,39,40,41,42,43,44,47,49,64,65,102,103,104,105,106,129,134,135,136,137,147,148,149,150,151,162,163,164,165,166,181,194,195,196,197,198,204,205,206,207,208,
7;0;775;814;1;0,1,2,3,4,5,6,7,8,9,10,11,12,13,14,15,16,17,18,19,20,21,22,23,24,25,26,27,28,29,30,31,32,33,34,35,36,37,38,39,40,41,42,43,44,47,49,64,65,102,103,104,105,106,129,134,135,136,137,147,148,149,150,151,162,163,164,165,166,181,194,195,196,197,198,204,205,206,207,208,
7;1;814;988;1;0,1,2,3,4,5,6,7,8,9,10,11,12,13,14,15,16,17,18,19,20,21,22,23,24,25,26,27,28,29,30,31,32,33,34,35,36,37,38,39,40,41,42,43,44,47,49,64,65,102,103,104,105,106,129,134,135,136,137,147,148,149,150,151,162,163,164,165,166,181,194,195,196,197,198,204,205,206,207,208,
77;0;988;1013;1;0,1,2,3,4,5,6,7,8,9,10,11,12,13,14,15,16,17,18,19,20,21,22,23,24,25,26,27,28,29,30,31,32,33,34,35,36,37,38,39,40,41,42,43,44,47,49,64,65,102,103,104,105,106,129,134,135,136,137,147,148,149,150,151,162,163,164,165,166,181,194,195,196,197,198,204,205,206,207,208,
77;1;1013;1100;1;0,1,2,3,4,5,6,7,8,9,10,11,12,13,14,15,16,17,18,19,20,21,22,23,24,25,26,27,28,29,30,31,32,33,34,35,36,37,38,39,40,41,42,43,44,47,49,64,65,102,103,104,105,106,129,134,135,136,137,147,148,149,150,151,162,163,164,165,166,181,194,195,196,197,198,204,205,206,207,208,
57;0;1100;1120;1;0,1,2,3,4,5,6,7,8,9,10,11,12,13,14,15,16,17,18,19,20,21,22,23,24,25,26,27,28,29,30,31,32,33,34,35,36,37,38,39,40,41,42,43,44,47,49,64,65,102,103,104,105,106,129,134,135,136,137,147,148,149,150,151,162,163,164,165,166,181,194,195,196,197,198,204,205,206,207,208,
57;1;1120;1168;1;0,1,2,3,4,5,6,7,8,9,10,11,12,13,14,15,16,17,18,19,20,21,22,23,24,25,26,27,28,29,30,31,32,33,34,35,36,37,38,39,40,41,42,43,44,47,49,64,65,102,103,104,105,106,129,134,135,136,137,147,148,149,150,151,162,163,164,165,166,181,194,195,196,197,198,204,205,206,207,208,
109;0;1168;1180;0;0,1,2,3,4,5,6,7,8,9,10,11,12,13,14,15,16,17,18,19,20,21,22,23,24,25,26,27,28,29,30,31,32,33,34,35,36,37,38,39,40,41,42,43,44,47,49,64,65,102,103,104,105,106,129,134,135,136,137,147,148,149,150,151,162,163,164,165,166,181,194,195,196,197,198,204,205,206,207,208,
109;1;1180;1345;0;0,1,2,3,4,5,6,7,8,9,10,11,12,13,14,15,16,17,18,19,20,21,22,23,24,25,26,27,28,29,30,31,32,33,34,35,36,37,38,39,40,41,42,43,44,47,49,64,65,102,103,104,105,106,129,134,135,136,137,147,148,149,150,151,162,163,164,165,166,181,194,195,196,197,198,204,205,206,207,208,
131;0;1345;1353;1;0,1,2,3,4,5,6,7,8,9,10,11,12,13,14,15,16,17,18,19,20,21,22,23,24,25,26,27,28,29,30,31,32,33,34,35,36,37,38,39,40,41,42,43,44,47,49,64,65,102,103,104,105,106,129,134,135,136,137,147,148,149,150,151,162,163,164,165,166,181,194,195,196,197,198,204,205,206,207,208,
25;0;1353;1379;0;0,1,2,3,4,5,6,7,8,9,10,11,12,13,14,15,16,17,18,19,20,21,22,23,24,25,26,27,28,29,30,31,32,33,34,35,36,37,38,39,40,41,42,43,44,47,49,64,65,102,103,104,105,106,129,134,135,136,137,147,148,149,150,151,162,163,164,165,166,181,194,195,196,197,198,204,205,206,207,208,
47;0;1379;1520;1;0,1,2,3,4,5,6,7,8,9,10,11,12,13,14,15,16,17,18,19,20,21,22,23,24,25,26,27,28,29,30,31,32,33,34,35,36,37,38,39,40,41,42,43,44,47,49,64,65,102,103,104,105,106,129,134,135,136,137,147,148,149,150,151,162,163,164,165,166,181,194,195,196,197,198,204,205,206,207,208,
47;1;1520;1616;1;0,1,2,3,4,5,6,7,8,9,10,11,12,13,14,15,16,17,18,19,20,21,22,23,24,25,26,27,28,29,30,31,32,33,34,35,36,37,38,39,40,41,42,43,44,47,49,64,65,102,103,104,105,106,129,134,135,136,137,147,148,149,150,151,162,163,164,165,166,181,194,195,196,197,198,204,205,206,207,208,
117;0;1616;1671;1;0,1,2,3,4,5,6,7,8,9,10,11,12,13,14,15,16,17,18,19,20,21,22,23,24,25,26,27,28,29,30,31,32,33,34,35,36,37,38,39,40,41,42,43,44,47,49,64,65,102,103,104,105,106,129,134,135,136,137,147,148,149,150,151,162,163,164,165,166,181,194,195,196,197,198,204,205,206,207,208,
117;1;1671;1806;1;0,1,2,3,4,5,6,7,8,9,10,11,12,13,14,15,16,17,18,19,20,21,22,23,24,25,26,27,28,29,30,31,32,33,34,35,36,37,38,39,40,41,42,43,44,47,49,64,65,102,103,104,105,106,129,134,135,136,137,147,148,149,150,151,162,163,164,165,166,181,194,195,196,197,198,204,205,206,207,208,
127;0;1806;1894;1;0,1,2,3,4,5,6,7,8,9,10,11,12,13,14,15,16,17,18,19,20,21,22,23,24,25,26,27,28,29,30,31,32,33,34,35,36,37,38,39,40,41,42,43,44,47,49,64,65,102,103,104,105,106,129,134,135,136,137,147,148,149,150,151,162,163,164,165,166,181,194,195,196,197,198,204,205,206,207,208,
127;1;1894;1974;1;0,1,2,3,4,5,6,7,8,9,10,11,12,13,14,15,16,17,18,19,20,21,22,23,24,25,26,27,28,29,30,31,32,33,34,35,36,37,38,39,40,41,42,43,44,47,49,64,65,102,103,104,105,106,129,134,135,136,137,147,148,149,150,151,162,163,164,165,166,181,194,195,196,197,198,204,205,206,207,208,
112;0;1974;2070;0;0,1,2,3,4,5,6,7,8,9,10,11,12,13,14,15,16,17,18,19,20,21,22,23,24,25,26,27,28,29,30,31,32,33,34,35,36,37,38,39,40,41,42,43,44,47,49,64,65,102,103,104,105,106,129,134,135,136,137,147,148,149,150,151,162,163,164,165,166,181,194,195,196,197,198,204,205,206,207,208,
112;1;2070;2226;0;0,1,2,3,4,5,6,7,8,9,10,11,12,13,14,15,16,17,18,19,20,21,22,23,24,25,26,27,28,29,30,31,32,33,34,35,36,37,38,39,40,41,42,43,44,47,49,64,65,102,103,104,105,106,129,134,135,136,137,147,148,149,150,151,162,163,164,165,166,181,194,195,196,197,198,204,205,206,207,208,
13;0;2226;2277;1;0,1,2,3,4,5,6,7,8,9,10,11,12,13,14,15,16,17,18,19,20,21,22,23,24,25,26,27,28,29,30,31,32,33,34,35,36,37,38,39,40,41,42,43,44,47,49,64,65,102,103,104,105,106,129,134,135,136,137,147,148,149,150,151,162,163,164,165,166,181,194,195,196,197,198,204,205,206,207,208,
5;0;2277;2306;0;0,1,2,3,4,5,6,7,8,9,10,11,12,13,14,15,16,17,18,19,20,21,22,23,24,25,26,27,28,29,30,31,32,33,34,35,36,37,38,39,40,41,42,43,44,47,49,64,65,102,103,104,105,106,129,134,135,136,137,147,148,149,150,151,162,163,164,165,166,181,194,195,196,197,198,204,205,206,207,208,
128;0;2306;2392;0;0,1,2,3,4,5,6,7,8,9,10,11,12,13,14,15,16,17,18,19,20,21,22,23,24,25,26,27,28,29,30,31,32,33,34,35,36,37,38,39,40,41,42,43,44,47,49,64,65,102,103,104,105,106,129,134,135,136,137,147,148,149,150,151,162,163,164,165,166,181,194,195,196,197,198,204,205,206,207,208,
96;0;2392;2468;0;0,1,2,3,4,5,6,7,8,9,10,11,12,13,14,15,16,17,18,19,20,21,22,23,24,25,26,27,28,29,30,31,32,33,34,35,36,37,38,39,40,41,42,43,44,47,49,64,65,102,103,104,105,106,129,134,135,136,137,147,148,149,150,151,162,163,164,165,166,181,194,195,196,197,198,204,205,206,207,208,
144;0;2468;2500;1;0,1,2,3,4,5,6,7,8,9,10,11,12,13,14,15,16,17,18,19,20,21,22,23,24,25,26,27,28,29,30,31,32,33,34,35,36,37,38,39,40,41,42,43,44,47,49,64,65,102,103,104,105,106,129,134,135,136,137,147,148,149,150,151,162,163,164,165,166,181,194,195,196,197,198,204,205,206,207,208,
144;1;2500;2609;1;0,1,2,3,4,5,6,7,8,9,10,11,12,13,14,15,16,17,18,19,20,21,22,23,24,25,26,27,28,29,30,31,32,33,34,35,36,37,38,39,40,41,42,43,44,47,49,64,65,102,103,104,105,106,129,134,135,136,137,147,148,149,150,151,162,163,164,165,166,181,194,195,196,197,198,204,205,206,207,208,
24;0;2609;2753;1;0,1,2,3,4,5,6,7,8,9,10,11,12,13,14,15,16,17,18,19,20,21,22,23,24,25,26,27,28,29,30,31,32,33,34,35,36,37,38,39,40,41,42,43,44,47,49,64,65,102,103,104,105,106,129,134,135,136,137,147,148,149,150,151,162,163,164,165,166,181,194,195,196,197,198,204,205,206,207,208,
24;1;2753;2821;1;0,1,2,3,4,5,6,7,8,9,10,11,12,13,14,15,16,17,18,19,20,21,22,23,24,25,26,27,28,29,30,31,32,33,34,35,36,37,38,39,40,41,42,43,44,47,49,64,65,102,103,104,105,106,129,134,135,136,137,147,148,149,150,151,162,163,164,165,166,181,194,195,196,197,198,204,205,206,207,208,
133;0;2821;2907;1;0,1,2,3,4,5,6,7,8,9,10,11,12,13,14,15,16,17,18,19,20,21,22,23,24,25,26,27,28,29,30,31,32,33,34,35,36,37,38,39,40,41,42,43,44,47,49,64,65,102,103,104,105,106,129,134,135,136,137,147,148,149,150,151,162,163,164,165,166,181,194,195,196,197,198,204,205,206,207,208,
9;0;2907;3044;0;0,1,2,3,4,5,6,7,8,9,10,11,12,13,14,15,16,17,18,19,20,21,22,23,24,25,26,27,28,29,30,31,32,33,34,35,36,37,38,39,40,41,42,43,44,47,49,64,65,102,103,104,105,106,129,134,135,136,137,147,148,149,150,151,162,163,164,165,166,181,194,195,196,197,198,204,205,206,207,208,
9;1;3044;3104;0;0,1,2,3,4,5,6,7,8,9,10,11,12,13,14,15,16,17,18,19,20,21,22,23,24,25,26,27,28,29,30,31,32,33,34,35,36,37,38,39,40,41,42,43,44,47,49,64,65,102,103,104,105,106,129,134,135,136,137,147,148,149,150,151,162,163,164,165,166,181,194,195,196,197,198,204,205,206,207,208,
31;0;3104;3260;1;0,1,2,3,4,5,6,7,8,9,10,11,12,13,14,15,16,17,18,19,20,21,22,23,24,25,26,27,28,29,30,31,32,33,34,35,36,37,38,39,40,41,42,43,44,47,49,64,65,102,103,104,105,106,129,134,135,136,137,147,148,149,150,151,162,163,164,165,166,181,194,195,196,197,198,204,205,206,207,208,
147;0;3260;3337;1;0,1,2,3,4,5,6,7,8,9,10,11,12,13,14,15,16,17,18,19,20,21,22,23,24,25,26,27,28,29,30,31,32,33,34,35,36,37,38,39,40,41,42,43,44,47,49,64,65,102,103,104,105,106,129,134,135,136,137,147,148,149,150,151,162,163,164,165,166,181,194,195,196,197,198,204,205,206,207,208,
147;1;3337;3362;1;0,1,2,3,4,5,6,7,8,9,10,11,12,13,14,15,16,17,18,19,20,21,22,23,24,25,26,27,28,29,30,31,32,33,34,35,36,37,38,39,40,41,42,43,44,47,49,64,65,102,103,104,105,106,129,134,135,136,137,147,148,149,150,151,162,163,164,165,166,181,194,195,196,197,198,204,205,206,207,208,
83;0;3362;3437;1;0,1,2,3,4,5,6,7,8,9,10,11,12,13,14,15,16,17,18,19,20,21,22,23,24,25,26,27,28,29,30,31,32,33,34,35,36,37,38,39,40,41,42,43,44,47,49,64,65,102,103,104,105,106,129,134,135,136,137,147,148,149,150,151,162,163,164,165,166,181,194,195,196,197,198,204,205,206,207,208,
Machine: 2
73;0;0;69;1;0,1,2,3,4,5,6,7,8,9,10,11,12,13,14,15,20,21,22,23,25,26,33,34,35,36,37,41,49,63,64,65,66,67,68,69,70,71,72,73,74,75,76,77,78,79,80,81,82,83,84,85,86,87,88,89,90,91,92,93,94,95,96,97,98,99,100,101,102,119,123,127,128,129,130,131,132,133,180,188,
27;0;69;208;1;0,1,2,3,4,5,6,7,8,9,10,11,12,13,14,15,20,21,22,23,25,26,33,34,35,36,37,41,49,63,64,65,66,67,68,69,70,71,72,73,74,75,76,77,78,79,80,81,82,83,84,85,86,87,88,89,90,91,92,93,94,95,96,97,98,99,100,101,102,119,123,127,128,129,130,131,132,133,180,188,
27;1;208;238;1;0,1,2,3,4,5,6,7,8,9,10,11,12,13,14,15,20,21,22,23,25,26,33,34,35,36,37,41,49,63,64,65,66,67,68,69,70,71,72,73,74,75,76,77,78,79,80,81,82,83,84,85,86,87,88,89,90,91,92,93,94,95,96,97,98,99,100,101,102,119,123,127,128,129,130,131,132,133,180,188,
14;0;238;388;1;0,1,2,3,4,5,6,7,8,9,10,11,12,13,14,15,20,21,22,23,25,26,33,34,35,36,37,41,49,63,64,65,66,67,68,69,70,71,72,73,74,75,76,77,78,79,80,81,82,83,84,85,86,87,88,89,90,91,92,93,94,95,96,97,98,99,100,101,102,119,123,127,128,129,130,131,132,133,180,188,
14;1;388;478;1;0,1,2,3,4,5,6,7,8,9,10,11,12,13,14,15,20,21,22,23,25,26,33,34,35,36,37,41,49,63,64,65,66,67,68,69,70,71,72,73,74,75,76,77,78,79,80,81,82,83,84,85,86,87,88,89,90,91,92,93,94,95,96,97,98,99,100,101,102,119,123,127,128,129,130,131,132,133,180,188,
94;0;478;519;1;0,1,2,3,4,5,6,7,8,9,10,11,12,13,14,15,20,21,22,23,25,26,33,34,35,36,37,41,49,63,64,65,66,67,68,69,70,71,72,73,74,75,76,77,78,79,80,81,82,83,84,85,86,87,88,89,90,91,92,93,94,95,96,97,98,99,100,101,102,119,123,127,128,129,130,131,132,133,180,188,
94;1;519;592;1;0,1,2,3,4,5,6,7,8,9,10,11,12,13,14,15,20,21,22,23,25,26,33,34,35,36,37,41,49,63,64,65,66,67,68,69,70,71,72,73,74,75,76,77,78,79,80,81,82,83,84,85,86,87,88,89,90,91,92,93,94,95,96,97,98,99,100,101,102,119,123,127,128,129,130,131,132,133,180,188,
43;0;592;668;1;0,1,2,3,4,5,6,7,8,9,10,11,12,13,14,15,20,21,22,23,25,26,33,34,35,36,37,41,49,63,64,65,66,67,68,69,70,71,72,73,74,75,76,77,78,79,80,81,82,83,84,85,86,87,88,89,90,91,92,93,94,95,96,97,98,99,100,101,102,119,123,127,128,129,130,131,132,133,180,188,
67;0;668;755;1;0,1,2,3,4,5,6,7,8,9,10,11,12,13,14,15,20,21,22,23,25,26,33,34,35,36,37,41,49,63,64,65,66,67,68,69,70,71,72,73,74,75,76,77,78,79,80,81,82,83,84,85,86,87,88,89,90,91,92,93,94,95,96,97,98,99,100,101,102,119,123,127,128,129,130,131,132,133,180,188,
67;1;755;780;1;0,1,2,3,4,5,6,7,8,9,10,11,12,13,14,15,20,21,22,23,25,26,33,34,35,36,37,41,49,63,64,65,66,67,68,69,70,71,72,73,74,75,76,77,78,79,80,81,82,83,84,85,86,87,88,89,90,91,92,93,94,95,96,97,98,99,100,101,102,119,123,127,128,129,130,131,132,133,180,188,
61;0;780;832;1;0,1,2,3,4,5,6,7,8,9,10,11,12,13,14,15,20,21,22,23,25,26,33,34,35,36,37,41,49,63,64,65,66,67,68,69,70,71,72,73,74,75,76,77,78,79,80,81,82,83,84,85,86,87,88,89,90,91,92,93,94,95,96,97,98,99,100,101,102,119,123,127,128,129,130,131,132,133,180,188,
34;0;832;1007;1;0,1,2,3,4,5,6,7,8,9,10,11,12,13,14,15,20,21,22,23,25,26,33,34,35,36,37,41,49,63,64,65,66,67,68,69,70,71,72,73,74,75,76,77,78,79,80,81,82,83,84,85,86,87,88,89,90,91,92,93,94,95,96,97,98,99,100,101,102,119,123,127,128,129,130,131,132,133,180,188,
34;1;1007;1151;1;0,1,2,3,4,5,6,7,8,9,10,11,12,13,14,15,20,21,22,23,25,26,33,34,35,36,37,41,49,63,64,65,66,67,68,69,70,71,72,73,74,75,76,77,78,79,80,81,82,83,84,85,86,87,88,89,90,91,92,93,94,95,96,97,98,99,100,101,102,119,123,127,128,129,130,131,132,133,180,188,
104;0;1151;1314;1;0,1,2,3,4,5,6,7,8,9,10,11,12,13,14,15,20,21,22,23,25,26,33,34,35,36,37,41,49,63,64,65,66,67,68,69,70,71,72,73,74,75,76,77,78,79,80,81,82,83,84,85,86,87,88,89,90,91,92,93,94,95,96,97,98,99,100,101,102,119,123,127,128,129,130,131,132,133,180,188,
104;1;1314;1455;1;0,1,2,3,4,5,6,7,8,9,10,11,12,13,14,15,20,21,22,23,25,26,33,34,35,36,37,41,49,63,64,65,66,67,68,69,70,71,72,73,74,75,76,77,78,79,80,81,82,83,84,85,86,87,88,89,90,91,92,93,94,95,96,97,98,99,100,101,102,119,123,127,128,129,130,131,132,133,180,188,
42;0;1455;1559;0;0,1,2,3,4,5,6,7,8,9,10,11,12,13,14,15,20,21,22,23,25,26,33,34,35,36,37,41,49,63,64,65,66,67,68,69,70,71,72,73,74,75,76,77,78,79,80,81,82,83,84,85,86,87,88,89,90,91,92,93,94,95,96,97,98,99,100,101,102,119,123,127,128,129,130,131,132,133,180,188,
42;1;1559;1684;0;0,1,2,3,4,5,6,7,8,9,10,11,12,13,14,15,20,21,22,23,25,26,33,34,35,36,37,41,49,63,64,65,66,67,68,69,70,71,72,73,74,75,76,77,78,79,80,81,82,83,84,85,86,87,88,89,90,91,92,93,94,95,96,97,98,99,100,101,102,119,123,127,128,129,130,131,132,133,180,188,
51;0;1684;1830;1;0,1,2,3,4,5,6,7,8,9,10,11,12,13,14,15,20,21,22,23,25,26,33,34,35,36,37,41,49,63,64,65,66,67,68,69,70,71,72,73,74,75,76,77,78,79,80,81,82,83,84,85,86,87,88,89,90,91,92,93,94,95,96,97,98,99,100,101,102,119,123,127,128,129,130,131,132,133,180,188,
130;0;1830;1967;1;0,1,2,3,4,5,6,7,8,9,10,11,12,13,14,15,20,21,22,23,25,26,33,34,35,36,37,41,49,63,64,65,66,67,68,69,70,71,72,73,74,75,76,77,78,79,80,81,82,83,84,85,86,87,88,89,90,91,92,93,94,95,96,97,98,99,100,101,102,119,123,127,128,129,130,131,132,133,180,188,
20;0;1967;2031;1;0,1,2,3,4,5,6,7,8,9,10,11,12,13,14,15,20,21,22,23,25,26,33,34,35,36,37,41,49,63,64,65,66,67,68,69,70,71,72,73,74,75,76,77,78,79,80,81,82,83,84,85,86,87,88,89,90,91,92,93,94,95,96,97,98,99,100,101,102,119,123,127,128,129,130,131,132,133,180,188,
41;0;2031;2075;1;0,1,2,3,4,5,6,7,8,9,10,11,12,13,14,15,20,21,22,23,25,26,33,34,35,36,37,41,49,63,64,65,66,67,68,69,70,71,72,73,74,75,76,77,78,79,80,81,82,83,84,85,86,87,88,89,90,91,92,93,94,95,96,97,98,99,100,101,102,119,123,127,128,129,130,131,132,133,180,188,
0;0;2075;2219;1;0,1,2,3,4,5,6,7,8,9,10,11,12,13,14,15,20,21,22,23,25,26,33,34,35,36,37,41,49,63,64,65,66,67,68,69,70,71,72,73,74,75,76,77,78,79,80,81,82,83,84,85,86,87,88,89,90,91,92,93,94,95,96,97,98,99,100,101,102,119,123,127,128,129,130,131,132,133,180,188,
0;1;2219;2265;1;0,1,2,3,4,5,6,7,8,9,10,11,12,13,14,15,20,21,22,23,25,26,33,34,35,36,37,41,49,63,64,65,66,67,68,69,70,71,72,73,74,75,76,77,78,79,80,81,82,83,84,85,86,87,88,89,90,91,92,93,94,95,96,97,98,99,100,101,102,119,123,127,128,129,130,131,132,133,180,188,
88;0;2265;2437;0;0,1,2,3,4,5,6,7,8,9,10,11,12,13,14,15,20,21,22,23,25,26,33,34,35,36,37,41,49,63,64,65,66,67,68,69,70,71,72,73,74,75,76,77,78,79,80,81,82,83,84,85,86,87,88,89,90,91,92,93,94,95,96,97,98,99,100,101,102,119,123,127,128,129,130,131,132,133,180,188,
37;0;2437;2587;1;0,1,2,3,4,5,6,7,8,9,10,11,12,13,14,15,20,21,22,23,25,26,33,34,35,36,37,41,49,63,64,65,66,67,68,69,70,71,72,73,74,75,76,77,78,79,80,81,82,83,84,85,86,87,88,89,90,91,92,93,94,95,96,97,98,99,100,101,102,119,123,127,128,129,130,131,132,133,180,188,
37;1;2587;2638;1;0,1,2,3,4,5,6,7,8,9,10,11,12,13,14,15,20,21,22,23,25,26,33,34,35,36,37,41,49,63,64,65,66,67,68,69,70,71,72,73,74,75,76,77,78,79,80,81,82,83,84,85,86,87,88,89,90,91,92,93,94,95,96,97,98,99,100,101,102,119,123,127,128,129,130,131,132,133,180,188,
26;0;2638;2682;0;0,1,2,3,4,5,6,7,8,9,10,11,12,13,14,15,20,21,22,23,25,26,33,34,35,36,37,41,49,63,64,65,66,67,68,69,70,71,72,73,74,75,76,77,78,79,80,81,82,83,84,85,86,87,88,89,90,91,92,93,94,95,96,97,98,99,100,101,102,119,123,127,128,129,130,131,132,133,180,188,
40;0;2682;2711;1;0,1,2,3,4,5,6,7,8,9,10,11,12,13,14,15,20,21,22,23,25,26,33,34,35,36,37,41,49,63,64,65,66,67,68,69,70,71,72,73,74,75,76,77,78,79,80,81,82,83,84,85,86,87,88,89,90,91,92,93,94,95,96,97,98,99,100,101,102,119,123,127,128,129,130,131,132,133,180,188,
137;0;2711;2887;1;0,1,2,3,4,5,6,7,8,9,10,11,12,13,14,15,20,21,22,23,25,26,33,34,35,36,37,41,49,63,64,65,66,67,68,69,70,71,72,73,74,75,76,77,78,79,80,81,82,83,84,85,86,87,88,89,90,91,92,93,94,95,96,97,98,99,100,101,102,119,123,127,128,129,130,131,132,133,180,188,
137;1;2887;3016;1;0,1,2,3,4,5,6,7,8,9,10,11,12,13,14,15,20,21,22,23,25,26,33,34,35,36,37,41,49,63,64,65,66,67,68,69,70,71,72,73,74,75,76,77,78,79,80,81,82,83,84,85,86,87,88,89,90,91,92,93,94,95,96,97,98,99,100,101,102,119,123,127,128,129,130,131,132,133,180,188,
72;0;3016;3050;0;0,1,2,3,4,5,6,7,8,9,10,11,12,13,14,15,20,21,22,23,25,26,33,34,35,36,37,41,49,63,64,65,66,67,68,69,70,71,72,73,74,75,76,77,78,79,80,81,82,83,84,85,86,87,88,89,90,91,92,93,94,95,96,97,98,99,100,101,102,119,123,127,128,129,130,131,132,133,180,188,
72;1;3050;3155;0;0,1,2,3,4,5,6,7,8,9,10,11,12,13,14,15,20,21,22,23,25,26,33,34,35,36,37,41,49,63,64,65,66,67,68,69,70,71,72,73,74,75,76,77,78,79,80,81,82,83,84,85,86,87,88,89,90,91,92,93,94,95,96,97,98,99,100,101,102,119,123,127,128,129,130,131,132,133,180,188,
48;0;3155;3181;0;0,1,2,3,4,5,6,7,8,9,10,11,12,13,14,15,20,21,22,23,25,26,33,34,35,36,37,41,49,63,64,65,66,67,68,69,70,71,72,73,74,75,76,77,78,79,80,81,82,83,84,85,86,87,88,89,90,91,92,93,94,95,96,97,98,99,100,101,102,119,123,127,128,129,130,131,132,133,180,188,
114;0;3181;3269;1;0,1,2,3,4,5,6,7,8,9,10,11,12,13,14,15,20,21,22,23,25,26,33,34,35,36,37,41,49,63,64,65,66,67,68,69,70,71,72,73,74,75,76,77,78,79,80,81,82,83,84,85,86,87,88,89,90,91,92,93,94,95,96,97,98,99,100,101,102,119,123,127,128,129,130,131,132,133,180,188,
114;1;3269;3355;1;0,1,2,3,4,5,6,7,8,9,10,11,12,13,14,15,20,21,22,23,25,26,33,34,35,36,37,41,49,63,64,65,66,67,68,69,70,71,72,73,74,75,76,77,78,79,80,81,82,83,84,85,86,87,88,89,90,91,92,93,94,95,96,97,98,99,100,101,102,119,123,127,128,129,130,131,132,133,180,188,
71;0;3355;3470;1;0,1,2,3,4,5,6,7,8,9,10,11,12,13,14,15,20,21,22,23,25,26,33,34,35,36,37,41,49,63,64,65,66,67,68,69,70,71,72,73,74,75,76,77,78,79,80,81,82,83,84,85,86,87,88,89,90,91,92,93,94,95,96,97,98,99,100,101,102,119,123,127,128,129,130,131,132,133,180,188,
129;0;3470;3564;0;0,1,2,3,4,5,6,7,8,9,10,11,12,13,14,15,20,21,22,23,25,26,33,34,35,36,37,41,49,63,64,65,66,67,68,69,70,71,72,73,74,75,76,77,78,79,80,81,82,83,84,85,86,87,88,89,90,91,92,93,94,95,96,97,98,99,100,101,102,119,123,127,128,129,130,131,132,133,180,188,
129;1;3564;3620;0;0,1,2,3,4,5,6,7,8,9,10,11,12,13,14,15,20,21,22,23,25,26,33,34,35,36,37,41,49,63,64,65,66,67,68,69,70,71,72,73,74,75,76,77,78,79,80,81,82,83,84,85,86,87,88,89,90,91,92,93,94,95,96,97,98,99,100,101,102,119,123,127,128,129,130,131,132,133,180,188,
Machine: 3
105;0;0;147;0;0,1,2,3,4,5,6,7,8,9,10,11,12,13,14,15,16,17,18,19,20,21,22,23,24,25,26,27,28,29,30,31,32,33,34,35,36,37,38,39,40,41,42,43,44,45,46,47,48,49,50,51,52,53,54,55,63,64,65,102,118,119,120,121,127,128,129,141,142,144,145,176,177,178,179,199,200,201,202,203,
102;0;147;315;0;0,1,2,3,4,5,6,7,8,9,10,11,12,13,14,15,16,17,18,19,20,21,22,23,24,25,26,27,28,29,30,31,32,33,34,35,36,37,38,39,40,41,42,43,44,45,46,47,48,49,50,51,52,53,54,55,63,64,65,102,118,119,120,121,127,128,129,141,142,144,145,176,177,178,179,199,200,201,202,203,
102;1;315;466;0;0,1,2,3,4,5,6,7,8,9,10,11,12,13,14,15,16,17,18,19,20,21,22,23,24,25,26,27,28,29,30,31,32,33,34,35,36,37,38,39,40,41,42,43,44,45,46,47,48,49,50,51,52,53,54,55,63,64,65,102,118,119,120,121,127,128,129,141,142,144,145,176,177,178,179,199,200,201,202,203,
126;0;466;595;0;0,1,2,3,4,5,6,7,8,9,10,11,12,13,14,15,16,17,18,19,20,21,22,23,24,25,26,27,28,29,30,31,32,33,34,35,36,37,38,39,40,41,42,43,44,45,46,47,48,49,50,51,52,53,54,55,63,64,65,102,118,119,120,121,127,128,129,141,142,144,145,176,177,178,179,199,200,201,202,203,
23;0;595;768;1;0,1,2,3,4,5,6,7,8,9,10,11,12,13,14,15,16,17,18,19,20,21,22,23,24,25,26,27,28,29,30,31,32,33,34,35,36,37,38,39,40,41,42,43,44,45,46,47,48,49,50,51,52,53,54,55,63,64,65,102,118,119,120,121,127,128,129,141,142,144,145,176,177,178,179,199,200,201,202,203,
66;0;768;894;0;0,1,2,3,4,5,6,7,8,9,10,11,12,13,14,15,16,17,18,19,20,21,22,23,24,25,26,27,28,29,30,31,32,33,34,35,36,37,38,39,40,41,42,43,44,45,46,47,48,49,50,51,52,53,54,55,63,64,65,102,118,119,120,121,127,128,129,141,142,144,145,176,177,178,179,199,200,201,202,203,
1;0;894;1041;0;0,1,2,3,4,5,6,7,8,9,10,11,12,13,14,15,16,17,18,19,20,21,22,23,24,25,26,27,28,29,30,31,32,33,34,35,36,37,38,39,40,41,42,43,44,45,46,47,48,49,50,51,52,53,54,55,63,64,65,102,118,119,120,121,127,128,129,141,142,144,145,176,177,178,179,199,200,201,202,203,
60;0;1041;1078;1;0,1,2,3,4,5,6,7,8,9,10,11,12,13,14,15,16,17,18,19,20,21,22,23,24,25,26,27,28,29,30,31,32,33,34,35,36,37,38,39,40,41,42,43,44,45,46,47,48,49,50,51,52,53,54,55,63,64,65,102,118,119,120,121,127,128,129,141,142,144,145,176,177,178,179,199,200,201,202,203,
124;0;1078;1122;1;0,1,2,3,4,5,6,7,8,9,10,11,12,13,14,15,16,17,18,19,20,21,22,23,24,25,26,27,28,29,30,31,32,33,34,35,36,37,38,39,40,41,42,43,44,45,46,47,48,49,50,51,52,53,54,55,63,64,65,102,118,119,120,121,127,128,129,141,142,144,145,176,177,178,179,199,200,201,202,203,
124;1;1122;1166;1;0,1,2,3,4,5,6,7,8,9,10,11,12,13,14,15,16,17,18,19,20,21,22,23,24,25,26,27,28,29,30,31,32,33,34,35,36,37,38,39,40,41,42,43,44,45,46,47,48,49,50,51,52,53,54,55,63,64,65,102,118,119,120,121,127,128,129,141,142,144,145,176,177,178,179,199,200,201,202,203,
95;0;1166;1256;0;0,1,2,3,4,5,6,7,8,9,10,11,12,13,14,15,16,17,18,19,20,21,22,23,24,25,26,27,28,29,30,31,32,33,34,35,36,37,38,39,40,41,42,43,44,45,46,47,48,49,50,51,52,53,54,55,63,64,65,102,118,119,120,121,127,128,129,141,142,144,145,176,177,178,179,199,200,201,202,203,
55;0;1256;1400;0;0,1,2,3,4,5,6,7,8,9,10,11,12,13,14,15,16,17,18,19,20,21,22,23,24,25,26,27,28,29,30,31,32,33,34,35,36,37,38,39,40,41,42,43,44,45,46,47,48,49,50,51,52,53,54,55,63,64,65,102,118,119,120,121,127,128,129,141,142,144,145,176,177,178,179,199,200,201,202,203,
22;0;1400;1483;0;0,1,2,3,4,5,6,7,8,9,10,11,12,13,14,15,16,17,18,19,20,21,22,23,24,25,26,27,28,29,30,31,32,33,34,35,36,37,38,39,40,41,42,43,44,45,46,47,48,49,50,51,52,53,54,55,63,64,65,102,118,119,120,121,127,128,129,141,142,144,145,176,177,178,179,199,200,201,202,203,
22;1;1483;1610;0;0,1,2,3,4,5,6,7,8,9,10,11,12,13,14,15,16,17,18,19,20,21,22,23,24,25,26,27,28,29,30,31,32,33,34,35,36,37,38,39,40,41,42,43,44,45,46,47,48,49,50,51,52,53,54,55,63,64,65,102,118,119,120,121,127,128,129,141,142,144,145,176,177,178,179,199,200,201,202,203,
3;0;1610;1659;1;0,1,2,3,4,5,6,7,8,9,10,11,12,13,14,15,16,17,18,19,20,21,22,23,24,25,26,27,28,29,30,31,32,33,34,35,36,37,38,39,40,41,42,43,44,45,46,47,48,49,50,51,52,53,54,55,63,64,65,102,118,119,120,121,127,128,129,141,142,144,145,176,177,178,179,199,200,201,202,203,
12;0;1659;1704;0;0,1,2,3,4,5,6,7,8,9,10,11,12,13,14,15,16,17,18,19,20,21,22,23,24,25,26,27,28,29,30,31,32,33,34,35,36,37,38,39,40,41,42,43,44,45,46,47,48,49,50,51,52,53,54,55,63,64,65,102,118,119,120,121,127,128,129,141,142,144,145,176,177,178,179,199,200,201,202,203,
12;1;1704;1757;0;0,1,2,3,4,5,6,7,8,9,10,11,12,13,14,15,16,17,18,19,20,21,22,23,24,25,26,27,28,29,30,31,32,33,34,35,36,37,38,39,40,41,42,43,44,45,46,47,48,49,50,51,52,53,54,55,63,64,65,102,118,119,120,121,127,128,129,141,142,144,145,176,177,178,179,199,200,201,202,203,
111;0;1757;1829;1;0,1,2,3,4,5,6,7,8,9,10,11,12,13,14,15,16,17,18,19,20,21,22,23,24,25,26,27,28,29,30,31,32,33,34,35,36,37,38,39,40,41,42,43,44,45,46,47,48,49,50,51,52,53,54,55,63,64,65,102,118,119,120,121,127,128,129,141,142,144,145,176,177,178,179,199,200,201,202,203,
62;0;1829;1835;0;0,1,2,3,4,5,6,7,8,9,10,11,12,13,14,15,16,17,18,19,20,21,22,23,24,25,26,27,28,29,30,31,32,33,34,35,36,37,38,39,40,41,42,43,44,45,46,47,48,49,50,51,52,53,54,55,63,64,65,102,118,119,120,121,127,128,129,141,142,144,145,176,177,178,179,199,200,201,202,203,
62;1;1835;1925;0;0,1,2,3,4,5,6,7,8,9,10,11,12,13,14,15,16,17,18,19,20,21,22,23,24,25,26,27,28,29,30,31,32,33,34,35,36,37,38,39,40,41,42,43,44,45,46,47,48,49,50,51,52,53,54,55,63,64,65,102,118,119,120,121,127,128,129,141,142,144,145,176,177,178,179,199,200,201,202,203,
64;0;1925;2022;1;0,1,2,3,4,5,6,7,8,9,10,11,12,13,14,15,16,17,18,19,20,21,22,23,24,25,26,27,28,29,30,31,32,33,34,35,36,37,38,39,40,41,42,43,44,45,46,47,48,49,50,51,52,53,54,55,63,64,65,102,118,119,120,121,127,128,129,141,142,144,145,176,177,178,179,199,200,201,202,203,
64;1;2022;2192;1;0,1,2,3,4,5,6,7,8,9,10,11,12,13,14,15,16,17,18,19,20,21,22,23,24,25,26,27,28,29,30,31,32,33,34,35,36,37,38,39,40,41,42,43,44,45,46,47,48,49,50,51,52,53,54,55,63,64,65,102,118,119,120,121,127,128,129,141,142,144,145,176,177,178,179,199,200,201,202,203,
68;0;2192;2351;0;0,1,2,3,4,5,6,7,8,9,10,11,12,13,14,15,16,17,18,19,20,21,22,23,24,25,26,27,28,29,30,31,32,33,34,35,36,37,38,39,40,41,42,43,44,45,46,47,48,49,50,51,52,53,54,55,63,64,65,102,118,119,120,121,127,128,129,141,142,144,145,176,177,178,179,199,200,201,202,203,
93;0;2351;2445;1;0,1,2,3,4,5,6,7,8,9,10,11,12,13,14,15,16,17,18,19,20,21,22,23,24,25,26,27,28,29,30,31,32,33,34,35,36,37,38,39,40,41,42,43,44,45,46,47,48,49,50,51,52,53,54,55,63,64,65,102,118,119,120,121,127,128,129,141,142,144,145,176,177,178,179,199,200,201,202,203,
6;0;2445;2576;0;0,1,2,3,4,5,6,7,8,9,10,11,12,13,14,15,16,17,18,19,20,21,22,23,24,25,26,27,28,29,30,31,32,33,34,35,36,37,38,39,40,41,42,43,44,45,46,47,48,49,50,51,52,53,54,55,63,64,65,102,118,119,120,121,127,128,129,141,142,144,145,176,177,178,179,199,200,201,202,203,
87;0;2576;2604;1;0,1,2,3,4,5,6,7,8,9,10,11,12,13,14,15,16,17,18,19,20,21,22,23,24,25,26,27,28,29,30,31,32,33,34,35,36,37,38,39,40,41,42,43,44,45,46,47,48,49,50,51,52,53,54,55,63,64,65,102,118,119,120,121,127,128,129,141,142,144,145,176,177,178,179,199,200,201,202,203,
87;1;2604;2709;1;0,1,2,3,4,5,6,7,8,9,10,11,12,13,14,15,16,17,18,19,20,21,22,23,24,25,26,27,28,29,30,31,32,33,34,35,36,37,38,39,40,41,42,43,44,45,46,47,48,49,50,51,52,53,54,55,63,64,65,102,118,119,120,121,127,128,129,141,142,144,145,176,177,178,179,199,200,201,202,203,
92;0;2709;2750;0;0,1,2,3,4,5,6,7,8,9,10,11,12,13,14,15,16,17,18,19,20,21,22,23,24,25,26,27,28,29,30,31,32,33,34,35,36,37,38,39,40,41,42,43,44,45,46,47,48,49,50,51,52,53,54,55,63,64,65,102,118,119,120,121,127,128,129,141,142,144,145,176,177,178,179,199,200,201,202,203,
92;1;2750;2758;0;0,1,2,3,4,5,6,7,8,9,10,11,12,13,14,15,16,17,18,19,20,21,22,23,24,25,26,27,28,29,30,31,32,33,34,35,36,37,38,39,40,41,42,43,44,45,46,47,48,49,50,51,52,53,54,55,63,64,65,102,118,119,120,121,127,128,129,141,142,144,145,176,177,178,179,199,200,201,202,203,
16;0;2758;2852;0;0,1,2,3,4,5,6,7,8,9,10,11,12,13,14,15,16,17,18,19,20,21,22,23,24,25,26,27,28,29,30,31,32,33,34,35,36,37,38,39,40,41,42,43,44,45,46,47,48,49,50,51,52,53,54,55,63,64,65,102,118,119,120,121,127,128,129,141,142,144,145,176,177,178,179,199,200,201,202,203,
98;0;2852;2932;0;0,1,2,3,4,5,6,7,8,9,10,11,12,13,14,15,16,17,18,19,20,21,22,23,24,25,26,27,28,29,30,31,32,33,34,35,36,37,38,39,40,41,42,43,44,45,46,47,48,49,50,51,52,53,54,55,63,64,65,102,118,119,120,121,127,128,129,141,142,144,145,176,177,178,179,199,200,201,202,203,
91;0;2932;3105;1;0,1,2,3,4,5,6,7,8,9,10,11,12,13,14,15,16,17,18,19,20,21,22,23,24,25,26,27,28,29,30,31,32,33,34,35,36,37,38,39,40,41,42,43,44,45,46,47,48,49,50,51,52,53,54,55,63,64,65,102,118,119,120,121,127,128,129,141,142,144,145,176,177,178,179,199,200,201,202,203,
125;0;3105;3247;0;0,1,2,3,4,5,6,7,8,9,10,11,12,13,14,15,16,17,18,19,20,21,22,23,24,25,26,27,28,29,30,31,32,33,34,35,36,37,38,39,40,41,42,43,44,45,46,47,48,49,50,51,52,53,54,55,63,64,65,102,118,119,120,121,127,128,129,141,142,144,145,176,177,178,179,199,200,201,202,203,
Machine: 4
80;0;0;35;1;0,1,2,3,4,5,6,7,8,9,10,11,12,13,14,15,20,26,31,36,40,41,42,49,50,51,52,53,54,55,56,57,64,65,66,67,68,69,103,104,105,106,111,118,119,120,121,122,130,131,132,133,134,135,136,137,138,139,140,141,142,143,152,153,154,155,156,157,158,159,160,161,171,172,173,182,205,206,207,208,
99;0;35;108;0;0,1,2,3,4,5,6,7,8,9,10,11,12,13,14,15,20,26,31,36,40,41,42,49,50,51,52,53,54,55,56,57,64,65,66,67,68,69,103,104,105,106,111,118,119,120,121,122,130,131,132,133,134,135,136,137,138,139,140,141,142,143,152,153,154,155,156,157,158,159,160,161,171,172,173,182,205,206,207,208,
99;1;108;153;0;0,1,2,3,4,5,6,7,8,9,10,11,12,13,14,15,20,26,31,36,40,41,42,49,50,51,52,53,54,55,56,57,64,65,66,67,68,69,103,104,105,106,111,118,119,120,121,122,130,131,132,133,134,135,136,137,138,139,140,141,142,143,152,153,154,155,156,157,158,159,160,161,171,172,173,182,205,206,207,208,
120;0;153;221;1;0,1,2,3,4,5,6,7,8,9,10,11,12,13,14,15,20,26,31,36,40,41,42,49,50,51,52,53,54,55,56,57,64,65,66,67,68,69,103,104,105,106,111,118,119,120,121,122,130,131,132,133,134,135,136,137,138,139,140,141,142,143,152,153,154,155,156,157,158,159,160,161,171,172,173,182,205,206,207,208,
52;0;221;302;0;0,1,2,3,4,5,6,7,8,9,10,11,12,13,14,15,20,26,31,36,40,41,42,49,50,51,52,53,54,55,56,57,64,65,66,67,68,69,103,104,105,106,111,118,119,120,121,122,130,131,132,133,134,135,136,137,138,139,140,141,142,143,152,153,154,155,156,157,158,159,160,161,171,172,173,182,205,206,207,208,
52;1;302;338;0;0,1,2,3,4,5,6,7,8,9,10,11,12,13,14,15,20,26,31,36,40,41,42,49,50,51,52,53,54,55,56,57,64,65,66,67,68,69,103,104,105,106,111,118,119,120,121,122,130,131,132,133,134,135,136,137,138,139,140,141,142,143,152,153,154,155,156,157,158,159,160,161,171,172,173,182,205,206,207,208,
142;0;338;360;0;0,1,2,3,4,5,6,7,8,9,10,11,12,13,14,15,20,26,31,36,40,41,42,49,50,51,52,53,54,55,56,57,64,65,66,67,68,69,103,104,105,106,111,118,119,120,121,122,130,131,132,133,134,135,136,137,138,139,140,141,142,143,152,153,154,155,156,157,158,159,160,161,171,172,173,182,205,206,207,208,
142;1;360;369;0;0,1,2,3,4,5,6,7,8,9,10,11,12,13,14,15,20,26,31,36,40,41,42,49,50,51,52,53,54,55,56,57,64,65,66,67,68,69,103,104,105,106,111,118,119,120,121,122,130,131,132,133,134,135,136,137,138,139,140,141,142,143,152,153,154,155,156,157,158,159,160,161,171,172,173,182,205,206,207,208,
89;0;369;418;0;0,1,2,3,4,5,6,7,8,9,10,11,12,13,14,15,20,26,31,36,40,41,42,49,50,51,52,53,54,55,56,57,64,65,66,67,68,69,103,104,105,106,111,118,119,120,121,122,130,131,132,133,134,135,136,137,138,139,140,141,142,143,152,153,154,155,156,157,158,159,160,161,171,172,173,182,205,206,207,208,
89;1;418;596;0;0,1,2,3,4,5,6,7,8,9,10,11,12,13,14,15,20,26,31,36,40,41,42,49,50,51,52,53,54,55,56,57,64,65,66,67,68,69,103,104,105,106,111,118,119,120,121,122,130,131,132,133,134,135,136,137,138,139,140,141,142,143,152,153,154,155,156,157,158,159,160,161,171,172,173,182,205,206,207,208,
53;0;596;614;1;0,1,2,3,4,5,6,7,8,9,10,11,12,13,14,15,20,26,31,36,40,41,42,49,50,51,52,53,54,55,56,57,64,65,66,67,68,69,103,104,105,106,111,118,119,120,121,122,130,131,132,133,134,135,136,137,138,139,140,141,142,143,152,153,154,155,156,157,158,159,160,161,171,172,173,182,205,206,207,208,
18;0;614;619;0;0,1,2,3,4,5,6,7,8,9,10,11,12,13,14,15,20,26,31,36,40,41,42,49,50,51,52,53,54,55,56,57,64,65,66,67,68,69,103,104,105,106,111,118,119,120,121,122,130,131,132,133,134,135,136,137,138,139,140,141,142,143,152,153,154,155,156,157,158,159,160,161,171,172,173,182,205,206,207,208,
82;0;619;762;0;0,1,2,3,4,5,6,7,8,9,10,11,12,13,14,15,20,26,31,36,40,41,42,49,50,51,52,53,54,55,56,57,64,65,66,67,68,69,103,104,105,106,111,118,119,120,121,122,130,131,132,133,134,135,136,137,138,139,140,141,142,143,152,153,154,155,156,157,158,159,160,161,171,172,173,182,205,206,207,208,
82;1;762;777;0;0,1,2,3,4,5,6,7,8,9,10,11,12,13,14,15,20,26,31,36,40,41,42,49,50,51,52,53,54,55,56,57,64,65,66,67,68,69,103,104,105,106,111,118,119,120,121,122,130,131,132,133,134,135,136,137,138,139,140,141,142,143,152,153,154,155,156,157,158,159,160,161,171,172,173,182,205,206,207,208,
69;0;777;947;0;0,1,2,3,4,5,6,7,8,9,10,11,12,13,14,15,20,26,31,36,40,41,42,49,50,51,52,53,54,55,56,57,64,65,66,67,68,69,103,104,105,106,111,118,119,120,121,122,130,131,132,133,134,135,136,137,138,139,140,141,142,143,152,153,154,155,156,157,158,159,160,161,171,172,173,182,205,206,207,208,
69;1;947;1116;0;0,1,2,3,4,5,6,7,8,9,10,11,12,13,14,15,20,26,31,36,40,41,42,49,50,51,52,53,54,55,56,57,64,65,66,67,68,69,103,104,105,106,111,118,119,120,121,122,130,131,132,133,134,135,136,137,138,139,140,141,142,143,152,153,154,155,156,157,158,159,160,161,171,172,173,182,205,206,207,208,
132;0;1116;1214;0;0,1,2,3,4,5,6,7,8,9,10,11,12,13,14,15,20,26,31,36,40,41,42,49,50,51,52,53,54,55,56,57,64,65,66,67,68,69,103,104,105,106,111,118,119,120,121,122,130,131,132,133,134,135,136,137,138,139,140,141,142,143,152,153,154,155,156,157,158,159,160,161,171,172,173,182,205,206,207,208,
132;1;1214;1332;0;0,1,2,3,4,5,6,7,8,9,10,11,12,13,14,15,20,26,31,36,40,41,42,49,50,51,52,53,54,55,56,57,64,65,66,67,68,69,103,104,105,106,111,118,119,120,121,122,130,131,132,133,134,135,136,137,138,139,140,141,142,143,152,153,154,155,156,157,158,159,160,161,171,172,173,182,205,206,207,208,
118;0;1332;1428;0;0,1,2,3,4,5,6,7,8,9,10,11,12,13,14,15,20,26,31,36,40,41,42,49,50,51,52,53,54,55,56,57,64,65,66,67,68,69,103,104,105,106,111,118,119,120,121,122,130,131,132,133,134,135,136,137,138,139,140,141,142,143,152,153,154,155,156,157,158,159,160,161,171,172,173,182,205,206,207,208,
50;0;1428;1598;1;0,1,2,3,4,5,6,7,8,9,10,11,12,13,14,15,20,26,31,36,40,41,42,49,50,51,52,53,54,55,56,57,64,65,66,67,68,69,103,104,105,106,111,118,119,120,121,122,130,131,132,133,134,135,136,137,138,139,140,141,142,143,152,153,154,155,156,157,158,159,160,161,171,172,173,182,205,206,207,208,
97;0;1598;1603;1;0,1,2,3,4,5,6,7,8,9,10,11,12,13,14,15,20,26,31,36,40,41,42,49,50,51,52,53,54,55,56,57,64,65,66,67,68,69,103,104,105,106,111,118,119,120,121,122,130,131,132,133,134,135,136,137,138,139,140,141,142,143,152,153,154,155,156,157,158,159,160,161,171,172,173,182,205,206,207,208,
97;1;1603;1767;1;0,1,2,3,4,5,6,7,8,9,10,11,12,13,14,15,20,26,31,36,40,41,42,49,50,51,52,53,54,55,56,57,64,65,66,67,68,69,103,104,105,106,111,118,119,120,121,122,130,131,132,133,134,135,136,137,138,139,140,141,142,143,152,153,154,155,156,157,158,159,160,161,171,172,173,182,205,206,207,208,
139;0;1767;1839;0;0,1,2,3,4,5,6,7,8,9,10,11,12,13,14,15,20,26,31,36,40,41,42,49,50,51,52,53,54,55,56,57,64,65,66,67,68,69,103,104,105,106,111,118,119,120,121,122,130,131,132,133,134,135,136,137,138,139,140,141,142,143,152,153,154,155,156,157,158,159,160,161,171,172,173,182,205,206,207,208,
139;1;1839;1845;0;0,1,2,3,4,5,6,7,8,9,10,11,12,13,14,15,20,26,31,36,40,41,42,49,50,51,52,53,54,55,56,57,64,65,66,67,68,69,103,104,105,106,111,118,119,120,121,122,130,131,132,133,134,135,136,137,138,139,140,141,142,143,152,153,154,155,156,157,158,159,160,161,171,172,173,182,205,206,207,208,
21;0;1845;1879;1;0,1,2,3,4,5,6,7,8,9,10,11,12,13,14,15,20,26,31,36,40,41,42,49,50,51,52,53,54,55,56,57,64,65,66,67,68,69,103,104,105,106,111,118,119,120,121,122,130,131,132,133,134,135,136,137,138,139,140,141,142,143,152,153,154,155,156,157,158,159,160,161,171,172,173,182,205,206,207,208,
145;0;1879;1977;0;0,1,2,3,4,5,6,7,8,9,10,11,12,13,14,15,20,26,31,36,40,41,42,49,50,51,52,53,54,55,56,57,64,65,66,67,68,69,103,104,105,106,111,118,119,120,121,122,130,131,132,133,134,135,136,137,138,139,140,141,142,143,152,153,154,155,156,157,158,159,160,161,171,172,173,182,205,206,207,208,
8;0;1977;2054;0;0,1,2,3,4,5,6,7,8,9,10,11,12,13,14,15,20,26,31,36,40,41,42,49,50,51,52,53,54,55,56,57,64,65,66,67,68,69,103,104,105,106,111,118,119,120,121,122,130,131,132,133,134,135,136,137,138,139,140,141,142,143,152,153,154,155,156,157,158,159,160,161,171,172,173,182,205,206,207,208,
108;0;2054;2168;0;0,1,2,3,4,5,6,7,8,9,10,11,12,13,14,15,20,26,31,36,40,41,42,49,50,51,52,53,54,55,56,57,64,65,66,67,68,69,103,104,105,106,111,118,119,120,121,122,130,131,132,133,134,135,136,137,138,139,140,141,142,143,152,153,154,155,156,157,158,159,160,161,171,172,173,182,205,206,207,208,
78;0;2168;2255;0;0,1,2,3,4,5,6,7,8,9,10,11,12,13,14,15,20,26,31,36,40,41,42,49,50,51,52,53,54,55,56,57,64,65,66,67,68,69,103,104,105,106,111,118,119,120,121,122,130,131,132,133,134,135,136,137,138,139,140,141,142,143,152,153,154,155,156,157,158,159,160,161,171,172,173,182,205,206,207,208,
58;0;2255;2381;0;0,1,2,3,4,5,6,7,8,9,10,11,12,13,14,15,20,26,31,36,40,41,42,49,50,51,52,53,54,55,56,57,64,65,66,67,68,69,103,104,105,106,111,118,119,120,121,122,130,131,132,133,134,135,136,137,138,139,140,141,142,143,152,153,154,155,156,157,158,159,160,161,171,172,173,182,205,206,207,208,
36;0;2381;2430;0;0,1,2,3,4,5,6,7,8,9,10,11,12,13,14,15,20,26,31,36,40,41,42,49,50,51,52,53,54,55,56,57,64,65,66,67,68,69,103,104,105,106,111,118,119,120,121,122,130,131,132,133,134,135,136,137,138,139,140,141,142,143,152,153,154,155,156,157,158,159,160,161,171,172,173,182,205,206,207,208,
113;0;2430;2507;1;0,1,2,3,4,5,6,7,8,9,10,11,12,13,14,15,20,26,31,36,40,41,42,49,50,51,52,53,54,55,56,57,64,65,66,67,68,69,103,104,105,106,111,118,119,120,121,122,130,131,132,133,134,135,136,137,138,139,140,141,142,143,152,153,154,155,156,157,158,159,160,161,171,172,173,182,205,206,207,208,
44;0;2507;2576;1;0,1,2,3,4,5,6,7,8,9,10,11,12,13,14,15,20,26,31,36,40,41,42,49,50,51,52,53,54,55,56,57,64,65,66,67,68,69,103,104,105,106,111,118,119,120,121,122,130,131,132,133,134,135,136,137,138,139,140,141,142,143,152,153,154,155,156,157,158,159,160,161,171,172,173,182,205,206,207,208,
44;1;2576;2732;1;0,1,2,3,4,5,6,7,8,9,10,11,12,13,14,15,20,26,31,36,40,41,42,49,50,51,52,53,54,55,56,57,64,65,66,67,68,69,103,104,105,106,111,118,119,120,121,122,130,131,132,133,134,135,136,137,138,139,140,141,142,143,152,153,154,155,156,157,158,159,160,161,171,172,173,182,205,206,207,208,
70;0;2732;2808;1;0,1,2,3,4,5,6,7,8,9,10,11,12,13,14,15,20,26,31,36,40,41,42,49,50,51,52,53,54,55,56,57,64,65,66,67,68,69,103,104,105,106,111,118,119,120,121,122,130,131,132,133,134,135,136,137,138,139,140,141,142,143,152,153,154,155,156,157,158,159,160,161,171,172,173,182,205,206,207,208,
Machine: 5
10;0;0;103;1;0,1,2,3,4,5,6,7,8,9,10,11,12,13,14,15,16,17,18,19,20,21,22,23,24,25,26,27,32,33,34,35,36,37,40,41,47,49,50,51,52,53,64,65,66,68,74,102,107,108,109,110,111,112,113,114,115,116,117,118,119,120,121,122,130,142,143,145,146,181,183,184,185,186,187,189,190,191,192,193,
81;0;103;204;1;0,1,2,3,4,5,6,7,8,9,10,11,12,13,14,15,16,17,18,19,20,21,22,23,24,25,26,27,32,33,34,35,36,37,40,41,47,49,50,51,52,53,64,65,66,68,74,102,107,108,109,110,111,112,113,114,115,116,117,118,119,120,121,122,130,142,143,145,146,181,183,184,185,186,187,189,190,191,192,193,
33;0;204;367;1;0,1,2,3,4,5,6,7,8,9,10,11,12,13,14,15,16,17,18,19,20,21,22,23,24,25,26,27,32,33,34,35,36,37,40,41,47,49,50,51,52,53,64,65,66,68,74,102,107,108,109,110,111,112,113,114,115,116,117,118,119,120,121,122,130,142,143,145,146,181,183,184,185,186,187,189,190,191,192,193,
140;0;367;482;1;0,1,2,3,4,5,6,7,8,9,10,11,12,13,14,15,16,17,18,19,20,21,22,23,24,25,26,27,32,33,34,35,36,37,40,41,47,49,50,51,52,53,64,65,66,68,74,102,107,108,109,110,111,112,113,114,115,116,117,118,119,120,121,122,130,142,143,145,146,181,183,184,185,186,187,189,190,191,192,193,
59;0;482;629;0;0,1,2,3,4,5,6,7,8,9,10,11,12,13,14,15,16,17,18,19,20,21,22,23,24,25,26,27,32,33,34,35,36,37,40,41,47,49,50,51,52,53,64,65,66,68,74,102,107,108,109,110,111,112,113,114,115,116,117,118,119,120,121,122,130,142,143,145,146,181,183,184,185,186,187,189,190,191,192,193,
59;1;629;754;0;0,1,2,3,4,5,6,7,8,9,10,11,12,13,14,15,16,17,18,19,20,21,22,23,24,25,26,27,32,33,34,35,36,37,40,41,47,49,50,51,52,53,64,65,66,68,74,102,107,108,109,110,111,112,113,114,115,116,117,118,119,120,121,122,130,142,143,145,146,181,183,184,185,186,187,189,190,191,192,193,
122;0;754;922;0;0,1,2,3,4,5,6,7,8,9,10,11,12,13,14,15,16,17,18,19,20,21,22,23,24,25,26,27,32,33,34,35,36,37,40,41,47,49,50,51,52,53,64,65,66,68,74,102,107,108,109,110,111,112,113,114,115,116,117,118,119,120,121,122,130,142,143,145,146,181,183,184,185,186,187,189,190,191,192,193,
122;1;922;1000;0;0,1,2,3,4,5,6,7,8,9,10,11,12,13,14,15,16,17,18,19,20,21,22,23,24,25,26,27,32,33,34,35,36,37,40,41,47,49,50,51,52,53,64,65,66,68,74,102,107,108,109,110,111,112,113,114,115,116,117,118,119,120,121,122,130,142,143,145,146,181,183,184,185,186,187,189,190,191,192,193,
146;0;1000;1051;0;0,1,2,3,4,5,6,7,8,9,10,11,12,13,14,15,16,17,18,19,20,21,22,23,24,25,26,27,32,33,34,35,36,37,40,41,47,49,50,51,52,53,64,65,66,68,74,102,107,108,109,110,111,112,113,114,115,116,117,118,119,120,121,122,130,142,143,145,146,181,183,184,185,186,187,189,190,191,192,193,
2;0;1051;1106;0;0,1,2,3,4,5,6,7,8,9,10,11,12,13,14,15,16,17,18,19,20,21,22,23,24,25,26,27,32,33,34,35,36,37,40,41,47,49,50,51,52,53,64,65,66,68,74,102,107,108,109,110,111,112,113,114,115,116,117,118,119,120,121,122,130,142,143,145,146,181,183,184,185,186,187,189,190,191,192,193,
2;1;1106;1153;0;0,1,2,3,4,5,6,7,8,9,10,11,12,13,14,15,16,17,18,19,20,21,22,23,24,25,26,27,32,33,34,35,36,37,40,41,47,49,50,51,52,53,64,65,66,68,74,102,107,108,109,110,111,112,113,114,115,116,117,118,119,120,121,122,130,142,143,145,146,181,183,184,185,186,187,189,190,191,192,193,
107;0;1153;1322;1;0,1,2,3,4,5,6,7,8,9,10,11,12,13,14,15,16,17,18,19,20,21,22,23,24,25,26,27,32,33,34,35,36,37,40,41,47,49,50,51,52,53,64,65,66,68,74,102,107,108,109,110,111,112,113,114,115,116,117,118,119,120,121,122,130,142,143,145,146,181,183,184,185,186,187,189,190,191,192,193,
107;1;1322;1432;1;0,1,2,3,4,5,6,7,8,9,10,11,12,13,14,15,16,17,18,19,20,21,22,23,24,25,26,27,32,33,34,35,36,37,40,41,47,49,50,51,52,53,64,65,66,68,74,102,107,108,109,110,111,112,113,114,115,116,117,118,119,120,121,122,130,142,143,145,146,181,183,184,185,186,187,189,190,191,192,193,
76;0;1432;1442;0;0,1,2,3,4,5,6,7,8,9,10,11,12,13,14,15,16,17,18,19,20,21,22,23,24,25,26,27,32,33,34,35,36,37,40,41,47,49,50,51,52,53,64,65,66,68,74,102,107,108,109,110,111,112,113,114,115,116,117,118,119,120,121,122,130,142,143,145,146,181,183,184,185,186,187,189,190,191,192,193,
17;0;1442;1621;1;0,1,2,3,4,5,6,7,8,9,10,11,12,13,14,15,16,17,18,19,20,21,22,23,24,25,26,27,32,33,34,35,36,37,40,41,47,49,50,51,52,53,64,65,66,68,74,102,107,108,109,110,111,112,113,114,115,116,117,118,119,120,121,122,130,142,143,145,146,181,183,184,185,186,187,189,190,191,192,193,
17;1;1621;1655;1;0,1,2,3,4,5,6,7,8,9,10,11,12,13,14,15,16,17,18,19,20,21,22,23,24,25,26,27,32,33,34,35,36,37,40,41,47,49,50,51,52,53,64,65,66,68,74,102,107,108,109,110,111,112,113,114,115,116,117,118,119,120,121,122,130,142,143,145,146,181,183,184,185,186,187,189,190,191,192,193,
35;0;1655;1833;0;0,1,2,3,4,5,6,7,8,9,10,11,12,13,14,15,16,17,18,19,20,21,22,23,24,25,26,27,32,33,34,35,36,37,40,41,47,49,50,51,52,53,64,65,66,68,74,102,107,108,109,110,111,112,113,114,115,116,117,118,119,120,121,122,130,142,143,145,146,181,183,184,185,186,187,189,190,191,192,193,
116;0;1833;1875;0;0,1,2,3,4,5,6,7,8,9,10,11,12,13,14,15,16,17,18,19,20,21,22,23,24,25,26,27,32,33,34,35,36,37,40,41,47,49,50,51,52,53,64,65,66,68,74,102,107,108,109,110,111,112,113,114,115,116,117,118,119,120,121,122,130,142,143,145,146,181,183,184,185,186,187,189,190,191,192,193,
110;0;1875;2054;1;0,1,2,3,4,5,6,7,8,9,10,11,12,13,14,15,16,17,18,19,20,21,22,23,24,25,26,27,32,33,34,35,36,37,40,41,47,49,50,51,52,53,64,65,66,68,74,102,107,108,109,110,111,112,113,114,115,116,117,118,119,120,121,122,130,142,143,145,146,181,183,184,185,186,187,189,190,191,192,193,
136;0;2054;2127;0;0,1,2,3,4,5,6,7,8,9,10,11,12,13,14,15,16,17,18,19,20,21,22,23,24,25,26,27,32,33,34,35,36,37,40,41,47,49,50,51,52,53,64,65,66,68,74,102,107,108,109,110,111,112,113,114,115,116,117,118,119,120,121,122,130,142,143,145,146,181,183,184,185,186,187,189,190,191,192,193,
79;0;2127;2196;0;0,1,2,3,4,5,6,7,8,9,10,11,12,13,14,15,16,17,18,19,20,21,22,23,24,25,26,27,32,33,34,35,36,37,40,41,47,49,50,51,52,53,64,65,66,68,74,102,107,108,109,110,111,112,113,114,115,116,117,118,119,120,121,122,130,142,143,145,146,181,183,184,185,186,187,189,190,191,192,193,
79;1;2196;2333;0;0,1,2,3,4,5,6,7,8,9,10,11,12,13,14,15,16,17,18,19,20,21,22,23,24,25,26,27,32,33,34,35,36,37,40,41,47,49,50,51,52,53,64,65,66,68,74,102,107,108,109,110,111,112,113,114,115,116,117,118,119,120,121,122,130,142,143,145,146,181,183,184,185,186,187,189,190,191,192,193,
115;0;2333;2353;0;0,1,2,3,4,5,6,7,8,9,10,11,12,13,14,15,16,17,18,19,20,21,22,23,24,25,26,27,32,33,34,35,36,37,40,41,47,49,50,51,52,53,64,65,66,68,74,102,107,108,109,110,111,112,113,114,115,116,117,118,119,120,121,122,130,142,143,145,146,181,183,184,185,186,187,189,190,191,192,193,
103;0;2353;2458;1;0,1,2,3,4,5,6,7,8,9,10,11,12,13,14,15,16,17,18,19,20,21,22,23,24,25,26,27,32,33,34,35,36,37,40,41,47,49,50,51,52,53,64,65,66,68,74,102,107,108,109,110,111,112,113,114,115,116,117,118,119,120,121,122,130,142,143,145,146,181,183,184,185,186,187,189,190,191,192,193,
28;0;2458;2633;0;0,1,2,3,4,5,6,7,8,9,10,11,12,13,14,15,16,17,18,19,20,21,22,23,24,25,26,27,32,33,34,35,36,37,40,41,47,49,50,51,52,53,64,65,66,68,74,102,107,108,109,110,111,112,113,114,115,116,117,118,119,120,121,122,130,142,143,145,146,181,183,184,185,186,187,189,190,191,192,193,
30;0;2633;2641;1;0,1,2,3,4,5,6,7,8,9,10,11,12,13,14,15,16,17,18,19,20,21,22,23,24,25,26,27,32,33,34,35,36,37,40,41,47,49,50,51,52,53,64,65,66,68,74,102,107,108,109,110,111,112,113,114,115,116,117,118,119,120,121,122,130,142,143,145,146,181,183,184,185,186,187,189,190,191,192,193,
45;0;2641;2710;0;0,1,2,3,4,5,6,7,8,9,10,11,12,13,14,15,16,17,18,19,20,21,22,23,24,25,26,27,32,33,34,35,36,37,40,41,47,49,50,51,52,53,64,65,66,68,74,102,107,108,109,110,111,112,113,114,115,116,117,118,119,120,121,122,130,142,143,145,146,181,183,184,185,186,187,189,190,191,192,193,
54;0;2710;2742;1;0,1,2,3,4,5,6,7,8,9,10,11,12,13,14,15,16,17,18,19,20,21,22,23,24,25,26,27,32,33,34,35,36,37,40,41,47,49,50,51,52,53,64,65,66,68,74,102,107,108,109,110,111,112,113,114,115,116,117,118,119,120,121,122,130,142,143,145,146,181,183,184,185,186,187,189,190,191,192,193,
54;1;2742;2783;1;0,1,2,3,4,5,6,7,8,9,10,11,12,13,14,15,16,17,18,19,20,21,22,23,24,25,26,27,32,33,34,35,36,37,40,41,47,49,50,51,52,53,64,65,66,68,74,102,107,108,109,110,111,112,113,114,115,116,117,118,119,120,121,122,130,142,143,145,146,181,183,184,185,186,187,189,190,191,192,193,
106;0;2783;2863;0;0,1,2,3,4,5,6,7,8,9,10,11,12,13,14,15,16,17,18,19,20,21,22,23,24,25,26,27,32,33,34,35,36,37,40,41,47,49,50,51,52,53,64,65,66,68,74,102,107,108,109,110,111,112,113,114,115,116,117,118,119,120,121,122,130,142,143,145,146,181,183,184,185,186,187,189,190,191,192,193,
56;0;2863;2880;0;0,1,2,3,4,5,6,7,8,9,10,11,12,13,14,15,16,17,18,19,20,21,22,23,24,25,26,27,32,33,34,35,36,37,40,41,47,49,50,51,52,53,64,65,66,68,74,102,107,108,109,110,111,112,113,114,115,116,117,118,119,120,121,122,130,142,143,145,146,181,183,184,185,186,187,189,190,191,192,193,
END
fineshedJobsCount: 209
switchs: 0
switchsInstances: 0
unfineshedPriorityCount: 0
totalUnfineshed: 0
criticalMachineSwitchs: 0
criticalMachineTime: 3620
Final Solution: 6270
Time: 254166
PTL: 0
MCMC: 105
Best Initial: 6256
Mean Initial: 6226.91
