./input/BaseInstances/2M1_n=209,r=0.5,t=361,v0.txt;./input/Processed/ToolSetInt.csv
7;720;1440
Machine: 0
120;0;0;4;1;0,11,12,13,14,15,16,17,18,19,20,21,22,23,24,25,26,27,28,32,33,36,37,106,107,110,163,165,184,185,186,201,202,244,245,246,247,248,249,250,251,252,253,254,255,256,257,258,259,260,261,262,263,264,265,266,267,268,269,272,290,291,292,293,294,295,296,297,298,299,300,301,302,303,304,305,306,312,313,314,
119;0;4;76;0;0,11,12,13,14,15,16,17,18,19,20,21,22,23,24,25,26,27,28,32,33,36,37,106,107,110,163,165,184,185,186,201,202,244,245,246,247,248,249,250,251,252,253,254,255,256,257,258,259,260,261,262,263,264,265,266,267,268,269,272,290,291,292,293,294,295,296,297,298,299,300,301,302,303,304,305,306,312,313,314,
119;1;76;223;0;0,11,12,13,14,15,16,17,18,19,20,21,22,23,24,25,26,27,28,32,33,36,37,106,107,110,163,165,184,185,186,201,202,244,245,246,247,248,249,250,251,252,253,254,255,256,257,258,259,260,261,262,263,264,265,266,267,268,269,272,290,291,292,293,294,295,296,297,298,299,300,301,302,303,304,305,306,312,313,314,
31;0;223;377;0;0,11,12,13,14,15,16,17,18,19,20,21,22,23,24,25,26,27,28,32,33,36,37,106,107,110,163,165,184,185,186,201,202,244,245,246,247,248,249,250,251,252,253,254,255,256,257,258,259,260,261,262,263,264,265,266,267,268,269,272,290,291,292,293,294,295,296,297,298,299,300,301,302,303,304,305,306,312,313,314,
31;1;377;405;0;0,11,12,13,14,15,16,17,18,19,20,21,22,23,24,25,26,27,28,32,33,36,37,106,107,110,163,165,184,185,186,201,202,244,245,246,247,248,249,250,251,252,253,254,255,256,257,258,259,260,261,262,263,264,265,266,267,268,269,272,290,291,292,293,294,295,296,297,298,299,300,301,302,303,304,305,306,312,313,314,
74;0;405;571;0;0,11,12,13,14,15,16,17,18,19,20,21,22,23,24,25,26,27,28,32,33,36,37,106,107,110,163,165,184,185,186,201,202,244,245,246,247,248,249,250,251,252,253,254,255,256,257,258,259,260,261,262,263,264,265,266,267,268,269,272,290,291,292,293,294,295,296,297,298,299,300,301,302,303,304,305,306,312,313,314,
82;0;571;723;0;0,4,5,11,12,13,14,15,16,17,18,19,20,21,22,23,24,25,26,27,28,29,30,31,32,33,36,37,41,46,48,66,67,68,69,95,106,107,110,143,144,163,165,184,185,186,201,202,224,244,245,246,250,263,272,290,291,292,293,294,295,296,297,298,299,300,301,302,303,304,305,306,312,313,314,329,330,331,332,333,
58;0;723;837;0;0,4,5,11,12,13,14,15,16,17,18,19,20,21,22,23,24,25,26,27,28,29,30,31,32,33,36,37,41,46,48,66,67,68,69,95,106,107,110,143,144,163,165,184,185,186,201,202,224,244,245,246,250,263,272,290,291,292,293,294,295,296,297,298,299,300,301,302,303,304,305,306,312,313,314,329,330,331,332,333,
98;0;837;926;0;0,4,5,11,12,13,14,15,16,17,18,19,20,21,22,23,24,25,26,27,28,29,30,31,32,33,36,37,41,46,48,66,67,68,69,95,106,107,110,143,144,163,165,184,185,186,201,202,224,244,245,246,250,263,272,290,291,292,293,294,295,296,297,298,299,300,301,302,303,304,305,306,312,313,314,329,330,331,332,333,
87;0;926;948;0;0,4,5,11,12,13,14,15,16,17,18,19,20,21,22,23,24,25,26,27,28,29,30,31,32,33,36,37,41,46,48,66,67,68,69,95,106,107,110,143,144,163,165,184,185,186,201,202,224,244,245,246,250,263,272,290,291,292,293,294,295,296,297,298,299,300,301,302,303,304,305,306,312,313,314,329,330,331,332,333,
87;1;948;1002;0;0,4,5,11,12,13,14,15,16,17,18,19,20,21,22,23,24,25,26,27,28,29,30,31,32,33,36,37,41,46,48,66,67,68,69,95,106,107,110,143,144,163,165,184,185,186,201,202,224,244,245,246,250,263,272,290,291,292,293,294,295,296,297,298,299,300,301,302,303,304,305,306,312,313,314,329,330,331,332,333,
1;0;1002;1034;0;0,4,5,11,12,13,14,15,16,17,18,19,20,21,22,23,24,25,26,27,28,29,30,31,32,33,36,37,41,46,48,66,67,68,69,95,106,107,110,143,144,163,165,184,185,186,201,202,224,244,245,246,250,263,272,290,291,292,293,294,295,296,297,298,299,300,301,302,303,304,305,306,312,313,314,329,330,331,332,333,
1;1;1034;1073;0;0,4,5,11,12,13,14,15,16,17,18,19,20,21,22,23,24,25,26,27,28,29,30,31,32,33,36,37,41,46,48,66,67,68,69,95,106,107,110,143,144,163,165,184,185,186,201,202,224,244,245,246,250,263,272,290,291,292,293,294,295,296,297,298,299,300,301,302,303,304,305,306,312,313,314,329,330,331,332,333,
118;0;1073;1134;0;0,4,5,11,12,13,14,15,16,17,18,19,20,21,22,23,24,25,26,27,28,29,30,31,32,33,36,37,41,46,48,66,67,68,69,95,106,107,110,143,144,163,165,184,185,186,201,202,224,244,245,246,250,263,272,290,291,292,293,294,295,296,297,298,299,300,301,302,303,304,305,306,312,313,314,329,330,331,332,333,
10;0;1134;1168;0;0,4,5,11,12,13,14,15,16,17,18,19,20,21,22,23,24,25,26,27,28,29,30,31,32,33,36,37,41,46,48,66,67,68,69,95,106,107,110,143,144,163,165,184,185,186,201,202,224,244,245,246,250,263,272,290,291,292,293,294,295,296,297,298,299,300,301,302,303,304,305,306,312,313,314,329,330,331,332,333,
138;0;1168;1172;0;0,4,5,11,12,13,14,15,16,17,18,19,20,21,22,23,24,25,26,27,28,29,30,31,32,33,36,37,41,46,48,66,67,68,69,95,106,107,110,143,144,163,165,184,185,186,201,202,224,244,245,246,250,263,272,290,291,292,293,294,295,296,297,298,299,300,301,302,303,304,305,306,312,313,314,329,330,331,332,333,
64;0;1172;1183;1;0,4,5,11,12,13,14,15,16,17,18,19,20,21,22,23,24,25,26,27,28,29,30,31,32,33,36,37,41,46,48,66,67,68,69,95,106,107,110,143,144,163,165,184,185,186,201,202,224,244,245,246,250,263,272,290,291,292,293,294,295,296,297,298,299,300,301,302,303,304,305,306,312,313,314,329,330,331,332,333,
71;0;1183;1187;0;0,4,5,11,12,13,14,15,16,17,18,19,20,21,22,23,24,25,26,27,28,29,30,31,32,33,36,37,41,46,48,66,67,68,69,95,106,107,110,143,144,163,165,184,185,186,201,202,224,244,245,246,250,263,272,290,291,292,293,294,295,296,297,298,299,300,301,302,303,304,305,306,312,313,314,329,330,331,332,333,
71;1;1187;1198;0;0,4,5,11,12,13,14,15,16,17,18,19,20,21,22,23,24,25,26,27,28,29,30,31,32,33,36,37,41,46,48,66,67,68,69,95,106,107,110,143,144,163,165,184,185,186,201,202,224,244,245,246,250,263,272,290,291,292,293,294,295,296,297,298,299,300,301,302,303,304,305,306,312,313,314,329,330,331,332,333,
136;0;1198;1222;1;0,4,5,11,12,13,14,15,16,17,18,19,20,21,22,23,24,25,26,27,28,29,30,31,32,33,36,37,41,46,48,66,67,68,69,95,106,107,110,143,144,163,165,184,185,186,201,202,224,244,245,246,250,263,272,290,291,292,293,294,295,296,297,298,299,300,301,302,303,304,305,306,312,313,314,329,330,331,332,333,
16;0;1440;1465;1;0,4,5,11,12,13,14,15,16,17,18,19,20,21,22,23,24,25,26,27,28,29,30,31,32,33,36,37,41,46,48,49,50,51,52,53,54,55,56,57,58,59,60,61,62,63,66,67,68,69,95,106,107,110,136,137,138,139,140,141,142,143,144,163,165,184,185,186,201,202,224,244,245,246,250,263,272,290,291,292,
17;0;1465;1469;1;0,4,5,11,12,13,14,15,16,17,18,19,20,21,22,23,24,25,26,27,28,29,30,31,32,33,36,37,41,46,48,49,50,51,52,53,54,55,56,57,58,59,60,61,62,63,66,67,68,69,95,106,107,110,136,137,138,139,140,141,142,143,144,163,165,184,185,186,201,202,224,244,245,246,250,263,272,290,291,292,
17;1;1469;1493;1;0,4,5,11,12,13,14,15,16,17,18,19,20,21,22,23,24,25,26,27,28,29,30,31,32,33,36,37,41,46,48,49,50,51,52,53,54,55,56,57,58,59,60,61,62,63,66,67,68,69,95,106,107,110,136,137,138,139,140,141,142,143,144,163,165,184,185,186,201,202,224,244,245,246,250,263,272,290,291,292,
12;0;1493;1534;1;0,4,5,11,12,13,14,15,16,17,18,19,20,21,22,23,24,25,26,27,28,29,30,31,32,33,36,37,41,46,48,49,50,51,52,53,54,55,56,57,58,59,60,61,62,63,66,67,68,69,95,106,107,110,136,137,138,139,140,141,142,143,144,163,165,184,185,186,201,202,224,244,245,246,250,263,272,290,291,292,
103;0;1534;1708;0;0,4,5,11,12,13,14,15,16,17,18,19,20,21,22,23,24,25,26,27,28,29,30,31,32,33,36,37,41,46,48,49,50,51,52,53,54,55,56,57,58,59,60,61,62,63,66,67,68,69,95,106,107,110,136,137,138,139,140,141,142,143,144,163,165,184,185,186,201,202,224,244,245,246,250,263,272,290,291,292,
103;1;1708;1749;0;0,4,5,11,12,13,14,15,16,17,18,19,20,21,22,23,24,25,26,27,28,29,30,31,32,33,36,37,41,46,48,49,50,51,52,53,54,55,56,57,58,59,60,61,62,63,66,67,68,69,95,106,107,110,136,137,138,139,140,141,142,143,144,163,165,184,185,186,201,202,224,244,245,246,250,263,272,290,291,292,
134;0;1749;1823;0;0,4,5,11,12,13,14,15,16,17,18,19,20,21,22,23,24,25,26,27,28,29,30,31,32,33,41,49,50,51,52,53,54,55,56,57,58,59,60,61,62,63,66,67,68,69,70,71,72,73,74,75,76,77,78,79,80,81,82,83,84,85,86,87,88,89,90,91,92,93,94,106,107,110,141,163,165,186,201,202,
42;0;1823;1864;0;0,4,5,11,12,13,14,15,16,17,18,19,20,21,22,23,24,25,26,27,28,29,30,31,32,33,41,49,50,51,52,53,54,55,56,57,58,59,60,61,62,63,66,67,68,69,70,71,72,73,74,75,76,77,78,79,80,81,82,83,84,85,86,87,88,89,90,91,92,93,94,106,107,110,141,163,165,186,201,202,
41;0;1864;1909;1;0,4,5,11,12,13,14,15,16,17,18,19,20,21,22,23,24,25,26,27,28,29,30,31,32,33,41,49,50,51,52,53,54,55,56,57,58,59,60,61,62,63,66,67,68,69,70,71,72,73,74,75,76,77,78,79,80,81,82,83,84,85,86,87,88,89,90,91,92,93,94,106,107,110,141,163,165,186,201,202,
41;1;1909;1913;1;0,4,5,11,12,13,14,15,16,17,18,19,20,21,22,23,24,25,26,27,28,29,30,31,32,33,41,49,50,51,52,53,54,55,56,57,58,59,60,61,62,63,66,67,68,69,70,71,72,73,74,75,76,77,78,79,80,81,82,83,84,85,86,87,88,89,90,91,92,93,94,106,107,110,141,163,165,186,201,202,
104;0;1913;2005;1;0,4,5,11,12,13,14,15,16,17,18,19,20,21,22,23,24,25,26,27,28,29,30,31,32,33,41,49,50,51,52,53,54,55,56,57,58,59,60,61,62,63,66,67,68,69,70,71,72,73,74,75,76,77,78,79,80,81,82,83,84,85,86,87,88,89,90,91,92,93,94,106,107,110,141,163,165,186,198,199,
35;0;2005;2106;0;0,4,5,11,12,13,14,15,16,17,18,19,20,21,22,23,24,25,26,27,28,29,41,49,50,51,52,53,54,55,56,57,58,59,60,61,62,63,66,67,68,69,70,71,72,73,74,75,76,77,78,79,80,81,82,83,84,85,86,87,88,89,90,91,92,93,94,98,99,103,106,107,110,141,163,165,182,186,198,199,
35;1;2106;2198;0;0,4,5,11,12,13,14,15,16,17,18,19,20,21,22,23,24,25,26,27,28,29,41,49,50,51,52,53,54,55,56,57,58,59,60,61,62,63,66,67,68,69,70,71,72,73,74,75,76,77,78,79,80,81,82,83,84,85,86,87,88,89,90,91,92,93,94,98,99,103,106,107,110,141,163,165,182,186,198,199,
92;0;2198;2293;1;0,4,5,11,12,13,14,15,16,17,18,19,20,21,22,23,24,25,26,27,28,29,41,49,50,51,52,53,54,55,56,57,58,59,60,61,62,63,66,67,68,69,70,71,72,73,74,75,76,77,78,79,80,81,82,83,84,85,86,87,88,89,90,91,92,93,94,98,99,103,106,107,110,141,163,165,182,186,198,199,
67;0;2293;2430;0;0,4,5,11,12,13,14,15,16,17,18,19,20,21,22,23,24,25,26,27,28,29,41,49,50,51,52,53,54,55,56,57,58,59,60,61,62,63,66,67,68,69,70,71,72,73,74,75,76,77,78,79,80,81,82,83,84,85,86,87,88,89,90,91,92,93,94,98,99,103,106,107,110,141,163,165,182,186,198,199,
67;1;2430;2525;0;0,4,5,11,12,13,14,15,16,17,18,19,20,21,22,23,24,25,26,27,28,29,41,49,50,51,52,53,54,55,56,57,58,59,60,61,62,63,66,67,68,69,70,71,72,73,74,75,76,77,78,79,80,81,82,83,84,85,86,87,88,89,90,91,92,93,94,98,99,103,106,107,110,141,163,165,182,186,198,199,
18;0;2525;2620;0;0,4,5,11,12,13,14,15,16,17,18,19,20,21,22,23,24,25,26,27,28,29,41,49,50,51,52,53,54,55,56,57,58,59,60,61,62,63,66,67,68,69,70,71,72,73,74,75,76,77,78,79,80,81,82,83,84,85,86,87,88,89,90,91,92,93,94,98,99,103,106,107,110,141,163,165,182,186,198,199,
100;0;2620;2715;1;0,4,5,11,12,13,14,15,16,17,18,19,20,21,22,23,24,25,26,27,28,29,41,49,50,51,52,53,54,55,56,57,58,59,60,61,62,63,66,67,68,69,70,71,72,73,74,75,76,77,78,79,80,81,82,83,84,85,86,87,88,89,90,91,92,93,94,98,99,103,106,107,110,141,163,165,182,186,198,199,
24;0;2715;2816;1;0,4,5,11,12,13,14,15,16,17,18,19,20,21,22,23,24,25,26,27,28,29,41,49,50,51,52,53,54,55,56,57,58,59,60,61,62,63,66,67,68,69,70,71,72,73,74,75,76,77,78,79,80,81,82,83,84,85,86,87,88,89,90,91,92,93,94,98,99,103,106,107,110,141,163,165,182,186,198,199,
110;0;2816;2917;0;0,4,5,11,12,13,14,15,16,17,18,19,20,21,22,23,24,25,26,27,28,29,41,49,50,51,52,53,54,55,56,57,58,59,60,61,62,63,66,67,68,69,70,71,72,73,74,75,76,77,78,79,80,81,82,83,84,85,86,87,88,89,90,91,92,93,94,98,99,103,106,107,110,141,163,165,182,186,198,199,
130;0;2917;2970;0;0,4,5,11,12,13,14,15,16,17,18,19,20,21,22,23,24,25,26,38,41,49,50,51,52,53,54,55,56,57,58,59,60,61,62,63,66,67,68,69,70,71,72,73,74,75,76,77,78,79,80,81,82,83,84,85,86,87,88,89,90,91,92,93,94,103,106,107,110,141,163,165,182,186,198,199,307,356,357,358,
33;0;2970;3058;1;0,4,5,11,12,13,17,18,38,41,49,50,51,52,53,54,55,56,57,58,59,60,61,62,63,66,67,68,69,70,71,72,73,74,75,76,77,78,79,80,81,82,83,84,85,86,87,88,89,90,91,92,93,94,103,106,107,110,141,146,152,154,157,163,165,170,171,175,186,187,188,189,190,191,192,193,194,195,198,199,
33;1;3058;3074;1;0,4,5,11,12,13,17,18,38,41,49,50,51,52,53,54,55,56,57,58,59,60,61,62,63,66,67,68,69,70,71,72,73,74,75,76,77,78,79,80,81,82,83,84,85,86,87,88,89,90,91,92,93,94,103,106,107,110,141,146,152,154,157,163,165,170,171,175,186,187,188,189,190,191,192,193,194,195,198,199,
60;0;3074;3180;1;0,4,5,11,12,13,17,18,38,41,49,50,51,52,53,54,55,56,57,58,59,60,61,62,63,64,65,66,67,68,69,70,71,72,73,74,75,76,77,78,79,80,81,82,83,84,85,86,87,88,89,90,91,92,93,94,103,106,107,110,141,146,152,154,157,163,165,170,171,175,186,187,188,189,190,191,192,193,198,199,
11;0;3180;3188;0;0,4,5,11,12,13,17,18,38,41,49,50,51,52,53,54,55,56,57,58,59,60,61,62,63,64,65,66,67,68,69,70,71,72,73,74,75,76,77,78,79,80,81,82,83,84,85,86,87,88,89,90,91,92,93,94,103,106,107,110,141,146,152,154,157,163,165,170,171,175,186,187,188,189,190,191,192,193,198,199,
11;1;3188;3294;0;0,4,5,11,12,13,17,18,38,41,49,50,51,52,53,54,55,56,57,58,59,60,61,62,63,64,65,66,67,68,69,70,71,72,73,74,75,76,77,78,79,80,81,82,83,84,85,86,87,88,89,90,91,92,93,94,103,106,107,110,141,146,152,154,157,163,165,170,171,175,186,187,188,189,190,191,192,193,198,199,
94;0;3294;3400;0;0,4,5,11,12,13,17,18,38,41,49,50,51,52,53,54,55,56,57,58,59,60,61,62,63,64,65,66,67,68,69,70,71,72,73,74,75,76,77,78,79,80,81,82,83,84,85,86,87,88,89,90,91,92,93,94,103,106,107,110,141,146,152,154,157,163,165,170,171,175,186,187,188,189,190,191,192,193,198,199,
88;0;3400;3513;1;0,4,5,11,12,13,17,18,38,41,49,50,51,52,53,54,55,56,57,58,59,60,61,62,63,64,65,66,67,68,69,70,71,72,73,74,75,76,77,78,79,80,81,82,83,84,85,86,87,88,89,90,91,92,93,94,103,106,107,110,141,146,147,152,154,155,157,158,163,165,170,171,175,177,186,187,188,198,199,200,
101;0;3513;3613;1;17,34,35,38,49,50,51,52,53,61,62,63,66,67,100,101,102,103,104,105,106,107,108,109,110,111,112,113,114,115,116,117,118,119,120,121,122,123,124,125,126,127,128,129,130,131,132,133,134,135,141,146,147,152,154,155,157,158,163,165,170,171,175,177,198,199,315,316,317,318,319,320,321,322,323,324,325,326,327,328,
101;1;3613;3630;1;17,34,35,38,49,50,51,52,53,61,62,63,66,67,100,101,102,103,104,105,106,107,108,109,110,111,112,113,114,115,116,117,118,119,120,121,122,123,124,125,126,127,128,129,130,131,132,133,134,135,141,146,147,152,154,155,157,158,163,165,170,171,175,177,198,199,315,316,317,318,319,320,321,322,323,324,325,326,327,328,
61;0;3630;3718;1;17,34,35,38,49,50,51,52,53,61,62,63,66,67,100,101,102,103,104,105,106,107,108,109,110,111,112,113,114,115,116,117,118,119,120,121,122,123,124,125,126,127,128,129,130,131,132,133,134,135,141,146,147,152,154,155,157,158,163,165,170,171,175,177,198,199,315,316,317,318,319,320,321,322,323,324,325,326,327,328,
61;1;3718;3759;1;17,34,35,38,49,50,51,52,53,61,62,63,66,67,100,101,102,103,104,105,106,107,108,109,110,111,112,113,114,115,116,117,118,119,120,121,122,123,124,125,126,127,128,129,130,131,132,133,134,135,141,146,147,152,154,155,157,158,163,165,170,171,175,177,198,199,315,316,317,318,319,320,321,322,323,324,325,326,327,328,
4;0;3759;3889;1;17,34,35,38,49,50,51,52,53,61,62,63,66,67,100,101,102,103,104,105,106,107,108,109,110,111,112,113,114,115,116,117,118,119,120,121,122,123,124,125,126,127,128,129,130,131,132,133,134,135,141,146,147,152,154,155,157,158,163,165,170,171,175,177,198,199,315,316,317,318,319,320,321,322,323,324,325,326,327,328,
115;0;3889;3893;0;17,34,35,38,49,50,51,52,53,61,62,63,66,67,100,101,102,103,104,105,106,107,108,109,110,111,112,113,114,115,116,117,118,119,120,121,122,123,124,125,126,127,128,129,130,131,132,133,134,135,141,146,147,152,154,155,157,158,163,165,170,171,175,177,198,199,315,316,317,318,319,320,321,322,323,324,325,326,327,328,
115;1;3893;4023;0;17,34,35,38,49,50,51,52,53,61,62,63,66,67,100,101,102,103,104,105,106,107,108,109,110,111,112,113,114,115,116,117,118,119,120,121,122,123,124,125,126,127,128,129,130,131,132,133,134,135,141,146,147,152,154,155,157,158,163,165,170,171,175,177,198,199,315,316,317,318,319,320,321,322,323,324,325,326,327,328,
22;0;4023;4153;0;17,34,35,38,49,50,51,52,53,61,62,63,66,67,100,101,102,103,104,105,106,107,108,109,110,111,112,113,114,115,116,117,118,119,120,121,122,123,124,125,126,127,128,129,130,131,132,133,134,135,141,146,147,152,154,155,157,158,163,165,170,171,175,177,198,199,315,316,317,318,319,320,321,322,323,324,325,326,327,328,
72;0;4153;4291;1;17,34,35,38,49,50,51,52,53,61,62,63,66,67,100,101,102,103,104,105,106,107,108,109,110,111,112,113,114,115,116,117,118,119,120,121,122,123,124,125,126,127,128,129,130,131,132,133,134,135,141,146,147,152,154,155,157,158,163,165,170,171,175,177,198,199,315,316,317,318,319,320,321,322,323,324,325,326,327,328,
15;0;4291;4410;0;17,34,35,38,49,50,51,52,53,61,62,63,66,67,100,101,102,103,104,105,106,107,108,109,110,111,112,113,114,115,116,117,118,119,120,121,122,123,124,125,126,127,128,129,130,131,132,133,134,135,141,146,147,152,154,155,157,158,163,165,170,171,175,177,198,199,315,316,317,318,319,320,321,322,323,324,325,326,327,328,
15;1;4410;4548;0;17,34,35,38,49,50,51,52,53,61,62,63,66,67,100,101,102,103,104,105,106,107,108,109,110,111,112,113,114,115,116,117,118,119,120,121,122,123,124,125,126,127,128,129,130,131,132,133,134,135,141,146,147,152,154,155,157,158,163,165,170,171,175,177,198,199,315,316,317,318,319,320,321,322,323,324,325,326,327,328,
21;0;4548;4589;1;17,34,35,38,49,50,51,52,53,61,62,63,66,67,96,97,100,101,102,103,104,105,106,107,108,109,110,111,112,113,114,115,116,117,118,119,120,121,122,123,124,125,126,127,128,129,130,131,132,133,134,135,141,146,147,152,154,155,157,158,163,165,170,171,175,177,198,199,315,316,317,318,319,320,321,322,323,324,325,326,
21;1;4589;4695;1;17,34,35,38,49,50,51,52,53,61,62,63,66,67,96,97,100,101,102,103,104,105,106,107,108,109,110,111,112,113,114,115,116,117,118,119,120,121,122,123,124,125,126,127,128,129,130,131,132,133,134,135,141,146,147,152,154,155,157,158,163,165,170,171,175,177,198,199,315,316,317,318,319,320,321,322,323,324,325,326,
47;0;4695;4759;0;17,34,35,38,49,50,51,52,53,61,62,63,66,67,96,97,100,101,102,103,104,105,106,107,108,109,110,111,112,113,114,115,116,117,118,119,120,121,122,123,124,125,126,127,128,129,130,131,132,133,134,135,141,146,147,152,154,155,157,158,163,165,170,171,175,177,198,199,315,316,317,318,319,320,321,322,323,324,325,326,
47;1;4759;4865;0;17,34,35,38,49,50,51,52,53,61,62,63,66,67,96,97,100,101,102,103,104,105,106,107,108,109,110,111,112,113,114,115,116,117,118,119,120,121,122,123,124,125,126,127,128,129,130,131,132,133,134,135,141,146,147,152,154,155,157,158,163,165,170,171,175,177,198,199,315,316,317,318,319,320,321,322,323,324,325,326,
112;0;4865;5015;1;17,34,35,38,39,49,50,51,52,53,61,62,63,66,67,96,97,100,101,102,103,104,105,106,107,108,109,110,111,112,113,114,115,116,117,118,119,120,121,122,123,124,125,126,127,128,129,130,131,132,133,134,135,141,146,147,152,154,155,157,158,163,165,170,171,175,177,198,199,315,316,317,318,319,320,321,322,323,324,325,
6;0;5015;5165;0;17,34,35,38,39,49,50,51,52,53,61,62,63,66,67,96,97,100,101,102,103,104,105,106,107,108,109,110,111,112,113,114,115,116,117,118,119,120,121,122,123,124,125,126,127,128,129,130,131,132,133,134,135,141,146,147,148,152,154,155,157,158,163,165,170,171,175,177,198,199,315,316,317,318,319,320,321,322,323,324,
122;0;5165;5315;0;17,34,35,38,39,49,50,51,52,53,61,62,63,66,67,96,97,100,101,102,103,104,105,106,107,108,109,110,111,112,113,114,115,116,117,118,119,120,121,122,123,124,125,126,127,128,129,130,131,132,133,134,135,141,146,147,148,152,154,155,157,158,163,165,170,171,175,177,198,199,315,316,317,318,319,320,321,322,323,324,
52;0;5315;5473;1;17,34,35,38,39,49,50,51,52,53,61,62,63,66,67,96,97,100,101,102,103,104,105,106,107,108,109,110,111,112,113,114,115,116,117,118,119,120,121,122,123,124,125,126,127,128,129,130,131,132,133,134,135,141,146,147,148,152,154,155,157,158,163,165,170,171,175,177,198,199,315,316,317,318,319,320,321,322,323,324,
27;0;5473;5569;0;17,34,35,38,39,49,50,51,52,53,61,62,63,66,67,96,97,100,101,102,103,104,105,106,107,108,109,110,111,112,113,114,115,116,117,118,119,120,121,122,123,124,125,126,127,128,129,130,131,132,133,134,135,141,146,147,148,152,154,155,157,158,163,165,170,171,175,177,198,199,315,316,317,318,319,320,321,322,323,324,
27;1;5569;5743;0;17,34,35,38,39,49,50,51,52,53,61,62,63,66,67,96,97,100,101,102,103,104,105,106,107,108,109,110,111,112,113,114,115,116,117,118,119,120,121,122,123,124,125,126,127,128,129,130,131,132,133,134,135,141,146,147,148,152,154,155,157,158,163,165,170,171,175,177,198,199,315,316,317,318,319,320,321,322,323,324,
39;0;5743;5826;0;17,34,35,38,39,49,50,51,52,53,61,62,63,66,67,96,97,100,101,102,103,104,105,106,107,108,109,110,111,112,113,114,115,116,117,118,119,120,121,122,123,124,125,126,127,128,129,130,131,132,133,134,135,141,146,147,148,152,154,155,157,158,163,165,170,171,175,177,198,199,315,316,317,318,319,320,321,322,323,324,
39;1;5826;5984;0;17,34,35,38,39,49,50,51,52,53,61,62,63,66,67,96,97,100,101,102,103,104,105,106,107,108,109,110,111,112,113,114,115,116,117,118,119,120,121,122,123,124,125,126,127,128,129,130,131,132,133,134,135,141,146,147,148,152,154,155,157,158,163,165,170,171,175,177,198,199,315,316,317,318,319,320,321,322,323,324,
55;0;5984;6099;0;17,34,35,38,39,49,50,51,52,53,61,62,63,66,67,96,97,100,101,102,103,104,105,106,107,108,109,110,111,112,113,114,115,116,117,118,119,120,141,145,146,147,148,149,150,151,152,153,154,155,156,157,158,159,160,161,162,163,164,165,166,167,168,169,170,171,172,173,174,175,176,177,178,179,180,181,198,199,316,317,
55;1;6099;6221;0;17,34,35,38,39,49,50,51,52,53,61,62,63,66,67,96,97,100,101,102,103,104,105,106,107,108,109,110,111,112,113,114,115,116,117,118,119,120,141,145,146,147,148,149,150,151,152,153,154,155,156,157,158,159,160,161,162,163,164,165,166,167,168,169,170,171,172,173,174,175,176,177,178,179,180,181,198,199,316,317,
113;0;6221;6287;1;17,34,35,38,39,49,50,51,52,53,61,62,63,66,67,96,97,100,101,102,103,104,105,106,107,108,109,110,111,112,113,114,115,116,117,118,119,120,141,145,146,147,148,149,150,151,152,153,154,155,156,157,158,159,160,161,162,163,164,165,166,167,168,169,170,171,172,173,174,175,176,177,178,179,180,181,198,199,316,317,
113;1;6287;6379;1;17,34,35,38,39,49,50,51,52,53,61,62,63,66,67,96,97,100,101,102,103,104,105,106,107,108,109,110,111,112,113,114,115,116,117,118,119,120,141,145,146,147,148,149,150,151,152,153,154,155,156,157,158,159,160,161,162,163,164,165,166,167,168,169,170,171,172,173,174,175,176,177,178,179,180,181,198,199,316,317,
68;0;6379;6539;1;17,18,34,35,38,39,49,50,51,52,53,54,55,56,57,58,59,60,61,62,63,66,67,68,69,70,71,72,73,74,75,76,77,78,79,80,81,82,83,84,85,86,87,88,89,90,91,92,93,94,96,97,100,101,102,103,104,105,106,107,108,109,110,111,112,113,114,115,116,117,118,119,120,141,145,157,239,240,316,317,
91;0;6539;6603;0;17,18,34,35,38,39,49,50,51,52,53,54,55,56,57,58,59,60,61,62,63,66,67,68,69,70,71,72,73,74,75,76,77,78,79,80,81,82,83,84,85,86,87,88,89,90,91,92,93,94,96,97,100,101,102,103,104,105,106,107,108,109,110,111,112,113,114,115,116,117,118,119,120,141,145,157,239,240,316,317,
91;1;6603;6668;0;17,18,34,35,38,39,49,50,51,52,53,54,55,56,57,58,59,60,61,62,63,66,67,68,69,70,71,72,73,74,75,76,77,78,79,80,81,82,83,84,85,86,87,88,89,90,91,92,93,94,96,97,100,101,102,103,104,105,106,107,108,109,110,111,112,113,114,115,116,117,118,119,120,141,145,157,239,240,316,317,
36;0;6668;6828;1;17,18,34,35,38,39,49,50,51,52,53,54,55,56,57,58,59,60,61,62,63,66,67,68,69,70,71,72,73,74,75,76,77,78,79,80,81,82,83,84,85,86,87,88,89,90,91,92,93,94,96,97,100,101,102,103,104,105,106,107,108,109,110,111,112,113,114,115,116,117,118,119,120,141,145,157,239,240,316,317,
89;0;6828;6867;1;17,18,34,35,38,39,49,50,51,52,53,54,55,56,57,58,59,60,61,62,63,66,67,68,69,70,71,72,73,74,75,76,77,78,79,80,81,82,83,84,85,86,87,88,89,90,91,92,93,94,96,97,100,101,102,103,104,105,106,107,108,109,110,111,112,113,114,115,116,117,118,119,120,141,145,157,239,240,316,317,
89;1;6867;7001;1;17,18,34,35,38,39,49,50,51,52,53,54,55,56,57,58,59,60,61,62,63,66,67,68,69,70,71,72,73,74,75,76,77,78,79,80,81,82,83,84,85,86,87,88,89,90,91,92,93,94,96,97,100,101,102,103,104,105,106,107,108,109,110,111,112,113,114,115,116,117,118,119,120,141,145,157,239,240,316,317,
102;0;7001;7135;0;17,18,34,35,38,39,49,50,51,52,53,54,55,56,57,58,59,60,61,62,63,66,67,68,69,70,71,72,73,74,75,76,77,78,79,80,81,82,83,84,85,86,87,88,89,90,91,92,93,94,96,97,100,101,102,103,104,105,106,107,108,109,110,111,112,113,114,115,116,117,118,119,120,141,145,157,239,240,316,317,
9;0;7135;7256;1;17,18,34,35,38,39,49,50,51,52,53,54,55,56,57,58,59,60,61,62,63,66,67,68,69,70,71,72,73,74,75,76,77,78,79,80,81,82,83,84,85,86,87,88,89,90,91,92,93,94,96,97,100,101,102,103,104,105,106,107,108,109,110,111,112,113,114,115,116,117,118,119,120,141,145,157,239,240,316,317,
9;1;7256;7330;1;17,18,34,35,38,39,49,50,51,52,53,54,55,56,57,58,59,60,61,62,63,66,67,68,69,70,71,72,73,74,75,76,77,78,79,80,81,82,83,84,85,86,87,88,89,90,91,92,93,94,96,97,100,101,102,103,104,105,106,107,108,109,110,111,112,113,114,115,116,117,118,119,120,141,145,157,239,240,316,317,
93;0;7330;7481;1;17,18,34,35,38,39,49,50,51,52,53,54,55,56,57,58,59,60,61,62,63,66,67,68,69,70,71,72,73,74,75,76,77,78,79,80,81,82,83,84,85,86,87,88,89,90,91,92,93,94,96,97,100,101,102,103,104,105,106,107,108,109,110,111,112,113,114,115,116,117,118,119,120,141,145,157,203,204,316,317,
93;1;7481;7534;1;17,18,34,35,38,39,49,50,51,52,53,54,55,56,57,58,59,60,61,62,63,66,67,68,69,70,71,72,73,74,75,76,77,78,79,80,81,82,83,84,85,86,87,88,89,90,91,92,93,94,96,97,100,101,102,103,104,105,106,107,108,109,110,111,112,113,114,115,116,117,118,119,120,141,145,157,203,204,316,317,
43;0;7534;7545;0;17,18,34,35,38,39,49,50,51,52,53,54,55,56,57,58,59,60,61,62,63,66,67,68,69,70,71,72,73,74,75,76,77,78,79,80,81,82,83,84,85,86,87,88,89,90,91,92,93,94,96,97,100,101,102,103,104,105,106,107,108,109,110,111,112,113,114,115,116,117,118,119,120,141,145,157,203,204,316,317,
43;1;7545;7598;0;17,18,34,35,38,39,49,50,51,52,53,54,55,56,57,58,59,60,61,62,63,66,67,68,69,70,71,72,73,74,75,76,77,78,79,80,81,82,83,84,85,86,87,88,89,90,91,92,93,94,96,97,100,101,102,103,104,105,106,107,108,109,110,111,112,113,114,115,116,117,118,119,120,141,145,157,203,204,316,317,
109;0;7598;7699;1;17,18,34,35,38,39,49,50,51,52,53,54,55,56,57,58,59,60,61,62,63,66,67,68,69,70,71,72,73,74,75,76,77,78,79,80,81,82,83,84,85,86,87,88,89,90,91,92,93,94,96,97,100,101,102,103,104,105,106,107,108,109,110,111,112,113,114,115,116,117,118,119,120,141,145,157,196,197,316,317,
109;1;7699;7862;1;17,18,34,35,38,39,49,50,51,52,53,54,55,56,57,58,59,60,61,62,63,66,67,68,69,70,71,72,73,74,75,76,77,78,79,80,81,82,83,84,85,86,87,88,89,90,91,92,93,94,96,97,100,101,102,103,104,105,106,107,108,109,110,111,112,113,114,115,116,117,118,119,120,141,145,157,196,197,316,317,
63;0;7862;7996;0;17,18,34,35,38,39,49,50,51,52,53,54,55,56,57,58,59,60,61,62,63,66,67,68,69,70,71,72,73,74,75,76,77,78,79,80,81,82,83,84,85,86,87,88,89,90,91,92,93,94,96,97,100,101,102,103,104,105,106,107,108,109,110,111,112,113,114,115,116,117,118,119,120,141,145,157,196,197,316,317,
63;1;7996;8159;0;17,18,34,35,38,39,49,50,51,52,53,54,55,56,57,58,59,60,61,62,63,66,67,68,69,70,71,72,73,74,75,76,77,78,79,80,81,82,83,84,85,86,87,88,89,90,91,92,93,94,96,97,100,101,102,103,104,105,106,107,108,109,110,111,112,113,114,115,116,117,118,119,120,141,145,157,196,197,316,317,
123;0;8159;8273;0;17,18,34,35,38,39,49,50,51,52,53,54,55,56,57,58,59,60,61,62,63,66,67,68,69,70,71,72,73,74,75,76,77,78,79,80,81,82,83,84,85,86,87,88,89,90,91,92,93,94,96,97,100,101,102,103,104,105,106,107,108,109,110,111,112,113,114,115,116,117,118,119,120,141,145,157,196,197,316,317,
123;1;8273;8436;0;17,18,34,35,38,39,49,50,51,52,53,54,55,56,57,58,59,60,61,62,63,66,67,68,69,70,71,72,73,74,75,76,77,78,79,80,81,82,83,84,85,86,87,88,89,90,91,92,93,94,96,97,100,101,102,103,104,105,106,107,108,109,110,111,112,113,114,115,116,117,118,119,120,141,145,157,196,197,316,317,
34;0;8436;8599;0;17,18,34,35,38,39,49,50,51,52,53,54,55,56,57,58,59,60,61,62,63,66,67,68,69,70,71,72,73,74,75,76,77,78,79,80,81,82,83,84,85,86,87,88,89,90,91,92,93,94,96,97,100,101,102,103,104,105,106,107,108,109,110,111,112,113,114,115,116,117,118,119,120,141,145,157,196,197,316,317,
133;0;8640;8760;1;17,18,34,35,38,39,49,50,51,52,53,54,55,56,57,58,59,60,61,62,63,66,67,68,69,70,71,72,73,74,75,76,77,78,79,80,81,82,83,84,85,86,87,88,89,90,91,92,93,94,96,97,100,101,102,103,104,105,106,107,108,109,110,111,112,113,114,115,116,117,118,119,120,141,145,157,316,317,359,360,
133;1;8760;8928;1;17,18,34,35,38,39,49,50,51,52,53,54,55,56,57,58,59,60,61,62,63,66,67,68,69,70,71,72,73,74,75,76,77,78,79,80,81,82,83,84,85,86,87,88,89,90,91,92,93,94,96,97,100,101,102,103,104,105,106,107,108,109,110,111,112,113,114,115,116,117,118,119,120,141,145,157,316,317,359,360,
25;0;8928;9089;1;17,18,34,35,38,39,49,50,51,52,53,54,55,56,57,58,59,60,61,62,63,66,67,68,69,70,71,72,73,74,75,76,77,78,79,80,81,82,83,84,85,86,87,88,89,90,91,92,93,94,96,97,100,101,102,103,104,105,106,107,108,109,110,111,112,113,114,115,116,117,118,119,120,141,145,157,316,317,359,360,
25;1;9089;9219;1;17,18,34,35,38,39,49,50,51,52,53,54,55,56,57,58,59,60,61,62,63,66,67,68,69,70,71,72,73,74,75,76,77,78,79,80,81,82,83,84,85,86,87,88,89,90,91,92,93,94,96,97,100,101,102,103,104,105,106,107,108,109,110,111,112,113,114,115,116,117,118,119,120,141,145,157,316,317,359,360,
29;0;9219;9367;1;17,18,34,35,38,39,41,42,49,50,51,52,53,54,55,56,57,58,59,60,61,62,63,66,67,68,69,70,71,72,73,74,75,76,77,78,79,80,81,82,83,84,85,86,87,88,89,90,91,92,93,157,183,186,200,243,316,317,334,335,336,337,338,339,340,341,342,343,344,345,346,347,348,349,350,351,352,353,354,355,
29;1;9367;9532;1;17,18,34,35,38,39,41,42,49,50,51,52,53,54,55,56,57,58,59,60,61,62,63,66,67,68,69,70,71,72,73,74,75,76,77,78,79,80,81,82,83,84,85,86,87,88,89,90,91,92,93,157,183,186,200,243,316,317,334,335,336,337,338,339,340,341,342,343,344,345,346,347,348,349,350,351,352,353,354,355,
121;0;9532;9669;1;17,18,34,35,38,39,41,42,49,50,51,52,53,54,55,56,57,58,59,60,61,62,63,66,67,68,69,70,71,72,73,74,75,76,77,78,79,80,81,82,83,84,85,86,87,88,89,90,91,92,93,157,183,186,200,243,316,317,334,335,336,337,338,339,340,341,342,343,344,345,346,347,348,349,350,351,352,353,354,355,
121;1;9669;9847;1;17,18,34,35,38,39,41,42,49,50,51,52,53,54,55,56,57,58,59,60,61,62,63,66,67,68,69,70,71,72,73,74,75,76,77,78,79,80,81,82,83,84,85,86,87,88,89,90,91,92,93,157,183,186,200,243,316,317,334,335,336,337,338,339,340,341,342,343,344,345,346,347,348,349,350,351,352,353,354,355,
Machine: 1
2;0;0;11;1;0,11,12,13,14,15,16,17,18,19,20,21,22,23,24,25,26,27,28,29,30,31,48,49,61,62,63,75,95,106,107,110,171,184,185,186,196,197,198,199,244,245,246,247,248,249,250,251,252,253,254,255,256,257,258,259,260,261,262,263,264,265,266,267,268,269,270,271,272,273,274,303,304,305,306,307,308,309,310,311,
135;0;11;110;0;0,11,12,13,14,15,16,17,18,19,20,21,22,23,24,25,26,27,28,29,30,31,48,49,61,62,63,75,95,106,107,110,171,184,185,186,196,197,198,199,244,245,246,247,248,249,250,251,252,253,254,255,256,257,258,259,260,261,262,263,264,265,266,267,268,269,270,271,272,273,274,303,304,305,306,307,308,309,310,311,
135;1;110;276;0;0,11,12,13,14,15,16,17,18,19,20,21,22,23,24,25,26,27,28,29,30,31,48,49,61,62,63,75,95,106,107,110,171,184,185,186,196,197,198,199,244,245,246,247,248,249,250,251,252,253,254,255,256,257,258,259,260,261,262,263,264,265,266,267,268,269,270,271,272,273,274,303,304,305,306,307,308,309,310,311,
46;0;276;439;0;0,11,12,13,14,15,16,17,18,19,20,21,22,23,24,25,26,27,28,29,30,31,48,49,61,62,63,75,95,106,107,110,171,184,185,186,196,197,198,199,244,245,246,247,248,249,250,251,252,253,254,255,256,257,258,259,260,261,262,263,264,265,266,267,268,269,270,271,272,273,274,303,304,305,306,307,308,309,310,311,
99;0;439;505;0;0,11,12,13,14,15,16,17,18,19,20,21,22,23,24,25,26,27,28,29,30,31,48,49,61,62,63,75,95,106,107,110,171,184,185,186,196,197,198,199,244,245,246,247,248,249,250,251,252,253,254,255,256,257,258,259,260,261,262,263,264,265,266,267,268,269,270,271,272,273,274,303,304,305,306,307,308,309,310,311,
99;1;505;597;0;0,11,12,13,14,15,16,17,18,19,20,21,22,23,24,25,26,27,28,29,30,31,48,49,61,62,63,75,95,106,107,110,171,184,185,186,196,197,198,199,244,245,246,247,248,249,250,251,252,253,254,255,256,257,258,259,260,261,262,263,264,265,266,267,268,269,270,271,272,273,274,303,304,305,306,307,308,309,310,311,
19;0;597;717;0;0,11,12,13,14,15,16,17,18,19,20,21,22,23,24,25,26,27,28,29,30,31,48,49,61,62,63,75,95,106,107,110,171,184,185,186,196,197,198,199,244,245,246,247,248,249,250,251,252,253,254,255,256,257,258,259,260,261,262,263,264,265,266,267,268,269,270,271,272,273,274,303,304,305,306,307,308,309,310,311,
19;1;717;728;0;0,11,12,13,14,15,16,17,18,19,20,21,22,23,24,25,26,27,28,29,30,31,48,49,61,62,63,75,95,106,107,110,171,184,185,186,196,197,198,199,244,245,246,247,248,249,250,251,252,253,254,255,256,257,258,259,260,261,262,263,264,265,266,267,268,269,270,271,272,273,274,303,304,305,306,307,308,309,310,311,
30;0;728;842;0;0,11,12,13,14,15,16,17,18,19,20,21,22,23,24,25,26,27,28,29,30,31,48,49,61,62,63,75,95,106,107,110,171,184,185,186,196,197,198,199,244,245,246,247,248,249,250,251,252,253,254,255,256,257,258,259,260,261,262,263,264,265,266,267,268,269,270,271,272,273,274,303,304,305,306,307,308,309,310,311,
107;0;842;1014;0;0,11,12,13,14,15,16,17,18,19,20,21,22,23,24,25,26,27,28,29,30,31,48,49,61,62,63,75,95,106,107,110,171,184,185,186,196,197,198,199,244,245,246,247,248,249,250,251,252,253,254,255,256,257,258,259,260,261,262,263,264,265,266,267,268,269,270,271,272,273,274,303,304,305,306,307,308,309,310,311,
107;1;1014;1128;0;0,11,12,13,14,15,16,17,18,19,20,21,22,23,24,25,26,27,28,29,30,31,48,49,61,62,63,75,95,106,107,110,171,184,185,186,196,197,198,199,244,245,246,247,248,249,250,251,252,253,254,255,256,257,258,259,260,261,262,263,264,265,266,267,268,269,270,271,272,273,274,303,304,305,306,307,308,309,310,311,
51;0;1128;1164;0;0,11,12,13,14,15,16,17,18,19,20,21,22,23,24,25,26,27,28,29,30,31,48,49,61,62,63,75,95,106,107,110,171,184,185,186,196,197,198,199,244,245,246,247,248,249,250,251,252,253,254,255,256,257,258,259,260,261,262,263,264,265,266,267,268,269,270,271,272,273,274,303,304,305,306,307,308,309,310,311,
51;1;1164;1278;0;0,11,12,13,14,15,16,17,18,19,20,21,22,23,24,25,26,27,28,29,30,31,48,49,61,62,63,75,95,106,107,110,171,184,185,186,196,197,198,199,244,245,246,247,248,249,250,251,252,253,254,255,256,257,258,259,260,261,262,263,264,265,266,267,268,269,270,271,272,273,274,303,304,305,306,307,308,309,310,311,
83;0;1278;1329;0;0,11,12,13,14,15,16,17,18,19,20,21,22,23,24,25,26,27,28,29,30,31,48,49,61,62,63,75,95,106,107,110,171,184,185,186,196,197,198,199,244,245,246,247,248,249,250,251,252,253,254,255,256,257,258,259,260,261,262,263,264,265,266,267,268,269,270,271,272,273,274,303,304,305,306,307,308,309,310,311,
83;1;1329;1383;0;0,11,12,13,14,15,16,17,18,19,20,21,22,23,24,25,26,27,28,29,30,31,48,49,61,62,63,75,95,106,107,110,171,184,185,186,196,197,198,199,244,245,246,247,248,249,250,251,252,253,254,255,256,257,258,259,260,261,262,263,264,265,266,267,268,269,270,271,272,273,274,303,304,305,306,307,308,309,310,311,
127;0;1383;1424;0;0,11,12,13,14,15,16,17,18,19,20,21,22,23,24,25,26,27,28,29,30,31,48,49,61,62,63,75,95,106,107,110,171,184,185,186,196,197,198,199,244,245,246,247,248,249,250,251,252,253,254,255,256,257,258,259,260,261,262,263,264,265,266,267,268,269,270,271,272,273,274,303,304,305,306,307,308,309,310,311,
127;1;1424;1458;0;0,11,12,13,14,15,16,17,18,19,20,21,22,23,24,25,26,27,28,29,30,31,48,49,61,62,63,75,95,106,107,110,171,184,185,186,196,197,198,199,244,245,246,247,248,249,250,251,252,253,254,255,256,257,258,259,260,261,262,263,264,265,266,267,268,269,270,271,272,273,274,303,304,305,306,307,308,309,310,311,
86;0;1458;1508;0;0,11,12,13,14,15,16,17,18,19,20,21,22,23,24,25,26,27,28,29,30,31,48,49,61,62,63,75,95,106,107,110,171,184,185,186,196,197,198,199,244,245,246,247,248,249,250,251,252,253,254,255,256,257,258,259,260,261,262,263,264,265,266,267,268,269,270,271,272,273,274,303,304,305,306,307,308,309,310,311,
114;0;1508;1547;0;0,11,12,13,14,15,16,17,18,19,20,21,22,23,24,25,26,27,28,29,30,31,48,49,61,62,63,75,95,106,107,110,171,184,185,186,196,197,198,199,244,245,246,247,248,249,250,251,252,253,254,255,256,257,258,259,260,261,262,263,264,265,266,267,268,269,270,271,272,273,274,303,304,305,306,307,308,309,310,311,
84;0;1547;1558;1;0,11,12,13,14,15,16,17,18,19,20,21,22,23,24,25,26,27,28,29,30,31,48,49,61,62,63,75,95,106,107,110,171,184,185,186,196,197,198,199,244,245,246,247,248,249,250,251,252,253,254,255,256,257,258,259,260,261,262,263,264,265,266,267,268,269,270,271,272,273,274,303,304,305,306,307,308,309,310,311,
75;0;1558;1619;0;0,11,12,13,14,15,16,17,18,19,20,21,22,23,24,25,26,27,28,29,30,31,48,49,61,62,63,75,95,106,107,110,171,184,185,186,196,197,198,199,244,245,246,247,248,249,250,251,252,253,254,255,256,257,258,259,260,261,262,263,264,265,266,267,268,269,270,271,272,273,274,303,304,305,306,307,308,309,310,311,
75;1;1619;1630;0;0,11,12,13,14,15,16,17,18,19,20,21,22,23,24,25,26,27,28,29,30,31,48,49,61,62,63,75,95,106,107,110,171,184,185,186,196,197,198,199,244,245,246,247,248,249,250,251,252,253,254,255,256,257,258,259,260,261,262,263,264,265,266,267,268,269,270,271,272,273,274,303,304,305,306,307,308,309,310,311,
80;0;1630;1646;1;0,11,12,13,14,15,16,17,18,19,20,21,22,23,24,25,26,27,28,29,30,31,48,49,61,62,63,75,95,106,107,110,141,146,152,154,157,165,170,171,175,184,185,186,187,188,189,190,191,192,193,194,195,196,197,198,199,244,245,246,247,248,249,250,251,252,253,254,255,256,257,258,259,260,261,262,263,264,265,272,
28;0;1646;1674;1;0,11,12,13,14,15,16,17,18,19,20,21,22,23,24,25,26,27,28,29,30,31,32,33,48,49,61,62,63,75,95,106,107,110,141,146,152,154,157,165,170,171,175,184,185,186,187,188,189,190,191,192,193,194,195,196,197,198,199,244,245,246,247,248,249,250,251,252,253,254,255,256,257,258,259,260,261,262,263,272,
3;0;1674;1786;0;0,11,12,13,14,15,16,17,18,19,20,21,22,23,24,25,26,27,28,29,30,31,32,33,48,49,61,62,63,75,95,106,107,110,141,146,152,154,157,165,170,171,175,184,185,186,187,188,189,190,191,192,193,194,195,196,197,198,199,244,245,246,247,248,249,250,251,252,253,254,255,256,257,258,259,260,261,262,263,272,
3;1;1786;1814;0;0,11,12,13,14,15,16,17,18,19,20,21,22,23,24,25,26,27,28,29,30,31,32,33,48,49,61,62,63,75,95,106,107,110,141,146,152,154,157,165,170,171,175,184,185,186,187,188,189,190,191,192,193,194,195,196,197,198,199,244,245,246,247,248,249,250,251,252,253,254,255,256,257,258,259,260,261,262,263,272,
90;0;1814;1842;0;0,11,12,13,14,15,16,17,18,19,20,21,22,23,24,25,26,27,28,29,30,31,32,33,48,49,61,62,63,75,95,106,107,110,141,146,152,154,157,165,170,171,175,184,185,186,187,188,189,190,191,192,193,194,195,196,197,198,199,244,245,246,247,248,249,250,251,252,253,254,255,256,257,258,259,260,261,262,263,272,
128;0;1842;1883;1;0,11,12,13,14,15,16,17,18,19,20,21,22,23,24,25,26,27,28,29,30,31,32,33,48,49,61,62,63,66,67,75,95,106,107,110,141,146,152,154,157,165,170,171,175,184,185,186,187,188,189,190,191,192,193,194,195,196,197,198,199,244,245,246,247,248,249,250,251,252,253,254,255,256,257,258,259,260,261,272,
23;0;1883;1971;0;0,11,12,13,14,15,16,17,18,19,20,21,22,23,24,25,26,27,28,29,30,31,32,33,48,49,61,62,63,66,67,75,95,106,107,110,141,146,152,154,157,165,170,171,175,184,185,186,187,188,189,190,191,192,193,194,195,196,197,198,199,244,245,246,247,248,249,250,251,252,253,254,255,256,257,258,259,260,261,272,
23;1;1971;2012;0;0,11,12,13,14,15,16,17,18,19,20,21,22,23,24,25,26,27,28,29,30,31,32,33,48,49,61,62,63,66,67,75,95,106,107,110,141,146,152,154,157,165,170,171,175,184,185,186,187,188,189,190,191,192,193,194,195,196,197,198,199,244,245,246,247,248,249,250,251,252,253,254,255,256,257,258,259,260,261,272,
126;0;2012;2036;0;0,11,12,13,14,15,16,17,18,19,20,21,22,23,24,25,26,27,28,29,30,31,32,33,48,49,61,62,63,66,67,68,69,75,95,106,107,110,141,143,144,146,152,154,157,165,170,171,175,184,185,186,187,188,189,190,191,192,193,194,195,196,197,198,199,244,245,246,247,248,249,250,251,252,253,254,255,256,257,272,
76;0;2036;2081;1;0,11,12,13,14,15,16,17,18,19,20,21,22,23,24,25,26,27,28,29,30,31,32,33,40,41,42,43,44,45,46,47,48,49,61,62,63,66,67,68,69,75,95,106,107,110,141,143,144,146,152,154,157,165,170,171,175,184,185,186,187,188,189,190,191,192,193,194,195,196,197,198,199,244,245,246,247,248,249,272,
7;0;2081;2138;0;0,1,2,3,4,5,6,7,8,9,10,30,40,41,42,43,44,45,46,47,48,49,50,51,52,53,54,55,56,57,58,59,60,61,62,63,64,65,75,98,99,141,146,152,154,157,165,170,171,175,186,187,188,189,190,191,192,193,194,195,229,272,275,276,277,278,279,280,281,282,283,284,285,286,287,288,289,312,313,314,
7;1;2138;2183;0;0,1,2,3,4,5,6,7,8,9,10,30,40,41,42,43,44,45,46,47,48,49,50,51,52,53,54,55,56,57,58,59,60,61,62,63,64,65,75,98,99,141,146,152,154,157,165,170,171,175,186,187,188,189,190,191,192,193,194,195,229,272,275,276,277,278,279,280,281,282,283,284,285,286,287,288,289,312,313,314,
59;0;2183;2222;0;0,1,2,3,4,5,6,7,8,9,10,30,40,41,42,43,44,45,46,47,48,49,50,51,52,53,54,55,56,57,58,59,60,61,62,63,64,65,75,98,99,141,146,152,154,157,165,170,171,175,186,187,188,189,190,191,192,193,194,195,229,272,275,276,277,278,279,280,281,282,283,284,285,286,287,288,289,312,313,314,
59;1;2222;2267;0;0,1,2,3,4,5,6,7,8,9,10,30,40,41,42,43,44,45,46,47,48,49,50,51,52,53,54,55,56,57,58,59,60,61,62,63,64,65,75,98,99,141,146,152,154,157,165,170,171,175,186,187,188,189,190,191,192,193,194,195,229,272,275,276,277,278,279,280,281,282,283,284,285,286,287,288,289,312,313,314,
77;0;2267;2311;1;0,1,2,3,4,5,6,7,8,9,10,30,40,41,42,43,44,45,46,47,48,49,50,51,52,53,54,55,56,57,58,59,60,61,62,63,64,65,75,98,99,141,146,152,154,157,165,170,171,175,186,187,188,189,190,191,192,193,194,195,229,272,275,276,277,278,279,280,281,282,283,284,285,286,287,288,289,312,313,314,
77;1;2311;2330;1;0,1,2,3,4,5,6,7,8,9,10,30,40,41,42,43,44,45,46,47,48,49,50,51,52,53,54,55,56,57,58,59,60,61,62,63,64,65,75,98,99,141,146,152,154,157,165,170,171,175,186,187,188,189,190,191,192,193,194,195,229,272,275,276,277,278,279,280,281,282,283,284,285,286,287,288,289,312,313,314,
116;0;2330;2398;1;0,1,2,3,4,5,6,7,8,9,10,30,40,41,42,43,44,45,46,47,48,49,50,51,52,53,54,55,56,57,58,59,60,61,62,63,64,65,75,98,99,141,146,152,154,157,165,170,171,175,186,187,188,189,190,191,192,193,194,195,229,272,275,276,277,278,279,280,281,282,283,284,285,286,287,288,289,312,313,314,
96;0;2398;2487;1;0,1,2,3,4,5,6,7,8,9,10,30,40,41,42,43,44,45,46,47,48,49,50,51,52,53,54,55,56,57,58,59,60,61,62,63,64,65,75,98,99,141,146,152,154,157,165,170,171,175,186,187,188,189,190,191,192,193,194,195,229,272,275,276,277,278,279,280,281,282,283,284,285,286,287,288,289,312,313,314,
132;0;2487;2582;1;0,1,2,3,4,5,6,7,8,9,10,30,40,41,42,43,44,45,46,47,48,49,50,51,52,53,54,55,56,57,58,59,60,61,62,63,64,65,75,98,99,141,146,152,154,157,165,170,171,175,186,187,188,189,190,191,192,193,194,195,229,272,275,276,277,278,279,280,281,282,283,284,285,286,287,288,289,312,313,314,
106;0;2582;2677;0;0,1,2,3,4,5,6,7,8,9,10,30,40,41,42,43,44,45,46,47,48,49,50,51,52,53,54,55,56,57,58,59,60,61,62,63,64,65,75,98,99,141,146,152,154,157,165,170,171,175,186,187,188,189,190,191,192,193,194,195,229,272,275,276,277,278,279,280,281,282,283,284,285,286,287,288,289,312,313,314,
14;0;2677;2772;0;0,1,2,3,4,5,6,7,8,9,10,30,40,41,42,43,44,45,46,47,48,49,50,51,52,53,54,55,56,57,58,59,60,61,62,63,64,65,75,98,99,141,146,152,154,157,165,170,171,175,186,187,188,189,190,191,192,193,194,195,229,272,275,276,277,278,279,280,281,282,283,284,285,286,287,288,289,312,313,314,
105;0;2772;2783;1;0,1,2,3,4,5,6,7,8,9,10,30,40,41,42,43,44,45,46,47,48,49,50,51,52,53,54,55,56,57,58,59,60,61,62,63,64,65,75,98,99,141,146,152,154,157,165,170,171,175,186,187,188,189,190,191,192,193,194,195,229,272,275,276,277,278,279,280,281,282,283,284,285,286,287,288,289,312,313,314,
105;1;2783;2872;1;0,1,2,3,4,5,6,7,8,9,10,30,40,41,42,43,44,45,46,47,48,49,50,51,52,53,54,55,56,57,58,59,60,61,62,63,64,65,75,98,99,141,146,152,154,157,165,170,171,175,186,187,188,189,190,191,192,193,194,195,229,272,275,276,277,278,279,280,281,282,283,284,285,286,287,288,289,312,313,314,
8;0;2872;2978;1;0,1,2,3,4,5,6,7,8,9,10,30,40,41,42,43,44,45,46,47,48,49,50,51,52,53,54,55,56,57,58,59,60,61,62,63,64,65,75,98,99,141,146,152,154,157,165,170,171,175,186,187,188,189,190,191,192,193,194,195,229,272,275,276,277,278,279,280,281,282,283,284,285,286,287,288,289,312,313,314,
37;0;2978;3074;1;0,1,2,3,4,5,6,7,8,9,10,30,40,41,42,43,44,45,46,47,48,49,50,51,52,53,54,55,56,57,58,59,60,61,62,63,64,65,75,98,99,141,146,152,154,157,165,170,171,175,186,187,188,189,190,191,192,193,194,195,229,272,275,276,277,278,279,280,281,282,283,284,285,286,287,288,289,312,313,314,
37;1;3074;3090;1;0,1,2,3,4,5,6,7,8,9,10,30,40,41,42,43,44,45,46,47,48,49,50,51,52,53,54,55,56,57,58,59,60,61,62,63,64,65,75,98,99,141,146,152,154,157,165,170,171,175,186,187,188,189,190,191,192,193,194,195,229,272,275,276,277,278,279,280,281,282,283,284,285,286,287,288,289,312,313,314,
40;0;3090;3203;1;0,1,2,3,4,5,6,7,8,9,10,30,40,41,42,43,44,45,46,47,48,49,50,51,52,53,54,55,56,57,58,59,60,61,62,63,64,65,75,98,99,141,146,147,152,154,155,157,158,165,170,171,175,177,186,187,188,189,190,191,192,193,194,195,200,229,272,275,276,277,278,279,280,281,282,283,284,285,286,287,
20;0;3203;3325;1;0,1,2,3,4,5,6,7,8,9,10,30,35,40,41,42,43,44,45,46,48,49,50,51,52,53,54,55,56,57,58,59,60,61,62,63,75,141,145,146,147,148,149,150,151,152,153,154,155,156,157,158,159,160,161,162,163,164,165,166,167,168,169,170,171,172,173,174,175,176,177,178,179,180,181,186,187,200,229,272,
57;0;3325;3354;1;0,1,2,3,4,5,6,7,8,9,10,30,35,40,41,42,43,44,45,46,48,49,50,51,52,53,54,55,56,57,58,59,60,61,62,63,75,103,141,145,146,147,148,149,150,151,152,153,154,155,156,157,158,159,160,161,162,163,164,165,166,167,168,169,170,171,172,173,174,175,176,177,178,179,182,186,187,200,229,272,
57;1;3354;3455;1;0,1,2,3,4,5,6,7,8,9,10,30,35,40,41,42,43,44,45,46,48,49,50,51,52,53,54,55,56,57,58,59,60,61,62,63,75,103,141,145,146,147,148,149,150,151,152,153,154,155,156,157,158,159,160,161,162,163,164,165,166,167,168,169,170,171,172,173,174,175,176,177,178,179,182,186,187,200,229,272,
78;0;3455;3556;0;0,1,2,3,4,5,6,7,8,9,10,30,35,40,41,42,43,44,45,46,48,49,50,51,52,53,54,55,56,57,58,59,60,61,62,63,75,103,141,145,146,147,148,149,150,151,152,153,154,155,156,157,158,159,160,161,162,163,164,165,166,167,168,169,170,171,172,173,174,175,176,177,178,179,182,186,187,200,229,272,
50;0;3556;3615;0;0,1,2,3,4,30,31,34,35,36,37,38,39,41,42,46,48,75,78,79,81,100,101,103,163,165,182,186,201,202,205,206,207,208,209,210,211,212,213,214,215,216,217,218,219,220,221,222,223,224,225,226,227,228,229,230,231,232,233,234,235,236,237,238,239,240,272,290,291,292,293,294,295,296,297,298,299,300,301,302,
44;0;3615;3745;1;0,1,2,3,4,30,31,34,35,36,37,38,39,41,42,46,48,75,78,79,81,100,101,103,163,165,182,186,201,202,205,206,207,208,209,210,211,212,213,214,215,216,217,218,219,220,221,222,223,224,225,226,227,228,229,230,231,232,233,234,235,236,237,238,239,240,272,290,291,292,293,294,295,296,297,298,299,300,301,302,
131;0;3745;3877;0;0,1,2,3,4,30,31,34,35,36,37,38,39,41,42,46,48,75,78,79,81,100,101,103,163,165,182,186,201,202,205,206,207,208,209,210,211,212,213,214,215,216,217,218,219,220,221,222,223,224,225,226,227,228,229,230,231,232,233,234,235,236,237,238,239,240,272,290,291,292,293,294,295,296,297,298,299,300,301,302,
131;1;3877;4007;0;0,1,2,3,4,30,31,34,35,36,37,38,39,41,42,46,48,75,78,79,81,100,101,103,163,165,182,186,201,202,205,206,207,208,209,210,211,212,213,214,215,216,217,218,219,220,221,222,223,224,225,226,227,228,229,230,231,232,233,234,235,236,237,238,239,240,272,290,291,292,293,294,295,296,297,298,299,300,301,302,
56;0;4007;4141;1;0,1,2,3,4,30,31,34,35,36,37,38,39,41,42,46,48,75,78,79,81,100,101,103,163,165,182,186,201,202,205,206,207,208,209,210,211,212,213,214,215,216,217,218,219,220,221,222,223,224,225,226,227,228,229,230,231,232,233,234,235,236,237,238,239,240,272,290,291,292,293,294,295,296,297,298,299,300,301,302,
111;0;4141;4299;0;0,1,2,3,4,30,31,34,35,36,37,38,39,41,42,46,48,75,78,79,81,100,101,103,163,165,182,186,201,202,205,206,207,208,209,210,211,212,213,214,215,216,217,218,219,220,221,222,223,224,225,226,227,228,229,230,231,232,233,234,235,236,237,238,239,240,272,290,291,292,293,294,295,296,297,298,299,300,301,302,
111;1;4299;4433;0;0,1,2,3,4,30,31,34,35,36,37,38,39,41,42,46,48,75,78,79,81,100,101,103,163,165,182,186,201,202,205,206,207,208,209,210,211,212,213,214,215,216,217,218,219,220,221,222,223,224,225,226,227,228,229,230,231,232,233,234,235,236,237,238,239,240,272,290,291,292,293,294,295,296,297,298,299,300,301,302,
62;0;4433;4567;0;0,1,2,3,4,30,31,34,35,36,37,38,39,41,42,46,48,75,78,79,81,100,101,103,163,165,182,186,201,202,205,206,207,208,209,210,211,212,213,214,215,216,217,218,219,220,221,222,223,224,225,226,227,228,229,230,231,232,233,234,235,236,237,238,239,240,272,290,291,292,293,294,295,296,297,298,299,300,301,302,
48;0;4567;4714;1;0,1,2,3,4,30,31,34,35,36,37,38,39,41,42,46,48,75,78,79,81,100,101,103,163,165,182,186,201,202,205,206,207,208,209,210,211,212,213,214,215,216,217,218,219,220,221,222,223,224,225,226,227,228,229,230,231,232,233,234,235,236,237,238,239,240,272,290,291,292,293,294,295,296,297,298,299,300,301,302,
95;0;4714;4744;0;0,1,2,3,4,30,31,34,35,36,37,38,39,41,42,46,48,75,78,79,81,100,101,103,163,165,182,186,201,202,205,206,207,208,209,210,211,212,213,214,215,216,217,218,219,220,221,222,223,224,225,226,227,228,229,230,231,232,233,234,235,236,237,238,239,240,272,290,291,292,293,294,295,296,297,298,299,300,301,302,
95;1;4744;4891;0;0,1,2,3,4,30,31,34,35,36,37,38,39,41,42,46,48,75,78,79,81,100,101,103,163,165,182,186,201,202,205,206,207,208,209,210,211,212,213,214,215,216,217,218,219,220,221,222,223,224,225,226,227,228,229,230,231,232,233,234,235,236,237,238,239,240,272,290,291,292,293,294,295,296,297,298,299,300,301,302,
124;0;4891;5041;1;0,1,2,3,4,30,31,34,35,36,37,38,39,41,42,46,48,75,78,79,81,100,101,103,163,165,182,186,201,202,205,206,207,208,209,210,211,212,213,214,215,216,217,218,219,220,221,222,223,224,225,226,227,228,229,230,231,232,233,234,235,236,237,238,239,240,272,290,291,292,293,294,295,296,297,298,299,300,301,302,
108;0;5041;5193;1;0,1,2,3,4,30,31,34,35,36,37,38,39,41,42,46,48,75,78,79,81,100,101,103,163,165,182,186,201,202,205,206,207,208,209,210,211,212,213,214,215,216,217,218,219,220,221,222,223,224,225,226,227,228,229,230,231,232,233,234,235,236,237,238,239,240,272,290,291,292,293,294,295,296,297,298,299,300,301,302,
49;0;5193;5349;1;0,1,2,3,4,30,31,34,35,36,37,38,39,41,42,46,48,75,78,79,81,100,101,103,163,165,182,186,201,202,205,206,207,208,209,210,211,212,213,214,215,216,217,218,219,220,221,222,223,224,225,226,227,228,229,230,231,232,233,234,235,236,237,238,239,240,272,290,291,292,293,294,295,296,297,298,299,300,301,302,
49;1;5349;5353;1;0,1,2,3,4,30,31,34,35,36,37,38,39,41,42,46,48,75,78,79,81,100,101,103,163,165,182,186,201,202,205,206,207,208,209,210,211,212,213,214,215,216,217,218,219,220,221,222,223,224,225,226,227,228,229,230,231,232,233,234,235,236,237,238,239,240,272,290,291,292,293,294,295,296,297,298,299,300,301,302,
70;0;5353;5357;0;0,1,2,3,4,30,31,34,35,36,37,38,39,41,42,46,48,75,78,79,81,100,101,103,163,165,182,186,201,202,205,206,207,208,209,210,211,212,213,214,215,216,217,218,219,220,221,222,223,224,225,226,227,228,229,230,231,232,233,234,235,236,237,238,239,240,272,290,291,292,293,294,295,296,297,298,299,300,301,302,
32;0;5357;5525;1;0,1,2,3,4,30,31,34,35,36,37,38,39,41,42,46,48,75,78,79,81,100,101,103,163,165,182,186,201,202,205,206,207,208,209,210,211,212,213,214,215,216,217,218,219,220,221,222,223,224,225,226,227,228,229,230,231,232,233,234,235,236,237,238,239,240,272,290,291,292,293,294,295,296,297,298,299,300,301,302,
79;0;5525;5591;0;0,1,2,3,4,30,31,34,35,36,37,38,39,41,42,46,48,75,78,79,81,100,101,103,163,165,182,186,201,202,205,206,207,208,209,210,211,212,213,214,215,216,217,218,219,220,221,222,223,224,225,226,227,228,229,230,231,232,233,234,235,236,237,238,239,240,272,290,291,292,293,294,295,296,297,298,299,300,301,302,
79;1;5591;5759;0;0,1,2,3,4,30,31,34,35,36,37,38,39,41,42,46,48,75,78,79,81,100,101,103,163,165,182,186,201,202,205,206,207,208,209,210,211,212,213,214,215,216,217,218,219,220,221,222,223,224,225,226,227,228,229,230,231,232,233,234,235,236,237,238,239,240,272,290,291,292,293,294,295,296,297,298,299,300,301,302,
117;0;5759;5920;1;0,1,2,3,4,30,31,34,35,36,37,38,39,41,42,46,48,75,78,79,81,100,101,103,163,165,182,186,201,202,205,206,207,208,209,210,211,212,213,214,215,216,217,218,219,220,221,222,223,224,225,226,227,228,229,230,231,232,233,234,235,236,237,238,239,240,272,290,291,292,293,294,295,296,297,298,299,300,301,302,
117;1;5920;5931;1;0,1,2,3,4,30,31,34,35,36,37,38,39,41,42,46,48,75,78,79,81,100,101,103,163,165,182,186,201,202,205,206,207,208,209,210,211,212,213,214,215,216,217,218,219,220,221,222,223,224,225,226,227,228,229,230,231,232,233,234,235,236,237,238,239,240,272,290,291,292,293,294,295,296,297,298,299,300,301,302,
129;0;5931;6062;1;0,1,2,3,4,30,31,34,35,36,37,38,39,41,42,46,48,75,78,79,81,100,101,103,163,165,182,186,201,202,203,204,205,206,207,208,209,210,211,212,213,214,215,216,217,218,219,220,221,222,223,224,225,226,227,228,229,230,231,232,233,234,235,236,237,238,272,290,291,292,293,294,295,296,297,298,299,300,301,302,
129;1;6062;6115;1;0,1,2,3,4,30,31,34,35,36,37,38,39,41,42,46,48,75,78,79,81,100,101,103,163,165,182,186,201,202,203,204,205,206,207,208,209,210,211,212,213,214,215,216,217,218,219,220,221,222,223,224,225,226,227,228,229,230,231,232,233,234,235,236,237,238,272,290,291,292,293,294,295,296,297,298,299,300,301,302,
0;0;6115;6241;1;0,1,2,3,4,5,6,7,8,9,10,30,31,34,35,36,37,38,39,41,42,46,48,75,78,79,81,100,101,103,163,165,182,186,201,202,203,204,205,206,207,208,209,210,211,212,213,214,215,216,217,218,219,220,221,222,223,224,225,226,227,228,229,230,231,232,272,290,291,292,293,294,295,296,297,298,299,300,301,302,
0;1;6241;6309;1;0,1,2,3,4,5,6,7,8,9,10,30,31,34,35,36,37,38,39,41,42,46,48,75,78,79,81,100,101,103,163,165,182,186,201,202,203,204,205,206,207,208,209,210,211,212,213,214,215,216,217,218,219,220,221,222,223,224,225,226,227,228,229,230,231,232,272,290,291,292,293,294,295,296,297,298,299,300,301,302,
85;0;6309;6471;1;0,1,2,3,4,5,6,7,8,9,10,30,31,34,35,36,37,38,39,41,42,46,48,49,50,51,52,53,54,55,56,57,58,59,60,61,62,63,66,67,75,78,79,81,100,101,103,148,152,154,155,163,165,182,186,201,202,203,204,205,206,207,208,241,242,243,272,290,291,292,293,294,295,296,297,298,299,300,301,302,
85;1;6471;6512;1;0,1,2,3,4,5,6,7,8,9,10,30,31,34,35,36,37,38,39,41,42,46,48,49,50,51,52,53,54,55,56,57,58,59,60,61,62,63,66,67,75,78,79,81,100,101,103,148,152,154,155,163,165,182,186,201,202,203,204,205,206,207,208,241,242,243,272,290,291,292,293,294,295,296,297,298,299,300,301,302,
69;0;6512;6567;1;0,1,2,3,4,5,6,7,8,9,10,30,31,34,35,36,37,38,39,41,42,46,48,49,50,51,52,53,54,55,56,57,58,59,60,61,62,63,66,67,75,78,79,81,100,101,103,148,152,154,155,163,165,182,186,201,202,203,204,205,206,207,208,241,242,243,272,290,291,292,293,294,295,296,297,298,299,300,301,302,
69;1;6567;6725;1;0,1,2,3,4,5,6,7,8,9,10,30,31,34,35,36,37,38,39,41,42,46,48,49,50,51,52,53,54,55,56,57,58,59,60,61,62,63,66,67,75,78,79,81,100,101,103,148,152,154,155,163,165,182,186,201,202,203,204,205,206,207,208,241,242,243,272,290,291,292,293,294,295,296,297,298,299,300,301,302,
38;0;6725;6883;0;0,1,2,3,4,5,6,7,8,9,10,30,31,34,35,36,37,38,39,41,42,46,48,49,50,51,52,53,54,55,56,57,58,59,60,61,62,63,66,67,75,78,79,81,100,101,103,148,152,154,155,163,165,182,186,201,202,203,204,205,206,207,208,241,242,243,272,290,291,292,293,294,295,296,297,298,299,300,301,302,
125;0;6883;6925;1;0,1,2,3,4,5,6,7,8,9,10,30,31,34,35,36,37,38,39,41,42,46,48,49,50,51,52,53,54,55,56,57,58,59,60,61,62,63,66,67,75,78,79,81,100,101,103,148,152,154,155,163,165,182,186,201,202,203,204,205,206,207,208,241,242,243,272,290,291,292,293,294,295,296,297,298,299,300,301,302,
125;1;6925;7099;1;0,1,2,3,4,5,6,7,8,9,10,30,31,34,35,36,37,38,39,41,42,46,48,49,50,51,52,53,54,55,56,57,58,59,60,61,62,63,66,67,75,78,79,81,100,101,103,148,152,154,155,163,165,182,186,201,202,203,204,205,206,207,208,241,242,243,272,290,291,292,293,294,295,296,297,298,299,300,301,302,
65;0;7099;7214;1;0,1,2,3,4,5,6,7,8,9,10,30,31,34,35,36,37,38,39,41,42,46,48,49,50,51,52,53,54,55,56,57,58,59,60,61,62,63,66,67,75,78,79,81,100,101,103,148,152,154,155,163,165,182,186,201,202,203,204,205,206,207,208,241,242,243,272,290,291,292,293,294,295,296,297,298,299,300,301,302,
65;1;7214;7331;1;0,1,2,3,4,5,6,7,8,9,10,30,31,34,35,36,37,38,39,41,42,46,48,49,50,51,52,53,54,55,56,57,58,59,60,61,62,63,66,67,75,78,79,81,100,101,103,148,152,154,155,163,165,182,186,201,202,203,204,205,206,207,208,241,242,243,272,290,291,292,293,294,295,296,297,298,299,300,301,302,
66;0;7331;7448;0;0,1,2,3,4,5,6,7,8,9,10,30,31,34,35,36,37,38,39,41,42,46,48,49,50,51,52,53,54,55,56,57,58,59,60,61,62,63,66,67,75,78,79,81,100,101,103,148,152,154,155,163,165,182,186,201,202,203,204,205,206,207,208,241,242,243,272,290,291,292,293,294,295,296,297,298,299,300,301,302,
45;0;7448;7573;1;0,1,2,3,4,5,6,7,8,9,10,30,31,34,35,36,37,38,39,41,42,46,48,49,50,51,52,53,54,55,56,57,58,59,60,61,62,63,66,67,75,78,79,81,100,101,103,147,148,152,154,155,158,163,165,171,175,177,182,186,187,200,201,202,203,204,272,290,291,292,293,294,295,296,297,298,299,300,301,302,
45;1;7573;7686;1;0,1,2,3,4,5,6,7,8,9,10,30,31,34,35,36,37,38,39,41,42,46,48,49,50,51,52,53,54,55,56,57,58,59,60,61,62,63,66,67,75,78,79,81,100,101,103,147,148,152,154,155,158,163,165,171,175,177,182,186,187,200,201,202,203,204,272,290,291,292,293,294,295,296,297,298,299,300,301,302,
137;0;7686;7775;1;0,1,2,3,4,5,6,7,8,9,10,30,31,34,35,36,37,38,39,41,42,46,48,49,50,51,52,53,54,55,56,57,58,59,60,61,62,63,66,67,75,78,79,81,96,97,100,101,103,147,148,152,154,155,157,158,163,165,171,175,177,182,183,186,187,200,272,290,291,292,293,294,295,296,297,298,299,300,301,302,
137;1;7775;7940;1;0,1,2,3,4,5,6,7,8,9,10,30,31,34,35,36,37,38,39,41,42,46,48,49,50,51,52,53,54,55,56,57,58,59,60,61,62,63,66,67,75,78,79,81,96,97,100,101,103,147,148,152,154,155,157,158,163,165,171,175,177,182,183,186,187,200,272,290,291,292,293,294,295,296,297,298,299,300,301,302,
54;0;7940;8105;0;0,1,2,3,4,5,6,7,8,9,10,30,31,34,35,36,37,38,39,41,42,46,48,49,50,51,52,53,54,55,56,57,58,59,60,61,62,63,66,67,75,78,79,81,96,97,100,101,103,147,148,152,154,155,157,158,163,165,171,175,177,182,183,186,187,200,272,290,291,292,293,294,295,296,297,298,299,300,301,302,
13;0;8105;8269;1;0,1,2,3,4,5,6,7,8,9,10,30,31,34,35,36,37,38,39,41,42,46,48,49,50,51,52,53,54,55,56,57,58,59,60,61,62,63,66,67,75,78,79,81,96,97,100,101,103,147,148,152,154,155,157,158,163,165,171,175,177,182,183,186,187,200,272,290,291,292,293,294,295,296,297,298,299,300,301,302,
13;1;8269;8375;1;0,1,2,3,4,5,6,7,8,9,10,30,31,34,35,36,37,38,39,41,42,46,48,49,50,51,52,53,54,55,56,57,58,59,60,61,62,63,66,67,75,78,79,81,96,97,100,101,103,147,148,152,154,155,157,158,163,165,171,175,177,182,183,186,187,200,272,290,291,292,293,294,295,296,297,298,299,300,301,302,
53;0;8375;8504;1;0,1,2,3,4,5,6,7,8,9,10,30,31,34,35,36,37,38,39,41,42,46,48,49,50,51,52,53,54,55,56,57,58,59,60,61,62,63,66,67,75,78,79,81,96,97,100,101,103,147,148,152,154,155,157,158,163,165,171,175,177,182,183,186,187,200,272,290,291,292,293,294,295,296,297,298,299,300,301,302,
53;1;8504;8664;1;0,1,2,3,4,5,6,7,8,9,10,30,31,34,35,36,37,38,39,41,42,46,48,49,50,51,52,53,54,55,56,57,58,59,60,61,62,63,66,67,75,78,79,81,96,97,100,101,103,147,148,152,154,155,157,158,163,165,171,175,177,182,183,186,187,200,272,290,291,292,293,294,295,296,297,298,299,300,301,302,
26;0;8664;8824;0;0,1,2,3,4,5,6,7,8,9,10,30,31,34,35,36,37,38,39,41,42,46,48,49,50,51,52,53,54,55,56,57,58,59,60,61,62,63,66,67,75,78,79,81,96,97,100,101,103,147,148,152,154,155,157,158,163,165,171,175,177,182,183,186,187,200,272,290,291,292,293,294,295,296,297,298,299,300,301,302,
81;0;8824;8981;1;0,1,2,3,4,5,6,7,8,9,10,30,31,34,35,36,37,38,39,41,42,46,48,49,50,51,52,53,54,55,56,57,58,59,60,61,62,63,66,67,75,78,79,81,96,97,100,101,103,147,148,152,154,155,157,158,163,165,171,175,177,182,183,186,187,200,272,290,291,292,293,294,295,296,297,298,299,300,301,302,
81;1;8981;9133;1;0,1,2,3,4,5,6,7,8,9,10,30,31,34,35,36,37,38,39,41,42,46,48,49,50,51,52,53,54,55,56,57,58,59,60,61,62,63,66,67,75,78,79,81,96,97,100,101,103,147,148,152,154,155,157,158,163,165,171,175,177,182,183,186,187,200,272,290,291,292,293,294,295,296,297,298,299,300,301,302,
97;0;9133;9297;1;0,1,2,3,4,5,6,7,8,9,10,30,31,34,35,36,37,38,39,41,42,46,48,49,50,51,52,53,54,55,56,57,58,59,60,61,62,63,66,67,75,78,79,81,96,97,100,101,103,147,148,152,154,155,157,158,163,165,171,175,177,182,183,186,187,200,272,290,291,292,293,294,295,296,297,298,299,300,301,302,
97;1;9297;9447;1;0,1,2,3,4,5,6,7,8,9,10,30,31,34,35,36,37,38,39,41,42,46,48,49,50,51,52,53,54,55,56,57,58,59,60,61,62,63,66,67,75,78,79,81,96,97,100,101,103,147,148,152,154,155,157,158,163,165,171,175,177,182,183,186,187,200,272,290,291,292,293,294,295,296,297,298,299,300,301,302,
5;0;9447;9623;1;0,1,2,3,4,5,6,7,8,9,10,30,31,34,35,36,37,38,39,41,42,46,48,49,50,51,52,53,54,55,56,57,58,59,60,61,62,63,66,67,75,78,79,81,96,97,100,101,103,147,148,152,154,155,157,158,163,165,171,175,177,182,183,186,187,200,272,290,291,292,293,294,295,296,297,298,299,300,301,302,
5;1;9623;9770;1;0,1,2,3,4,5,6,7,8,9,10,30,31,34,35,36,37,38,39,41,42,46,48,49,50,51,52,53,54,55,56,57,58,59,60,61,62,63,66,67,75,78,79,81,96,97,100,101,103,147,148,152,154,155,157,158,163,165,171,175,177,182,183,186,187,200,272,290,291,292,293,294,295,296,297,298,299,300,301,302,
END
fineshedJobsCount: 207
switchs: 462
switchsInstances: 34
unfineshedPriorityCount: 103
finalSolution: 2318
totalUnfineshed: 2
Time: 2
