./input/BaseInstances/6M1_n=15,r=0.6,t=19,v0.txt;./input/Processed/ToolSetInt.csv
7;720;1440
Machine: 0
7;0;0;31;0;0,1,2,3,4,5,6,7,8,9,10,11,12,13,14,15,16,17,18,
3;0;31;197;0;0,1,2,3,4,5,6,7,8,9,10,11,12,13,14,15,16,17,18,
3;1;197;239;0;0,1,2,3,4,5,6,7,8,9,10,11,12,13,14,15,16,17,18,
Machine: 1
5;0;0;66;0;0,1,2,3,4,5,6,7,8,9,10,11,12,13,14,15,16,17,18,
1;0;66;224;0;0,1,2,3,4,5,6,7,8,9,10,11,12,13,14,15,16,17,18,
1;1;224;289;0;0,1,2,3,4,5,6,7,8,9,10,11,12,13,14,15,16,17,18,
Machine: 2
0;0;0;32;1;0,1,2,3,4,5,6,7,8,9,10,11,12,13,14,15,16,17,18,
0;1;32;87;1;0,1,2,3,4,5,6,7,8,9,10,11,12,13,14,15,16,17,18,
8;0;87;192;0;0,1,2,3,4,5,6,7,8,9,10,11,12,13,14,15,16,17,18,
8;1;192;328;0;0,1,2,3,4,5,6,7,8,9,10,11,12,13,14,15,16,17,18,
Machine: 3
4;0;0;73;1;0,1,2,3,4,5,6,7,8,9,10,11,12,13,14,15,16,17,18,
4;1;73;117;1;0,1,2,3,4,5,6,7,8,9,10,11,12,13,14,15,16,17,18,
Machine: 4
6;0;0;30;1;0,1,2,3,4,5,6,7,8,9,10,11,12,13,14,15,16,17,18,
6;1;30;120;1;0,1,2,3,4,5,6,7,8,9,10,11,12,13,14,15,16,17,18,
Machine: 5
2;0;0;172;1;0,1,2,3,4,5,6,7,8,9,10,11,12,13,14,15,16,17,18,
END
fineshedJobsCount: 15
switchs: 0
switchsInstances: 0
unfineshedPriorityCount: 7
finalSolution: 240
totalUnfineshed: 0
Time: 0
