./input/BaseInstances/6M2_n=339,r=0.4,t=339,v0.txt;./input/Processed/ToolSetInt.csv
7;720;1440
Machine: 0
143;0;0;14;1;0,1,2,5,12,14,16,17,18,19,20,23,26,29,30,31,32,33,40,46,55,78,79,82,84,85,86,87,90,91,117,122,123,124,125,126,127,128,129,130,148,149,150,151,152,153,154,155,156,157,158,159,160,161,162,163,177,196,242,249,274,275,276,277,278,285,288,289,292,324,325,326,327,328,329,330,331,332,333,334,
58;0;14;140;0;0,1,2,5,12,14,16,17,18,19,20,23,26,29,30,31,32,33,40,46,55,78,79,82,84,85,86,87,90,91,117,122,123,124,125,126,127,128,129,130,148,149,150,151,152,153,154,155,156,157,158,159,160,161,162,163,177,196,242,249,274,275,276,277,278,285,288,289,292,324,325,326,327,328,329,330,331,332,333,334,
219;0;140;316;0;0,1,2,5,12,14,16,17,18,19,20,23,26,29,30,31,32,33,40,46,55,78,79,82,84,85,86,87,90,91,117,122,123,124,125,126,127,128,129,130,148,149,150,151,152,153,154,155,156,157,158,159,160,161,162,163,177,196,242,249,274,275,276,277,278,285,288,289,292,324,325,326,327,328,329,330,331,332,333,334,
219;1;316;477;0;0,1,2,5,12,14,16,17,18,19,20,23,26,29,30,31,32,33,40,46,55,78,79,82,84,85,86,87,90,91,117,122,123,124,125,126,127,128,129,130,148,149,150,151,152,153,154,155,156,157,158,159,160,161,162,163,177,196,242,249,274,275,276,277,278,285,288,289,292,324,325,326,327,328,329,330,331,332,333,334,
39;0;477;624;0;0,1,2,5,12,14,16,17,18,19,20,23,26,29,30,31,32,33,40,46,55,78,79,82,84,85,86,87,90,91,117,122,123,124,125,126,127,128,129,130,131,132,133,134,135,136,137,148,149,150,151,152,153,154,155,156,157,158,159,160,161,162,163,177,196,242,249,274,275,276,277,278,285,288,289,292,324,325,326,327,
39;1;624;744;0;0,1,2,5,12,14,16,17,18,19,20,23,26,29,30,31,32,33,40,46,55,78,79,82,84,85,86,87,90,91,117,122,123,124,125,126,127,128,129,130,131,132,133,134,135,136,137,148,149,150,151,152,153,154,155,156,157,158,159,160,161,162,163,177,196,242,249,274,275,276,277,278,285,288,289,292,324,325,326,327,
239;0;744;916;0;0,1,2,5,12,14,16,17,18,19,20,23,26,29,30,31,32,33,40,46,55,78,79,82,84,85,86,87,90,91,117,122,123,124,125,126,127,128,129,130,131,132,133,134,135,136,137,148,149,150,151,152,153,154,155,156,157,158,159,160,161,162,163,177,196,242,249,274,275,276,277,278,285,288,289,292,324,325,326,327,
239;1;916;994;0;0,1,2,5,12,14,16,17,18,19,20,23,26,29,30,31,32,33,40,46,55,78,79,82,84,85,86,87,90,91,117,122,123,124,125,126,127,128,129,130,131,132,133,134,135,136,137,148,149,150,151,152,153,154,155,156,157,158,159,160,161,162,163,177,196,242,249,274,275,276,277,278,285,288,289,292,324,325,326,327,
202;0;994;1131;0;0,1,2,5,12,14,16,17,18,19,20,23,26,29,30,31,32,33,40,46,55,78,79,82,84,85,86,87,90,91,117,122,123,124,125,126,127,128,129,130,131,132,133,134,135,136,137,148,149,150,151,152,153,154,155,156,157,158,159,160,161,162,163,177,196,242,249,274,275,276,277,278,285,288,289,292,324,325,326,327,
202;1;1131;1217;0;0,1,2,5,12,14,16,17,18,19,20,23,26,29,30,31,32,33,40,46,55,78,79,82,84,85,86,87,90,91,117,122,123,124,125,126,127,128,129,130,131,132,133,134,135,136,137,148,149,150,151,152,153,154,155,156,157,158,159,160,161,162,163,177,196,242,249,274,275,276,277,278,285,288,289,292,324,325,326,327,
28;0;1217;1392;0;0,1,2,5,12,14,16,17,18,19,20,23,26,29,30,31,32,33,40,46,55,78,79,82,84,85,86,87,90,91,117,122,123,124,125,126,127,128,129,130,131,132,133,134,135,136,137,148,149,150,151,152,153,154,155,156,157,158,159,160,161,162,163,177,196,242,249,274,275,276,277,278,285,288,289,292,324,325,326,327,
88;0;1440;1612;0;0,1,2,5,6,11,12,14,16,17,18,19,20,21,22,23,26,29,30,31,32,33,40,46,55,78,79,82,84,85,86,87,90,91,117,122,123,124,125,126,127,128,129,130,131,132,133,134,135,136,137,148,149,150,151,152,153,154,155,156,157,158,159,160,161,162,163,177,196,242,249,274,275,276,277,278,285,288,289,292,
232;0;1612;1620;0;0,1,2,5,6,11,12,14,15,16,17,18,19,20,21,22,23,26,29,30,31,32,33,40,46,55,78,79,82,84,85,86,87,90,91,117,122,123,124,125,126,127,128,129,130,131,132,133,134,135,136,137,148,149,150,151,152,153,154,155,156,157,158,159,160,161,162,163,177,196,242,249,274,275,276,277,278,285,288,289,
232;1;1620;1777;0;0,1,2,5,6,11,12,14,15,16,17,18,19,20,21,22,23,26,29,30,31,32,33,40,46,55,78,79,82,84,85,86,87,90,91,117,122,123,124,125,126,127,128,129,130,131,132,133,134,135,136,137,148,149,150,151,152,153,154,155,156,157,158,159,160,161,162,163,177,196,242,249,274,275,276,277,278,285,288,289,
162;0;1777;1895;0;0,1,2,5,6,11,12,14,15,16,17,18,19,20,21,22,23,26,29,30,31,32,33,40,46,55,78,79,82,84,85,86,87,90,91,117,122,123,124,125,126,127,128,129,130,131,132,133,134,135,136,137,148,149,150,151,152,153,154,155,156,157,158,159,160,161,162,163,177,195,196,213,242,249,274,275,276,280,281,282,
162;1;1895;1927;0;0,1,2,5,6,11,12,14,15,16,17,18,19,20,21,22,23,26,29,30,31,32,33,40,46,55,78,79,82,84,85,86,87,90,91,117,122,123,124,125,126,127,128,129,130,131,132,133,134,135,136,137,148,149,150,151,152,153,154,155,156,157,158,159,160,161,162,163,177,195,196,213,242,249,274,275,276,280,281,282,
215;0;1927;2071;0;0,1,2,5,6,10,11,12,14,15,16,17,18,19,20,21,22,23,26,29,30,31,32,33,40,46,55,77,78,79,82,84,85,86,87,90,91,117,122,123,124,125,126,127,128,129,130,131,132,133,134,135,136,137,148,149,150,151,152,153,154,155,156,157,158,159,160,161,162,163,177,195,196,213,242,249,274,275,276,280,
85;0;2071;2202;0;0,1,2,4,5,6,7,8,9,10,11,12,14,15,16,17,18,19,20,21,22,23,26,29,30,31,32,33,40,45,46,47,48,49,50,51,54,55,63,68,69,70,71,72,73,74,75,76,77,78,79,80,81,82,83,84,85,86,87,90,91,124,129,137,148,149,150,193,196,238,239,240,256,257,258,259,295,296,297,298,
235;0;2202;2247;0;0,1,2,4,5,6,7,8,9,10,11,12,14,15,16,17,18,19,20,21,22,23,26,29,30,31,32,33,40,45,46,47,48,49,50,51,54,55,63,68,69,70,71,72,73,74,75,76,77,78,79,80,81,82,83,84,85,86,87,90,91,124,129,137,148,149,150,193,196,238,239,240,256,257,258,259,295,296,297,298,
99;0;2247;2279;0;0,1,2,4,5,6,7,8,9,10,11,12,14,15,16,17,18,19,20,21,22,23,26,29,30,31,32,33,40,45,46,47,48,49,50,51,54,55,63,68,69,70,71,72,73,74,75,76,77,78,79,80,81,82,83,84,85,86,87,90,91,124,129,137,148,149,150,193,196,238,239,240,256,257,258,259,295,296,297,298,
99;1;2279;2324;0;0,1,2,4,5,6,7,8,9,10,11,12,14,15,16,17,18,19,20,21,22,23,26,29,30,31,32,33,40,45,46,47,48,49,50,51,54,55,63,68,69,70,71,72,73,74,75,76,77,78,79,80,81,82,83,84,85,86,87,90,91,124,129,137,148,149,150,193,196,238,239,240,256,257,258,259,295,296,297,298,
116;0;2324;2366;0;0,1,2,4,5,6,7,8,9,10,11,12,14,15,16,17,18,19,20,21,22,23,26,29,30,31,32,33,40,45,46,47,48,49,50,51,54,55,63,68,69,70,71,72,73,74,75,76,77,78,79,80,81,82,83,84,85,86,87,90,91,124,129,137,148,149,150,193,196,238,239,240,256,257,258,259,295,296,297,298,
18;0;2366;2371;0;0,1,2,4,5,6,7,8,9,10,11,12,14,15,16,17,18,19,20,21,22,23,26,29,30,31,32,33,40,45,46,47,48,49,50,51,54,55,63,68,69,70,71,72,73,74,75,76,77,78,79,80,81,82,83,84,85,86,87,90,91,124,129,137,148,149,150,193,196,238,239,240,256,257,258,259,295,296,297,298,
80;0;2371;2406;1;0,1,2,4,5,6,7,8,9,10,11,12,14,15,16,17,18,19,20,21,22,23,26,29,30,31,32,33,40,45,46,47,48,49,50,51,54,55,63,68,69,70,71,72,73,74,75,76,77,78,79,80,81,82,83,84,85,86,87,90,91,124,129,137,148,149,150,193,196,238,239,240,256,257,258,259,295,296,297,298,
13;0;2406;2457;1;0,1,2,4,5,6,7,8,9,10,11,12,14,15,16,17,18,19,20,21,22,23,26,29,30,31,32,33,40,45,46,47,48,49,50,51,54,55,63,68,69,70,71,72,73,74,75,76,77,78,79,80,81,82,83,84,85,86,87,90,91,124,129,137,148,149,150,193,196,238,239,240,256,257,258,259,295,296,297,298,
181;0;2457;2521;1;0,1,2,4,5,6,7,8,9,10,11,12,14,15,16,17,18,19,20,21,22,23,26,29,30,31,32,33,40,45,46,47,48,49,50,51,54,55,63,68,69,70,71,72,73,74,75,76,77,78,79,80,81,82,83,84,85,86,87,90,91,124,129,137,148,149,150,193,196,238,239,240,256,257,258,259,295,296,297,298,
200;0;2521;2590;1;0,1,2,4,5,6,7,8,9,10,11,12,14,15,16,17,18,19,20,21,22,23,26,29,30,31,32,33,40,45,46,47,48,49,50,51,54,55,63,68,69,70,71,72,73,74,75,76,77,78,79,80,81,82,83,84,85,86,87,90,91,124,129,137,148,149,150,193,196,238,239,240,256,257,258,259,295,296,297,298,
153;0;2590;2664;1;0,1,2,4,5,6,7,8,9,10,11,12,14,15,16,17,18,19,20,21,22,23,26,29,30,31,32,33,40,45,46,47,48,49,50,51,54,55,63,68,69,70,71,72,73,74,75,76,77,78,79,80,81,82,83,84,85,86,87,90,91,124,129,137,148,149,150,193,196,238,239,240,256,257,258,259,295,296,297,298,
63;0;2664;2744;1;0,1,2,4,5,6,7,8,9,10,11,12,14,15,16,17,18,19,20,21,22,23,26,29,30,31,32,33,40,45,46,47,48,49,50,51,54,55,63,68,69,70,71,72,73,74,75,76,77,78,79,80,81,82,83,84,85,86,87,90,91,124,129,137,148,149,150,193,196,238,239,240,256,257,258,259,295,296,297,298,
54;0;2744;2786;1;0,1,2,4,5,6,7,8,9,10,11,12,14,15,16,17,18,19,20,21,22,23,26,29,30,31,32,33,40,45,46,47,48,49,50,51,54,55,63,68,69,70,71,72,73,74,75,76,77,78,79,80,81,82,83,84,85,86,87,90,91,124,129,137,148,149,150,193,196,238,239,240,256,257,258,259,295,296,297,298,
54;1;2786;2827;1;0,1,2,4,5,6,7,8,9,10,11,12,14,15,16,17,18,19,20,21,22,23,26,29,30,31,32,33,40,45,46,47,48,49,50,51,54,55,63,68,69,70,71,72,73,74,75,76,77,78,79,80,81,82,83,84,85,86,87,90,91,124,129,137,148,149,150,193,196,238,239,240,256,257,258,259,295,296,297,298,
82;0;2827;2904;0;0,1,2,4,5,6,7,8,9,10,11,12,14,15,16,17,18,19,20,21,22,23,26,29,30,31,32,33,40,45,46,47,48,49,50,51,54,55,63,68,69,70,71,72,73,74,75,76,77,78,79,80,81,82,83,84,85,86,87,90,91,124,129,137,148,149,150,193,196,238,239,240,256,257,258,259,295,296,297,298,
82;1;2904;2919;0;0,1,2,4,5,6,7,8,9,10,11,12,14,15,16,17,18,19,20,21,22,23,26,29,30,31,32,33,40,45,46,47,48,49,50,51,54,55,63,68,69,70,71,72,73,74,75,76,77,78,79,80,81,82,83,84,85,86,87,90,91,124,129,137,148,149,150,193,196,238,239,240,256,257,258,259,295,296,297,298,
5;0;2919;2948;0;0,1,2,4,5,6,7,8,9,10,11,12,14,15,16,17,18,19,20,21,22,23,26,29,30,31,32,33,40,45,46,47,48,49,50,51,54,55,63,68,69,70,71,72,73,74,75,76,77,78,79,80,81,82,83,84,85,86,87,90,91,124,129,137,148,149,150,193,196,238,239,240,256,257,258,259,295,296,297,298,
115;0;2948;2968;0;0,1,2,4,5,6,7,8,9,10,11,12,14,15,16,17,18,19,20,21,22,23,26,27,29,30,31,32,33,40,45,46,47,48,49,50,51,54,55,63,68,69,70,71,72,73,74,75,76,77,78,79,80,81,82,83,84,85,86,87,90,91,124,129,137,148,149,150,193,196,238,239,240,256,257,258,259,295,296,297,
241;0;2968;3066;1;0,1,2,4,5,6,7,8,9,10,11,12,14,15,16,17,18,19,20,21,22,23,26,27,29,30,31,32,33,40,45,46,47,48,49,50,51,54,55,63,68,69,70,71,72,73,74,75,76,77,78,79,80,81,82,83,84,85,86,87,90,91,124,129,137,148,149,150,193,196,238,239,240,256,257,258,259,320,321,322,
167;0;3066;3076;1;0,1,2,4,5,6,7,8,9,10,11,12,14,15,16,17,18,19,20,21,22,23,26,27,29,30,31,32,33,40,45,46,47,48,49,50,51,54,55,61,62,63,68,69,70,71,72,73,74,75,76,77,78,79,80,81,82,83,84,85,86,87,90,91,124,129,137,148,149,150,193,196,238,239,240,256,257,258,259,320,
167;1;3076;3170;1;0,1,2,4,5,6,7,8,9,10,11,12,14,15,16,17,18,19,20,21,22,23,26,27,29,30,31,32,33,40,45,46,47,48,49,50,51,54,55,61,62,63,68,69,70,71,72,73,74,75,76,77,78,79,80,81,82,83,84,85,86,87,90,91,124,129,137,148,149,150,193,196,238,239,240,256,257,258,259,320,
169;0;3170;3317;0;0,1,2,4,5,6,7,8,9,10,11,12,14,15,16,17,18,19,20,21,22,23,26,27,29,30,31,32,33,40,45,46,47,48,49,50,51,54,55,61,62,63,68,69,70,71,72,73,74,75,76,77,78,79,80,81,82,83,84,85,86,87,90,91,124,129,137,148,149,150,193,196,238,239,240,256,257,258,259,320,
169;1;3317;3411;0;0,1,2,4,5,6,7,8,9,10,11,12,14,15,16,17,18,19,20,21,22,23,26,27,29,30,31,32,33,40,45,46,47,48,49,50,51,54,55,61,62,63,68,69,70,71,72,73,74,75,76,77,78,79,80,81,82,83,84,85,86,87,90,91,124,129,137,148,149,150,193,196,238,239,240,256,257,258,259,320,
127;0;3411;3443;1;0,1,2,4,5,6,7,8,9,10,11,12,14,15,16,17,18,19,20,21,22,23,26,27,29,30,31,32,33,40,43,44,45,46,47,48,49,50,51,54,55,61,62,63,68,69,70,71,72,73,74,75,76,77,78,79,80,81,82,83,84,85,86,87,90,91,124,129,137,148,149,150,166,193,196,238,239,240,256,257,
127;1;3443;3523;1;0,1,2,4,5,6,7,8,9,10,11,12,14,15,16,17,18,19,20,21,22,23,26,27,29,30,31,32,33,40,43,44,45,46,47,48,49,50,51,54,55,61,62,63,68,69,70,71,72,73,74,75,76,77,78,79,80,81,82,83,84,85,86,87,90,91,124,129,137,148,149,150,166,193,196,238,239,240,256,257,
165;0;3523;3583;0;0,1,2,4,5,6,7,8,9,10,11,12,14,15,16,17,18,19,20,21,22,23,26,27,29,30,31,32,33,40,41,42,43,44,45,46,47,48,49,50,51,54,55,61,62,63,68,69,70,71,72,73,74,75,76,77,78,79,80,81,82,83,84,85,86,87,90,91,124,129,137,148,149,150,166,193,196,238,239,240,
71;0;3583;3698;1;0,1,2,3,4,5,6,7,8,9,10,11,12,13,14,15,16,17,18,19,20,21,22,23,25,26,27,28,29,30,31,32,33,34,35,36,37,38,39,40,41,42,43,44,45,46,47,48,49,50,51,54,55,61,62,63,68,69,70,71,72,73,74,75,124,137,143,144,145,146,147,148,149,150,166,167,168,178,193,243,
100;0;3698;3817;1;0,1,2,3,4,5,6,7,8,9,10,11,12,13,14,15,16,17,18,19,20,21,22,23,25,26,27,28,29,30,31,32,33,34,35,36,37,38,39,40,41,42,43,44,45,46,47,48,49,50,51,54,55,61,62,63,68,69,70,71,72,73,74,75,124,137,143,144,145,146,147,148,149,150,166,167,168,178,193,243,
51;0;3817;3963;1;0,1,2,3,4,5,6,7,8,9,10,11,12,13,14,15,16,17,18,19,20,21,22,23,25,26,27,28,29,30,31,32,33,34,35,36,37,38,39,40,41,42,43,44,45,46,47,48,49,50,51,54,55,61,62,63,68,69,70,71,72,73,74,75,124,137,143,144,145,146,147,148,149,150,166,167,168,178,193,243,
31;0;3963;4119;1;0,1,2,3,4,5,6,7,8,9,10,11,12,13,14,15,16,17,18,19,20,21,22,23,25,26,27,28,29,30,31,32,33,34,35,36,37,38,39,40,41,42,43,44,45,46,47,48,49,50,51,54,55,61,62,63,68,69,70,71,72,73,74,75,124,137,143,144,145,146,147,148,149,150,166,167,168,178,193,243,
233;0;4119;4278;1;0,1,2,3,4,5,6,7,8,9,10,11,12,13,14,15,16,17,18,19,20,21,22,23,25,26,27,28,29,30,31,32,33,34,35,36,37,38,39,40,41,42,43,44,45,46,47,48,49,50,51,54,55,61,62,63,68,69,70,71,72,73,74,75,124,137,143,144,145,146,147,148,149,150,166,167,168,178,193,243,
7;0;4278;4286;1;0,1,2,3,4,5,6,7,8,9,10,11,12,13,14,15,16,17,18,19,20,21,22,23,25,26,27,28,29,30,31,32,33,34,35,36,37,38,39,40,41,42,43,44,45,46,47,48,49,50,51,54,55,61,62,63,68,69,70,71,72,73,74,75,124,137,143,144,145,146,147,148,149,150,166,167,168,178,193,243,
7;1;4286;4460;1;0,1,2,3,4,5,6,7,8,9,10,11,12,13,14,15,16,17,18,19,20,21,22,23,25,26,27,28,29,30,31,32,33,34,35,36,37,38,39,40,41,42,43,44,45,46,47,48,49,50,51,54,55,61,62,63,68,69,70,71,72,73,74,75,124,137,143,144,145,146,147,148,149,150,166,167,168,178,193,243,
197;0;4460;4630;1;0,1,2,3,4,5,6,7,8,9,10,11,12,13,14,15,16,17,18,19,20,21,22,23,25,26,27,28,29,30,31,32,33,34,35,36,37,38,39,40,41,42,43,44,45,46,47,48,49,50,51,54,55,56,61,62,63,68,69,70,71,72,73,74,75,124,137,143,144,145,146,147,148,149,150,166,170,171,172,173,
197;1;4630;4648;1;0,1,2,3,4,5,6,7,8,9,10,11,12,13,14,15,16,17,18,19,20,21,22,23,25,26,27,28,29,30,31,32,33,34,35,36,37,38,39,40,41,42,43,44,45,46,47,48,49,50,51,54,55,56,61,62,63,68,69,70,71,72,73,74,75,124,137,143,144,145,146,147,148,149,150,166,170,171,172,173,
124;0;4648;4808;1;0,1,2,3,4,5,6,7,8,9,10,11,12,13,14,15,16,17,18,19,20,21,22,23,25,26,27,28,29,30,31,32,33,34,35,36,37,38,39,40,41,42,43,44,45,46,47,48,49,50,51,54,55,56,61,62,63,68,69,70,71,72,73,74,75,124,137,143,144,145,146,147,148,149,150,164,165,166,170,171,
124;1;4808;4852;1;0,1,2,3,4,5,6,7,8,9,10,11,12,13,14,15,16,17,18,19,20,21,22,23,25,26,27,28,29,30,31,32,33,34,35,36,37,38,39,40,41,42,43,44,45,46,47,48,49,50,51,54,55,56,61,62,63,68,69,70,71,72,73,74,75,124,137,143,144,145,146,147,148,149,150,164,165,166,170,171,
237;0;4852;4991;1;0,1,2,3,4,5,6,7,8,9,10,11,12,13,14,15,16,17,18,19,20,21,22,23,25,26,27,28,29,30,31,32,33,34,35,36,37,38,39,40,41,42,43,44,45,46,47,48,49,50,51,54,55,56,61,62,63,68,69,70,71,72,73,74,75,124,137,143,144,145,146,147,148,149,150,164,165,166,170,171,
237;1;4991;5085;1;0,1,2,3,4,5,6,7,8,9,10,11,12,13,14,15,16,17,18,19,20,21,22,23,25,26,27,28,29,30,31,32,33,34,35,36,37,38,39,40,41,42,43,44,45,46,47,48,49,50,51,54,55,56,61,62,63,68,69,70,71,72,73,74,75,124,137,143,144,145,146,147,148,149,150,164,165,166,170,171,
164;0;5085;5250;1;0,1,2,3,4,5,6,7,8,9,10,11,12,13,14,15,16,17,18,19,20,21,22,23,25,26,27,28,29,30,31,32,33,34,35,36,37,38,39,40,41,42,43,44,45,46,47,48,49,50,51,54,55,56,61,62,63,68,69,70,71,72,73,74,75,124,137,143,144,145,146,147,148,149,150,164,165,166,170,171,
164;1;5250;5379;1;0,1,2,3,4,5,6,7,8,9,10,11,12,13,14,15,16,17,18,19,20,21,22,23,25,26,27,28,29,30,31,32,33,34,35,36,37,38,39,40,41,42,43,44,45,46,47,48,49,50,51,54,55,56,61,62,63,68,69,70,71,72,73,74,75,124,137,143,144,145,146,147,148,149,150,164,165,166,170,171,
Machine: 1
30;0;0;8;1;0,1,2,3,4,5,6,7,8,9,10,11,12,13,14,15,20,21,22,23,25,26,27,28,29,30,31,40,46,47,48,49,50,51,54,55,61,62,63,78,79,81,117,122,123,124,137,138,139,140,141,142,143,144,145,146,147,148,149,150,167,168,169,177,193,201,202,203,233,234,235,236,237,242,249,256,257,258,259,274,
66;0;8;134;0;0,1,2,3,4,5,6,7,8,9,10,11,12,13,14,15,20,21,22,23,25,26,27,28,29,30,31,40,46,47,48,49,50,51,54,55,61,62,63,78,79,81,117,122,123,124,137,138,139,140,141,142,143,144,145,146,147,148,149,150,167,168,169,177,193,201,202,203,233,234,235,236,237,242,249,256,257,258,259,274,
119;0;134;230;0;0,1,2,3,4,5,6,7,8,9,10,11,12,13,14,15,20,21,22,23,25,26,27,28,29,30,31,40,46,47,48,49,50,51,54,55,61,62,63,78,79,81,117,122,123,124,137,138,139,140,141,142,143,144,145,146,147,148,149,150,167,168,169,177,193,201,202,203,233,234,235,236,237,242,249,256,257,258,259,274,
119;1;230;375;0;0,1,2,3,4,5,6,7,8,9,10,11,12,13,14,15,20,21,22,23,25,26,27,28,29,30,31,40,46,47,48,49,50,51,54,55,61,62,63,78,79,81,117,122,123,124,137,138,139,140,141,142,143,144,145,146,147,148,149,150,167,168,169,177,193,201,202,203,233,234,235,236,237,242,249,256,257,258,259,274,
89;0;375;426;0;0,1,2,3,4,5,6,7,8,9,10,11,12,13,14,15,20,21,22,23,25,26,27,28,29,30,31,40,46,47,48,49,50,51,54,55,61,62,63,78,79,81,117,122,123,124,137,138,139,140,141,142,143,144,145,146,147,148,149,150,167,168,169,177,193,201,202,203,233,234,235,236,237,242,249,256,257,258,259,274,
89;1;426;604;0;0,1,2,3,4,5,6,7,8,9,10,11,12,13,14,15,20,21,22,23,25,26,27,28,29,30,31,40,46,47,48,49,50,51,54,55,61,62,63,78,79,81,117,122,123,124,137,138,139,140,141,142,143,144,145,146,147,148,149,150,167,168,169,177,193,201,202,203,233,234,235,236,237,242,249,256,257,258,259,274,
225;0;604;737;0;0,1,2,3,4,5,6,7,8,9,10,11,12,13,14,15,20,21,22,23,25,26,27,28,29,30,31,40,46,47,48,49,50,51,54,55,61,62,63,78,79,81,117,122,123,124,137,138,139,140,141,142,143,144,145,146,147,148,149,150,167,168,169,177,193,201,202,203,233,234,235,236,237,242,249,256,257,258,259,274,
175;0;737;779;0;0,1,2,3,4,5,6,7,8,9,10,11,12,13,14,15,20,21,22,23,25,26,27,28,29,30,31,40,46,47,48,49,50,51,54,55,61,62,63,78,79,81,117,122,123,124,137,138,139,140,141,142,143,144,145,146,147,148,149,150,167,168,169,177,193,201,202,203,233,234,235,236,237,242,249,256,257,258,259,274,
180;0;779;799;1;0,1,2,3,4,5,6,7,8,9,10,11,12,13,14,15,20,21,22,23,25,26,27,28,29,30,31,40,46,47,48,49,50,51,54,55,61,62,63,78,79,81,117,122,123,124,137,138,139,140,141,142,143,144,145,146,147,148,149,150,167,168,169,177,193,201,202,203,233,234,235,236,237,242,249,256,257,258,259,274,
139;0;799;975;0;0,1,2,3,4,5,6,7,8,9,10,11,12,13,14,15,20,21,22,23,25,26,27,28,29,30,31,40,46,47,48,49,50,51,54,55,61,62,63,78,79,81,117,122,123,124,137,138,139,140,141,142,143,144,145,146,147,148,149,150,167,168,169,177,193,201,202,203,233,234,235,236,237,242,249,256,257,258,259,274,
139;1;975;981;0;0,1,2,3,4,5,6,7,8,9,10,11,12,13,14,15,20,21,22,23,25,26,27,28,29,30,31,40,46,47,48,49,50,51,54,55,61,62,63,78,79,81,117,122,123,124,137,138,139,140,141,142,143,144,145,146,147,148,149,150,167,168,169,177,193,201,202,203,233,234,235,236,237,242,249,256,257,258,259,274,
16;0;981;1075;0;0,1,2,3,4,5,6,7,8,9,10,11,12,13,14,15,20,21,22,23,25,26,27,28,29,30,31,40,46,47,48,49,50,51,54,55,61,62,63,78,79,81,117,122,123,124,137,138,139,140,141,142,143,144,145,146,147,148,149,150,167,168,169,177,193,201,202,203,233,234,235,236,237,242,249,256,257,258,259,274,
229;0;1075;1172;0;0,1,2,3,4,5,6,7,8,9,10,11,12,13,14,15,20,21,22,23,25,26,27,28,29,30,31,40,46,47,48,49,50,51,54,55,61,62,63,78,79,81,117,122,123,124,137,138,139,140,141,142,143,144,145,146,147,148,149,150,167,168,169,177,193,201,202,203,233,234,235,236,237,242,249,256,257,258,259,274,
229;1;1172;1266;0;0,1,2,3,4,5,6,7,8,9,10,11,12,13,14,15,20,21,22,23,25,26,27,28,29,30,31,40,46,47,48,49,50,51,54,55,61,62,63,78,79,81,117,122,123,124,137,138,139,140,141,142,143,144,145,146,147,148,149,150,167,168,169,177,193,201,202,203,233,234,235,236,237,242,249,256,257,258,259,274,
98;0;1266;1346;0;0,1,2,3,4,5,6,7,8,9,10,11,12,13,14,15,20,21,22,23,25,26,27,28,29,30,31,40,46,47,48,49,50,51,54,55,61,62,63,78,79,81,117,122,123,124,137,138,139,140,141,142,143,144,145,146,147,148,149,150,167,168,169,177,193,201,202,203,233,234,235,236,237,242,249,256,257,258,259,274,
40;0;1346;1375;1;0,1,2,3,4,5,6,7,8,9,10,11,12,13,14,15,20,21,22,23,25,26,27,28,29,30,31,40,46,47,48,49,50,51,54,55,61,62,63,78,79,81,117,122,123,124,137,138,139,140,141,142,143,144,145,146,147,148,149,150,167,168,169,177,193,201,202,203,233,234,235,236,237,242,249,256,257,258,259,274,
213;0;1375;1411;1;0,1,2,3,4,5,6,7,8,9,10,11,12,13,14,15,20,21,22,23,25,26,27,28,29,30,31,40,46,47,48,49,50,51,54,55,61,62,63,78,79,81,117,122,123,124,137,138,139,140,141,142,143,144,145,146,147,148,149,150,167,168,169,177,193,201,202,203,233,234,235,236,237,242,249,256,257,258,259,274,
158;0;1411;1571;0;0,1,2,3,4,5,6,7,8,9,10,11,12,13,14,15,20,21,22,23,25,26,27,28,29,30,31,40,46,47,48,49,50,51,54,55,61,62,63,78,79,81,117,122,123,124,137,138,139,140,141,142,143,144,145,146,147,148,149,150,167,168,169,177,193,201,202,203,233,234,235,236,237,242,249,256,257,258,259,274,
1;0;1571;1718;0;0,1,2,3,4,5,6,7,8,9,10,11,12,13,14,15,20,21,22,23,25,26,27,28,29,30,31,40,46,47,48,49,50,51,54,55,61,62,63,78,79,81,117,122,123,124,137,138,139,140,141,142,143,144,145,146,147,148,149,150,167,168,169,177,193,201,202,203,233,234,235,236,237,242,249,256,257,258,259,274,
123;0;1718;1766;1;0,1,2,3,4,5,6,7,8,9,10,11,12,13,14,15,20,21,22,23,25,26,27,28,29,30,31,40,46,47,48,49,50,51,54,55,61,62,63,78,79,81,117,122,123,124,137,138,139,140,141,142,143,144,145,146,147,148,149,150,167,168,169,177,193,201,202,203,233,234,235,236,237,242,249,256,257,258,259,274,
72;0;1766;1929;0;0,1,2,3,4,5,6,7,8,9,10,11,12,13,14,15,20,21,22,23,25,26,27,28,29,30,31,40,46,47,48,49,50,51,54,55,61,62,63,78,79,81,117,122,123,124,137,138,139,140,141,142,143,144,145,146,147,148,149,150,167,168,169,177,193,201,202,203,233,234,235,236,237,242,249,256,257,258,259,274,
72;1;1929;2034;0;0,1,2,3,4,5,6,7,8,9,10,11,12,13,14,15,20,21,22,23,25,26,27,28,29,30,31,40,46,47,48,49,50,51,54,55,61,62,63,78,79,81,117,122,123,124,137,138,139,140,141,142,143,144,145,146,147,148,149,150,167,168,169,177,193,201,202,203,233,234,235,236,237,242,249,256,257,258,259,274,
61;0;2034;2086;1;0,1,2,3,4,5,6,7,8,9,10,11,12,13,14,15,20,21,22,23,25,26,27,28,29,30,31,40,46,47,48,49,50,51,54,55,61,62,63,78,79,81,117,122,123,124,137,138,139,140,141,142,143,144,145,146,147,148,149,150,167,168,169,177,193,201,202,203,233,234,235,236,237,242,249,256,257,258,259,274,
173;0;2086;2146;1;0,1,2,3,4,5,6,7,8,9,10,11,12,13,14,15,20,21,22,23,25,26,27,28,29,30,31,40,46,47,48,49,50,51,54,55,61,62,63,78,79,81,117,122,123,124,137,138,139,140,141,142,143,144,145,146,147,148,149,150,167,168,169,177,193,201,202,203,233,234,235,236,237,242,249,256,257,258,259,274,
209;0;2146;2178;0;0,1,2,3,4,5,6,7,8,9,10,11,12,13,14,15,20,21,22,23,25,26,27,28,29,30,31,40,46,47,48,49,50,51,54,55,61,62,63,78,79,81,117,122,123,124,137,138,139,140,141,142,143,144,145,146,147,148,149,150,167,168,169,177,193,201,202,203,233,234,235,236,237,242,249,256,257,258,259,274,
209;1;2178;2352;0;0,1,2,3,4,5,6,7,8,9,10,11,12,13,14,15,20,21,22,23,25,26,27,28,29,30,31,40,46,47,48,49,50,51,54,55,61,62,63,78,79,81,117,122,123,124,137,138,139,140,141,142,143,144,145,146,147,148,149,150,167,168,169,177,193,201,202,203,233,234,235,236,237,242,249,256,257,258,259,274,
195;0;2352;2416;0;0,1,2,3,4,5,6,7,8,9,10,11,12,13,14,15,20,21,22,23,25,26,27,28,29,30,31,40,46,47,48,49,50,51,54,55,61,62,63,78,79,81,117,122,123,124,137,138,139,140,141,142,143,144,145,146,147,148,149,150,167,168,169,177,193,201,202,203,233,234,235,236,237,242,249,256,257,258,259,274,
73;0;2416;2485;1;0,1,2,3,4,5,6,7,8,9,10,11,12,13,14,15,20,21,22,23,25,26,27,28,29,30,31,40,46,47,48,49,50,51,54,55,61,62,63,78,79,81,117,122,123,124,137,138,139,140,141,142,143,144,145,146,147,148,149,150,167,168,169,177,193,201,202,203,233,234,235,236,237,242,249,256,257,258,259,274,
83;0;2485;2560;1;0,1,2,3,4,5,6,7,8,9,10,11,12,13,14,15,20,21,22,23,25,26,27,28,29,30,31,40,46,47,48,49,50,51,54,55,61,62,63,78,79,81,117,122,123,124,137,138,139,140,141,142,143,144,145,146,147,148,149,150,167,168,169,177,193,201,202,203,233,234,235,236,237,242,249,256,257,258,259,274,
133;0;2560;2646;1;0,1,2,3,4,5,6,7,8,9,10,11,12,13,14,15,20,21,22,23,25,26,27,28,29,30,31,40,46,47,48,49,50,51,54,55,61,62,63,78,79,81,117,122,123,124,137,138,139,140,141,142,143,144,145,146,147,148,149,150,167,168,169,177,193,201,202,203,233,234,235,236,237,242,249,256,257,258,259,274,
81;0;2646;2747;1;0,1,2,3,4,5,6,7,8,9,10,11,12,13,14,15,20,21,22,23,25,26,27,28,29,30,31,40,46,47,48,49,50,51,54,55,61,62,63,78,79,81,117,122,123,124,137,138,139,140,141,142,143,144,145,146,147,148,149,150,167,168,169,177,193,201,202,203,233,234,235,236,237,242,249,256,257,258,259,274,
103;0;2747;2852;1;0,1,2,3,4,5,6,7,8,9,10,11,12,13,14,15,20,21,22,23,25,26,27,28,29,30,31,40,46,47,48,49,50,51,54,55,61,62,63,78,79,81,117,122,123,124,137,138,139,140,141,142,143,144,145,146,147,148,149,150,167,168,169,177,193,201,202,203,233,234,235,236,237,242,249,256,257,258,259,274,
171;0;2852;2964;1;0,1,2,3,4,5,6,7,8,9,10,11,12,13,14,15,20,21,22,23,25,26,27,28,29,30,31,40,46,47,48,49,50,51,54,55,61,62,63,78,79,81,117,122,123,124,137,138,139,140,141,142,143,144,145,146,147,148,149,150,167,168,169,177,193,201,202,203,233,234,235,236,237,242,249,256,257,258,259,274,
196;0;2964;3041;0;0,1,2,3,4,5,6,7,8,9,10,11,12,13,14,15,20,21,22,23,25,26,27,28,29,30,31,40,46,47,48,49,50,51,54,55,61,62,63,78,79,81,117,122,123,124,137,138,139,140,141,142,143,144,145,146,147,148,149,150,167,168,169,177,193,201,202,203,233,234,235,236,237,242,249,256,257,258,259,274,
140;0;3041;3156;1;0,1,2,3,4,5,6,7,8,9,10,11,12,13,14,15,20,21,22,23,25,26,27,28,29,30,31,40,46,47,48,49,50,51,54,55,61,62,63,78,79,81,117,122,123,124,137,138,139,140,141,142,143,144,145,146,147,148,149,150,167,168,169,177,193,201,202,203,233,234,235,236,237,242,249,256,257,258,259,274,
77;0;3156;3193;1;0,1,2,3,4,5,6,7,8,9,10,11,12,13,14,15,20,21,22,23,25,26,27,28,29,30,31,40,46,47,48,49,50,51,54,55,61,62,63,78,79,81,117,122,123,124,137,138,139,140,141,142,143,144,145,146,147,148,149,150,167,168,169,177,193,201,202,203,204,205,233,234,235,236,237,242,249,256,257,258,
77;1;3193;3280;1;0,1,2,3,4,5,6,7,8,9,10,11,12,13,14,15,20,21,22,23,25,26,27,28,29,30,31,40,46,47,48,49,50,51,54,55,61,62,63,78,79,81,117,122,123,124,137,138,139,140,141,142,143,144,145,146,147,148,149,150,167,168,169,177,193,201,202,203,204,205,233,234,235,236,237,242,249,256,257,258,
37;0;3280;3373;1;0,1,2,3,4,5,6,7,8,9,10,11,12,13,14,15,20,21,22,23,25,26,27,28,29,30,31,40,46,47,48,49,50,51,54,55,61,62,63,77,78,79,81,88,117,122,123,124,137,138,139,140,141,142,143,144,145,146,147,148,149,150,167,168,169,177,193,201,202,203,204,205,233,234,235,236,237,242,249,256,
37;1;3373;3424;1;0,1,2,3,4,5,6,7,8,9,10,11,12,13,14,15,20,21,22,23,25,26,27,28,29,30,31,40,46,47,48,49,50,51,54,55,61,62,63,77,78,79,81,88,117,122,123,124,137,138,139,140,141,142,143,144,145,146,147,148,149,150,167,168,169,177,193,201,202,203,204,205,233,234,235,236,237,242,249,256,
56;0;3424;3441;0;0,1,2,3,4,5,6,7,8,9,10,11,12,13,14,15,20,21,22,23,25,26,27,28,29,30,31,40,46,47,48,49,50,51,54,55,61,62,63,77,78,79,81,88,117,122,123,124,137,138,139,140,141,142,143,144,145,146,147,148,149,150,167,168,169,177,193,201,202,203,204,205,233,234,235,236,237,242,249,256,
163;0;3441;3597;1;0,1,2,3,4,5,6,7,8,9,10,11,12,13,14,15,20,21,22,23,25,26,27,28,29,30,31,32,33,40,46,47,48,49,50,51,54,55,56,61,62,63,77,78,79,81,88,117,122,123,124,137,138,139,140,141,142,143,144,145,146,147,148,149,150,167,168,169,196,283,284,285,286,287,288,289,290,291,292,293,
121;0;3597;3762;1;0,1,2,3,4,5,6,7,8,9,10,11,12,13,14,15,18,19,20,21,22,23,25,26,27,28,29,30,31,32,33,40,46,47,48,49,50,51,54,55,56,61,62,63,70,77,78,79,80,81,88,91,117,122,123,124,125,127,132,135,137,138,139,140,141,279,300,301,302,303,304,305,306,307,308,309,310,311,312,313,
193;0;3762;3935;1;0,1,2,3,4,5,6,7,8,9,10,11,12,13,14,15,18,19,20,21,22,23,25,26,27,28,29,30,31,32,33,40,46,47,48,49,50,51,54,55,56,61,62,63,70,77,78,79,80,81,88,91,117,122,123,124,125,127,132,135,137,138,139,140,141,279,300,301,302,303,304,305,306,307,308,309,310,311,312,313,
0;0;3935;4064;1;0,1,2,3,4,5,6,7,8,9,10,11,12,13,14,15,18,19,20,21,22,23,25,26,27,28,29,30,31,32,33,40,46,47,48,49,50,51,54,55,56,61,62,63,70,77,78,79,80,81,88,91,117,122,123,124,125,127,132,135,137,138,139,140,141,279,300,301,302,303,304,305,306,307,308,309,310,311,312,313,
0;1;4064;4110;1;0,1,2,3,4,5,6,7,8,9,10,11,12,13,14,15,18,19,20,21,22,23,25,26,27,28,29,30,31,32,33,40,46,47,48,49,50,51,54,55,56,61,62,63,70,77,78,79,80,81,88,91,117,122,123,124,125,127,132,135,137,138,139,140,141,279,300,301,302,303,304,305,306,307,308,309,310,311,312,313,
204;0;4110;4266;1;0,1,2,3,4,5,6,7,8,9,10,11,12,13,14,15,18,19,20,21,22,23,25,26,27,28,29,30,31,32,33,40,46,47,48,49,50,51,54,55,56,61,62,63,70,77,78,79,80,81,88,91,117,122,123,124,125,127,132,135,137,138,139,140,141,279,300,301,302,303,304,305,306,307,308,309,310,311,312,313,
204;1;4266;4345;1;0,1,2,3,4,5,6,7,8,9,10,11,12,13,14,15,18,19,20,21,22,23,25,26,27,28,29,30,31,32,33,40,46,47,48,49,50,51,54,55,56,61,62,63,70,77,78,79,80,81,88,91,117,122,123,124,125,127,132,135,137,138,139,140,141,279,300,301,302,303,304,305,306,307,308,309,310,311,312,313,
114;0;4345;4509;1;0,1,2,3,4,5,6,7,8,9,10,11,12,13,14,15,18,19,20,21,22,23,25,26,27,28,29,30,31,32,33,40,46,47,48,49,50,51,54,55,56,61,62,63,70,77,78,79,80,81,88,91,117,122,123,124,125,127,132,135,137,138,139,140,141,279,300,301,302,303,304,305,306,307,308,309,310,311,312,313,
114;1;4509;4595;1;0,1,2,3,4,5,6,7,8,9,10,11,12,13,14,15,18,19,20,21,22,23,25,26,27,28,29,30,31,32,33,40,46,47,48,49,50,51,54,55,56,61,62,63,70,77,78,79,80,81,88,91,117,122,123,124,125,127,132,135,137,138,139,140,141,279,300,301,302,303,304,305,306,307,308,309,310,311,312,313,
227;0;4595;4742;1;0,1,2,3,4,5,6,7,8,9,10,11,12,13,14,15,18,19,20,21,22,23,25,26,27,28,29,30,31,32,33,40,46,47,48,49,50,51,54,55,56,61,62,63,70,77,78,79,80,81,88,91,117,122,123,124,125,127,132,135,137,138,139,140,141,279,300,301,302,303,304,305,306,307,308,309,310,311,312,313,
227;1;4742;4893;1;0,1,2,3,4,5,6,7,8,9,10,11,12,13,14,15,18,19,20,21,22,23,25,26,27,28,29,30,31,32,33,40,46,47,48,49,50,51,54,55,56,61,62,63,70,77,78,79,80,81,88,91,117,122,123,124,125,127,132,135,137,138,139,140,141,279,300,301,302,303,304,305,306,307,308,309,310,311,312,313,
46;0;4893;5044;0;0,1,2,3,4,5,6,7,8,9,10,11,12,13,14,15,18,19,20,21,22,23,25,26,27,28,29,30,31,32,33,40,46,47,48,49,50,51,54,55,56,61,62,63,70,77,78,79,80,81,88,91,117,122,123,124,125,127,132,135,137,138,139,140,141,279,300,301,302,303,304,305,306,307,308,309,310,311,312,313,
184;0;5044;5218;1;0,1,2,3,4,5,6,7,8,9,10,11,12,13,14,15,18,19,20,21,22,23,25,26,27,28,29,30,31,32,33,40,46,47,48,49,50,51,54,55,56,61,62,63,70,77,78,79,80,81,88,91,117,122,123,124,125,127,132,135,137,138,139,140,141,279,300,301,302,303,304,305,306,307,308,309,310,311,312,313,
184;1;5218;5383;1;0,1,2,3,4,5,6,7,8,9,10,11,12,13,14,15,18,19,20,21,22,23,25,26,27,28,29,30,31,32,33,40,46,47,48,49,50,51,54,55,56,61,62,63,70,77,78,79,80,81,88,91,117,122,123,124,125,127,132,135,137,138,139,140,141,279,300,301,302,303,304,305,306,307,308,309,310,311,312,313,
Machine: 2
131;0;0;8;1;0,2,5,6,7,8,9,10,11,12,13,14,15,17,18,19,20,21,23,25,40,43,44,45,47,48,49,50,51,63,64,78,82,83,84,86,90,91,95,124,127,129,132,134,136,137,138,146,150,166,167,168,169,174,175,176,179,181,184,186,189,192,208,209,210,211,212,213,214,300,314,315,316,317,318,319,335,336,337,338,
53;0;8;26;1;0,2,5,6,7,8,9,10,11,12,13,14,15,17,18,19,20,21,23,25,40,43,44,45,47,48,49,50,51,63,64,78,82,83,84,86,90,91,95,124,127,129,132,134,136,137,138,146,150,166,167,168,169,174,175,176,179,181,184,186,189,192,208,209,210,211,212,213,214,300,314,315,316,317,318,319,335,336,337,338,
220;0;26;48;1;0,2,5,6,7,8,9,10,11,12,13,14,15,17,18,19,20,21,23,25,40,43,44,45,47,48,49,50,51,63,64,78,82,83,84,86,90,91,95,124,127,129,132,134,136,137,138,146,150,166,167,168,169,174,175,176,179,181,184,186,189,192,208,209,210,211,212,213,214,300,314,315,316,317,318,319,335,336,337,338,
60;0;48;85;1;0,2,5,6,7,8,9,10,11,12,13,14,15,17,18,19,20,21,23,25,40,43,44,45,47,48,49,50,51,63,64,78,82,83,84,86,90,91,95,124,127,129,132,134,136,137,138,146,150,166,167,168,169,174,175,176,179,181,184,186,189,192,208,209,210,211,212,213,214,300,314,315,316,317,318,319,335,336,337,338,
52;0;85;162;0;0,2,5,6,7,8,9,10,11,12,13,14,15,17,18,19,20,21,23,25,40,43,44,45,47,48,49,50,51,63,64,78,82,83,84,86,90,91,95,124,127,129,132,134,136,137,138,146,150,166,167,168,169,174,175,176,179,181,184,186,189,192,208,209,210,211,212,213,214,300,314,315,316,317,318,319,335,336,337,338,
52;1;162;198;0;0,2,5,6,7,8,9,10,11,12,13,14,15,17,18,19,20,21,23,25,40,43,44,45,47,48,49,50,51,63,64,78,82,83,84,86,90,91,95,124,127,129,132,134,136,137,138,146,150,166,167,168,169,174,175,176,179,181,184,186,189,192,208,209,210,211,212,213,214,300,314,315,316,317,318,319,335,336,337,338,
2;0;198;312;0;0,2,5,6,7,8,9,10,11,12,13,14,15,17,18,19,20,21,23,25,40,43,44,45,47,48,49,50,51,63,64,78,82,83,84,86,90,91,95,124,127,129,132,134,136,137,138,146,150,166,167,168,169,174,175,176,179,181,184,186,189,192,208,209,210,211,212,213,214,300,314,315,316,317,318,319,335,336,337,338,
2;1;312;359;0;0,2,5,6,7,8,9,10,11,12,13,14,15,17,18,19,20,21,23,25,40,43,44,45,47,48,49,50,51,63,64,78,82,83,84,86,90,91,95,124,127,129,132,134,136,137,138,146,150,166,167,168,169,174,175,176,179,181,184,186,189,192,208,209,210,211,212,213,214,300,314,315,316,317,318,319,335,336,337,338,
189;0;359;427;0;0,2,5,6,7,8,9,10,11,12,13,14,15,17,18,19,20,21,23,25,40,43,44,45,47,48,49,50,51,63,64,78,82,83,84,86,90,91,95,124,127,129,132,134,136,137,138,146,150,166,167,168,169,174,175,176,179,181,184,186,189,192,208,209,210,211,212,213,214,300,314,315,316,317,318,319,335,336,337,338,
189;1;427;552;0;0,2,5,6,7,8,9,10,11,12,13,14,15,17,18,19,20,21,23,25,40,43,44,45,47,48,49,50,51,63,64,78,82,83,84,86,90,91,95,124,127,129,132,134,136,137,138,146,150,166,167,168,169,174,175,176,179,181,184,186,189,192,208,209,210,211,212,213,214,300,314,315,316,317,318,319,335,336,337,338,
211;0;552;596;1;0,2,5,6,7,8,9,10,11,12,13,14,15,17,18,19,20,21,23,25,40,43,44,45,47,48,49,50,51,63,64,78,82,83,84,86,90,91,95,124,127,129,132,134,136,137,138,146,150,166,167,168,169,174,175,176,179,181,184,186,189,192,208,209,210,211,212,213,214,300,314,315,316,317,318,319,335,336,337,338,
205;0;596;628;0;0,2,5,6,7,8,9,10,11,12,13,14,15,17,18,19,20,21,23,25,40,43,44,45,47,48,49,50,51,63,64,78,82,83,84,86,90,91,95,124,127,129,132,134,136,137,138,146,150,166,167,168,169,174,175,176,179,181,184,186,189,192,208,209,210,211,212,213,214,300,314,315,316,317,318,319,335,336,337,338,
191;0;628;694;1;0,2,5,6,7,8,9,10,11,12,13,14,15,17,18,19,20,21,23,25,40,43,44,45,47,48,49,50,51,63,64,78,82,83,84,86,90,91,95,124,127,129,132,134,136,137,138,146,150,166,167,168,169,174,175,176,179,181,184,186,189,192,208,209,210,211,212,213,214,300,314,315,316,317,318,319,335,336,337,338,
29;0;694;763;0;0,2,5,6,7,8,9,10,11,12,13,14,15,17,18,19,20,21,23,25,40,43,44,45,47,48,49,50,51,63,64,78,82,83,84,86,90,91,95,124,127,129,132,134,136,137,138,146,150,166,167,168,169,174,175,176,179,181,184,186,189,192,208,209,210,211,212,213,214,300,314,315,316,317,318,319,335,336,337,338,
29;1;763;923;0;0,2,5,6,7,8,9,10,11,12,13,14,15,17,18,19,20,21,23,25,40,43,44,45,47,48,49,50,51,63,64,78,82,83,84,86,90,91,95,124,127,129,132,134,136,137,138,146,150,166,167,168,169,174,175,176,179,181,184,186,189,192,208,209,210,211,212,213,214,300,314,315,316,317,318,319,335,336,337,338,
238;0;923;1070;0;0,2,5,6,7,8,9,10,11,12,13,14,15,17,18,19,20,21,23,25,40,43,44,45,47,48,49,50,51,63,64,78,82,83,84,86,90,91,95,124,127,129,132,134,136,137,138,146,150,166,167,168,169,174,175,176,179,181,184,186,189,192,208,209,210,211,212,213,214,300,314,315,316,317,318,319,335,336,337,338,
45;0;1070;1139;0;0,2,5,6,7,8,9,10,11,12,13,14,15,17,18,19,20,21,23,25,40,43,44,45,47,48,49,50,51,63,64,78,82,83,84,86,90,91,95,124,127,129,132,134,136,137,138,146,150,166,167,168,169,174,175,176,179,181,184,186,189,192,208,209,210,211,212,213,214,300,314,315,316,317,318,319,335,336,337,338,
113;0;1139;1216;1;0,2,5,6,7,8,9,10,11,12,13,14,15,17,18,19,20,21,23,25,40,43,44,45,47,48,49,50,51,63,64,78,82,83,84,86,90,91,95,124,127,129,132,134,136,137,138,146,150,166,167,168,169,174,175,176,179,181,184,186,189,192,208,209,210,211,212,213,214,300,314,315,316,317,318,319,335,336,337,338,
135;0;1216;1341;0;0,2,5,6,7,8,9,10,11,12,13,14,15,17,18,19,20,21,23,25,40,43,44,45,47,48,49,50,51,63,64,78,82,83,84,86,90,91,95,124,127,129,132,134,136,137,138,146,150,166,167,168,169,174,175,176,179,181,184,186,189,192,208,209,210,211,212,213,214,300,314,315,316,317,318,319,335,336,337,338,
185;0;1341;1393;0;0,2,5,6,7,8,9,10,11,12,13,14,15,17,18,19,20,21,23,25,40,43,44,45,47,48,49,50,51,63,64,78,82,83,84,86,90,91,95,124,127,129,132,134,136,137,138,146,150,166,167,168,169,174,175,176,179,181,184,186,189,192,208,209,210,211,212,213,214,300,314,315,316,317,318,319,335,336,337,338,
36;0;1393;1442;0;0,2,5,6,7,8,9,10,11,12,13,14,15,17,18,19,20,21,23,25,40,43,44,45,47,48,49,50,51,63,64,78,82,83,84,86,90,91,95,124,127,129,132,134,136,137,138,146,150,166,167,168,169,174,175,176,179,181,184,186,189,192,208,209,210,211,212,213,214,300,314,315,316,317,318,319,335,336,337,338,
203;0;1442;1522;1;0,2,5,6,7,8,9,10,11,12,13,14,15,17,18,19,20,21,23,25,40,43,44,45,47,48,49,50,51,63,64,78,82,83,84,86,90,91,95,124,127,129,132,134,136,137,138,146,150,166,167,168,169,174,175,176,179,181,184,186,189,192,208,209,210,211,212,213,214,215,216,217,218,219,220,221,222,223,224,299,
93;0;1522;1616;1;0,2,5,6,7,8,9,10,11,12,13,14,15,17,18,19,20,21,23,25,40,43,44,45,47,48,49,50,51,63,64,78,82,83,84,86,90,91,95,124,127,129,132,134,136,137,138,143,144,145,146,150,166,167,168,169,174,175,176,178,179,181,184,186,189,192,208,209,210,211,212,213,214,215,216,217,218,219,220,221,
35;0;1616;1794;0;0,2,5,6,7,8,9,10,11,12,13,14,15,17,18,19,20,21,23,25,40,43,44,45,47,48,49,50,51,63,64,78,82,83,84,86,90,91,95,124,127,129,132,134,136,137,138,143,144,145,146,147,150,166,167,168,169,174,175,176,178,179,181,184,186,189,192,208,209,210,211,212,213,214,215,216,217,218,219,220,
216;0;1794;1931;0;0,2,5,6,7,8,9,10,11,12,13,14,15,17,18,19,20,21,23,25,40,43,44,45,47,48,49,50,51,63,64,78,82,83,84,86,90,91,95,124,127,129,132,134,136,137,138,143,144,145,146,147,150,166,167,168,169,174,175,176,178,179,181,184,186,189,192,208,209,210,211,212,213,214,215,216,217,218,219,323,
212;0;1931;2080;0;0,2,5,6,7,8,9,10,11,12,13,14,15,17,18,19,20,21,23,25,26,40,43,44,45,47,48,49,50,51,63,64,72,73,74,75,76,78,82,83,84,86,90,91,95,124,127,129,132,134,136,137,138,143,144,145,146,147,150,166,167,168,169,174,175,176,178,179,181,184,186,189,196,244,245,246,247,320,321,322,
212;1;2080;2230;0;0,2,5,6,7,8,9,10,11,12,13,14,15,17,18,19,20,21,23,25,26,40,43,44,45,47,48,49,50,51,63,64,72,73,74,75,76,78,82,83,84,86,90,91,95,124,127,129,132,134,136,137,138,143,144,145,146,147,150,166,167,168,169,174,175,176,178,179,181,184,186,189,196,244,245,246,247,320,321,322,
102;0;2230;2354;0;0,2,5,6,7,8,9,10,11,12,13,14,15,17,18,19,20,21,23,25,26,40,43,44,45,47,48,49,50,51,63,64,72,73,74,75,76,78,82,83,84,86,90,91,95,124,127,129,132,134,136,137,138,143,144,145,146,147,150,166,167,168,169,174,175,176,178,179,181,184,186,189,196,244,245,246,247,320,321,322,
102;1;2354;2505;0;0,2,5,6,7,8,9,10,11,12,13,14,15,17,18,19,20,21,23,25,26,40,43,44,45,47,48,49,50,51,63,64,72,73,74,75,76,78,82,83,84,86,90,91,95,124,127,129,132,134,136,137,138,143,144,145,146,147,150,166,167,168,169,174,175,176,178,179,181,184,186,189,196,244,245,246,247,320,321,322,
19;0;2505;2673;0;0,2,5,6,7,8,9,10,11,12,13,14,15,17,18,19,20,21,23,25,26,40,43,44,45,47,48,49,50,51,63,64,72,73,74,75,76,78,82,83,84,86,90,91,95,124,127,129,132,134,136,137,138,143,144,145,146,147,150,166,167,168,169,174,175,176,178,179,181,184,186,189,196,244,245,246,247,320,321,322,
19;1;2673;2747;0;0,2,5,6,7,8,9,10,11,12,13,14,15,17,18,19,20,21,23,25,26,40,43,44,45,47,48,49,50,51,63,64,72,73,74,75,76,78,82,83,84,86,90,91,95,124,127,129,132,134,136,137,138,143,144,145,146,147,150,166,167,168,169,174,175,176,178,179,181,184,186,189,196,244,245,246,247,320,321,322,
218;0;2747;2807;0;0,2,5,6,7,8,9,10,11,12,13,14,15,17,18,19,20,21,23,25,26,40,43,44,45,47,48,49,50,51,63,64,72,73,74,75,76,78,82,83,84,86,90,91,95,124,127,129,132,134,136,137,138,143,144,145,146,147,150,166,167,168,169,174,175,176,178,179,181,184,186,189,196,244,245,246,247,320,321,322,
142;0;2807;2884;0;0,2,5,6,7,8,9,10,11,12,13,14,15,17,18,19,20,21,23,25,26,40,43,44,45,47,48,49,50,51,63,64,72,73,74,75,76,78,82,83,84,86,90,91,95,124,127,129,132,134,136,137,138,143,144,145,146,147,150,166,167,168,169,174,175,176,178,179,181,184,186,189,196,244,245,246,247,320,321,322,
142;1;2884;2893;0;0,2,5,6,7,8,9,10,11,12,13,14,15,17,18,19,20,21,23,25,26,40,43,44,45,47,48,49,50,51,63,64,72,73,74,75,76,78,82,83,84,86,90,91,95,124,127,129,132,134,136,137,138,143,144,145,146,147,150,166,167,168,169,174,175,176,178,179,181,184,186,189,196,244,245,246,247,320,321,322,
230;0;2893;2998;1;0,2,5,6,7,8,9,10,11,12,13,14,15,17,18,19,20,21,23,25,26,32,40,43,44,45,47,48,49,50,51,56,63,64,72,73,74,75,76,78,82,83,84,86,90,91,95,124,127,129,132,134,136,137,138,143,144,145,146,147,150,166,167,168,169,170,171,173,174,175,176,178,179,181,184,186,189,196,244,245,
177;0;2998;3079;1;0,2,5,6,7,8,9,10,11,12,13,14,15,17,18,19,20,21,23,25,26,32,40,43,44,45,47,48,49,50,51,56,63,64,72,73,74,75,76,78,79,80,82,83,84,86,90,91,95,124,127,129,132,134,136,137,138,143,144,145,146,147,150,166,167,168,169,170,171,173,174,175,176,178,179,181,184,186,189,196,
177;1;3079;3114;1;0,2,5,6,7,8,9,10,11,12,13,14,15,17,18,19,20,21,23,25,26,32,40,43,44,45,47,48,49,50,51,56,63,64,72,73,74,75,76,78,79,80,82,83,84,86,90,91,95,124,127,129,132,134,136,137,138,143,144,145,146,147,150,166,167,168,169,170,171,173,174,175,176,178,179,181,184,186,189,196,
55;0;3114;3258;0;0,2,5,6,7,8,9,10,11,12,13,14,15,17,18,19,20,21,23,25,26,32,40,43,44,45,47,48,49,50,51,56,63,64,72,73,74,75,76,77,78,79,80,82,83,84,86,90,91,95,117,124,127,129,132,134,136,137,138,143,144,145,146,147,150,166,167,168,169,170,171,173,174,175,176,178,179,181,184,186,
22;0;3258;3389;0;0,2,5,6,7,8,9,10,11,12,13,14,15,17,18,19,20,21,22,23,25,26,32,40,43,44,45,47,48,49,50,51,56,63,64,72,73,74,75,76,77,78,79,80,82,83,84,86,90,91,95,117,124,127,129,132,134,136,137,138,143,144,145,146,147,150,166,167,168,169,170,171,173,174,175,176,178,179,181,184,
22;1;3389;3516;0;0,2,5,6,7,8,9,10,11,12,13,14,15,17,18,19,20,21,22,23,25,26,32,40,43,44,45,47,48,49,50,51,56,63,64,72,73,74,75,76,77,78,79,80,82,83,84,86,90,91,95,117,124,127,129,132,134,136,137,138,143,144,145,146,147,150,166,167,168,169,170,171,173,174,175,176,178,179,181,184,
149;0;3516;3588;0;0,2,5,6,7,8,9,10,11,12,13,14,15,17,18,19,20,21,22,23,25,26,32,40,43,44,45,47,48,49,50,51,56,63,64,72,73,74,75,76,77,78,79,80,82,83,84,86,90,91,95,117,124,127,129,132,134,136,137,138,143,144,145,146,147,150,166,167,168,169,170,171,173,174,175,260,261,262,263,264,
149;1;3588;3643;0;0,2,5,6,7,8,9,10,11,12,13,14,15,17,18,19,20,21,22,23,25,26,32,40,43,44,45,47,48,49,50,51,56,63,64,72,73,74,75,76,77,78,79,80,82,83,84,86,90,91,95,117,124,127,129,132,134,136,137,138,143,144,145,146,147,150,166,167,168,169,170,171,173,174,175,260,261,262,263,264,
154;0;3643;3752;1;0,2,5,6,7,8,9,10,11,12,13,14,15,17,18,19,20,21,22,23,25,26,32,40,43,44,45,47,48,49,50,51,56,63,64,72,73,74,75,76,77,78,79,80,82,83,84,86,90,91,95,117,124,127,129,132,134,136,137,138,143,144,145,146,147,150,166,167,168,169,170,171,173,174,175,260,261,262,263,264,
154;1;3752;3812;1;0,2,5,6,7,8,9,10,11,12,13,14,15,17,18,19,20,21,22,23,25,26,32,40,43,44,45,47,48,49,50,51,56,63,64,72,73,74,75,76,77,78,79,80,82,83,84,86,90,91,95,117,124,127,129,132,134,136,137,138,143,144,145,146,147,150,166,167,168,169,170,171,173,174,175,260,261,262,263,264,
23;0;3812;3985;1;0,2,5,6,7,8,9,10,11,12,13,14,15,17,18,19,20,21,22,23,25,26,32,40,43,44,45,47,48,49,50,51,56,63,64,72,73,74,75,76,77,78,79,80,82,83,84,86,90,91,95,117,124,127,129,132,134,136,137,138,143,144,145,146,147,150,166,167,168,169,170,171,173,174,175,260,261,262,263,264,
117;0;3985;4034;1;0,2,5,6,7,8,9,10,11,12,13,14,15,17,18,19,20,21,22,23,25,26,32,40,43,44,45,47,48,49,50,51,56,63,64,72,73,74,75,76,77,78,79,80,82,83,84,86,90,91,95,117,124,127,129,132,134,136,137,138,143,144,145,146,147,150,166,167,168,169,170,171,173,174,175,260,261,262,263,264,
117;1;4034;4169;1;0,2,5,6,7,8,9,10,11,12,13,14,15,17,18,19,20,21,22,23,25,26,32,40,43,44,45,47,48,49,50,51,56,63,64,72,73,74,75,76,77,78,79,80,82,83,84,86,90,91,95,117,124,127,129,132,134,136,137,138,143,144,145,146,147,150,166,167,168,169,170,171,173,174,175,260,261,262,263,264,
57;0;4169;4328;1;0,2,5,6,7,8,9,10,11,12,13,14,15,17,18,19,20,21,22,23,25,26,32,40,43,44,45,47,48,49,50,51,56,63,64,72,73,74,75,76,77,78,79,80,82,83,84,86,90,91,95,117,124,127,129,132,134,136,137,138,143,144,145,146,147,150,166,167,168,169,170,171,173,174,175,260,261,262,263,264,
57;1;4328;4376;1;0,2,5,6,7,8,9,10,11,12,13,14,15,17,18,19,20,21,22,23,25,26,32,40,43,44,45,47,48,49,50,51,56,63,64,72,73,74,75,76,77,78,79,80,82,83,84,86,90,91,95,117,124,127,129,132,134,136,137,138,143,144,145,146,147,150,166,167,168,169,170,171,173,174,175,260,261,262,263,264,
174;0;4376;4536;1;0,1,2,5,6,7,8,9,10,11,12,13,14,15,17,18,19,20,21,22,23,25,26,32,40,43,44,45,47,48,49,50,51,56,63,64,72,73,74,75,76,77,78,79,80,82,83,84,86,90,91,95,117,124,127,129,132,134,136,137,138,143,144,145,146,147,150,166,167,168,169,170,171,173,174,175,260,261,262,263,
174;1;4536;4612;1;0,1,2,5,6,7,8,9,10,11,12,13,14,15,17,18,19,20,21,22,23,25,26,32,40,43,44,45,47,48,49,50,51,56,63,64,72,73,74,75,76,77,78,79,80,82,83,84,86,90,91,95,117,124,127,129,132,134,136,137,138,143,144,145,146,147,150,166,167,168,169,170,171,173,174,175,260,261,262,263,
159;0;4612;4665;0;0,1,2,5,6,7,8,9,10,11,12,13,14,15,17,18,19,20,21,22,23,25,26,32,40,43,44,45,47,48,49,50,51,56,63,64,72,73,74,75,76,77,78,79,80,82,83,84,86,90,91,95,117,124,127,129,132,134,136,137,138,143,144,145,146,147,150,166,167,168,169,170,171,173,174,175,260,261,262,263,
159;1;4665;4768;0;0,1,2,5,6,7,8,9,10,11,12,13,14,15,17,18,19,20,21,22,23,25,26,32,40,43,44,45,47,48,49,50,51,56,63,64,72,73,74,75,76,77,78,79,80,82,83,84,86,90,91,95,117,124,127,129,132,134,136,137,138,143,144,145,146,147,150,166,167,168,169,170,171,173,174,175,260,261,262,263,
122;0;4768;4841;0;0,1,2,5,6,7,8,9,10,11,12,13,14,15,17,18,19,20,21,22,23,25,26,32,40,43,44,45,47,48,49,50,51,56,61,63,64,72,73,74,75,76,77,78,79,80,82,83,84,86,90,91,95,117,124,127,129,132,134,136,137,138,143,144,145,146,147,150,166,167,168,169,170,171,173,174,175,260,261,262,
122;1;4841;4919;0;0,1,2,5,6,7,8,9,10,11,12,13,14,15,17,18,19,20,21,22,23,25,26,32,40,43,44,45,47,48,49,50,51,56,61,63,64,72,73,74,75,76,77,78,79,80,82,83,84,86,90,91,95,117,124,127,129,132,134,136,137,138,143,144,145,146,147,150,166,167,168,169,170,171,173,174,175,260,261,262,
148;0;4919;5020;0;0,1,2,5,6,7,8,9,10,11,12,13,14,15,17,18,19,20,21,22,23,25,26,32,40,43,44,45,47,48,49,50,51,56,61,63,64,72,73,74,75,76,77,78,79,80,82,83,84,86,90,91,95,117,124,127,129,132,134,136,137,138,143,144,145,146,147,150,166,167,168,169,170,171,173,174,175,260,261,262,
96;0;5020;5096;0;0,1,2,5,6,7,8,9,10,11,12,13,14,15,17,18,19,20,21,22,23,25,26,32,40,43,44,45,47,48,49,50,51,56,61,63,64,72,73,74,75,76,77,78,79,80,82,83,84,86,90,91,95,117,124,127,129,132,134,136,137,138,143,144,145,146,147,150,166,167,168,169,170,171,173,174,175,260,261,262,
Machine: 3
160;0;0;9;1;0,1,2,3,4,5,6,7,8,9,10,11,12,13,14,15,16,17,18,19,20,21,22,25,26,27,32,40,47,48,49,50,51,54,55,61,62,63,64,65,66,67,78,79,80,117,122,123,124,135,143,144,145,146,147,167,178,179,192,195,196,213,215,221,228,249,250,251,252,253,254,255,274,275,276,277,278,280,281,282,
147;0;9;17;1;0,1,2,3,4,5,6,7,8,9,10,11,12,13,14,15,16,17,18,19,20,21,22,25,26,27,32,40,47,48,49,50,51,54,55,61,62,63,64,65,66,67,78,79,80,117,122,123,124,135,143,144,145,146,147,167,178,179,192,195,196,213,215,221,228,249,250,251,252,253,254,255,274,275,276,277,278,280,281,282,
147;1;17;42;1;0,1,2,3,4,5,6,7,8,9,10,11,12,13,14,15,16,17,18,19,20,21,22,25,26,27,32,40,47,48,49,50,51,54,55,61,62,63,64,65,66,67,78,79,80,117,122,123,124,135,143,144,145,146,147,167,178,179,192,195,196,213,215,221,228,249,250,251,252,253,254,255,274,275,276,277,278,280,281,282,
62;0;42;137;0;0,1,2,3,4,5,6,7,8,9,10,11,12,13,14,15,16,17,18,19,20,21,22,25,26,27,32,40,47,48,49,50,51,54,55,61,62,63,64,65,66,67,78,79,80,117,122,123,124,135,143,144,145,146,147,167,178,179,192,195,196,213,215,221,228,249,250,251,252,253,254,255,274,275,276,277,278,280,281,282,
62;1;137;227;0;0,1,2,3,4,5,6,7,8,9,10,11,12,13,14,15,16,17,18,19,20,21,22,25,26,27,32,40,47,48,49,50,51,54,55,61,62,63,64,65,66,67,78,79,80,117,122,123,124,135,143,144,145,146,147,167,178,179,192,195,196,213,215,221,228,249,250,251,252,253,254,255,274,275,276,277,278,280,281,282,
198;0;227;303;0;0,1,2,3,4,5,6,7,8,9,10,11,12,13,14,15,16,17,18,19,20,21,22,25,26,27,32,40,47,48,49,50,51,54,55,61,62,63,64,65,66,67,78,79,80,117,122,123,124,135,143,144,145,146,147,167,178,179,192,195,196,213,215,221,228,249,250,251,252,253,254,255,274,275,276,277,278,280,281,282,
26;0;303;347;0;0,1,2,3,4,5,6,7,8,9,10,11,12,13,14,15,16,17,18,19,20,21,22,25,26,27,32,40,47,48,49,50,51,54,55,61,62,63,64,65,66,67,78,79,80,117,122,123,124,135,143,144,145,146,147,167,178,179,192,195,196,213,215,221,228,249,250,251,252,253,254,255,274,275,276,277,278,280,281,282,
3;0;347;396;1;0,1,2,3,4,5,6,7,8,9,10,11,12,13,14,15,16,17,18,19,20,21,22,25,26,27,32,40,47,48,49,50,51,54,55,61,62,63,64,65,66,67,78,79,80,117,122,123,124,135,143,144,145,146,147,167,178,179,192,195,196,213,215,221,228,249,250,251,252,253,254,255,274,275,276,277,278,280,281,282,
42;0;396;441;0;0,1,2,3,4,5,6,7,8,9,10,11,12,13,14,15,16,17,18,19,20,21,22,25,26,27,32,40,47,48,49,50,51,54,55,61,62,63,64,65,66,67,78,79,80,117,122,123,124,135,143,144,145,146,147,167,178,179,192,195,196,213,215,221,228,249,250,251,252,253,254,255,274,275,276,277,278,280,281,282,
42;1;441;566;0;0,1,2,3,4,5,6,7,8,9,10,11,12,13,14,15,16,17,18,19,20,21,22,25,26,27,32,40,47,48,49,50,51,54,55,61,62,63,64,65,66,67,78,79,80,117,122,123,124,135,143,144,145,146,147,167,178,179,192,195,196,213,215,221,228,249,250,251,252,253,254,255,274,275,276,277,278,280,281,282,
8;0;566;643;0;0,1,2,3,4,5,6,7,8,9,10,11,12,13,14,15,16,17,18,19,20,21,22,25,26,27,32,40,47,48,49,50,51,54,55,61,62,63,64,65,66,67,78,79,80,117,122,123,124,135,143,144,145,146,147,167,178,179,192,195,196,213,215,221,228,249,250,251,252,253,254,255,274,275,276,277,278,280,281,282,
231;0;643;698;1;0,1,2,3,4,5,6,7,8,9,10,11,12,13,14,15,16,17,18,19,20,21,22,25,26,27,32,40,47,48,49,50,51,54,55,61,62,63,64,65,66,67,78,79,80,117,122,123,124,135,143,144,145,146,147,167,178,179,192,195,196,213,215,221,228,249,250,251,252,253,254,255,274,275,276,277,278,280,281,282,
86;0;698;735;0;0,1,2,3,4,5,6,7,8,9,10,11,12,13,14,15,16,17,18,19,20,21,22,25,26,27,32,40,47,48,49,50,51,54,55,61,62,63,64,65,66,67,78,79,80,117,122,123,124,135,143,144,145,146,147,167,178,179,192,195,196,213,215,221,228,249,250,251,252,253,254,255,274,275,276,277,278,280,281,282,
234;0;735;764;1;0,1,2,3,4,5,6,7,8,9,10,11,12,13,14,15,16,17,18,19,20,21,22,25,26,27,32,40,47,48,49,50,51,54,55,61,62,63,64,65,66,67,78,79,80,117,122,123,124,135,143,144,145,146,147,167,178,179,192,195,196,213,215,221,228,249,250,251,252,253,254,255,274,275,276,277,278,280,281,282,
234;1;764;796;1;0,1,2,3,4,5,6,7,8,9,10,11,12,13,14,15,16,17,18,19,20,21,22,25,26,27,32,40,47,48,49,50,51,54,55,61,62,63,64,65,66,67,78,79,80,117,122,123,124,135,143,144,145,146,147,167,178,179,192,195,196,213,215,221,228,249,250,251,252,253,254,255,274,275,276,277,278,280,281,282,
11;0;796;862;1;0,1,2,3,4,5,6,7,8,9,10,11,12,13,14,15,16,17,18,19,20,21,22,25,26,27,32,40,47,48,49,50,51,54,55,61,62,63,64,65,66,67,78,79,80,117,122,123,124,135,143,144,145,146,147,167,178,179,192,195,196,213,215,221,228,249,250,251,252,253,254,255,274,275,276,277,278,280,281,282,
106;0;862;942;0;0,1,2,3,4,5,6,7,8,9,10,11,12,13,14,15,16,17,18,19,20,21,22,25,26,27,32,40,47,48,49,50,51,54,55,61,62,63,64,65,66,67,78,79,80,117,122,123,124,135,143,144,145,146,147,167,178,179,192,195,196,213,215,221,228,249,250,251,252,253,254,255,274,275,276,277,278,280,281,282,
111;0;942;1014;1;0,1,2,3,4,5,6,7,8,9,10,11,12,13,14,15,16,17,18,19,20,21,22,25,26,27,32,40,47,48,49,50,51,54,55,61,62,63,64,65,66,67,78,79,80,117,122,123,124,135,143,144,145,146,147,167,178,179,192,195,196,213,215,221,228,249,250,251,252,253,254,255,274,275,276,277,278,280,281,282,
17;0;1014;1082;1;0,1,2,3,4,5,6,7,8,9,10,11,12,13,14,15,16,17,18,19,20,21,22,25,26,27,32,40,47,48,49,50,51,54,55,61,62,63,64,65,66,67,78,79,80,117,122,123,124,135,143,144,145,146,147,167,178,179,192,195,196,213,215,221,228,249,250,251,252,253,254,255,274,275,276,277,278,280,281,282,
17;1;1082;1116;1;0,1,2,3,4,5,6,7,8,9,10,11,12,13,14,15,16,17,18,19,20,21,22,25,26,27,32,40,47,48,49,50,51,54,55,61,62,63,64,65,66,67,78,79,80,117,122,123,124,135,143,144,145,146,147,167,178,179,192,195,196,213,215,221,228,249,250,251,252,253,254,255,274,275,276,277,278,280,281,282,
192;0;1116;1200;0;0,1,2,3,4,5,6,7,8,9,10,11,12,13,14,15,16,17,18,19,20,21,22,25,26,27,32,40,47,48,49,50,51,54,55,61,62,63,64,65,66,67,78,79,80,117,122,123,124,135,143,144,145,146,147,167,178,179,192,195,196,213,215,221,228,249,250,251,252,253,254,255,274,275,276,277,278,280,281,282,
192;1;1200;1234;0;0,1,2,3,4,5,6,7,8,9,10,11,12,13,14,15,16,17,18,19,20,21,22,25,26,27,32,40,47,48,49,50,51,54,55,61,62,63,64,65,66,67,78,79,80,117,122,123,124,135,143,144,145,146,147,167,178,179,192,195,196,213,215,221,228,249,250,251,252,253,254,255,274,275,276,277,278,280,281,282,
161;0;1234;1344;1;0,1,2,3,4,5,6,7,8,9,10,11,12,13,14,15,16,17,18,19,20,21,22,25,26,27,32,40,47,48,49,50,51,54,55,61,62,63,64,65,66,67,78,79,80,117,122,123,124,135,143,144,145,146,147,167,178,179,192,195,196,213,215,221,228,249,250,251,252,253,254,255,274,275,276,277,278,280,281,282,
128;0;1344;1430;0;0,1,2,3,4,5,6,7,8,9,10,11,12,13,14,15,16,17,18,19,20,21,22,25,26,27,32,40,47,48,49,50,51,54,55,61,62,63,64,65,66,67,78,79,80,117,122,123,124,135,143,144,145,146,147,167,178,179,192,195,196,213,215,221,228,249,250,251,252,253,254,255,274,275,276,277,278,280,281,282,
210;0;1430;1544;1;0,1,2,3,4,5,6,7,8,9,10,11,12,13,14,15,16,17,18,19,20,21,22,25,26,27,32,40,47,48,49,50,51,54,55,61,62,63,64,65,66,67,78,79,80,117,122,123,124,135,143,144,145,146,147,167,178,179,192,195,196,213,215,221,228,249,250,251,252,253,254,255,274,275,276,277,278,280,281,282,
94;0;1544;1596;1;0,1,2,3,4,5,6,7,8,9,10,11,12,13,14,15,16,17,18,19,20,21,22,25,26,27,32,40,47,48,49,50,51,54,55,61,62,63,64,65,66,67,78,79,80,117,122,123,124,135,143,144,145,146,147,167,178,179,192,195,196,213,215,221,228,249,250,251,252,253,254,255,274,275,276,277,278,280,281,282,
94;1;1596;1669;1;0,1,2,3,4,5,6,7,8,9,10,11,12,13,14,15,16,17,18,19,20,21,22,25,26,27,32,40,47,48,49,50,51,54,55,61,62,63,64,65,66,67,78,79,80,117,122,123,124,135,143,144,145,146,147,167,178,179,192,195,196,213,215,221,228,249,250,251,252,253,254,255,274,275,276,277,278,280,281,282,
130;0;1669;1806;1;0,1,2,3,4,5,6,7,8,9,10,11,12,13,14,15,16,17,18,19,20,21,22,25,26,27,32,40,47,48,49,50,51,54,55,61,62,63,64,65,66,67,78,79,80,117,122,123,124,135,143,144,145,146,147,167,178,179,192,195,196,213,215,221,228,249,250,251,252,253,254,255,274,275,276,277,278,280,281,282,
144;0;1806;1850;1;0,1,2,3,4,5,6,7,8,9,10,11,12,13,14,15,16,17,18,19,20,21,22,25,26,27,32,40,47,48,49,50,51,54,55,61,62,63,64,65,66,67,78,79,80,117,122,123,124,135,143,144,145,146,147,167,178,179,192,195,196,213,215,221,228,249,250,251,252,253,254,255,274,275,276,277,278,280,281,282,
144;1;1850;1959;1;0,1,2,3,4,5,6,7,8,9,10,11,12,13,14,15,16,17,18,19,20,21,22,25,26,27,32,40,47,48,49,50,51,54,55,61,62,63,64,65,66,67,78,79,80,117,122,123,124,135,143,144,145,146,147,167,178,179,192,195,196,213,215,221,228,249,250,251,252,253,254,255,274,275,276,277,278,280,281,282,
190;0;1959;2116;1;0,1,2,3,4,5,6,7,8,9,10,11,12,13,14,15,16,17,18,19,20,21,22,25,26,27,32,40,47,48,49,50,51,54,55,61,62,63,64,65,66,67,78,79,80,117,122,123,124,135,143,144,145,146,147,167,178,179,192,195,196,213,215,221,228,249,250,251,252,253,254,255,274,275,276,277,278,280,281,282,
33;0;2116;2279;1;0,1,2,3,4,5,6,7,8,9,10,11,12,13,14,15,16,17,18,19,20,21,22,25,26,27,32,40,47,48,49,50,51,54,55,61,62,63,64,65,66,67,78,79,80,117,122,123,124,135,143,144,145,146,147,167,178,179,192,195,196,213,215,221,228,249,250,251,252,253,254,255,274,275,276,277,278,280,281,282,
91;0;2279;2452;1;0,1,2,3,4,5,6,7,8,9,10,11,12,13,14,15,16,17,18,19,20,21,22,25,26,27,32,40,47,48,49,50,51,54,55,61,62,63,64,65,66,67,78,79,80,117,122,123,124,135,143,144,145,146,147,167,178,179,192,195,196,213,215,221,228,249,250,251,252,253,254,255,274,275,276,277,278,280,281,282,
150;0;2452;2631;1;0,1,2,3,4,5,6,7,8,9,10,11,12,13,14,15,16,17,18,19,20,21,22,25,26,27,32,40,47,48,49,50,51,54,55,61,62,63,64,65,66,67,78,79,80,117,122,123,124,135,143,144,145,146,147,167,178,179,192,195,196,213,215,221,228,249,250,251,252,253,254,255,274,275,276,277,278,280,281,282,
74;0;2631;2663;1;0,1,2,3,4,5,6,7,8,9,10,11,12,13,14,15,16,17,18,19,20,21,22,25,26,27,32,40,47,48,49,50,51,54,55,61,62,63,64,65,66,67,78,79,80,117,122,123,124,135,143,144,145,146,147,167,178,179,192,195,196,213,215,221,228,249,250,251,252,253,254,255,274,275,276,277,278,280,281,282,
74;1;2663;2841;1;0,1,2,3,4,5,6,7,8,9,10,11,12,13,14,15,16,17,18,19,20,21,22,25,26,27,32,40,47,48,49,50,51,54,55,61,62,63,64,65,66,67,78,79,80,117,122,123,124,135,143,144,145,146,147,167,178,179,192,195,196,213,215,221,228,249,250,251,252,253,254,255,274,275,276,277,278,280,281,282,
206;0;2841;2935;0;0,1,2,3,4,5,6,7,8,9,10,11,12,13,14,15,16,17,18,19,20,21,22,25,26,27,32,40,47,48,49,50,51,54,55,61,62,63,64,65,66,67,78,79,80,117,122,123,124,135,143,144,145,146,147,167,178,179,192,195,196,213,215,221,228,249,250,251,252,253,254,255,274,275,276,277,278,280,281,282,
47;0;2935;3076;1;0,1,2,3,4,5,6,7,8,9,10,11,12,13,14,15,16,17,18,19,20,21,22,25,26,27,32,40,47,48,49,50,51,54,55,61,62,63,64,65,66,67,78,79,80,117,122,123,124,135,143,144,145,146,147,167,178,179,192,195,196,213,215,221,228,249,250,251,252,253,254,255,274,275,276,277,278,280,281,282,
47;1;3076;3172;1;0,1,2,3,4,5,6,7,8,9,10,11,12,13,14,15,16,17,18,19,20,21,22,25,26,27,32,40,47,48,49,50,51,54,55,61,62,63,64,65,66,67,78,79,80,117,122,123,124,135,143,144,145,146,147,167,178,179,192,195,196,213,215,221,228,249,250,251,252,253,254,255,274,275,276,277,278,280,281,282,
105;0;3172;3319;0;0,1,2,3,4,5,6,7,8,9,10,11,12,13,14,15,16,17,18,19,20,21,22,25,26,27,32,40,47,48,49,50,51,54,55,61,62,63,64,65,66,67,78,79,80,117,122,123,124,135,143,144,145,146,147,167,178,179,192,195,196,213,215,221,228,249,250,251,252,253,254,255,274,275,276,277,278,280,281,282,
4;0;3319;3467;1;0,1,2,3,4,5,6,7,8,9,10,11,12,13,14,15,16,17,18,19,20,21,22,25,26,27,32,40,47,48,49,50,51,54,55,61,62,63,64,65,66,67,78,79,80,117,122,123,124,135,143,144,145,146,147,167,178,179,192,195,196,213,215,221,228,249,250,251,252,253,254,255,274,275,276,277,278,280,281,282,
4;1;3467;3564;1;0,1,2,3,4,5,6,7,8,9,10,11,12,13,14,15,16,17,18,19,20,21,22,25,26,27,32,40,47,48,49,50,51,54,55,61,62,63,64,65,66,67,78,79,80,117,122,123,124,135,143,144,145,146,147,167,178,179,192,195,196,213,215,221,228,249,250,251,252,253,254,255,274,275,276,277,278,280,281,282,
134;0;3564;3711;1;0,1,2,3,4,5,6,7,8,9,10,11,12,13,14,15,16,17,18,19,20,21,22,25,26,27,32,40,43,44,45,47,48,49,50,51,54,55,61,62,63,64,65,66,67,78,79,80,117,122,123,124,135,143,144,145,146,147,166,167,178,179,192,195,196,213,215,221,228,249,250,251,252,253,254,255,274,275,276,294,
134;1;3711;3822;1;0,1,2,3,4,5,6,7,8,9,10,11,12,13,14,15,16,17,18,19,20,21,22,25,26,27,32,40,43,44,45,47,48,49,50,51,54,55,61,62,63,64,65,66,67,78,79,80,117,122,123,124,135,143,144,145,146,147,166,167,178,179,192,195,196,213,215,221,228,249,250,251,252,253,254,255,274,275,276,294,
172;0;3822;3948;0;0,1,2,3,4,5,6,7,8,9,10,11,12,13,14,15,16,17,18,19,20,21,22,25,26,27,32,40,43,44,45,47,48,49,50,51,54,55,61,62,63,64,65,66,67,78,79,80,117,122,123,124,135,143,144,145,146,147,166,167,178,179,192,195,196,213,215,221,228,249,250,251,252,253,254,255,274,275,276,294,
172;1;3948;4098;0;0,1,2,3,4,5,6,7,8,9,10,11,12,13,14,15,16,17,18,19,20,21,22,25,26,27,32,40,43,44,45,47,48,49,50,51,54,55,61,62,63,64,65,66,67,78,79,80,117,122,123,124,135,143,144,145,146,147,166,167,178,179,192,195,196,213,215,221,228,249,250,251,252,253,254,255,274,275,276,294,
92;0;4098;4219;0;0,1,2,3,4,5,6,7,8,9,10,11,12,13,14,15,16,17,18,19,20,21,22,25,26,27,32,40,43,44,45,47,48,49,50,51,54,55,61,62,63,64,65,66,67,78,79,80,117,122,123,124,135,143,144,145,146,147,166,167,178,179,192,195,196,213,215,221,228,249,250,251,252,253,254,255,274,275,276,294,
92;1;4219;4227;0;0,1,2,3,4,5,6,7,8,9,10,11,12,13,14,15,16,17,18,19,20,21,22,25,26,27,32,40,43,44,45,47,48,49,50,51,54,55,61,62,63,64,65,66,67,78,79,80,117,122,123,124,135,143,144,145,146,147,166,167,178,179,192,195,196,213,215,221,228,249,250,251,252,253,254,255,274,275,276,294,
9;0;4320;4404;0;0,1,2,3,4,5,6,7,8,9,10,11,12,13,14,15,16,17,18,19,20,21,22,25,26,27,32,40,41,42,43,44,45,47,48,49,50,51,54,55,61,62,63,64,65,66,67,78,79,80,117,122,123,124,135,143,144,145,146,147,166,167,178,179,192,195,196,213,215,221,228,249,250,251,252,253,254,255,274,275,
9;1;4404;4464;0;0,1,2,3,4,5,6,7,8,9,10,11,12,13,14,15,16,17,18,19,20,21,22,25,26,27,32,40,41,42,43,44,45,47,48,49,50,51,54,55,61,62,63,64,65,66,67,78,79,80,117,122,123,124,135,143,144,145,146,147,166,167,178,179,192,195,196,213,215,221,228,249,250,251,252,253,254,255,274,275,
15;0;4464;4488;0;0,1,2,3,4,5,6,7,8,9,10,11,12,13,14,15,16,17,18,19,20,21,22,25,26,27,32,40,41,42,43,44,45,47,48,49,50,51,54,55,56,57,58,59,60,61,62,63,64,65,66,67,78,79,80,117,122,123,124,135,143,144,145,146,147,166,167,178,179,192,195,196,213,215,221,228,249,250,251,252,
228;0;4488;4506;0;0,1,2,3,4,5,6,7,8,9,10,11,12,13,14,15,16,17,18,19,20,21,22,25,26,27,32,40,41,42,43,44,45,47,48,49,50,51,54,55,56,57,58,59,60,61,62,63,64,65,66,67,78,79,80,117,122,123,124,135,143,144,145,146,147,166,167,170,171,172,173,178,179,192,195,196,213,215,221,228,
199;0;4506;4558;0;0,1,2,3,4,5,6,7,8,9,10,11,12,13,14,15,16,17,18,19,20,21,22,25,26,27,32,40,41,42,43,44,45,47,48,49,50,51,54,55,56,57,58,59,60,61,62,63,64,65,66,67,78,79,80,117,122,123,124,135,143,144,145,146,147,166,167,170,171,172,173,178,179,192,195,196,213,215,221,228,
199;1;4558;4735;0;0,1,2,3,4,5,6,7,8,9,10,11,12,13,14,15,16,17,18,19,20,21,22,25,26,27,32,40,41,42,43,44,45,47,48,49,50,51,54,55,56,57,58,59,60,61,62,63,64,65,66,67,78,79,80,117,122,123,124,135,143,144,145,146,147,166,167,170,171,172,173,178,179,192,195,196,213,215,221,228,
112;0;4735;4776;0;0,1,2,3,4,5,6,7,8,9,10,11,12,13,14,15,16,17,18,19,20,21,22,25,26,27,32,40,41,42,43,44,45,47,48,49,50,51,54,55,56,57,58,59,60,61,62,63,64,65,66,67,78,79,80,117,122,123,124,135,143,144,145,146,147,166,167,170,171,172,173,178,179,192,195,196,213,215,221,228,
112;1;4776;4932;0;0,1,2,3,4,5,6,7,8,9,10,11,12,13,14,15,16,17,18,19,20,21,22,25,26,27,32,40,41,42,43,44,45,47,48,49,50,51,54,55,56,57,58,59,60,61,62,63,64,65,66,67,78,79,80,117,122,123,124,135,143,144,145,146,147,166,167,170,171,172,173,178,179,192,195,196,213,215,221,228,
207;0;4932;5097;1;0,1,2,3,4,5,6,7,8,9,10,11,12,13,14,15,16,17,18,19,20,21,22,25,26,27,32,40,41,42,43,44,45,47,48,49,50,51,54,55,56,57,58,59,60,61,62,63,64,65,66,67,78,79,80,117,122,123,124,135,143,144,145,146,147,166,167,170,171,172,173,178,179,192,195,196,213,215,221,228,
207;1;5097;5242;1;0,1,2,3,4,5,6,7,8,9,10,11,12,13,14,15,16,17,18,19,20,21,22,25,26,27,32,40,41,42,43,44,45,47,48,49,50,51,54,55,56,57,58,59,60,61,62,63,64,65,66,67,78,79,80,117,122,123,124,135,143,144,145,146,147,166,167,170,171,172,173,178,179,192,195,196,213,215,221,228,
Machine: 4
21;0;0;34;1;0,1,2,12,13,14,15,21,23,25,26,32,40,46,47,48,49,50,51,55,63,64,65,66,67,77,78,79,80,81,82,83,84,85,86,124,150,152,164,165,166,193,194,195,196,197,198,199,206,207,208,209,210,211,212,213,214,215,216,217,218,219,220,221,222,223,224,225,226,227,228,229,230,231,232,241,275,276,277,278,
132;0;34;63;0;0,1,2,12,13,14,15,21,23,25,26,32,40,46,47,48,49,50,51,55,63,64,65,66,67,77,78,79,80,81,82,83,84,85,86,124,150,152,164,165,166,193,194,195,196,197,198,199,206,207,208,209,210,211,212,213,214,215,216,217,218,219,220,221,222,223,224,225,226,227,228,229,230,231,232,241,275,276,277,278,
132;1;63;181;0;0,1,2,12,13,14,15,21,23,25,26,32,40,46,47,48,49,50,51,55,63,64,65,66,67,77,78,79,80,81,82,83,84,85,86,124,150,152,164,165,166,193,194,195,196,197,198,199,206,207,208,209,210,211,212,213,214,215,216,217,218,219,220,221,222,223,224,225,226,227,228,229,230,231,232,241,275,276,277,278,
79;0;181;258;0;0,1,2,12,13,14,15,21,23,25,26,32,40,46,47,48,49,50,51,55,63,64,65,66,67,77,78,79,80,81,82,83,84,85,86,124,150,152,164,165,166,193,194,195,196,197,198,199,206,207,208,209,210,211,212,213,214,215,216,217,218,219,220,221,222,223,224,225,226,227,228,229,230,231,232,241,275,276,277,278,
79;1;258;395;0;0,1,2,12,13,14,15,21,23,25,26,32,40,46,47,48,49,50,51,55,63,64,65,66,67,77,78,79,80,81,82,83,84,85,86,124,150,152,164,165,166,193,194,195,196,197,198,199,206,207,208,209,210,211,212,213,214,215,216,217,218,219,220,221,222,223,224,225,226,227,228,229,230,231,232,241,275,276,277,278,
208;0;395;559;0;0,1,2,12,13,14,15,21,23,25,26,32,40,46,47,48,49,50,51,55,63,64,65,66,67,77,78,79,80,81,82,83,84,85,86,124,150,152,164,165,166,193,194,195,196,197,198,199,206,207,208,209,210,211,212,213,214,215,216,217,218,219,220,221,222,223,224,225,226,227,228,229,230,231,232,241,275,276,277,278,
69;0;559;619;0;0,1,2,12,13,14,15,21,23,25,26,32,40,46,47,48,49,50,51,55,63,64,65,66,67,77,78,79,80,81,82,83,84,85,86,124,150,152,164,165,166,193,194,195,196,197,198,199,206,207,208,209,210,211,212,213,214,215,216,217,218,219,220,221,222,223,224,225,226,227,228,229,230,231,232,241,275,276,277,278,
69;1;619;788;0;0,1,2,12,13,14,15,21,23,25,26,32,40,46,47,48,49,50,51,55,63,64,65,66,67,77,78,79,80,81,82,83,84,85,86,124,150,152,164,165,166,193,194,195,196,197,198,199,206,207,208,209,210,211,212,213,214,215,216,217,218,219,220,221,222,223,224,225,226,227,228,229,230,231,232,241,275,276,277,278,
152;0;788;933;0;0,1,2,12,13,14,15,21,23,25,26,32,40,46,47,48,49,50,51,55,63,64,65,66,67,77,78,79,80,81,82,83,84,85,86,124,150,152,164,165,166,193,194,195,196,197,198,199,206,207,208,209,210,211,212,213,214,215,216,217,218,219,220,221,222,223,224,225,226,227,228,229,230,231,232,241,275,276,277,278,
152;1;933;985;0;0,1,2,12,13,14,15,21,23,25,26,32,40,46,47,48,49,50,51,55,63,64,65,66,67,77,78,79,80,81,82,83,84,85,86,124,150,152,164,165,166,193,194,195,196,197,198,199,206,207,208,209,210,211,212,213,214,215,216,217,218,219,220,221,222,223,224,225,226,227,228,229,230,231,232,241,275,276,277,278,
78;0;985;1072;0;0,1,2,12,13,14,15,21,23,25,26,32,40,46,47,48,49,50,51,55,63,64,65,66,67,77,78,79,80,81,82,83,84,85,86,124,150,152,164,165,166,193,194,195,196,197,198,199,206,207,208,209,210,211,212,213,214,215,216,217,218,219,220,221,222,223,224,225,226,227,228,229,230,231,232,241,275,276,277,278,
41;0;1072;1116;1;0,1,2,12,13,14,15,21,23,25,26,32,40,46,47,48,49,50,51,55,63,64,65,66,67,77,78,79,80,81,82,83,84,85,86,124,150,152,164,165,166,193,194,195,196,197,198,199,206,207,208,209,210,211,212,213,214,215,216,217,218,219,220,221,222,223,224,225,226,227,228,229,230,231,232,241,275,276,277,278,
240;0;1116;1165;1;0,1,2,12,13,14,15,21,23,25,26,32,40,46,47,48,49,50,51,55,63,64,65,66,67,77,78,79,80,81,82,83,84,85,86,124,150,152,164,165,166,193,194,195,196,197,198,199,206,207,208,209,210,211,212,213,214,215,216,217,218,219,220,221,222,223,224,225,226,227,228,229,230,231,232,241,275,276,277,278,
138;0;1165;1322;0;0,1,2,12,13,14,15,21,23,25,26,32,40,46,47,48,49,50,51,55,63,64,65,66,67,77,78,79,80,81,82,83,84,85,86,124,150,152,164,165,166,193,194,195,196,197,198,199,206,207,208,209,210,211,212,213,214,215,216,217,218,219,220,221,222,223,224,225,226,227,228,229,230,231,232,241,275,276,277,278,
20;0;1440;1504;1;0,1,2,12,13,14,15,21,23,25,26,32,40,46,47,48,49,50,51,55,63,64,65,66,67,77,78,79,80,81,82,83,84,85,86,87,88,89,90,91,92,93,94,95,96,97,98,99,100,101,102,103,104,105,106,107,108,109,110,111,112,113,114,115,116,124,150,152,164,165,166,193,194,195,196,197,198,199,206,207,
43;0;1504;1580;1;0,1,2,12,13,14,15,21,23,25,26,32,40,46,47,48,49,50,51,55,63,64,65,66,67,77,78,79,80,81,82,83,84,85,86,87,88,89,90,91,92,93,94,95,96,97,98,99,100,101,102,103,104,105,106,107,108,109,110,111,112,113,114,115,116,124,137,150,152,164,165,166,167,168,169,193,194,195,196,197,
59;0;1580;1732;0;0,1,2,12,13,14,15,21,23,25,26,32,40,46,47,48,49,50,51,55,63,64,65,66,67,77,78,79,80,81,82,83,84,85,86,87,88,89,90,91,92,93,94,95,96,97,98,99,100,101,102,103,104,105,106,107,108,109,110,124,137,143,146,167,168,169,178,179,180,181,182,183,184,185,186,187,188,189,190,191,
59;1;1732;1857;0;0,1,2,12,13,14,15,21,23,25,26,32,40,46,47,48,49,50,51,55,63,64,65,66,67,77,78,79,80,81,82,83,84,85,86,87,88,89,90,91,92,93,94,95,96,97,98,99,100,101,102,103,104,105,106,107,108,109,110,124,137,143,146,167,168,169,178,179,180,181,182,183,184,185,186,187,188,189,190,191,
141;0;1857;1938;1;0,1,2,12,13,14,15,21,23,25,26,32,40,46,47,48,49,50,51,55,63,64,65,66,67,77,78,79,80,81,82,83,84,85,86,87,88,89,90,91,92,93,94,95,96,97,98,99,100,101,102,103,104,105,106,107,108,109,110,123,124,137,143,146,167,168,169,178,179,180,181,182,183,184,185,186,187,188,189,190,
125;0;1938;2080;0;0,1,2,12,13,14,15,21,23,25,26,32,36,40,46,47,48,49,50,51,55,63,64,65,66,67,77,78,79,80,81,82,83,84,85,86,87,88,89,90,91,92,93,94,95,96,97,98,99,100,101,102,103,104,105,106,107,108,109,110,123,124,137,143,146,167,168,169,178,179,180,265,266,267,268,269,270,271,272,273,
166;0;2080;2194;0;0,1,2,3,12,13,14,15,20,21,23,25,26,27,28,29,30,31,32,33,34,35,36,37,38,39,40,46,47,48,49,50,51,55,61,63,64,65,66,67,77,78,79,80,81,82,83,84,85,86,87,88,89,90,91,92,93,94,95,96,97,98,99,100,101,102,103,104,105,106,107,108,109,110,124,137,167,168,169,250,
10;0;2194;2297;1;0,1,2,3,12,13,14,15,20,21,23,25,26,27,28,29,30,31,32,33,34,35,36,37,38,39,40,46,47,48,49,50,51,55,61,63,64,65,66,67,77,78,79,80,81,82,83,84,85,86,87,88,89,90,91,92,93,94,95,96,97,98,99,100,101,102,103,104,105,106,107,108,109,110,124,137,167,168,169,250,
214;0;2297;2312;1;0,1,2,3,12,13,14,15,20,21,23,25,26,27,28,29,30,31,32,33,34,35,36,37,38,39,40,46,47,48,49,50,51,55,61,63,64,65,66,67,77,78,79,80,81,82,83,84,85,86,87,88,89,90,91,92,93,94,95,96,97,98,99,100,101,102,103,104,105,106,107,108,109,110,124,137,167,168,169,250,
214;1;2312;2415;1;0,1,2,3,12,13,14,15,20,21,23,25,26,27,28,29,30,31,32,33,34,35,36,37,38,39,40,46,47,48,49,50,51,55,61,63,64,65,66,67,77,78,79,80,81,82,83,84,85,86,87,88,89,90,91,92,93,94,95,96,97,98,99,100,101,102,103,104,105,106,107,108,109,110,124,137,167,168,169,250,
186;0;2415;2589;0;0,1,2,3,12,13,14,15,20,21,23,25,26,27,28,29,30,31,32,33,34,35,36,37,38,39,40,46,47,48,49,50,51,55,61,63,64,65,66,67,77,78,79,80,81,82,83,84,85,86,87,88,89,90,91,92,93,94,95,96,97,98,99,100,101,102,103,104,105,106,107,108,109,110,124,137,167,168,169,250,
126;0;2589;2718;0;0,1,2,3,12,13,14,15,20,21,23,25,26,27,28,29,30,31,32,33,34,35,36,37,38,39,40,46,47,48,49,50,51,55,61,63,64,65,66,67,77,78,79,80,81,82,83,84,85,86,87,88,89,90,91,92,93,94,95,96,97,98,99,100,101,102,103,104,105,106,107,108,109,110,124,137,167,168,169,250,
222;0;2718;2787;0;0,1,2,3,12,13,14,15,20,21,23,25,26,27,28,29,30,31,32,33,34,35,36,37,38,39,40,46,47,48,49,50,51,55,61,63,64,65,66,67,77,78,79,80,81,82,83,84,85,86,87,88,89,90,91,92,93,94,95,96,97,98,99,100,101,102,103,104,105,106,107,108,109,110,124,137,167,168,169,250,
222;1;2787;2828;0;0,1,2,3,12,13,14,15,20,21,23,25,26,27,28,29,30,31,32,33,34,35,36,37,38,39,40,46,47,48,49,50,51,55,61,63,64,65,66,67,77,78,79,80,81,82,83,84,85,86,87,88,89,90,91,92,93,94,95,96,97,98,99,100,101,102,103,104,105,106,107,108,109,110,124,137,167,168,169,250,
188;0;2828;2906;0;0,1,2,3,12,13,14,15,20,21,23,25,26,27,28,29,30,31,32,33,34,35,36,37,38,39,40,46,47,48,49,50,51,55,61,63,64,65,66,67,77,78,79,80,81,82,83,84,85,86,87,88,89,90,91,92,93,94,95,96,97,98,99,100,101,102,103,104,105,106,107,108,109,110,124,137,167,168,169,250,
176;0;2906;2947;0;0,1,2,3,12,13,14,15,20,21,23,25,26,27,28,29,30,31,32,33,34,35,36,37,38,39,40,46,47,48,49,50,51,55,61,63,64,65,66,67,77,78,79,80,81,82,83,84,85,86,87,88,89,90,91,92,93,94,95,96,97,98,99,100,101,102,103,104,105,106,107,108,109,110,124,137,167,168,169,250,
25;0;2947;2973;0;0,1,2,3,12,13,14,15,20,21,23,25,26,27,28,29,30,31,32,33,34,35,36,37,38,39,40,46,47,48,49,50,51,55,61,63,64,65,66,67,77,78,79,80,81,82,83,84,85,86,87,88,89,90,91,92,93,94,95,96,97,98,99,100,101,102,103,104,105,106,107,108,109,110,122,124,137,167,168,169,
151;0;2973;3098;1;0,1,2,3,12,13,14,15,20,21,23,25,26,27,28,29,30,31,32,33,34,35,36,37,38,39,40,46,47,48,49,50,51,55,61,63,64,65,66,67,77,78,79,80,81,82,83,84,85,86,87,88,89,90,91,92,93,94,95,96,97,98,99,100,101,102,103,104,105,106,107,108,109,110,122,124,137,167,168,169,
84;0;3098;3167;1;0,1,2,3,12,13,14,15,20,21,23,25,26,27,28,29,30,31,32,33,34,35,36,37,38,39,40,46,47,48,49,50,51,55,61,63,64,65,66,67,77,78,79,80,81,82,83,84,85,86,87,88,89,90,91,92,93,94,95,96,97,98,99,100,101,102,103,104,105,106,107,108,109,110,122,124,137,167,168,169,
84;1;3167;3243;1;0,1,2,3,12,13,14,15,20,21,23,25,26,27,28,29,30,31,32,33,34,35,36,37,38,39,40,46,47,48,49,50,51,55,61,63,64,65,66,67,77,78,79,80,81,82,83,84,85,86,87,88,89,90,91,92,93,94,95,96,97,98,99,100,101,102,103,104,105,106,107,108,109,110,122,124,137,167,168,169,
67;0;3243;3372;1;0,1,2,3,12,13,14,15,20,21,23,25,26,27,28,29,30,31,32,33,34,35,36,37,38,39,40,46,47,48,49,50,51,55,61,63,64,65,66,67,77,78,79,80,81,82,83,84,85,86,87,88,89,90,91,92,93,94,95,96,97,98,99,100,101,102,103,104,105,106,107,108,109,110,122,124,137,167,168,169,
67;1;3372;3397;1;0,1,2,3,12,13,14,15,20,21,23,25,26,27,28,29,30,31,32,33,34,35,36,37,38,39,40,46,47,48,49,50,51,55,61,63,64,65,66,67,77,78,79,80,81,82,83,84,85,86,87,88,89,90,91,92,93,94,95,96,97,98,99,100,101,102,103,104,105,106,107,108,109,110,122,124,137,167,168,169,
49;0;3397;3428;0;0,1,2,3,12,13,14,15,20,21,23,25,26,27,28,29,30,31,32,33,34,35,36,37,38,39,40,46,47,48,49,50,51,55,61,63,64,65,66,67,77,78,79,80,81,82,83,84,85,86,87,88,89,90,91,92,93,94,95,96,97,98,99,100,101,102,103,104,105,106,107,108,109,110,122,124,137,167,168,169,
49;1;3428;3453;0;0,1,2,3,12,13,14,15,20,21,23,25,26,27,28,29,30,31,32,33,34,35,36,37,38,39,40,46,47,48,49,50,51,55,61,63,64,65,66,67,77,78,79,80,81,82,83,84,85,86,87,88,89,90,91,92,93,94,95,96,97,98,99,100,101,102,103,104,105,106,107,108,109,110,122,124,137,167,168,169,
50;0;3453;3623;1;0,1,2,3,5,6,7,8,9,12,13,14,15,20,21,23,25,26,27,28,29,30,31,32,33,34,35,36,37,38,39,40,46,47,48,49,50,51,55,56,61,63,64,65,66,67,77,78,79,80,81,82,83,84,85,86,87,88,89,90,91,92,93,94,95,96,97,118,119,120,121,170,171,172,173,251,252,253,254,255,
110;0;3623;3802;1;0,1,2,3,5,6,7,8,9,12,13,14,15,20,21,23,25,26,27,28,29,30,31,32,33,34,35,36,37,38,39,40,46,47,48,49,50,51,55,56,61,63,64,65,66,67,77,78,79,80,81,82,83,84,85,86,87,88,89,90,91,92,93,94,95,96,97,118,119,120,121,170,171,172,173,251,252,253,254,255,
24;0;3802;3921;1;0,1,2,3,5,6,7,8,9,12,13,14,15,20,21,23,25,26,27,28,29,30,31,32,33,34,35,36,37,38,39,40,46,47,48,49,50,51,55,56,61,63,64,65,66,67,77,78,79,80,81,82,83,84,85,86,87,88,89,90,91,92,93,94,95,96,97,118,119,120,121,170,171,172,173,251,252,253,254,255,
24;1;3921;3989;1;0,1,2,3,5,6,7,8,9,12,13,14,15,20,21,23,25,26,27,28,29,30,31,32,33,34,35,36,37,38,39,40,46,47,48,49,50,51,55,56,61,63,64,65,66,67,77,78,79,80,81,82,83,84,85,86,87,88,89,90,91,92,93,94,95,96,97,118,119,120,121,170,171,172,173,251,252,253,254,255,
44;0;3989;4070;1;0,1,2,3,5,6,7,8,9,12,13,14,15,20,21,23,25,26,27,28,29,30,31,32,33,34,35,36,37,38,39,40,46,47,48,49,50,51,55,56,61,63,64,65,66,67,77,78,79,80,81,82,83,84,85,86,87,88,89,90,91,92,93,94,95,96,97,118,119,120,121,170,171,172,173,251,252,253,254,255,
44;1;4070;4226;1;0,1,2,3,5,6,7,8,9,12,13,14,15,20,21,23,25,26,27,28,29,30,31,32,33,34,35,36,37,38,39,40,46,47,48,49,50,51,55,56,61,63,64,65,66,67,77,78,79,80,81,82,83,84,85,86,87,88,89,90,91,92,93,94,95,96,97,118,119,120,121,170,171,172,173,251,252,253,254,255,
224;0;4226;4324;1;0,1,2,3,5,6,7,8,9,12,13,14,15,20,21,23,25,26,27,28,29,30,31,32,33,34,35,36,37,38,39,40,46,47,48,49,50,51,55,56,61,63,64,65,66,67,77,78,79,80,81,82,83,84,85,86,87,88,89,90,91,92,93,94,95,96,97,118,119,120,121,170,171,172,173,251,252,253,254,255,
224;1;4324;4471;1;0,1,2,3,5,6,7,8,9,12,13,14,15,20,21,23,25,26,27,28,29,30,31,32,33,34,35,36,37,38,39,40,46,47,48,49,50,51,55,56,61,63,64,65,66,67,77,78,79,80,81,82,83,84,85,86,87,88,89,90,91,92,93,94,95,96,97,118,119,120,121,170,171,172,173,251,252,253,254,255,
118;0;4471;4567;0;0,1,2,3,5,6,7,8,9,10,11,12,13,14,15,20,21,23,25,26,27,28,29,30,31,32,33,34,35,36,37,38,39,40,46,47,48,49,50,51,55,56,61,63,64,65,66,67,77,78,79,80,81,82,83,84,85,86,87,88,89,90,91,92,93,94,95,96,97,118,119,120,121,170,171,172,173,251,252,253,
136;0;4567;4640;0;0,1,2,3,5,6,7,8,9,10,11,12,13,14,15,20,21,23,25,26,27,28,29,30,31,32,33,34,35,36,37,38,39,40,46,47,48,49,50,51,55,56,61,63,64,65,66,67,77,78,79,80,81,82,83,84,85,86,87,88,89,90,91,92,93,94,95,96,97,118,119,120,121,170,171,172,173,251,252,253,
109;0;4640;4800;0;0,1,2,3,5,6,7,8,9,10,11,12,13,14,15,20,21,23,25,26,27,28,29,30,31,32,33,34,35,36,37,38,39,40,46,47,48,49,50,51,55,56,61,63,64,65,66,67,77,78,79,80,81,82,83,84,85,86,87,88,89,90,91,92,93,94,95,96,97,118,119,120,121,170,171,172,173,251,252,253,
109;1;4800;4965;0;0,1,2,3,5,6,7,8,9,10,11,12,13,14,15,20,21,23,25,26,27,28,29,30,31,32,33,34,35,36,37,38,39,40,46,47,48,49,50,51,55,56,61,63,64,65,66,67,77,78,79,80,81,82,83,84,85,86,87,88,89,90,91,92,93,94,95,96,97,118,119,120,121,170,171,172,173,251,252,253,
156;0;4965;5031;0;0,1,2,3,5,6,7,8,9,10,11,12,13,14,15,20,21,23,25,26,27,28,29,30,31,32,33,34,35,36,37,38,39,40,46,47,48,49,50,51,55,56,61,63,64,65,66,67,77,78,79,80,81,82,83,84,85,86,87,88,89,90,91,92,93,94,95,96,97,118,119,120,121,170,171,172,173,251,252,253,
76;0;5031;5041;0;0,1,2,3,5,6,7,8,9,10,11,12,13,14,15,16,17,20,21,23,25,26,27,28,29,30,31,32,33,34,35,36,37,38,39,40,46,47,48,49,50,51,55,56,61,63,64,65,66,67,77,78,79,80,81,82,83,84,85,86,87,88,89,90,91,92,93,94,95,96,97,118,119,120,121,127,170,171,172,200,
182;0;5041;5049;0;0,1,2,3,5,6,7,8,9,10,11,12,13,14,15,16,17,20,21,23,25,26,27,28,29,30,31,32,33,34,35,36,37,38,39,40,46,47,48,49,50,51,55,56,61,63,64,65,66,67,77,78,79,80,81,82,83,84,85,86,87,88,89,90,91,92,93,94,95,96,97,118,119,120,121,127,170,171,172,200,
182;1;5049;5059;0;0,1,2,3,5,6,7,8,9,10,11,12,13,14,15,16,17,20,21,23,25,26,27,28,29,30,31,32,33,34,35,36,37,38,39,40,46,47,48,49,50,51,55,56,61,63,64,65,66,67,77,78,79,80,81,82,83,84,85,86,87,88,89,90,91,92,93,94,95,96,97,118,119,120,121,127,170,171,172,200,
137;0;5059;5190;1;0,1,2,3,5,6,7,8,9,10,11,12,13,14,15,16,17,20,21,23,25,26,27,28,29,30,31,32,33,34,35,36,37,38,39,40,46,47,48,49,50,51,55,56,61,63,64,65,66,67,77,78,79,80,81,82,83,84,85,86,87,88,89,90,91,92,93,94,95,96,97,118,119,120,121,127,170,171,172,200,
137;1;5190;5319;1;0,1,2,3,5,6,7,8,9,10,11,12,13,14,15,16,17,20,21,23,25,26,27,28,29,30,31,32,33,34,35,36,37,38,39,40,46,47,48,49,50,51,55,56,61,63,64,65,66,67,77,78,79,80,81,82,83,84,85,86,87,88,89,90,91,92,93,94,95,96,97,118,119,120,121,127,170,171,172,200,
Machine: 5
223;0;0;14;1;0,1,2,3,5,6,7,8,9,10,12,13,14,17,18,20,21,23,25,26,27,28,29,30,31,32,33,34,35,36,37,38,39,40,46,52,53,55,61,77,78,79,80,81,82,83,84,85,86,87,88,89,90,91,92,93,94,95,96,97,98,99,117,122,123,124,125,126,129,130,135,137,148,149,150,193,243,249,250,279,
179;0;14;190;0;0,1,2,3,5,6,7,8,9,10,12,13,14,17,18,20,21,23,25,26,27,28,29,30,31,32,33,34,35,36,37,38,39,40,46,52,53,55,61,77,78,79,80,81,82,83,84,85,86,87,88,89,90,91,92,93,94,95,96,97,98,99,117,122,123,124,125,126,129,130,135,137,148,149,150,193,243,249,250,279,
179;1;190;201;0;0,1,2,3,5,6,7,8,9,10,12,13,14,17,18,20,21,23,25,26,27,28,29,30,31,32,33,34,35,36,37,38,39,40,46,52,53,55,61,77,78,79,80,81,82,83,84,85,86,87,88,89,90,91,92,93,94,95,96,97,98,99,117,122,123,124,125,126,129,130,135,137,148,149,150,193,243,249,250,279,
12;0;201;351;0;0,1,2,3,5,6,7,8,9,10,12,13,14,17,18,20,21,23,25,26,27,28,29,30,31,32,33,34,35,36,37,38,39,40,46,52,53,55,61,77,78,79,80,81,82,83,84,85,86,87,88,89,90,91,92,93,94,95,96,97,98,99,117,122,123,124,125,126,129,130,135,137,148,149,150,193,243,249,250,279,
12;1;351;404;0;0,1,2,3,5,6,7,8,9,10,12,13,14,17,18,20,21,23,25,26,27,28,29,30,31,32,33,34,35,36,37,38,39,40,46,52,53,55,61,77,78,79,80,81,82,83,84,85,86,87,88,89,90,91,92,93,94,95,96,97,98,99,117,122,123,124,125,126,129,130,135,137,148,149,150,193,243,249,250,279,
178;0;404;515;0;0,1,2,3,5,6,7,8,9,10,12,13,14,17,18,20,21,23,25,26,27,28,29,30,31,32,33,34,35,36,37,38,39,40,46,52,53,55,61,77,78,79,80,81,82,83,84,85,86,87,88,89,90,91,92,93,94,95,96,97,98,99,117,122,123,124,125,126,129,130,135,137,148,149,150,193,243,249,250,279,
32;0;515;521;0;0,1,2,3,5,6,7,8,9,10,12,13,14,17,18,20,21,23,25,26,27,28,29,30,31,32,33,34,35,36,37,38,39,40,46,52,53,55,61,77,78,79,80,81,82,83,84,85,86,87,88,89,90,91,92,93,94,95,96,97,98,99,117,122,123,124,125,126,129,130,135,137,148,149,150,193,243,249,250,279,
32;1;521;589;0;0,1,2,3,5,6,7,8,9,10,12,13,14,17,18,20,21,23,25,26,27,28,29,30,31,32,33,34,35,36,37,38,39,40,46,52,53,55,61,77,78,79,80,81,82,83,84,85,86,87,88,89,90,91,92,93,94,95,96,97,98,99,117,122,123,124,125,126,129,130,135,137,148,149,150,193,243,249,250,279,
146;0;589;640;0;0,1,2,3,5,6,7,8,9,10,12,13,14,17,18,20,21,23,25,26,27,28,29,30,31,32,33,34,35,36,37,38,39,40,46,52,53,55,61,77,78,79,80,81,82,83,84,85,86,87,88,89,90,91,92,93,94,95,96,97,98,99,117,122,123,124,125,126,129,130,135,137,148,149,150,193,243,249,250,279,
183;0;640;660;1;0,1,2,3,5,6,7,8,9,10,12,13,14,17,18,20,21,23,25,26,27,28,29,30,31,32,33,34,35,36,37,38,39,40,46,52,53,55,61,77,78,79,80,81,82,83,84,85,86,87,88,89,90,91,92,93,94,95,96,97,98,99,117,122,123,124,125,126,129,130,135,137,148,149,150,193,243,249,250,279,
145;0;660;758;0;0,1,2,3,5,6,7,8,9,10,12,13,14,17,18,20,21,23,25,26,27,28,29,30,31,32,33,34,35,36,37,38,39,40,46,52,53,55,61,77,78,79,80,81,82,83,84,85,86,87,88,89,90,91,92,93,94,95,96,97,98,99,117,122,123,124,125,126,129,130,135,137,148,149,150,193,243,249,250,279,
236;0;758;841;0;0,1,2,3,5,6,7,8,9,10,12,13,14,17,18,20,21,23,25,26,27,28,29,30,31,32,33,34,35,36,37,38,39,40,46,52,53,55,61,77,78,79,80,81,82,83,84,85,86,87,88,89,90,91,92,93,94,95,96,97,98,99,117,122,123,124,125,126,129,130,135,137,148,149,150,193,243,249,250,279,
168;0;841;960;0;0,1,2,3,5,6,7,8,9,10,12,13,14,17,18,20,21,23,25,26,27,28,29,30,31,32,33,34,35,36,37,38,39,40,46,52,53,55,61,77,78,79,80,81,82,83,84,85,86,87,88,89,90,91,92,93,94,95,96,97,98,99,117,122,123,124,125,126,129,130,135,137,148,149,150,193,243,249,250,279,
201;0;960;994;1;0,1,2,3,5,6,7,8,9,10,12,13,14,17,18,20,21,23,25,26,27,28,29,30,31,32,33,34,35,36,37,38,39,40,46,52,53,55,61,77,78,79,80,81,82,83,84,85,86,87,88,89,90,91,92,93,94,95,96,97,98,99,117,122,123,124,125,126,129,130,135,137,148,149,150,193,243,249,250,279,
90;0;994;1035;1;0,1,2,3,5,6,7,8,9,10,12,13,14,17,18,20,21,23,25,26,27,28,29,30,31,32,33,34,35,36,37,38,39,40,46,52,53,55,61,77,78,79,80,81,82,83,84,85,86,87,88,89,90,91,92,93,94,95,96,97,98,99,117,122,123,124,125,126,129,130,135,137,148,149,150,193,243,249,250,279,
65;0;1035;1209;0;0,1,2,3,5,6,7,8,9,10,12,13,14,17,18,20,21,23,25,26,27,28,29,30,31,32,33,34,35,36,37,38,39,40,46,52,53,55,61,77,78,79,80,81,82,83,84,85,86,87,88,89,90,91,92,93,94,95,96,97,98,99,117,122,123,124,125,126,129,130,135,137,148,149,150,193,243,249,250,279,
38;0;1209;1287;0;0,1,2,3,5,6,7,8,9,10,12,13,14,17,18,20,21,23,25,26,27,28,29,30,31,32,33,34,35,36,37,38,39,40,46,52,53,55,61,77,78,79,80,81,82,83,84,85,86,87,88,89,90,91,92,93,94,95,96,97,98,99,117,122,123,124,125,126,129,130,135,137,148,149,150,193,243,249,250,279,
108;0;1287;1401;0;0,1,2,3,5,6,7,8,9,10,12,13,14,17,18,20,21,23,25,26,27,28,29,30,31,32,33,34,35,36,37,38,39,40,46,52,53,55,61,77,78,79,80,81,82,83,84,85,86,87,88,89,90,91,92,93,94,95,96,97,98,99,117,122,123,124,125,126,129,130,135,137,148,149,150,193,243,249,250,279,
48;0;1401;1427;0;0,1,2,3,5,6,7,8,9,10,12,13,14,17,18,20,21,23,25,26,27,28,29,30,31,32,33,34,35,36,37,38,39,40,46,52,53,55,61,77,78,79,80,81,82,83,84,85,86,87,88,89,90,91,92,93,94,95,96,97,98,99,117,122,123,124,125,126,129,130,135,137,148,149,150,193,243,249,250,279,
221;0;1427;1472;1;0,1,2,3,5,6,7,8,9,10,12,13,14,17,18,20,21,23,25,26,27,28,29,30,31,32,33,34,35,36,37,38,39,40,46,52,53,55,61,77,78,79,80,81,82,83,84,85,86,87,88,89,90,91,92,93,94,95,96,97,98,99,117,122,123,124,125,126,129,130,135,137,148,149,150,193,243,249,250,279,
170;0;1472;1536;1;0,1,2,3,5,6,7,8,9,10,12,13,14,17,18,20,21,23,25,26,27,28,29,30,31,32,33,34,35,36,37,40,55,61,77,78,79,80,81,82,83,84,85,86,87,88,89,90,91,92,93,94,95,96,97,98,99,100,101,102,103,104,105,106,107,108,109,110,111,112,113,114,115,116,117,122,123,124,137,249,
120;0;1536;1604;1;0,1,2,3,5,6,7,8,9,10,12,13,14,17,18,20,21,23,25,26,27,28,29,30,31,32,33,34,35,36,37,40,55,61,77,78,79,80,81,82,83,84,85,86,87,88,89,90,91,92,93,94,95,96,97,98,99,100,101,102,103,104,105,106,107,108,109,110,111,112,117,118,119,120,121,122,123,124,137,249,
70;0;1604;1680;1;0,1,2,3,5,6,7,8,9,10,12,13,14,17,18,20,21,23,25,26,27,28,29,30,31,32,33,34,35,36,37,40,50,55,61,77,78,79,80,81,82,83,84,85,86,87,88,89,90,91,92,93,94,95,96,97,98,99,100,101,102,103,104,105,106,107,108,109,110,111,112,117,122,123,124,137,167,168,169,249,
101;0;1680;1783;1;0,1,2,3,5,6,7,8,9,10,12,13,14,17,18,20,21,23,25,26,27,28,29,30,31,32,33,34,35,36,37,40,50,55,61,77,78,79,80,81,82,83,84,85,86,87,88,89,90,91,92,93,94,95,96,97,98,99,100,101,102,103,104,105,106,107,108,109,110,111,112,117,122,123,124,137,167,168,169,249,
194;0;1783;1874;1;0,1,2,3,5,6,7,8,9,10,12,13,14,17,18,20,21,23,25,26,27,28,29,30,31,32,33,34,35,36,37,40,50,55,61,77,78,79,80,81,82,83,84,85,86,87,88,89,90,91,92,93,94,95,96,97,98,99,100,101,102,103,104,105,106,107,108,109,110,111,112,117,122,123,124,137,167,168,169,249,
194;1;1874;1908;1;0,1,2,3,5,6,7,8,9,10,12,13,14,17,18,20,21,23,25,26,27,28,29,30,31,32,33,34,35,36,37,40,50,55,61,77,78,79,80,81,82,83,84,85,86,87,88,89,90,91,92,93,94,95,96,97,98,99,100,101,102,103,104,105,106,107,108,109,110,111,112,117,122,123,124,137,167,168,169,249,
157;0;1908;2017;1;0,1,2,3,5,6,7,8,9,10,12,13,14,17,18,20,21,23,25,26,27,28,29,30,31,32,33,34,35,36,37,40,45,50,55,61,68,69,70,71,77,78,79,80,81,82,83,84,85,86,87,88,89,90,91,92,93,94,95,96,97,98,99,100,101,102,103,104,105,106,107,108,109,110,111,117,122,123,124,249,
157;1;2017;2053;1;0,1,2,3,5,6,7,8,9,10,12,13,14,17,18,20,21,23,25,26,27,28,29,30,31,32,33,34,35,36,37,40,45,50,55,61,68,69,70,71,77,78,79,80,81,82,83,84,85,86,87,88,89,90,91,92,93,94,95,96,97,98,99,100,101,102,103,104,105,106,107,108,109,110,111,117,122,123,124,249,
34;0;2053;2057;1;0,1,2,3,4,5,6,7,8,9,10,12,13,14,15,17,18,20,21,23,25,26,27,28,29,30,31,32,33,34,35,36,37,40,45,50,54,55,61,62,68,69,70,71,77,78,79,80,81,82,83,84,85,86,87,88,89,90,91,92,93,94,95,96,97,98,99,100,101,102,103,104,105,106,117,122,123,124,248,249,
34;1;2057;2201;1;0,1,2,3,4,5,6,7,8,9,10,12,13,14,15,17,18,20,21,23,25,26,27,28,29,30,31,32,33,34,35,36,37,40,45,50,54,55,61,62,68,69,70,71,77,78,79,80,81,82,83,84,85,86,87,88,89,90,91,92,93,94,95,96,97,98,99,100,101,102,103,104,105,106,117,122,123,124,248,249,
226;0;2201;2345;0;0,1,2,3,4,5,6,7,8,9,10,12,13,14,15,17,18,20,21,23,25,26,27,28,29,30,31,32,33,34,35,36,37,40,45,50,54,55,61,62,68,69,70,71,77,78,79,80,81,82,83,84,85,86,87,88,89,90,91,92,93,94,95,96,97,98,99,100,101,102,103,104,105,106,117,122,123,124,248,249,
14;0;2345;2419;1;0,1,2,3,4,5,6,7,8,9,10,12,13,14,15,17,18,20,21,23,25,26,27,28,29,30,31,32,33,34,35,36,37,40,45,50,54,55,61,62,68,69,70,71,77,78,79,80,81,82,83,84,85,86,87,88,89,90,91,92,93,94,95,96,97,98,99,100,101,102,103,104,105,106,117,122,123,124,248,249,
14;1;2419;2509;1;0,1,2,3,4,5,6,7,8,9,10,12,13,14,15,17,18,20,21,23,25,26,27,28,29,30,31,32,33,34,35,36,37,40,45,50,54,55,61,62,68,69,70,71,77,78,79,80,81,82,83,84,85,86,87,88,89,90,91,92,93,94,95,96,97,98,99,100,101,102,103,104,105,106,117,122,123,124,248,249,
95;0;2509;2599;0;0,1,2,3,4,5,6,7,8,9,10,12,13,14,15,17,18,20,21,23,25,26,27,28,29,30,31,32,33,34,35,36,37,40,45,50,54,55,61,62,68,69,70,71,77,78,79,80,81,82,83,84,85,86,87,88,89,90,91,92,93,94,95,96,97,98,99,100,101,102,103,104,105,106,117,122,123,124,248,249,
27;0;2599;2749;1;0,1,2,3,4,5,6,7,8,9,10,12,13,14,15,17,18,20,21,23,25,26,27,28,29,30,31,32,33,34,35,36,37,40,45,50,54,55,61,62,68,69,70,71,77,78,79,80,81,82,83,84,85,86,87,88,89,90,91,92,93,94,95,96,97,98,99,100,101,102,103,104,105,106,117,122,123,124,248,249,
27;1;2749;2779;1;0,1,2,3,4,5,6,7,8,9,10,12,13,14,15,17,18,20,21,23,25,26,27,28,29,30,31,32,33,34,35,36,37,40,45,50,54,55,61,62,68,69,70,71,77,78,79,80,81,82,83,84,85,86,87,88,89,90,91,92,93,94,95,96,97,98,99,100,101,102,103,104,105,106,117,122,123,124,248,249,
104;0;2779;2856;1;0,1,2,3,4,5,6,7,8,9,10,12,13,14,15,17,18,20,21,23,25,26,27,28,29,30,31,32,33,34,35,36,37,40,45,50,54,55,61,62,68,69,70,71,77,78,79,80,81,82,83,84,85,86,87,88,89,90,91,92,93,94,95,96,97,98,99,100,101,102,103,104,105,106,117,122,123,124,248,249,
104;1;2856;2997;1;0,1,2,3,4,5,6,7,8,9,10,12,13,14,15,17,18,20,21,23,25,26,27,28,29,30,31,32,33,34,35,36,37,40,45,50,54,55,61,62,68,69,70,71,77,78,79,80,81,82,83,84,85,86,87,88,89,90,91,92,93,94,95,96,97,98,99,100,101,102,103,104,105,106,117,122,123,124,248,249,
75;0;2997;3057;0;0,1,2,3,4,5,6,7,8,9,10,11,12,13,14,15,17,18,20,21,22,23,25,26,27,28,29,30,31,32,33,34,35,36,37,40,45,50,54,55,61,62,68,69,70,71,77,78,79,80,81,82,83,84,85,86,87,88,89,90,91,92,93,94,95,96,97,98,99,100,101,102,103,104,105,106,117,122,123,249,
155;0;3057;3228;0;0,1,2,3,4,5,6,7,8,9,10,11,12,13,14,15,17,18,20,21,22,23,25,26,27,28,29,30,31,32,33,34,35,36,37,40,45,50,54,55,61,62,68,69,70,71,77,78,79,80,81,82,83,84,85,86,87,88,89,90,91,92,93,94,95,96,97,98,99,100,101,102,103,104,105,106,117,122,123,249,
6;0;3228;3359;0;0,1,2,3,4,5,6,7,8,9,10,11,12,13,14,15,17,18,20,21,22,23,24,25,26,27,28,29,30,31,32,33,34,35,36,37,40,45,50,54,55,61,62,68,69,70,71,77,78,79,80,81,82,83,84,85,86,87,88,89,90,91,92,93,94,95,96,97,98,99,100,101,102,103,104,105,106,117,122,249,
187;0;3359;3440;1;0,1,2,3,4,5,6,7,8,9,10,11,12,13,14,15,17,18,20,21,22,23,24,25,26,27,28,29,30,31,32,33,34,35,36,37,40,45,50,54,55,61,62,68,69,70,71,77,78,79,80,81,82,83,84,85,86,87,88,89,90,91,92,93,94,95,96,97,98,99,100,101,102,103,104,105,106,117,122,249,
187;1;3440;3591;1;0,1,2,3,4,5,6,7,8,9,10,11,12,13,14,15,17,18,20,21,22,23,24,25,26,27,28,29,30,31,32,33,34,35,36,37,40,45,50,54,55,61,62,68,69,70,71,77,78,79,80,81,82,83,84,85,86,87,88,89,90,91,92,93,94,95,96,97,98,99,100,101,102,103,104,105,106,117,122,249,
107;0;3591;3720;1;0,1,2,3,4,5,6,7,8,9,10,11,12,13,14,15,17,18,20,21,22,23,24,25,26,27,28,29,30,31,32,33,34,35,36,37,40,45,50,54,55,56,61,62,68,69,70,71,77,78,79,80,81,82,83,84,85,86,87,88,89,90,91,92,93,94,95,96,97,98,99,100,101,102,117,170,171,172,173,249,
107;1;3720;3830;1;0,1,2,3,4,5,6,7,8,9,10,11,12,13,14,15,17,18,20,21,22,23,24,25,26,27,28,29,30,31,32,33,34,35,36,37,40,45,50,54,55,56,61,62,68,69,70,71,77,78,79,80,81,82,83,84,85,86,87,88,89,90,91,92,93,94,95,96,97,98,99,100,101,102,117,170,171,172,173,249,
64;0;3830;3908;1;0,1,2,3,4,5,6,7,8,9,10,11,12,13,14,15,17,18,20,21,22,23,24,25,26,27,28,29,30,31,32,33,34,35,36,37,40,45,50,54,55,56,61,62,68,69,70,71,77,78,79,80,81,82,83,84,85,86,87,88,89,90,91,92,93,94,95,96,97,98,99,100,101,102,117,170,171,172,173,249,
64;1;3908;4078;1;0,1,2,3,4,5,6,7,8,9,10,11,12,13,14,15,17,18,20,21,22,23,24,25,26,27,28,29,30,31,32,33,34,35,36,37,40,45,50,54,55,56,61,62,68,69,70,71,77,78,79,80,81,82,83,84,85,86,87,88,89,90,91,92,93,94,95,96,97,98,99,100,101,102,117,170,171,172,173,249,
217;0;4078;4188;1;0,1,2,3,4,5,6,7,8,9,10,11,12,13,14,15,17,18,20,21,22,23,24,25,26,27,28,29,30,31,32,33,34,35,36,37,40,45,50,54,55,56,61,62,68,69,70,71,77,78,79,80,81,82,83,84,85,86,87,88,89,90,91,92,93,94,95,96,97,98,99,100,101,102,117,170,171,172,173,249,
217;1;4188;4344;1;0,1,2,3,4,5,6,7,8,9,10,11,12,13,14,15,17,18,20,21,22,23,24,25,26,27,28,29,30,31,32,33,34,35,36,37,40,45,50,54,55,56,61,62,68,69,70,71,77,78,79,80,81,82,83,84,85,86,87,88,89,90,91,92,93,94,95,96,97,98,99,100,101,102,117,170,171,172,173,249,
87;0;4344;4519;1;0,1,2,3,4,5,6,7,8,9,10,11,12,13,14,15,17,18,20,21,22,23,24,25,26,27,28,29,30,31,32,33,34,35,36,37,40,45,47,48,49,50,51,54,55,56,61,62,68,69,70,71,77,78,79,80,81,82,83,84,85,86,87,88,89,90,91,92,93,94,95,96,97,98,99,100,101,102,117,170,
87;1;4519;4624;1;0,1,2,3,4,5,6,7,8,9,10,11,12,13,14,15,17,18,20,21,22,23,24,25,26,27,28,29,30,31,32,33,34,35,36,37,40,45,47,48,49,50,51,54,55,56,61,62,68,69,70,71,77,78,79,80,81,82,83,84,85,86,87,88,89,90,91,92,93,94,95,96,97,98,99,100,101,102,117,170,
129;0;4624;4722;0;0,1,2,3,4,5,6,7,8,9,10,11,12,13,14,15,17,18,20,21,22,23,24,25,26,27,28,29,30,31,32,33,34,35,36,37,40,45,47,48,49,50,51,54,55,56,61,62,68,69,70,71,77,78,79,80,81,82,83,84,85,86,87,88,89,90,91,92,93,94,95,96,97,98,99,100,101,102,117,170,
129;1;4722;4778;0;0,1,2,3,4,5,6,7,8,9,10,11,12,13,14,15,17,18,20,21,22,23,24,25,26,27,28,29,30,31,32,33,34,35,36,37,40,45,47,48,49,50,51,54,55,56,61,62,68,69,70,71,77,78,79,80,81,82,83,84,85,86,87,88,89,90,91,92,93,94,95,96,97,98,99,100,101,102,117,170,
97;0;4778;4947;1;0,1,2,3,4,5,6,7,8,9,10,11,12,13,14,15,17,18,20,21,22,23,24,25,26,27,28,29,30,31,32,33,34,35,36,37,40,45,47,48,49,50,51,54,55,56,61,62,68,69,70,71,77,78,79,80,81,82,83,84,85,86,87,88,89,90,91,92,93,94,95,96,143,144,145,146,147,178,195,241,
97;1;4947;5111;1;0,1,2,3,4,5,6,7,8,9,10,11,12,13,14,15,17,18,20,21,22,23,24,25,26,27,28,29,30,31,32,33,34,35,36,37,40,45,47,48,49,50,51,54,55,56,61,62,68,69,70,71,77,78,79,80,81,82,83,84,85,86,87,88,89,90,91,92,93,94,95,96,143,144,145,146,147,178,195,241,
68;0;5111;5270;0;0,1,2,3,4,5,6,7,8,9,10,11,12,13,14,15,17,18,20,21,22,23,24,25,26,27,28,29,30,31,32,33,34,35,36,37,40,45,47,48,49,50,51,54,55,56,61,62,68,69,70,71,77,78,79,80,81,82,83,84,85,86,87,88,89,90,91,92,93,94,95,96,143,144,145,146,147,178,195,241,
END
fineshedJobsCount: 339
switchs: 356
switchsInstances: 54
unfineshedPriorityCount: 170
finalSolution: 4174
totalUnfineshed: 0
Time: 2
