./input/BaseInstances/2M1_n=209,r=0.5,t=361,v0.txt;./input/Processed/ToolSetInt.csv
7;720;1440
Machine: 0
16;0;0;25;1;30,31,32,33,34,35,41,42,49,50,51,52,53,54,55,56,57,58,59,60,61,62,63,64,65,66,67,68,69,98,99,136,137,138,139,140,141,142,143,144,145,146,147,148,149,152,154,155,157,158,165,170,171,175,177,183,186,187,188,189,190,191,192,193,194,195,200,203,204,241,242,243,263,303,304,305,306,312,313,314,
53;0;25;154;1;30,31,32,33,34,35,41,42,49,50,51,52,53,54,55,56,57,58,59,60,61,62,63,64,65,66,67,68,69,98,99,136,137,138,139,140,141,142,143,144,145,146,147,148,149,152,154,155,157,158,165,170,171,175,177,183,186,187,188,189,190,191,192,193,194,195,200,203,204,241,242,243,263,303,304,305,306,312,313,314,
53;1;154;314;1;30,31,32,33,34,35,41,42,49,50,51,52,53,54,55,56,57,58,59,60,61,62,63,64,65,66,67,68,69,98,99,136,137,138,139,140,141,142,143,144,145,146,147,148,149,152,154,155,157,158,165,170,171,175,177,183,186,187,188,189,190,191,192,193,194,195,200,203,204,241,242,243,263,303,304,305,306,312,313,314,
92;0;314;409;1;30,31,32,33,34,35,41,42,49,50,51,52,53,54,55,56,57,58,59,60,61,62,63,64,65,66,67,68,69,98,99,136,137,138,139,140,141,142,143,144,145,146,147,148,149,152,154,155,157,158,165,170,171,175,177,183,186,187,188,189,190,191,192,193,194,195,200,203,204,241,242,243,263,303,304,305,306,312,313,314,
43;0;409;420;0;30,31,32,33,34,35,41,42,49,50,51,52,53,54,55,56,57,58,59,60,61,62,63,64,65,66,67,68,69,98,99,136,137,138,139,140,141,142,143,144,145,146,147,148,149,152,154,155,157,158,165,170,171,175,177,183,186,187,188,189,190,191,192,193,194,195,200,203,204,241,242,243,263,303,304,305,306,312,313,314,
43;1;420;473;0;30,31,32,33,34,35,41,42,49,50,51,52,53,54,55,56,57,58,59,60,61,62,63,64,65,66,67,68,69,98,99,136,137,138,139,140,141,142,143,144,145,146,147,148,149,152,154,155,157,158,165,170,171,175,177,183,186,187,188,189,190,191,192,193,194,195,200,203,204,241,242,243,263,303,304,305,306,312,313,314,
37;0;473;569;1;30,31,32,33,34,35,41,42,49,50,51,52,53,54,55,56,57,58,59,60,61,62,63,64,65,66,67,68,69,98,99,136,137,138,139,140,141,142,143,144,145,146,147,148,149,152,154,155,157,158,165,170,171,175,177,183,186,187,188,189,190,191,192,193,194,195,200,203,204,241,242,243,263,303,304,305,306,312,313,314,
37;1;569;585;1;30,31,32,33,34,35,41,42,49,50,51,52,53,54,55,56,57,58,59,60,61,62,63,64,65,66,67,68,69,98,99,136,137,138,139,140,141,142,143,144,145,146,147,148,149,152,154,155,157,158,165,170,171,175,177,183,186,187,188,189,190,191,192,193,194,195,200,203,204,241,242,243,263,303,304,305,306,312,313,314,
28;0;585;613;1;30,31,32,33,34,35,41,42,49,50,51,52,53,54,55,56,57,58,59,60,61,62,63,64,65,66,67,68,69,98,99,136,137,138,139,140,141,142,143,144,145,146,147,148,149,152,154,155,157,158,165,170,171,175,177,183,186,187,188,189,190,191,192,193,194,195,200,203,204,241,242,243,263,303,304,305,306,312,313,314,
25;0;613;774;1;30,31,32,33,34,35,41,42,49,50,51,52,53,54,55,56,57,58,59,60,61,62,63,64,65,66,67,68,69,98,99,136,137,138,139,140,141,142,143,144,145,146,147,148,149,152,154,155,157,158,165,170,171,175,177,183,186,187,188,189,190,191,192,193,194,195,200,203,204,241,242,243,263,303,304,305,306,312,313,314,
25;1;774;904;1;30,31,32,33,34,35,41,42,49,50,51,52,53,54,55,56,57,58,59,60,61,62,63,64,65,66,67,68,69,98,99,136,137,138,139,140,141,142,143,144,145,146,147,148,149,152,154,155,157,158,165,170,171,175,177,183,186,187,188,189,190,191,192,193,194,195,200,203,204,241,242,243,263,303,304,305,306,312,313,314,
42;0;904;945;0;30,31,32,33,34,35,41,42,49,50,51,52,53,54,55,56,57,58,59,60,61,62,63,64,65,66,67,68,69,98,99,136,137,138,139,140,141,142,143,144,145,146,147,148,149,152,154,155,157,158,165,170,171,175,177,183,186,187,188,189,190,191,192,193,194,195,200,203,204,241,242,243,263,303,304,305,306,312,313,314,
3;0;945;1057;0;30,31,32,33,34,35,41,42,49,50,51,52,53,54,55,56,57,58,59,60,61,62,63,64,65,66,67,68,69,98,99,136,137,138,139,140,141,142,143,144,145,146,147,148,149,152,154,155,157,158,165,170,171,175,177,183,186,187,188,189,190,191,192,193,194,195,200,203,204,241,242,243,263,303,304,305,306,312,313,314,
3;1;1057;1085;0;30,31,32,33,34,35,41,42,49,50,51,52,53,54,55,56,57,58,59,60,61,62,63,64,65,66,67,68,69,98,99,136,137,138,139,140,141,142,143,144,145,146,147,148,149,152,154,155,157,158,165,170,171,175,177,183,186,187,188,189,190,191,192,193,194,195,200,203,204,241,242,243,263,303,304,305,306,312,313,314,
126;0;1085;1109;0;30,31,32,33,34,35,41,42,49,50,51,52,53,54,55,56,57,58,59,60,61,62,63,64,65,66,67,68,69,98,99,136,137,138,139,140,141,142,143,144,145,146,147,148,149,152,154,155,157,158,165,170,171,175,177,183,186,187,188,189,190,191,192,193,194,195,200,203,204,241,242,243,263,303,304,305,306,312,313,314,
115;0;1109;1113;0;30,31,32,33,34,35,41,42,49,50,51,52,53,54,55,56,57,58,59,60,61,62,63,64,65,66,67,68,69,98,99,136,137,138,139,140,141,142,143,144,145,146,147,148,149,152,154,155,157,158,165,170,171,175,177,183,186,187,188,189,190,191,192,193,194,195,200,203,204,241,242,243,263,303,304,305,306,312,313,314,
115;1;1113;1243;0;30,31,32,33,34,35,41,42,49,50,51,52,53,54,55,56,57,58,59,60,61,62,63,64,65,66,67,68,69,98,99,136,137,138,139,140,141,142,143,144,145,146,147,148,149,152,154,155,157,158,165,170,171,175,177,183,186,187,188,189,190,191,192,193,194,195,200,203,204,241,242,243,263,303,304,305,306,312,313,314,
93;0;1243;1394;1;30,31,32,33,34,35,41,42,49,50,51,52,53,54,55,56,57,58,59,60,61,62,63,64,65,66,67,68,69,98,99,136,137,138,139,140,141,142,143,144,145,146,147,148,149,152,154,155,157,158,165,170,171,175,177,183,186,187,188,189,190,191,192,193,194,195,200,203,204,241,242,243,263,303,304,305,306,312,313,314,
93;1;1394;1447;1;30,31,32,33,34,35,41,42,49,50,51,52,53,54,55,56,57,58,59,60,61,62,63,64,65,66,67,68,69,98,99,136,137,138,139,140,141,142,143,144,145,146,147,148,149,152,154,155,157,158,165,170,171,175,177,183,186,187,188,189,190,191,192,193,194,195,200,203,204,241,242,243,263,303,304,305,306,312,313,314,
2;0;1447;1458;1;30,31,32,33,34,35,41,42,49,50,51,52,53,54,55,56,57,58,59,60,61,62,63,64,65,66,67,68,69,98,99,136,137,138,139,140,141,142,143,144,145,146,147,148,149,152,154,155,157,158,165,170,171,175,177,183,186,187,188,189,190,191,192,193,194,195,200,203,204,241,242,243,263,303,304,305,306,312,313,314,
64;0;1458;1469;1;30,31,32,33,34,35,41,42,49,50,51,52,53,54,55,56,57,58,59,60,61,62,63,64,65,66,67,68,69,98,99,136,137,138,139,140,141,142,143,144,145,146,147,148,149,152,154,155,157,158,165,170,171,175,177,183,186,187,188,189,190,191,192,193,194,195,200,203,204,241,242,243,263,303,304,305,306,312,313,314,
26;0;1469;1629;0;30,31,32,33,34,35,41,42,49,50,51,52,53,54,55,56,57,58,59,60,61,62,63,64,65,66,67,68,69,98,99,136,137,138,139,140,141,142,143,144,145,146,147,148,149,152,154,155,157,158,165,170,171,175,177,183,186,187,188,189,190,191,192,193,194,195,200,203,204,241,242,243,263,303,304,305,306,312,313,314,
88;0;1629;1742;1;30,31,32,33,34,35,41,42,49,50,51,52,53,54,55,56,57,58,59,60,61,62,63,64,65,66,67,68,69,98,99,136,137,138,139,140,141,142,143,144,145,146,147,148,149,152,154,155,157,158,165,170,171,175,177,183,186,187,188,189,190,191,192,193,194,195,200,203,204,241,242,243,263,303,304,305,306,312,313,314,
36;0;1742;1902;1;30,31,32,33,34,35,41,42,49,50,51,52,53,54,55,56,57,58,59,60,61,62,63,64,65,66,67,68,69,98,99,136,137,138,139,140,141,142,143,144,145,146,147,148,149,152,154,155,157,158,165,170,171,175,177,183,186,187,188,189,190,191,192,193,194,195,200,203,204,241,242,243,263,303,304,305,306,312,313,314,
94;0;1902;2008;0;30,31,32,33,34,35,41,42,49,50,51,52,53,54,55,56,57,58,59,60,61,62,63,64,65,66,67,68,69,98,99,136,137,138,139,140,141,142,143,144,145,146,147,148,149,152,154,155,157,158,165,170,171,175,177,183,186,187,188,189,190,191,192,193,194,195,200,203,204,241,242,243,263,303,304,305,306,312,313,314,
66;0;2008;2125;0;30,31,32,33,34,35,41,42,49,50,51,52,53,54,55,56,57,58,59,60,61,62,63,64,65,66,67,68,69,98,99,136,137,138,139,140,141,142,143,144,145,146,147,148,149,152,154,155,157,158,165,170,171,175,177,183,186,187,188,189,190,191,192,193,194,195,200,203,204,241,242,243,263,303,304,305,306,312,313,314,
27;0;2125;2221;0;30,31,32,33,34,35,41,42,49,50,51,52,53,54,55,56,57,58,59,60,61,62,63,64,65,66,67,68,69,98,99,136,137,138,139,140,141,142,143,144,145,146,147,148,149,152,154,155,157,158,165,170,171,175,177,183,186,187,188,189,190,191,192,193,194,195,200,203,204,241,242,243,263,303,304,305,306,312,313,314,
27;1;2221;2395;0;30,31,32,33,34,35,41,42,49,50,51,52,53,54,55,56,57,58,59,60,61,62,63,64,65,66,67,68,69,98,99,136,137,138,139,140,141,142,143,144,145,146,147,148,149,152,154,155,157,158,165,170,171,175,177,183,186,187,188,189,190,191,192,193,194,195,200,203,204,241,242,243,263,303,304,305,306,312,313,314,
96;0;2395;2484;1;30,31,32,33,34,35,41,42,49,50,51,52,53,54,55,56,57,58,59,60,61,62,63,64,65,66,67,68,69,98,99,136,137,138,139,140,141,142,143,144,145,146,147,148,149,152,154,155,157,158,165,170,171,175,177,183,186,187,188,189,190,191,192,193,194,195,200,203,204,241,242,243,263,303,304,305,306,312,313,314,
14;0;2484;2579;0;30,31,32,33,34,35,41,42,49,50,51,52,53,54,55,56,57,58,59,60,61,62,63,64,65,66,67,68,69,98,99,136,137,138,139,140,141,142,143,144,145,146,147,148,149,152,154,155,157,158,165,170,171,175,177,183,186,187,188,189,190,191,192,193,194,195,200,203,204,241,242,243,263,303,304,305,306,312,313,314,
11;0;2579;2587;0;30,31,32,33,34,35,41,42,49,50,51,52,53,54,55,56,57,58,59,60,61,62,63,64,65,66,67,68,69,98,99,136,137,138,139,140,141,142,143,144,145,146,147,148,149,152,154,155,157,158,165,170,171,175,177,183,186,187,188,189,190,191,192,193,194,195,200,203,204,241,242,243,263,303,304,305,306,312,313,314,
11;1;2587;2693;0;30,31,32,33,34,35,41,42,49,50,51,52,53,54,55,56,57,58,59,60,61,62,63,64,65,66,67,68,69,98,99,136,137,138,139,140,141,142,143,144,145,146,147,148,149,152,154,155,157,158,165,170,171,175,177,183,186,187,188,189,190,191,192,193,194,195,200,203,204,241,242,243,263,303,304,305,306,312,313,314,
40;0;2693;2806;1;30,31,32,33,34,35,41,42,49,50,51,52,53,54,55,56,57,58,59,60,61,62,63,64,65,66,67,68,69,98,99,136,137,138,139,140,141,142,143,144,145,146,147,148,149,152,154,155,157,158,165,170,171,175,177,183,186,187,188,189,190,191,192,193,194,195,200,203,204,241,242,243,263,303,304,305,306,312,313,314,
87;0;2806;2828;0;30,31,32,33,34,35,41,42,49,50,51,52,53,54,55,56,57,58,59,60,61,62,63,64,65,66,67,68,69,98,99,136,137,138,139,140,141,142,143,144,145,146,147,148,149,152,154,155,157,158,165,170,171,175,177,183,186,187,188,189,190,191,192,193,194,195,200,203,204,241,242,243,263,303,304,305,306,312,313,314,
87;1;2828;2882;0;30,31,32,33,34,35,41,42,49,50,51,52,53,54,55,56,57,58,59,60,61,62,63,64,65,66,67,68,69,98,99,136,137,138,139,140,141,142,143,144,145,146,147,148,149,152,154,155,157,158,165,170,171,175,177,183,186,187,188,189,190,191,192,193,194,195,200,203,204,241,242,243,263,303,304,305,306,312,313,314,
68;0;2882;3042;1;30,31,32,33,34,35,41,42,49,50,51,52,53,54,55,56,57,58,59,60,61,62,63,64,65,66,67,68,69,98,99,136,137,138,139,140,141,142,143,144,145,146,147,148,149,152,154,155,157,158,165,170,171,175,177,183,186,187,188,189,190,191,192,193,194,195,200,203,204,241,242,243,263,303,304,305,306,312,313,314,
31;0;3042;3196;0;30,31,32,33,34,35,41,42,49,50,51,52,53,54,55,56,57,58,59,60,61,62,63,64,65,66,67,68,69,98,99,136,137,138,139,140,141,142,143,144,145,146,147,148,149,152,154,155,157,158,165,170,171,175,177,183,186,187,188,189,190,191,192,193,194,195,200,203,204,241,242,243,263,303,304,305,306,312,313,314,
31;1;3196;3224;0;30,31,32,33,34,35,41,42,49,50,51,52,53,54,55,56,57,58,59,60,61,62,63,64,65,66,67,68,69,98,99,136,137,138,139,140,141,142,143,144,145,146,147,148,149,152,154,155,157,158,165,170,171,175,177,183,186,187,188,189,190,191,192,193,194,195,200,203,204,241,242,243,263,303,304,305,306,312,313,314,
80;0;3224;3240;1;30,31,32,33,34,35,41,42,49,50,51,52,53,54,55,56,57,58,59,60,61,62,63,64,65,66,67,68,69,98,99,136,137,138,139,140,141,142,143,144,145,146,147,148,149,152,154,155,157,158,165,170,171,175,177,183,186,187,188,189,190,191,192,193,194,195,200,203,204,241,242,243,263,303,304,305,306,312,313,314,
73;0;3240;3412;1;30,31,32,33,34,35,41,42,49,50,51,52,53,54,55,56,57,58,59,60,61,62,63,64,65,66,67,68,69,98,99,136,137,138,139,140,141,142,143,144,145,146,147,148,149,152,154,155,157,158,165,170,171,175,177,183,186,187,188,189,190,191,192,193,194,195,200,203,204,241,242,243,263,303,304,305,306,312,313,314,
73;1;3412;3580;1;30,31,32,33,34,35,41,42,49,50,51,52,53,54,55,56,57,58,59,60,61,62,63,64,65,66,67,68,69,98,99,136,137,138,139,140,141,142,143,144,145,146,147,148,149,152,154,155,157,158,165,170,171,175,177,183,186,187,188,189,190,191,192,193,194,195,200,203,204,241,242,243,263,303,304,305,306,312,313,314,
100;0;3580;3675;1;30,31,32,33,34,35,41,42,49,50,51,52,53,54,55,56,57,58,59,60,61,62,63,64,65,66,67,68,69,98,99,136,137,138,139,140,141,142,143,144,145,146,147,148,149,152,154,155,157,158,165,170,171,175,177,183,186,187,188,189,190,191,192,193,194,195,200,203,204,241,242,243,263,303,304,305,306,312,313,314,
22;0;3675;3805;0;30,31,32,33,34,35,41,42,49,50,51,52,53,54,55,56,57,58,59,60,61,62,63,64,65,66,67,68,69,98,99,136,137,138,139,140,141,142,143,144,145,146,147,148,149,152,154,155,157,158,165,170,171,175,177,183,186,187,188,189,190,191,192,193,194,195,200,203,204,241,242,243,263,303,304,305,306,312,313,314,
98;0;3805;3894;0;30,31,32,33,34,35,41,42,49,50,51,52,53,54,55,56,57,58,59,60,61,62,63,64,65,66,67,68,69,98,99,136,137,138,139,140,141,142,143,144,145,146,147,148,149,152,154,155,157,158,165,170,171,175,177,183,186,187,188,189,190,191,192,193,194,195,200,203,204,241,242,243,263,303,304,305,306,312,313,314,
131;0;3894;4026;0;30,31,32,33,34,35,41,42,49,50,51,52,53,54,55,56,57,58,59,60,61,62,63,64,65,66,67,68,69,98,99,136,137,138,139,140,141,142,143,144,145,146,147,148,149,152,154,155,157,158,165,170,171,175,177,183,186,187,188,189,190,191,192,193,194,195,200,203,204,241,242,243,263,303,304,305,306,312,313,314,
131;1;4026;4156;0;30,31,32,33,34,35,41,42,49,50,51,52,53,54,55,56,57,58,59,60,61,62,63,64,65,66,67,68,69,98,99,136,137,138,139,140,141,142,143,144,145,146,147,148,149,152,154,155,157,158,165,170,171,175,177,183,186,187,188,189,190,191,192,193,194,195,200,203,204,241,242,243,263,303,304,305,306,312,313,314,
33;0;4156;4244;1;30,31,32,33,34,35,41,42,49,50,51,52,53,54,55,56,57,58,59,60,61,62,63,64,65,66,67,68,69,98,99,136,137,138,139,140,141,142,143,144,145,146,147,148,149,152,154,155,157,158,165,170,171,175,177,183,186,187,188,189,190,191,192,193,194,195,200,203,204,241,242,243,263,303,304,305,306,312,313,314,
33;1;4244;4260;1;30,31,32,33,34,35,41,42,49,50,51,52,53,54,55,56,57,58,59,60,61,62,63,64,65,66,67,68,69,98,99,136,137,138,139,140,141,142,143,144,145,146,147,148,149,152,154,155,157,158,165,170,171,175,177,183,186,187,188,189,190,191,192,193,194,195,200,203,204,241,242,243,263,303,304,305,306,312,313,314,
90;0;4260;4288;0;30,31,32,33,34,35,41,42,49,50,51,52,53,54,55,56,57,58,59,60,61,62,63,64,65,66,67,68,69,98,99,136,137,138,139,140,141,142,143,144,145,146,147,148,149,152,154,155,157,158,165,170,171,175,177,183,186,187,188,189,190,191,192,193,194,195,200,203,204,241,242,243,263,303,304,305,306,312,313,314,
17;0;4288;4292;1;30,31,32,33,34,35,41,42,49,50,51,52,53,54,55,56,57,58,59,60,61,62,63,64,65,66,67,68,69,98,99,136,137,138,139,140,141,142,143,144,145,146,147,148,149,152,154,155,157,158,165,170,171,175,177,183,186,187,188,189,190,191,192,193,194,195,200,203,204,241,242,243,263,303,304,305,306,312,313,314,
17;1;4292;4316;1;30,31,32,33,34,35,41,42,49,50,51,52,53,54,55,56,57,58,59,60,61,62,63,64,65,66,67,68,69,98,99,136,137,138,139,140,141,142,143,144,145,146,147,148,149,152,154,155,157,158,165,170,171,175,177,183,186,187,188,189,190,191,192,193,194,195,200,203,204,241,242,243,263,303,304,305,306,312,313,314,
32;0;4316;4484;1;30,31,32,33,34,35,41,42,49,50,51,52,53,54,55,56,57,58,59,60,61,62,63,64,65,66,67,68,69,98,99,136,137,138,139,140,141,142,143,144,145,146,147,148,149,152,154,155,157,158,165,170,171,175,177,183,186,187,188,189,190,191,192,193,194,195,200,203,204,241,242,243,263,303,304,305,306,312,313,314,
38;0;4484;4642;0;30,31,32,33,34,35,41,42,49,50,51,52,53,54,55,56,57,58,59,60,61,62,63,64,65,66,67,68,69,98,99,136,137,138,139,140,141,142,143,144,145,146,147,148,149,152,154,155,157,158,165,170,171,175,177,183,186,187,188,189,190,191,192,193,194,195,200,203,204,241,242,243,263,303,304,305,306,312,313,314,
136;0;4642;4666;1;30,31,32,33,34,35,41,42,49,50,51,52,53,54,55,56,57,58,59,60,61,62,63,64,65,66,67,68,69,98,99,136,137,138,139,140,141,142,143,144,145,146,147,148,149,152,154,155,157,158,165,170,171,175,177,183,186,187,188,189,190,191,192,193,194,195,200,203,204,241,242,243,263,303,304,305,306,312,313,314,
83;0;4666;4717;0;30,31,32,33,34,35,41,42,49,50,51,52,53,54,55,56,57,58,59,60,61,62,63,64,65,66,67,68,69,98,99,136,137,138,139,140,141,142,143,144,145,146,147,148,149,152,154,155,157,158,165,170,171,175,177,183,186,187,188,189,190,191,192,193,194,195,200,203,204,241,242,243,263,303,304,305,306,312,313,314,
83;1;4717;4771;0;30,31,32,33,34,35,41,42,49,50,51,52,53,54,55,56,57,58,59,60,61,62,63,64,65,66,67,68,69,98,99,136,137,138,139,140,141,142,143,144,145,146,147,148,149,152,154,155,157,158,165,170,171,175,177,183,186,187,188,189,190,191,192,193,194,195,200,203,204,241,242,243,263,303,304,305,306,312,313,314,
8;0;4771;4877;1;30,31,32,33,34,35,41,42,49,50,51,52,53,54,55,56,57,58,59,60,61,62,63,64,65,66,67,68,69,98,99,136,137,138,139,140,141,142,143,144,145,146,147,148,149,152,154,155,157,158,165,170,171,175,177,183,186,187,188,189,190,191,192,193,194,195,200,203,204,241,242,243,263,303,304,305,306,312,313,314,
91;0;4877;4941;0;30,31,32,33,34,35,41,42,49,50,51,52,53,54,55,56,57,58,59,60,61,62,63,64,65,66,67,68,69,98,99,136,137,138,139,140,141,142,143,144,145,146,147,148,149,152,154,155,157,158,165,170,171,175,177,183,186,187,188,189,190,191,192,193,194,195,200,203,204,241,242,243,263,303,304,305,306,312,313,314,
91;1;4941;5006;0;30,31,32,33,34,35,41,42,49,50,51,52,53,54,55,56,57,58,59,60,61,62,63,64,65,66,67,68,69,98,99,136,137,138,139,140,141,142,143,144,145,146,147,148,149,152,154,155,157,158,165,170,171,175,177,183,186,187,188,189,190,191,192,193,194,195,200,203,204,241,242,243,263,303,304,305,306,312,313,314,
44;0;5006;5136;1;30,31,32,33,34,35,41,42,49,50,51,52,53,54,55,56,57,58,59,60,61,62,63,64,65,66,67,68,69,98,99,136,137,138,139,140,141,142,143,144,145,146,147,148,149,152,154,155,157,158,165,170,171,175,177,183,186,187,188,189,190,191,192,193,194,195,200,203,204,241,242,243,263,303,304,305,306,312,313,314,
65;0;5136;5251;1;30,31,32,33,34,35,41,42,49,50,51,52,53,54,55,56,57,58,59,60,61,62,63,64,65,66,67,68,69,98,99,136,137,138,139,140,141,142,143,144,145,146,147,148,149,152,154,155,157,158,165,170,171,175,177,183,186,187,188,189,190,191,192,193,194,195,200,203,204,241,242,243,263,303,304,305,306,312,313,314,
65;1;5251;5368;1;30,31,32,33,34,35,41,42,49,50,51,52,53,54,55,56,57,58,59,60,61,62,63,64,65,66,67,68,69,98,99,136,137,138,139,140,141,142,143,144,145,146,147,148,149,152,154,155,157,158,165,170,171,175,177,183,186,187,188,189,190,191,192,193,194,195,200,203,204,241,242,243,263,303,304,305,306,312,313,314,
67;0;5368;5505;0;30,31,32,33,34,35,41,42,49,50,51,52,53,54,55,56,57,58,59,60,61,62,63,64,65,66,67,68,69,98,99,136,137,138,139,140,141,142,143,144,145,146,147,148,149,152,154,155,157,158,165,170,171,175,177,183,186,187,188,189,190,191,192,193,194,195,200,203,204,241,242,243,263,303,304,305,306,312,313,314,
67;1;5505;5600;0;30,31,32,33,34,35,41,42,49,50,51,52,53,54,55,56,57,58,59,60,61,62,63,64,65,66,67,68,69,98,99,136,137,138,139,140,141,142,143,144,145,146,147,148,149,152,154,155,157,158,165,170,171,175,177,183,186,187,188,189,190,191,192,193,194,195,200,203,204,241,242,243,263,303,304,305,306,312,313,314,
125;0;5600;5642;1;30,31,32,33,34,35,41,42,49,50,51,52,53,54,55,56,57,58,59,60,61,62,63,64,65,66,67,68,69,98,99,136,137,138,139,140,141,142,143,144,145,146,147,148,149,152,154,155,157,158,165,170,171,175,177,183,186,187,188,189,190,191,192,193,194,195,200,203,204,241,242,243,263,303,304,305,306,312,313,314,
125;1;5642;5816;1;30,31,32,33,34,35,41,42,49,50,51,52,53,54,55,56,57,58,59,60,61,62,63,64,65,66,67,68,69,98,99,136,137,138,139,140,141,142,143,144,145,146,147,148,149,152,154,155,157,158,165,170,171,175,177,183,186,187,188,189,190,191,192,193,194,195,200,203,204,241,242,243,263,303,304,305,306,312,313,314,
29;0;5816;5964;1;30,31,32,33,34,35,41,42,49,50,51,52,53,54,55,56,57,58,59,60,61,62,63,64,65,66,67,68,69,98,99,136,137,138,139,140,141,142,143,144,145,146,147,148,149,152,154,155,157,158,165,170,171,175,177,183,186,187,188,189,190,191,192,193,194,195,200,203,204,241,242,243,263,303,304,305,306,312,313,314,
29;1;5964;6129;1;30,31,32,33,34,35,41,42,49,50,51,52,53,54,55,56,57,58,59,60,61,62,63,64,65,66,67,68,69,98,99,136,137,138,139,140,141,142,143,144,145,146,147,148,149,152,154,155,157,158,165,170,171,175,177,183,186,187,188,189,190,191,192,193,194,195,200,203,204,241,242,243,263,303,304,305,306,312,313,314,
39;0;6129;6212;0;30,31,32,33,34,35,41,42,49,50,51,52,53,54,55,56,57,58,59,60,61,62,63,64,65,66,67,68,69,98,99,136,137,138,139,140,141,142,143,144,145,146,147,148,149,152,154,155,157,158,165,170,171,175,177,183,186,187,188,189,190,191,192,193,194,195,200,203,204,241,242,243,263,303,304,305,306,312,313,314,
39;1;6212;6370;0;30,31,32,33,34,35,41,42,49,50,51,52,53,54,55,56,57,58,59,60,61,62,63,64,65,66,67,68,69,98,99,136,137,138,139,140,141,142,143,144,145,146,147,148,149,152,154,155,157,158,165,170,171,175,177,183,186,187,188,189,190,191,192,193,194,195,200,203,204,241,242,243,263,303,304,305,306,312,313,314,
20;0;6370;6492;1;30,31,32,33,34,35,41,42,49,50,51,52,53,54,55,56,57,58,59,60,61,62,63,64,65,66,67,68,69,98,99,136,141,145,146,147,148,149,150,151,152,153,154,155,156,157,158,159,160,161,162,163,164,165,166,167,168,169,170,171,172,173,174,175,176,177,178,179,180,181,183,186,187,200,203,204,243,312,313,314,
117;0;6492;6653;1;30,31,32,33,34,35,41,42,49,50,51,52,53,54,55,56,57,58,59,60,61,62,63,64,65,66,67,68,69,98,99,136,141,145,146,147,148,149,150,151,152,153,154,155,156,157,158,159,160,161,162,163,164,165,166,167,168,169,170,171,172,173,174,175,176,177,178,179,180,181,183,186,187,200,203,204,243,312,313,314,
117;1;6653;6664;1;30,31,32,33,34,35,41,42,49,50,51,52,53,54,55,56,57,58,59,60,61,62,63,64,65,66,67,68,69,98,99,136,141,145,146,147,148,149,150,151,152,153,154,155,156,157,158,159,160,161,162,163,164,165,166,167,168,169,170,171,172,173,174,175,176,177,178,179,180,181,183,186,187,200,203,204,243,312,313,314,
69;0;6664;6719;1;30,31,32,33,34,35,41,42,49,50,51,52,53,54,55,56,57,58,59,60,61,62,63,64,65,66,67,68,69,98,99,136,141,145,146,147,148,149,150,151,152,153,154,155,156,157,158,159,160,161,162,163,164,165,166,167,168,169,170,171,172,173,174,175,176,177,178,179,180,181,183,186,187,200,203,204,243,312,313,314,
69;1;6719;6877;1;30,31,32,33,34,35,41,42,49,50,51,52,53,54,55,56,57,58,59,60,61,62,63,64,65,66,67,68,69,98,99,136,141,145,146,147,148,149,150,151,152,153,154,155,156,157,158,159,160,161,162,163,164,165,166,167,168,169,170,171,172,173,174,175,176,177,178,179,180,181,183,186,187,200,203,204,243,312,313,314,
55;0;6877;6992;0;30,31,32,33,34,35,41,42,49,50,51,52,53,54,55,56,57,58,59,60,61,62,63,64,65,66,67,68,69,98,99,136,141,145,146,147,148,149,150,151,152,153,154,155,156,157,158,159,160,161,162,163,164,165,166,167,168,169,170,171,172,173,174,175,176,177,178,179,180,181,183,186,187,200,203,204,243,312,313,314,
55;1;6992;7114;0;30,31,32,33,34,35,41,42,49,50,51,52,53,54,55,56,57,58,59,60,61,62,63,64,65,66,67,68,69,98,99,136,141,145,146,147,148,149,150,151,152,153,154,155,156,157,158,159,160,161,162,163,164,165,166,167,168,169,170,171,172,173,174,175,176,177,178,179,180,181,183,186,187,200,203,204,243,312,313,314,
4;0;7114;7244;1;30,31,32,33,34,35,41,42,49,50,51,52,53,54,55,56,57,58,59,60,61,62,63,64,65,66,67,68,69,98,99,136,141,145,146,147,148,149,150,151,152,153,154,155,156,157,158,159,160,161,162,163,164,165,166,167,168,169,170,171,172,173,174,175,176,177,178,179,180,181,183,186,187,200,203,204,243,312,313,314,
79;0;7244;7310;0;30,31,32,33,34,35,41,42,49,50,51,52,53,54,55,56,57,58,59,60,61,62,63,64,65,66,67,68,69,98,99,136,141,145,146,147,148,149,150,151,152,153,154,155,156,157,158,159,160,161,162,163,164,165,166,167,168,169,170,171,172,173,174,175,176,177,178,179,180,181,183,186,187,200,203,204,243,312,313,314,
79;1;7310;7478;0;30,31,32,33,34,35,41,42,49,50,51,52,53,54,55,56,57,58,59,60,61,62,63,64,65,66,67,68,69,98,99,136,141,145,146,147,148,149,150,151,152,153,154,155,156,157,158,159,160,161,162,163,164,165,166,167,168,169,170,171,172,173,174,175,176,177,178,179,180,181,183,186,187,200,203,204,243,312,313,314,
60;0;7478;7584;1;30,31,32,33,34,35,41,42,49,50,51,52,53,54,55,56,57,58,59,60,61,62,63,64,65,66,67,68,69,98,99,136,141,145,146,147,148,149,150,151,152,153,154,155,156,157,158,159,160,161,162,163,164,165,166,167,168,169,170,171,172,173,174,175,176,177,178,179,180,181,183,186,187,200,203,204,243,312,313,314,
106;0;7584;7679;0;30,31,32,33,34,35,41,42,49,50,51,52,53,54,55,56,57,58,59,60,61,62,63,64,65,66,67,68,69,98,99,136,141,145,146,147,148,149,150,151,152,153,154,155,156,157,158,159,160,161,162,163,164,165,166,167,168,169,170,171,172,173,174,175,176,177,178,179,180,181,183,186,187,200,203,204,243,312,313,314,
54;0;7679;7844;0;30,31,32,33,34,35,41,42,49,50,51,52,53,54,55,56,57,58,59,60,61,62,63,64,65,66,67,68,69,98,99,136,141,145,146,147,148,149,150,151,152,153,154,155,156,157,158,159,160,161,162,163,164,165,166,167,168,169,170,171,172,173,174,175,176,177,178,179,180,181,183,186,187,200,203,204,243,312,313,314,
129;0;7844;7975;1;30,31,32,33,34,35,49,98,99,147,148,152,154,155,157,158,171,175,177,183,187,200,203,204,229,243,275,276,277,278,279,280,281,282,283,284,285,286,287,288,289,312,313,314,315,316,317,318,319,320,321,322,323,324,325,326,327,328,334,335,336,337,338,339,340,341,342,343,344,345,346,347,348,349,350,351,352,353,354,355,
129;1;7975;8028;1;30,31,32,33,34,35,49,98,99,147,148,152,154,155,157,158,171,175,177,183,187,200,203,204,229,243,275,276,277,278,279,280,281,282,283,284,285,286,287,288,289,312,313,314,315,316,317,318,319,320,321,322,323,324,325,326,327,328,334,335,336,337,338,339,340,341,342,343,344,345,346,347,348,349,350,351,352,353,354,355,
137;0;8028;8117;1;30,31,32,33,34,35,49,98,99,147,148,152,154,155,157,158,171,175,177,183,187,200,203,204,229,243,275,276,277,278,279,280,281,282,283,284,285,286,287,288,289,312,313,314,315,316,317,318,319,320,321,322,323,324,325,326,327,328,334,335,336,337,338,339,340,341,342,343,344,345,346,347,348,349,350,351,352,353,354,355,
137;1;8117;8282;1;30,31,32,33,34,35,49,98,99,147,148,152,154,155,157,158,171,175,177,183,187,200,203,204,229,243,275,276,277,278,279,280,281,282,283,284,285,286,287,288,289,312,313,314,315,316,317,318,319,320,321,322,323,324,325,326,327,328,334,335,336,337,338,339,340,341,342,343,344,345,346,347,348,349,350,351,352,353,354,355,
105;0;8282;8293;1;30,31,32,33,34,35,49,98,99,147,148,152,154,155,157,158,171,175,177,183,187,200,203,204,229,243,275,276,277,278,279,280,281,282,283,284,285,286,287,288,289,312,313,314,315,316,317,318,319,320,321,322,323,324,325,326,327,328,334,335,336,337,338,339,340,341,342,343,344,345,346,347,348,349,350,351,352,353,354,355,
105;1;8293;8382;1;30,31,32,33,34,35,49,98,99,147,148,152,154,155,157,158,171,175,177,183,187,200,203,204,229,243,275,276,277,278,279,280,281,282,283,284,285,286,287,288,289,312,313,314,315,316,317,318,319,320,321,322,323,324,325,326,327,328,334,335,336,337,338,339,340,341,342,343,344,345,346,347,348,349,350,351,352,353,354,355,
18;0;8382;8477;0;30,31,32,33,34,35,49,98,99,147,148,152,154,155,157,158,171,175,177,183,187,200,203,204,229,243,275,276,277,278,279,280,281,282,283,284,285,286,287,288,289,312,313,314,315,316,317,318,319,320,321,322,323,324,325,326,327,328,334,335,336,337,338,339,340,341,342,343,344,345,346,347,348,349,350,351,352,353,354,355,
45;0;8477;8602;1;30,31,32,33,34,35,49,98,99,147,148,152,154,155,157,158,171,175,177,183,187,200,203,204,229,243,275,276,277,278,279,280,281,282,283,284,285,286,287,288,289,312,313,314,315,316,317,318,319,320,321,322,323,324,325,326,327,328,334,335,336,337,338,339,340,341,342,343,344,345,346,347,348,349,350,351,352,353,354,355,
45;1;8602;8715;1;30,31,32,33,34,35,49,98,99,147,148,152,154,155,157,158,171,175,177,183,187,200,203,204,229,243,275,276,277,278,279,280,281,282,283,284,285,286,287,288,289,312,313,314,315,316,317,318,319,320,321,322,323,324,325,326,327,328,334,335,336,337,338,339,340,341,342,343,344,345,346,347,348,349,350,351,352,353,354,355,
19;0;8715;8835;0;30,31,32,33,34,35,49,98,99,147,148,152,154,155,157,158,171,175,177,183,187,200,203,204,229,243,275,276,277,278,279,280,281,282,283,284,285,286,287,288,289,312,313,314,315,316,317,318,319,320,321,322,323,324,325,326,327,328,334,335,336,337,338,339,340,341,342,343,344,345,346,347,348,349,350,351,352,353,354,355,
19;1;8835;8846;0;30,31,32,33,34,35,49,98,99,147,148,152,154,155,157,158,171,175,177,183,187,200,203,204,229,243,275,276,277,278,279,280,281,282,283,284,285,286,287,288,289,312,313,314,315,316,317,318,319,320,321,322,323,324,325,326,327,328,334,335,336,337,338,339,340,341,342,343,344,345,346,347,348,349,350,351,352,353,354,355,
71;0;8846;8850;0;30,31,32,33,34,35,49,98,99,147,148,152,154,155,157,158,171,175,177,183,187,200,203,204,229,243,275,276,277,278,279,280,281,282,283,284,285,286,287,288,289,312,313,314,315,316,317,318,319,320,321,322,323,324,325,326,327,328,334,335,336,337,338,339,340,341,342,343,344,345,346,347,348,349,350,351,352,353,354,355,
71;1;8850;8861;0;30,31,32,33,34,35,49,98,99,147,148,152,154,155,157,158,171,175,177,183,187,200,203,204,229,243,275,276,277,278,279,280,281,282,283,284,285,286,287,288,289,312,313,314,315,316,317,318,319,320,321,322,323,324,325,326,327,328,334,335,336,337,338,339,340,341,342,343,344,345,346,347,348,349,350,351,352,353,354,355,
77;0;8861;8905;1;30,31,32,33,34,35,49,98,99,147,148,152,154,155,157,158,171,175,177,183,187,200,203,204,229,243,275,276,277,278,279,280,281,282,283,284,285,286,287,288,289,312,313,314,315,316,317,318,319,320,321,322,323,324,325,326,327,328,334,335,336,337,338,339,340,341,342,343,344,345,346,347,348,349,350,351,352,353,354,355,
77;1;8905;8924;1;30,31,32,33,34,35,49,98,99,147,148,152,154,155,157,158,171,175,177,183,187,200,203,204,229,243,275,276,277,278,279,280,281,282,283,284,285,286,287,288,289,312,313,314,315,316,317,318,319,320,321,322,323,324,325,326,327,328,334,335,336,337,338,339,340,341,342,343,344,345,346,347,348,349,350,351,352,353,354,355,
132;0;8924;9019;1;30,31,32,33,34,35,49,98,99,147,148,152,154,155,157,158,171,175,177,183,187,200,203,204,229,243,275,276,277,278,279,280,281,282,283,284,285,286,287,288,289,312,313,314,315,316,317,318,319,320,321,322,323,324,325,326,327,328,334,335,336,337,338,339,340,341,342,343,344,345,346,347,348,349,350,351,352,353,354,355,
121;0;9019;9156;1;30,31,32,33,34,35,49,98,99,147,148,152,154,155,157,158,171,175,177,183,187,200,203,204,229,243,275,276,277,278,279,280,281,282,283,284,285,286,287,288,289,312,313,314,315,316,317,318,319,320,321,322,323,324,325,326,327,328,334,335,336,337,338,339,340,341,342,343,344,345,346,347,348,349,350,351,352,353,354,355,
121;1;9156;9334;1;30,31,32,33,34,35,49,98,99,147,148,152,154,155,157,158,171,175,177,183,187,200,203,204,229,243,275,276,277,278,279,280,281,282,283,284,285,286,287,288,289,312,313,314,315,316,317,318,319,320,321,322,323,324,325,326,327,328,334,335,336,337,338,339,340,341,342,343,344,345,346,347,348,349,350,351,352,353,354,355,
101;0;9334;9434;1;30,31,32,33,34,35,49,98,99,147,148,152,154,155,157,158,171,175,177,183,187,200,203,204,229,243,275,276,277,278,279,280,281,282,283,284,285,286,287,288,289,312,313,314,315,316,317,318,319,320,321,322,323,324,325,326,327,328,334,335,336,337,338,339,340,341,342,343,344,345,346,347,348,349,350,351,352,353,354,355,
101;1;9434;9451;1;30,31,32,33,34,35,49,98,99,147,148,152,154,155,157,158,171,175,177,183,187,200,203,204,229,243,275,276,277,278,279,280,281,282,283,284,285,286,287,288,289,312,313,314,315,316,317,318,319,320,321,322,323,324,325,326,327,328,334,335,336,337,338,339,340,341,342,343,344,345,346,347,348,349,350,351,352,353,354,355,
52;0;9451;9609;1;30,31,32,33,34,35,49,98,99,147,148,152,154,155,157,158,171,175,177,183,187,200,203,204,229,243,275,276,277,278,279,280,281,282,283,284,285,286,287,288,289,312,313,314,315,316,317,318,319,320,321,322,323,324,325,326,327,328,334,335,336,337,338,339,340,341,342,343,344,345,346,347,348,349,350,351,352,353,354,355,
Machine: 1
9;0;0;121;1;0,1,2,3,4,5,6,7,8,9,10,11,12,13,14,15,16,17,18,19,20,21,22,23,24,25,26,27,28,29,36,37,38,39,66,67,68,69,70,71,72,73,74,75,76,77,78,79,80,81,82,83,84,85,86,87,88,89,90,91,92,93,94,96,97,103,110,182,184,185,196,197,198,199,307,356,357,358,359,360,
9;1;121;195;1;0,1,2,3,4,5,6,7,8,9,10,11,12,13,14,15,16,17,18,19,20,21,22,23,24,25,26,27,28,29,36,37,38,39,66,67,68,69,70,71,72,73,74,75,76,77,78,79,80,81,82,83,84,85,86,87,88,89,90,91,92,93,94,96,97,103,110,182,184,185,196,197,198,199,307,356,357,358,359,360,
122;0;195;345;0;0,1,2,3,4,5,6,7,8,9,10,11,12,13,14,15,16,17,18,19,20,21,22,23,24,25,26,27,28,29,36,37,38,39,66,67,68,69,70,71,72,73,74,75,76,77,78,79,80,81,82,83,84,85,86,87,88,89,90,91,92,93,94,96,97,103,110,182,184,185,196,197,198,199,307,356,357,358,359,360,
57;0;345;374;1;0,1,2,3,4,5,6,7,8,9,10,11,12,13,14,15,16,17,18,19,20,21,22,23,24,25,26,27,28,29,36,37,38,39,66,67,68,69,70,71,72,73,74,75,76,77,78,79,80,81,82,83,84,85,86,87,88,89,90,91,92,93,94,96,97,103,110,182,184,185,196,197,198,199,307,356,357,358,359,360,
57;1;374;475;1;0,1,2,3,4,5,6,7,8,9,10,11,12,13,14,15,16,17,18,19,20,21,22,23,24,25,26,27,28,29,36,37,38,39,66,67,68,69,70,71,72,73,74,75,76,77,78,79,80,81,82,83,84,85,86,87,88,89,90,91,92,93,94,96,97,103,110,182,184,185,196,197,198,199,307,356,357,358,359,360,
23;0;475;563;0;0,1,2,3,4,5,6,7,8,9,10,11,12,13,14,15,16,17,18,19,20,21,22,23,24,25,26,27,28,29,36,37,38,39,66,67,68,69,70,71,72,73,74,75,76,77,78,79,80,81,82,83,84,85,86,87,88,89,90,91,92,93,94,96,97,103,110,182,184,185,196,197,198,199,307,356,357,358,359,360,
23;1;563;604;0;0,1,2,3,4,5,6,7,8,9,10,11,12,13,14,15,16,17,18,19,20,21,22,23,24,25,26,27,28,29,36,37,38,39,66,67,68,69,70,71,72,73,74,75,76,77,78,79,80,81,82,83,84,85,86,87,88,89,90,91,92,93,94,96,97,103,110,182,184,185,196,197,198,199,307,356,357,358,359,360,
0;0;604;730;1;0,1,2,3,4,5,6,7,8,9,10,11,12,13,14,15,16,17,18,19,20,21,22,23,24,25,26,27,28,29,36,37,38,39,66,67,68,69,70,71,72,73,74,75,76,77,78,79,80,81,82,83,84,85,86,87,88,89,90,91,92,93,94,96,97,103,110,182,184,185,196,197,198,199,307,356,357,358,359,360,
0;1;730;798;1;0,1,2,3,4,5,6,7,8,9,10,11,12,13,14,15,16,17,18,19,20,21,22,23,24,25,26,27,28,29,36,37,38,39,66,67,68,69,70,71,72,73,74,75,76,77,78,79,80,81,82,83,84,85,86,87,88,89,90,91,92,93,94,96,97,103,110,182,184,185,196,197,198,199,307,356,357,358,359,360,
63;0;798;932;0;0,1,2,3,4,5,6,7,8,9,10,11,12,13,14,15,16,17,18,19,20,21,22,23,24,25,26,27,28,29,36,37,38,39,66,67,68,69,70,71,72,73,74,75,76,77,78,79,80,81,82,83,84,85,86,87,88,89,90,91,92,93,94,96,97,103,110,182,184,185,196,197,198,199,307,356,357,358,359,360,
63;1;932;1095;0;0,1,2,3,4,5,6,7,8,9,10,11,12,13,14,15,16,17,18,19,20,21,22,23,24,25,26,27,28,29,36,37,38,39,66,67,68,69,70,71,72,73,74,75,76,77,78,79,80,81,82,83,84,85,86,87,88,89,90,91,92,93,94,96,97,103,110,182,184,185,196,197,198,199,307,356,357,358,359,360,
51;0;1095;1131;0;0,1,2,3,4,5,6,7,8,9,10,11,12,13,14,15,16,17,18,19,20,21,22,23,24,25,26,27,28,29,36,37,38,39,66,67,68,69,70,71,72,73,74,75,76,77,78,79,80,81,82,83,84,85,86,87,88,89,90,91,92,93,94,96,97,103,110,182,184,185,196,197,198,199,307,356,357,358,359,360,
51;1;1131;1245;0;0,1,2,3,4,5,6,7,8,9,10,11,12,13,14,15,16,17,18,19,20,21,22,23,24,25,26,27,28,29,36,37,38,39,66,67,68,69,70,71,72,73,74,75,76,77,78,79,80,81,82,83,84,85,86,87,88,89,90,91,92,93,94,96,97,103,110,182,184,185,196,197,198,199,307,356,357,358,359,360,
47;0;1245;1309;0;0,1,2,3,4,5,6,7,8,9,10,11,12,13,14,15,16,17,18,19,20,21,22,23,24,25,26,27,28,29,36,37,38,39,66,67,68,69,70,71,72,73,74,75,76,77,78,79,80,81,82,83,84,85,86,87,88,89,90,91,92,93,94,96,97,103,110,182,184,185,196,197,198,199,307,356,357,358,359,360,
47;1;1309;1415;0;0,1,2,3,4,5,6,7,8,9,10,11,12,13,14,15,16,17,18,19,20,21,22,23,24,25,26,27,28,29,36,37,38,39,66,67,68,69,70,71,72,73,74,75,76,77,78,79,80,81,82,83,84,85,86,87,88,89,90,91,92,93,94,96,97,103,110,182,184,185,196,197,198,199,307,356,357,358,359,360,
128;0;1415;1456;1;0,1,2,3,4,5,6,7,8,9,10,11,12,13,14,15,16,17,18,19,20,21,22,23,24,25,26,27,28,29,36,37,38,39,66,67,68,69,70,71,72,73,74,75,76,77,78,79,80,81,82,83,84,85,86,87,88,89,90,91,92,93,94,96,97,103,110,182,184,185,196,197,198,199,307,356,357,358,359,360,
46;0;1456;1619;0;0,1,2,3,4,5,6,7,8,9,10,11,12,13,14,15,16,17,18,19,20,21,22,23,24,25,26,27,28,29,36,37,38,39,66,67,68,69,70,71,72,73,74,75,76,77,78,79,80,81,82,83,84,85,86,87,88,89,90,91,92,93,94,96,97,103,110,182,184,185,196,197,198,199,307,356,357,358,359,360,
130;0;1619;1672;0;0,1,2,3,4,5,6,7,8,9,10,11,12,13,14,15,16,17,18,19,20,21,22,23,24,25,26,27,28,29,36,37,38,39,66,67,68,69,70,71,72,73,74,75,76,77,78,79,80,81,82,83,84,85,86,87,88,89,90,91,92,93,94,96,97,103,110,182,184,185,196,197,198,199,307,356,357,358,359,360,
1;0;1672;1704;0;0,1,2,3,4,5,6,7,8,9,10,11,12,13,14,15,16,17,18,19,20,21,22,23,24,25,26,27,28,29,36,37,38,39,66,67,68,69,70,71,72,73,74,75,76,77,78,79,80,81,82,83,84,85,86,87,88,89,90,91,92,93,94,96,97,103,110,182,184,185,196,197,198,199,307,356,357,358,359,360,
1;1;1704;1743;0;0,1,2,3,4,5,6,7,8,9,10,11,12,13,14,15,16,17,18,19,20,21,22,23,24,25,26,27,28,29,36,37,38,39,66,67,68,69,70,71,72,73,74,75,76,77,78,79,80,81,82,83,84,85,86,87,88,89,90,91,92,93,94,96,97,103,110,182,184,185,196,197,198,199,307,356,357,358,359,360,
134;0;1743;1817;0;0,1,2,3,4,5,6,7,8,9,10,11,12,13,14,15,16,17,18,19,20,21,22,23,24,25,26,27,28,29,36,37,38,39,66,67,68,69,70,71,72,73,74,75,76,77,78,79,80,81,82,83,84,85,86,87,88,89,90,91,92,93,94,96,97,103,110,182,184,185,196,197,198,199,307,356,357,358,359,360,
110;0;1817;1918;0;0,1,2,3,4,5,6,7,8,9,10,11,12,13,14,15,16,17,18,19,20,21,22,23,24,25,26,27,28,29,36,37,38,39,66,67,68,69,70,71,72,73,74,75,76,77,78,79,80,81,82,83,84,85,86,87,88,89,90,91,92,93,94,96,97,103,110,182,184,185,196,197,198,199,307,356,357,358,359,360,
133;0;1918;2038;1;0,1,2,3,4,5,6,7,8,9,10,11,12,13,14,15,16,17,18,19,20,21,22,23,24,25,26,27,28,29,36,37,38,39,66,67,68,69,70,71,72,73,74,75,76,77,78,79,80,81,82,83,84,85,86,87,88,89,90,91,92,93,94,96,97,103,110,182,184,185,196,197,198,199,307,356,357,358,359,360,
133;1;2038;2206;1;0,1,2,3,4,5,6,7,8,9,10,11,12,13,14,15,16,17,18,19,20,21,22,23,24,25,26,27,28,29,36,37,38,39,66,67,68,69,70,71,72,73,74,75,76,77,78,79,80,81,82,83,84,85,86,87,88,89,90,91,92,93,94,96,97,103,110,182,184,185,196,197,198,199,307,356,357,358,359,360,
24;0;2206;2307;1;0,1,2,3,4,5,6,7,8,9,10,11,12,13,14,15,16,17,18,19,20,21,22,23,24,25,26,27,28,29,36,37,38,39,66,67,68,69,70,71,72,73,74,75,76,77,78,79,80,81,82,83,84,85,86,87,88,89,90,91,92,93,94,96,97,103,110,182,184,185,196,197,198,199,307,356,357,358,359,360,
99;0;2307;2373;0;0,1,2,3,4,5,6,7,8,9,10,11,12,13,14,15,16,17,18,19,20,21,22,23,24,25,26,27,28,29,36,37,38,39,66,67,68,69,70,71,72,73,74,75,76,77,78,79,80,81,82,83,84,85,86,87,88,89,90,91,92,93,94,96,97,103,110,182,184,185,196,197,198,199,307,356,357,358,359,360,
99;1;2373;2465;0;0,1,2,3,4,5,6,7,8,9,10,11,12,13,14,15,16,17,18,19,20,21,22,23,24,25,26,27,28,29,36,37,38,39,66,67,68,69,70,71,72,73,74,75,76,77,78,79,80,81,82,83,84,85,86,87,88,89,90,91,92,93,94,96,97,103,110,182,184,185,196,197,198,199,307,356,357,358,359,360,
97;0;2465;2629;1;0,1,2,3,4,5,6,7,8,9,10,11,12,13,14,15,16,17,18,19,20,21,22,23,24,25,26,27,28,29,36,37,38,39,66,67,68,69,70,71,72,73,74,75,76,77,78,79,80,81,82,83,84,85,86,87,88,89,90,91,92,93,94,96,97,103,110,182,184,185,196,197,198,199,307,356,357,358,359,360,
97;1;2629;2779;1;0,1,2,3,4,5,6,7,8,9,10,11,12,13,14,15,16,17,18,19,20,21,22,23,24,25,26,27,28,29,36,37,38,39,66,67,68,69,70,71,72,73,74,75,76,77,78,79,80,81,82,83,84,85,86,87,88,89,90,91,92,93,94,96,97,103,110,182,184,185,196,197,198,199,307,356,357,358,359,360,
13;0;2779;2943;1;0,1,2,3,4,5,6,7,8,9,10,11,12,13,14,15,16,17,18,19,20,21,22,23,24,25,26,27,28,29,36,37,38,39,66,67,68,69,70,71,72,73,74,75,76,77,78,79,80,81,82,83,84,85,86,87,88,89,90,91,92,93,94,96,97,103,110,182,184,185,196,197,198,199,307,356,357,358,359,360,
13;1;2943;3049;1;0,1,2,3,4,5,6,7,8,9,10,11,12,13,14,15,16,17,18,19,20,21,22,23,24,25,26,27,28,29,36,37,38,39,66,67,68,69,70,71,72,73,74,75,76,77,78,79,80,81,82,83,84,85,86,87,88,89,90,91,92,93,94,96,97,103,110,182,184,185,196,197,198,199,307,356,357,358,359,360,
35;0;3049;3150;0;0,1,2,3,4,5,6,7,8,9,10,11,12,13,14,15,16,17,18,19,20,21,22,23,24,25,26,27,28,29,36,37,38,39,66,67,68,69,70,71,72,73,74,75,76,77,78,79,80,81,82,83,84,85,86,87,88,89,90,91,92,93,94,96,97,103,110,182,184,185,196,197,198,199,307,356,357,358,359,360,
35;1;3150;3242;0;0,1,2,3,4,5,6,7,8,9,10,11,12,13,14,15,16,17,18,19,20,21,22,23,24,25,26,27,28,29,36,37,38,39,66,67,68,69,70,71,72,73,74,75,76,77,78,79,80,81,82,83,84,85,86,87,88,89,90,91,92,93,94,96,97,103,110,182,184,185,196,197,198,199,307,356,357,358,359,360,
114;0;3242;3281;0;0,1,2,3,4,5,6,7,8,9,10,11,12,13,14,15,16,17,18,19,20,21,22,23,24,25,26,27,28,29,36,37,38,39,66,67,68,69,70,71,72,73,74,75,76,77,78,79,80,81,82,83,84,85,86,87,88,89,90,91,92,93,94,96,97,103,110,182,184,185,196,197,198,199,307,356,357,358,359,360,
119;0;3281;3353;0;0,1,2,3,4,5,6,7,8,9,10,11,12,13,14,15,16,17,18,19,20,21,22,23,24,25,26,27,28,29,36,37,38,39,66,67,68,69,70,71,72,73,74,75,76,77,78,79,80,81,82,83,84,85,86,87,88,89,90,91,92,93,94,96,97,103,110,182,184,185,196,197,198,199,307,356,357,358,359,360,
119;1;3353;3500;0;0,1,2,3,4,5,6,7,8,9,10,11,12,13,14,15,16,17,18,19,20,21,22,23,24,25,26,27,28,29,36,37,38,39,66,67,68,69,70,71,72,73,74,75,76,77,78,79,80,81,82,83,84,85,86,87,88,89,90,91,92,93,94,96,97,103,110,182,184,185,196,197,198,199,307,356,357,358,359,360,
116;0;3500;3568;1;0,1,2,3,4,5,6,7,8,9,10,11,12,13,14,15,16,17,18,19,20,21,22,23,24,25,26,27,28,29,36,37,38,39,66,67,68,69,70,71,72,73,74,75,76,77,78,79,80,81,82,83,84,85,86,87,88,89,90,91,92,93,94,96,97,103,110,182,184,185,196,197,198,199,307,356,357,358,359,360,
107;0;3568;3740;0;0,1,2,3,4,5,6,7,17,36,37,38,39,41,46,66,67,75,96,97,100,101,102,103,104,105,106,107,108,109,110,111,112,113,114,115,116,117,118,119,120,121,122,123,124,125,126,127,128,129,130,131,132,133,134,135,171,182,184,185,196,197,198,199,224,239,240,250,263,270,271,272,273,274,307,329,330,331,332,333,
107;1;3740;3854;0;0,1,2,3,4,5,6,7,17,36,37,38,39,41,46,66,67,75,96,97,100,101,102,103,104,105,106,107,108,109,110,111,112,113,114,115,116,117,118,119,120,121,122,123,124,125,126,127,128,129,130,131,132,133,134,135,171,182,184,185,196,197,198,199,224,239,240,250,263,270,271,272,273,274,307,329,330,331,332,333,
102;0;3854;3988;0;0,1,2,3,4,5,6,7,17,36,37,38,39,41,46,66,67,75,96,97,100,101,102,103,104,105,106,107,108,109,110,111,112,113,114,115,116,117,118,119,120,121,122,123,124,125,126,127,128,129,130,131,132,133,134,135,171,182,184,185,196,197,198,199,224,239,240,250,263,270,271,272,273,274,307,329,330,331,332,333,
34;0;3988;4151;0;0,1,2,3,4,5,6,7,17,36,37,38,39,41,46,66,67,75,96,97,100,101,102,103,104,105,106,107,108,109,110,111,112,113,114,115,116,117,118,119,120,121,122,123,124,125,126,127,128,129,130,131,132,133,134,135,171,182,184,185,196,197,198,199,224,239,240,250,263,270,271,272,273,274,307,329,330,331,332,333,
109;0;4151;4252;1;0,1,2,3,4,5,6,7,17,36,37,38,39,41,46,66,67,75,96,97,100,101,102,103,104,105,106,107,108,109,110,111,112,113,114,115,116,117,118,119,120,121,122,123,124,125,126,127,128,129,130,131,132,133,134,135,171,182,184,185,196,197,198,199,224,239,240,250,263,270,271,272,273,274,307,329,330,331,332,333,
109;1;4252;4415;1;0,1,2,3,4,5,6,7,17,36,37,38,39,41,46,66,67,75,96,97,100,101,102,103,104,105,106,107,108,109,110,111,112,113,114,115,116,117,118,119,120,121,122,123,124,125,126,127,128,129,130,131,132,133,134,135,171,182,184,185,196,197,198,199,224,239,240,250,263,270,271,272,273,274,307,329,330,331,332,333,
113;0;4415;4481;1;0,1,2,3,4,5,6,7,17,36,37,38,39,41,46,66,67,75,96,97,100,101,102,103,104,105,106,107,108,109,110,111,112,113,114,115,116,117,118,119,120,121,122,123,124,125,126,127,128,129,130,131,132,133,134,135,171,182,184,185,196,197,198,199,224,239,240,250,263,270,271,272,273,274,307,329,330,331,332,333,
113;1;4481;4573;1;0,1,2,3,4,5,6,7,17,36,37,38,39,41,46,66,67,75,96,97,100,101,102,103,104,105,106,107,108,109,110,111,112,113,114,115,116,117,118,119,120,121,122,123,124,125,126,127,128,129,130,131,132,133,134,135,171,182,184,185,196,197,198,199,224,239,240,250,263,270,271,272,273,274,307,329,330,331,332,333,
75;0;4573;4634;0;0,1,2,3,4,5,6,7,17,36,37,38,39,41,46,66,67,75,96,97,100,101,102,103,104,105,106,107,108,109,110,111,112,113,114,115,116,117,118,119,120,121,122,123,124,125,126,127,128,129,130,131,132,133,134,135,171,182,184,185,196,197,198,199,224,239,240,250,263,270,271,272,273,274,307,329,330,331,332,333,
75;1;4634;4645;0;0,1,2,3,4,5,6,7,17,36,37,38,39,41,46,66,67,75,96,97,100,101,102,103,104,105,106,107,108,109,110,111,112,113,114,115,116,117,118,119,120,121,122,123,124,125,126,127,128,129,130,131,132,133,134,135,171,182,184,185,196,197,198,199,224,239,240,250,263,270,271,272,273,274,307,329,330,331,332,333,
89;0;4645;4684;1;0,1,2,3,4,5,6,7,17,36,37,38,39,41,46,66,67,75,96,97,100,101,102,103,104,105,106,107,108,109,110,111,112,113,114,115,116,117,118,119,120,121,122,123,124,125,126,127,128,129,130,131,132,133,134,135,171,182,184,185,196,197,198,199,224,239,240,250,263,270,271,272,273,274,307,329,330,331,332,333,
89;1;4684;4818;1;0,1,2,3,4,5,6,7,17,36,37,38,39,41,46,66,67,75,96,97,100,101,102,103,104,105,106,107,108,109,110,111,112,113,114,115,116,117,118,119,120,121,122,123,124,125,126,127,128,129,130,131,132,133,134,135,171,182,184,185,196,197,198,199,224,239,240,250,263,270,271,272,273,274,307,329,330,331,332,333,
6;0;4818;4968;0;0,1,2,3,4,5,6,7,17,36,37,38,39,41,46,66,67,75,96,97,100,101,102,103,104,105,106,107,108,109,110,111,112,113,114,115,116,117,118,119,120,121,122,123,124,125,126,127,128,129,130,131,132,133,134,135,171,182,184,185,196,197,198,199,224,239,240,250,263,270,271,272,273,274,307,329,330,331,332,333,
84;0;4968;4979;1;0,1,2,3,4,5,6,7,17,36,37,38,39,41,46,66,67,75,96,97,100,101,102,103,104,105,106,107,108,109,110,111,112,113,114,115,116,117,118,119,120,121,122,123,124,125,126,127,128,129,130,131,132,133,134,135,171,182,184,185,196,197,198,199,224,239,240,250,263,270,271,272,273,274,307,329,330,331,332,333,
58;0;4979;5093;0;0,1,2,3,4,5,6,7,17,36,37,38,39,41,46,66,67,75,96,97,100,101,102,103,104,105,106,107,108,109,110,111,112,113,114,115,116,117,118,119,120,121,122,123,124,125,126,127,128,129,130,131,132,133,134,135,171,182,184,185,196,197,198,199,224,239,240,250,263,270,271,272,273,274,307,329,330,331,332,333,
72;0;5093;5231;1;0,1,2,3,4,5,6,7,17,36,37,38,39,41,46,66,67,75,96,97,100,101,102,103,104,105,106,107,108,109,110,111,112,113,114,115,116,117,118,119,120,121,122,123,124,125,126,127,128,129,130,131,132,133,134,135,171,182,184,185,196,197,198,199,224,239,240,250,263,270,271,272,273,274,307,329,330,331,332,333,
21;0;5231;5272;1;0,1,2,3,4,5,6,7,17,36,37,38,39,41,46,66,67,75,96,97,100,101,102,103,104,105,106,107,108,109,110,111,112,113,114,115,116,117,118,119,120,121,122,123,124,125,126,127,128,129,130,131,132,133,134,135,171,182,184,185,196,197,198,199,224,239,240,250,263,270,271,272,273,274,307,329,330,331,332,333,
21;1;5272;5378;1;0,1,2,3,4,5,6,7,17,36,37,38,39,41,46,66,67,75,96,97,100,101,102,103,104,105,106,107,108,109,110,111,112,113,114,115,116,117,118,119,120,121,122,123,124,125,126,127,128,129,130,131,132,133,134,135,171,182,184,185,196,197,198,199,224,239,240,250,263,270,271,272,273,274,307,329,330,331,332,333,
118;0;5378;5439;0;0,1,2,3,4,5,6,7,17,36,37,38,39,41,46,66,67,75,96,97,100,101,102,103,104,105,106,107,108,109,110,111,112,113,114,115,116,117,118,119,120,121,122,123,124,125,126,127,128,129,130,131,132,133,134,135,171,182,184,185,196,197,198,199,224,239,240,250,263,270,271,272,273,274,307,329,330,331,332,333,
15;0;5439;5558;0;0,1,2,3,4,5,6,7,17,36,37,38,39,41,46,66,67,75,96,97,100,101,102,103,104,105,106,107,108,109,110,111,112,113,114,115,116,117,118,119,120,121,122,123,124,125,126,127,128,129,130,131,132,133,134,135,171,182,184,185,196,197,198,199,224,239,240,250,263,270,271,272,273,274,307,329,330,331,332,333,
15;1;5558;5696;0;0,1,2,3,4,5,6,7,17,36,37,38,39,41,46,66,67,75,96,97,100,101,102,103,104,105,106,107,108,109,110,111,112,113,114,115,116,117,118,119,120,121,122,123,124,125,126,127,128,129,130,131,132,133,134,135,171,182,184,185,196,197,198,199,224,239,240,250,263,270,271,272,273,274,307,329,330,331,332,333,
85;0;5696;5858;1;0,1,2,3,4,5,6,7,17,36,37,38,39,41,46,66,67,75,96,97,100,101,102,103,104,105,106,107,108,109,110,111,112,113,114,115,116,117,118,119,120,121,122,123,124,125,126,127,128,129,130,131,132,133,134,135,171,182,184,185,196,197,198,199,224,239,240,250,263,270,271,272,273,274,307,329,330,331,332,333,
85;1;5858;5899;1;0,1,2,3,4,5,6,7,17,36,37,38,39,41,46,66,67,75,96,97,100,101,102,103,104,105,106,107,108,109,110,111,112,113,114,115,116,117,118,119,120,121,122,123,124,125,126,127,128,129,130,131,132,133,134,135,171,182,184,185,196,197,198,199,224,239,240,250,263,270,271,272,273,274,307,329,330,331,332,333,
61;0;5899;5987;1;0,1,2,3,4,5,6,7,17,36,37,38,39,41,46,66,67,75,96,97,100,101,102,103,104,105,106,107,108,109,110,111,112,113,114,115,116,117,118,119,120,121,122,123,124,125,126,127,128,129,130,131,132,133,134,135,171,182,184,185,196,197,198,199,224,239,240,250,263,270,271,272,273,274,307,329,330,331,332,333,
61;1;5987;6028;1;0,1,2,3,4,5,6,7,17,36,37,38,39,41,46,66,67,75,96,97,100,101,102,103,104,105,106,107,108,109,110,111,112,113,114,115,116,117,118,119,120,121,122,123,124,125,126,127,128,129,130,131,132,133,134,135,171,182,184,185,196,197,198,199,224,239,240,250,263,270,271,272,273,274,307,329,330,331,332,333,
124;0;6028;6178;1;0,1,2,3,4,5,6,7,17,36,37,38,39,41,46,66,67,75,96,97,100,101,102,103,104,105,106,107,108,109,110,111,112,113,114,115,116,117,118,119,120,121,122,123,124,125,126,127,128,129,130,131,132,133,134,135,171,182,184,185,196,197,198,199,224,239,240,250,263,270,271,272,273,274,307,329,330,331,332,333,
5;0;6178;6354;1;0,36,37,38,39,40,41,42,43,44,45,46,47,48,66,67,75,95,103,106,107,110,163,165,182,184,185,196,197,198,199,201,202,239,240,244,245,246,247,248,249,250,251,252,253,254,255,256,257,258,259,260,261,262,263,264,265,266,267,268,269,272,290,291,292,293,294,295,296,297,298,299,300,301,302,307,308,309,310,311,
5;1;6354;6501;1;0,36,37,38,39,40,41,42,43,44,45,46,47,48,66,67,75,95,103,106,107,110,163,165,182,184,185,196,197,198,199,201,202,239,240,244,245,246,247,248,249,250,251,252,253,254,255,256,257,258,259,260,261,262,263,264,265,266,267,268,269,272,290,291,292,293,294,295,296,297,298,299,300,301,302,307,308,309,310,311,
74;0;6501;6667;0;0,36,37,38,39,40,41,42,43,44,45,46,47,48,66,67,75,95,103,106,107,110,163,165,182,184,185,196,197,198,199,201,202,239,240,244,245,246,247,248,249,250,251,252,253,254,255,256,257,258,259,260,261,262,263,264,265,266,267,268,269,272,290,291,292,293,294,295,296,297,298,299,300,301,302,307,308,309,310,311,
30;0;6667;6781;0;0,36,37,38,39,40,41,42,43,44,45,46,47,48,66,67,75,95,103,106,107,110,163,165,182,184,185,196,197,198,199,201,202,239,240,244,245,246,247,248,249,250,251,252,253,254,255,256,257,258,259,260,261,262,263,264,265,266,267,268,269,272,290,291,292,293,294,295,296,297,298,299,300,301,302,307,308,309,310,311,
127;0;6781;6822;0;0,36,37,38,39,40,41,42,43,44,45,46,47,48,66,67,75,95,103,106,107,110,163,165,182,184,185,196,197,198,199,201,202,239,240,244,245,246,247,248,249,250,251,252,253,254,255,256,257,258,259,260,261,262,263,264,265,266,267,268,269,272,290,291,292,293,294,295,296,297,298,299,300,301,302,307,308,309,310,311,
127;1;6822;6856;0;0,36,37,38,39,40,41,42,43,44,45,46,47,48,66,67,75,95,103,106,107,110,163,165,182,184,185,196,197,198,199,201,202,239,240,244,245,246,247,248,249,250,251,252,253,254,255,256,257,258,259,260,261,262,263,264,265,266,267,268,269,272,290,291,292,293,294,295,296,297,298,299,300,301,302,307,308,309,310,311,
82;0;6856;7008;0;0,36,37,38,39,40,41,42,43,44,45,46,47,48,66,67,75,95,103,106,107,110,163,165,182,184,185,196,197,198,199,201,202,239,240,244,245,246,247,248,249,250,251,252,253,254,255,256,257,258,259,260,261,262,263,264,265,266,267,268,269,272,290,291,292,293,294,295,296,297,298,299,300,301,302,307,308,309,310,311,
123;0;7008;7122;0;0,36,37,38,39,40,41,42,43,44,45,46,47,48,66,67,75,95,103,106,107,110,163,165,182,184,185,196,197,198,199,201,202,239,240,244,245,246,247,248,249,250,251,252,253,254,255,256,257,258,259,260,261,262,263,264,265,266,267,268,269,272,290,291,292,293,294,295,296,297,298,299,300,301,302,307,308,309,310,311,
123;1;7122;7285;0;0,36,37,38,39,40,41,42,43,44,45,46,47,48,66,67,75,95,103,106,107,110,163,165,182,184,185,196,197,198,199,201,202,239,240,244,245,246,247,248,249,250,251,252,253,254,255,256,257,258,259,260,261,262,263,264,265,266,267,268,269,272,290,291,292,293,294,295,296,297,298,299,300,301,302,307,308,309,310,311,
41;0;7285;7330;1;0,36,37,38,39,40,41,42,43,44,45,46,47,48,66,67,75,95,103,106,107,110,163,165,182,184,185,196,197,198,199,201,202,239,240,244,245,246,247,248,249,250,251,252,253,254,255,256,257,258,259,260,261,262,263,264,265,266,267,268,269,272,290,291,292,293,294,295,296,297,298,299,300,301,302,307,308,309,310,311,
41;1;7330;7334;1;0,36,37,38,39,40,41,42,43,44,45,46,47,48,66,67,75,95,103,106,107,110,163,165,182,184,185,196,197,198,199,201,202,239,240,244,245,246,247,248,249,250,251,252,253,254,255,256,257,258,259,260,261,262,263,264,265,266,267,268,269,272,290,291,292,293,294,295,296,297,298,299,300,301,302,307,308,309,310,311,
12;0;7334;7375;1;0,36,37,38,39,40,41,42,43,44,45,46,47,48,66,67,75,95,103,106,107,110,163,165,182,184,185,196,197,198,199,201,202,239,240,244,245,246,247,248,249,250,251,252,253,254,255,256,257,258,259,260,261,262,263,264,265,266,267,268,269,272,290,291,292,293,294,295,296,297,298,299,300,301,302,307,308,309,310,311,
49;0;7375;7531;1;0,36,37,38,39,40,41,42,43,44,45,46,47,48,66,67,75,95,103,106,107,110,163,165,182,184,185,196,197,198,199,201,202,239,240,244,245,246,247,248,249,250,251,252,253,254,255,256,257,258,259,260,261,262,263,264,265,266,267,268,269,272,290,291,292,293,294,295,296,297,298,299,300,301,302,307,308,309,310,311,
49;1;7531;7535;1;0,36,37,38,39,40,41,42,43,44,45,46,47,48,66,67,75,95,103,106,107,110,163,165,182,184,185,196,197,198,199,201,202,239,240,244,245,246,247,248,249,250,251,252,253,254,255,256,257,258,259,260,261,262,263,264,265,266,267,268,269,272,290,291,292,293,294,295,296,297,298,299,300,301,302,307,308,309,310,311,
111;0;7535;7693;0;0,36,37,38,39,40,41,42,43,44,45,46,47,48,66,67,75,95,103,106,107,110,163,165,182,184,185,196,197,198,199,201,202,239,240,244,245,246,247,248,249,250,251,252,253,254,255,256,257,258,259,260,261,262,263,264,265,266,267,268,269,272,290,291,292,293,294,295,296,297,298,299,300,301,302,307,308,309,310,311,
111;1;7693;7827;0;0,36,37,38,39,40,41,42,43,44,45,46,47,48,66,67,75,95,103,106,107,110,163,165,182,184,185,196,197,198,199,201,202,239,240,244,245,246,247,248,249,250,251,252,253,254,255,256,257,258,259,260,261,262,263,264,265,266,267,268,269,272,290,291,292,293,294,295,296,297,298,299,300,301,302,307,308,309,310,311,
7;0;7827;7884;0;0,36,37,38,39,40,41,42,43,44,45,46,47,48,66,67,75,95,103,106,107,110,163,165,182,184,185,196,197,198,199,201,202,239,240,244,245,246,247,248,249,250,251,252,253,254,255,256,257,258,259,260,261,262,263,264,265,266,267,268,269,272,290,291,292,293,294,295,296,297,298,299,300,301,302,307,308,309,310,311,
7;1;7884;7929;0;0,36,37,38,39,40,41,42,43,44,45,46,47,48,66,67,75,95,103,106,107,110,163,165,182,184,185,196,197,198,199,201,202,239,240,244,245,246,247,248,249,250,251,252,253,254,255,256,257,258,259,260,261,262,263,264,265,266,267,268,269,272,290,291,292,293,294,295,296,297,298,299,300,301,302,307,308,309,310,311,
62;0;7929;8063;0;0,36,37,38,39,40,41,42,43,44,45,46,47,48,66,67,75,95,103,106,107,110,163,165,182,184,185,196,197,198,199,201,202,239,240,244,245,246,247,248,249,250,251,252,253,254,255,256,257,258,259,260,261,262,263,264,265,266,267,268,269,272,290,291,292,293,294,295,296,297,298,299,300,301,302,307,308,309,310,311,
104;0;8063;8155;1;0,36,37,38,39,40,41,42,43,44,45,46,47,48,66,67,75,95,103,106,107,110,163,165,182,184,185,196,197,198,199,201,202,239,240,244,245,246,247,248,249,250,251,252,253,254,255,256,257,258,259,260,261,262,263,264,265,266,267,268,269,272,290,291,292,293,294,295,296,297,298,299,300,301,302,307,308,309,310,311,
103;0;8155;8329;0;0,36,37,38,39,40,41,42,43,44,45,46,47,48,66,67,75,95,103,106,107,110,163,165,182,184,185,196,197,198,199,201,202,239,240,244,245,246,247,248,249,250,251,252,253,254,255,256,257,258,259,260,261,262,263,264,265,266,267,268,269,272,290,291,292,293,294,295,296,297,298,299,300,301,302,307,308,309,310,311,
103;1;8329;8370;0;0,36,37,38,39,40,41,42,43,44,45,46,47,48,66,67,75,95,103,106,107,110,163,165,182,184,185,196,197,198,199,201,202,239,240,244,245,246,247,248,249,250,251,252,253,254,255,256,257,258,259,260,261,262,263,264,265,266,267,268,269,272,290,291,292,293,294,295,296,297,298,299,300,301,302,307,308,309,310,311,
70;0;8370;8374;0;0,36,37,38,39,40,41,42,43,44,45,46,47,48,66,67,75,95,103,106,107,110,163,165,182,184,185,196,197,198,199,201,202,239,240,244,245,246,247,248,249,250,251,252,253,254,255,256,257,258,259,260,261,262,263,264,265,266,267,268,269,272,290,291,292,293,294,295,296,297,298,299,300,301,302,307,308,309,310,311,
135;0;8374;8473;0;0,36,37,38,39,40,41,42,43,44,45,46,47,48,66,67,75,95,103,106,107,110,163,165,182,184,185,196,197,198,199,201,202,239,240,244,245,246,247,248,249,250,251,252,253,254,255,256,257,258,259,260,261,262,263,264,265,266,267,268,269,272,290,291,292,293,294,295,296,297,298,299,300,301,302,307,308,309,310,311,
135;1;8473;8639;0;0,36,37,38,39,40,41,42,43,44,45,46,47,48,66,67,75,95,103,106,107,110,163,165,182,184,185,196,197,198,199,201,202,239,240,244,245,246,247,248,249,250,251,252,253,254,255,256,257,258,259,260,261,262,263,264,265,266,267,268,269,272,290,291,292,293,294,295,296,297,298,299,300,301,302,307,308,309,310,311,
86;0;8639;8689;0;0,36,37,38,39,40,41,42,43,44,45,46,47,48,66,67,75,95,103,106,107,110,163,165,182,184,185,196,197,198,199,201,202,239,240,244,245,246,247,248,249,250,251,252,253,254,255,256,257,258,259,260,261,262,263,264,265,266,267,268,269,272,290,291,292,293,294,295,296,297,298,299,300,301,302,307,308,309,310,311,
108;0;8689;8841;1;0,36,37,38,39,40,41,42,43,44,45,46,47,48,66,67,75,95,103,106,107,110,163,165,182,184,185,196,197,198,199,201,202,239,240,244,245,246,247,248,249,250,251,252,253,254,255,256,257,258,259,260,261,262,263,264,265,266,267,268,269,272,290,291,292,293,294,295,296,297,298,299,300,301,302,307,308,309,310,311,
81;0;8841;8998;1;0,36,37,38,39,40,41,42,43,44,45,46,47,48,66,67,75,95,103,106,107,110,163,165,182,184,185,196,197,198,199,201,202,239,240,244,245,246,247,248,249,250,251,252,253,254,255,256,257,258,259,260,261,262,263,264,265,266,267,268,269,272,290,291,292,293,294,295,296,297,298,299,300,301,302,307,308,309,310,311,
81;1;8998;9150;1;0,36,37,38,39,40,41,42,43,44,45,46,47,48,66,67,75,95,103,106,107,110,163,165,182,184,185,196,197,198,199,201,202,239,240,244,245,246,247,248,249,250,251,252,253,254,255,256,257,258,259,260,261,262,263,264,265,266,267,268,269,272,290,291,292,293,294,295,296,297,298,299,300,301,302,307,308,309,310,311,
95;0;9150;9180;0;0,36,37,38,39,40,41,42,43,44,45,46,47,48,66,67,75,95,103,106,107,110,163,165,182,184,185,196,197,198,199,201,202,239,240,244,245,246,247,248,249,250,251,252,253,254,255,256,257,258,259,260,261,262,263,264,265,266,267,268,269,272,290,291,292,293,294,295,296,297,298,299,300,301,302,307,308,309,310,311,
95;1;9180;9327;0;0,36,37,38,39,40,41,42,43,44,45,46,47,48,66,67,75,95,103,106,107,110,163,165,182,184,185,196,197,198,199,201,202,239,240,244,245,246,247,248,249,250,251,252,253,254,255,256,257,258,259,260,261,262,263,264,265,266,267,268,269,272,290,291,292,293,294,295,296,297,298,299,300,301,302,307,308,309,310,311,
56;0;9327;9461;1;0,36,37,38,39,40,41,42,43,44,45,46,47,48,66,67,75,95,103,106,107,110,163,165,182,184,185,196,197,198,199,201,202,239,240,244,245,246,247,248,249,250,251,252,253,254,255,256,257,258,259,260,261,262,263,264,265,266,267,268,269,272,290,291,292,293,294,295,296,297,298,299,300,301,302,307,308,309,310,311,
112;0;9461;9611;1;0,36,37,38,39,40,41,42,43,44,45,46,47,48,66,67,75,95,103,106,107,110,163,165,182,184,185,196,197,198,199,201,202,239,240,244,245,246,247,248,249,250,251,252,253,254,255,256,257,258,259,260,261,262,263,264,265,266,267,268,269,272,290,291,292,293,294,295,296,297,298,299,300,301,302,307,308,309,310,311,
138;0;9611;9615;0;0,36,37,38,39,40,41,42,43,44,45,46,47,48,66,67,75,95,103,106,107,110,163,165,182,184,185,196,197,198,199,201,202,239,240,244,245,246,247,248,249,250,251,252,253,254,255,256,257,258,259,260,261,262,263,264,265,266,267,268,269,272,290,291,292,293,294,295,296,297,298,299,300,301,302,307,308,309,310,311,
48;0;9615;9762;1;0,36,37,38,39,40,41,42,43,44,45,46,47,48,66,67,75,95,103,106,107,110,163,165,182,184,185,196,197,198,199,201,202,239,240,244,245,246,247,248,249,250,251,252,253,254,255,256,257,258,259,260,261,262,263,264,265,266,267,268,269,272,290,291,292,293,294,295,296,297,298,299,300,301,302,307,308,309,310,311,
120;0;9762;9766;1;0,36,37,38,39,40,41,42,43,44,45,46,47,48,66,67,75,95,103,106,107,110,163,165,182,184,185,196,197,198,199,201,202,239,240,244,245,246,247,248,249,250,251,252,253,254,255,256,257,258,259,260,261,262,263,264,265,266,267,268,269,272,290,291,292,293,294,295,296,297,298,299,300,301,302,307,308,309,310,311,
59;0;9766;9805;0;0,36,37,38,39,40,41,42,43,44,45,46,47,48,66,67,75,95,103,106,107,110,163,165,182,184,185,196,197,198,199,201,202,239,240,244,245,246,247,248,249,250,251,252,253,254,255,256,257,258,259,260,261,262,263,264,265,266,267,268,269,272,290,291,292,293,294,295,296,297,298,299,300,301,302,307,308,309,310,311,
59;1;9805;9850;0;0,36,37,38,39,40,41,42,43,44,45,46,47,48,66,67,75,95,103,106,107,110,163,165,182,184,185,196,197,198,199,201,202,239,240,244,245,246,247,248,249,250,251,252,253,254,255,256,257,258,259,260,261,262,263,264,265,266,267,268,269,272,290,291,292,293,294,295,296,297,298,299,300,301,302,307,308,309,310,311,
78;0;9850;9951;0;0,36,37,38,39,40,41,42,43,44,45,46,47,48,66,67,75,95,103,106,107,110,163,165,182,184,185,196,197,198,199,201,202,239,240,244,245,246,247,248,249,250,251,252,253,254,255,256,257,258,259,260,261,262,263,264,265,266,267,268,269,272,290,291,292,293,294,295,296,297,298,299,300,301,302,307,308,309,310,311,
10;0;9951;9985;0;0,36,37,38,39,40,41,42,43,44,45,46,47,48,66,67,75,95,103,106,107,110,163,165,182,184,185,196,197,198,199,201,202,239,240,244,245,246,247,248,249,250,251,252,253,254,255,256,257,258,259,260,261,262,263,264,265,266,267,268,269,272,290,291,292,293,294,295,296,297,298,299,300,301,302,307,308,309,310,311,
76;0;9985;10030;1;0,36,37,38,39,40,41,42,43,44,45,46,47,48,66,67,75,95,103,106,107,110,163,165,182,184,185,196,197,198,199,201,202,239,240,244,245,246,247,248,249,250,251,252,253,254,255,256,257,258,259,260,261,262,263,264,265,266,267,268,269,272,290,291,292,293,294,295,296,297,298,299,300,301,302,307,308,309,310,311,
END
fineshedJobsCount: 208
switchs: 179
switchsInstances: 4
unfineshedPriorityCount: 0
totalUnfineshed: 1
criticalMachineSwitchs: 105
criticalMachineTime: 10030
Final Solution: 6021
Time: 242893
PTL: 341
MCMC: 478
Best Initial: 5293
Mean Initial: 4961.36
