./input/BaseInstances/2M1_n=130,r=0.5,t=224,v0.txt;./input/Processed/ToolSetInt.csv
7;720;1440
Machine: 0
84;0;0;11;1;0,1,2,3,4,5,6,7,24,25,26,27,32,33,34,35,36,38,39,40,63,64,67,68,69,70,71,72,73,74,75,76,77,78,79,80,81,82,83,84,85,86,87,88,89,90,91,92,106,107,111,134,138,148,149,180,181,182,183,184,185,186,187,188,189,190,191,192,193,194,195,196,197,198,199,200,201,202,203,204,
2;0;11;22;1;0,1,2,3,4,5,6,7,24,25,26,27,32,33,34,35,36,38,39,40,63,64,67,68,69,70,71,72,73,74,75,76,77,78,79,80,81,82,83,84,85,86,87,88,89,90,91,92,106,107,111,134,138,148,149,180,181,182,183,184,185,186,187,188,189,190,191,192,193,194,195,196,197,198,199,200,201,202,203,204,
78;0;22;123;0;0,1,2,3,4,5,6,7,24,25,26,27,32,33,34,35,36,38,39,40,63,64,67,68,69,70,71,72,73,74,75,76,77,78,79,80,81,82,83,84,85,86,87,88,89,90,91,92,106,107,111,134,138,148,149,180,181,182,183,184,185,186,187,188,189,190,191,192,193,194,195,196,197,198,199,200,201,202,203,204,
17;0;123;272;1;0,1,2,3,4,5,6,7,24,25,26,27,32,33,34,35,36,38,39,40,63,64,67,68,69,70,71,72,73,74,75,76,77,78,79,80,81,82,83,84,85,86,87,88,89,90,91,92,106,107,111,134,138,148,149,180,181,182,183,184,185,186,187,188,189,190,191,192,193,194,195,196,197,198,199,200,201,202,203,204,
17;1;272;296;1;0,1,2,3,4,5,6,7,24,25,26,27,32,33,34,35,36,38,39,40,63,64,67,68,69,70,71,72,73,74,75,76,77,78,79,80,81,82,83,84,85,86,87,88,89,90,91,92,106,107,111,134,138,148,149,180,181,182,183,184,185,186,187,188,189,190,191,192,193,194,195,196,197,198,199,200,201,202,203,204,
52;0;296;454;1;0,1,2,3,4,5,6,7,24,25,26,27,32,33,34,35,36,38,39,40,63,64,67,68,69,70,71,72,73,74,75,76,77,78,79,80,81,82,83,84,85,86,87,88,89,90,91,92,106,107,111,134,138,148,149,180,181,182,183,184,185,186,187,188,189,190,191,192,193,194,195,196,197,198,199,200,201,202,203,204,
57;0;454;529;1;0,1,2,3,4,5,6,7,24,25,26,27,32,33,34,35,36,38,39,40,63,64,67,68,69,70,71,72,73,74,75,76,77,78,79,80,81,82,83,84,85,86,87,88,89,90,91,92,106,107,111,134,138,148,149,180,181,182,183,184,185,186,187,188,189,190,191,192,193,194,195,196,197,198,199,200,201,202,203,204,
57;1;529;630;1;0,1,2,3,4,5,6,7,24,25,26,27,32,33,34,35,36,38,39,40,63,64,67,68,69,70,71,72,73,74,75,76,77,78,79,80,81,82,83,84,85,86,87,88,89,90,91,92,106,107,111,134,138,148,149,180,181,182,183,184,185,186,187,188,189,190,191,192,193,194,195,196,197,198,199,200,201,202,203,204,
18;0;630;725;0;0,1,2,3,4,5,6,7,24,25,26,27,32,33,34,35,36,38,39,40,63,64,67,68,69,70,71,72,73,74,75,76,77,78,79,80,81,82,83,84,85,86,87,88,89,90,91,92,106,107,111,134,138,148,149,180,181,182,183,184,185,186,187,188,189,190,191,192,193,194,195,196,197,198,199,200,201,202,203,204,
6;0;725;875;0;0,1,2,3,4,5,6,7,24,25,26,27,32,33,34,35,36,38,39,40,63,64,67,68,69,70,71,72,73,74,75,76,77,78,79,80,81,82,83,84,85,86,87,88,89,90,91,92,106,107,111,134,138,148,149,180,181,182,183,184,185,186,187,188,189,190,191,192,193,194,195,196,197,198,199,200,201,202,203,204,
85;0;875;911;1;0,1,2,3,4,5,6,7,24,25,26,27,32,33,34,35,36,38,39,40,63,64,67,68,69,70,71,72,73,74,75,76,77,78,79,80,81,82,83,84,85,86,87,88,89,90,91,92,106,107,111,134,138,148,149,180,181,182,183,184,185,186,187,188,189,190,191,192,193,194,195,196,197,198,199,200,201,202,203,204,
85;1;911;952;1;0,1,2,3,4,5,6,7,24,25,26,27,32,33,34,35,36,38,39,40,63,64,67,68,69,70,71,72,73,74,75,76,77,78,79,80,81,82,83,84,85,86,87,88,89,90,91,92,106,107,111,134,138,148,149,180,181,182,183,184,185,186,187,188,189,190,191,192,193,194,195,196,197,198,199,200,201,202,203,204,
71;0;952;1120;0;0,1,2,3,4,5,6,7,24,25,26,27,32,33,34,35,36,38,39,40,63,64,67,68,69,70,71,72,73,74,75,76,77,78,79,80,81,82,83,84,85,86,87,88,89,90,91,92,106,107,111,134,138,148,149,180,181,182,183,184,185,186,187,188,189,190,191,192,193,194,195,196,197,198,199,200,201,202,203,204,
71;1;1120;1131;0;0,1,2,3,4,5,6,7,24,25,26,27,32,33,34,35,36,38,39,40,63,64,67,68,69,70,71,72,73,74,75,76,77,78,79,80,81,82,83,84,85,86,87,88,89,90,91,92,106,107,111,134,138,148,149,180,181,182,183,184,185,186,187,188,189,190,191,192,193,194,195,196,197,198,199,200,201,202,203,204,
43;0;1131;1197;0;0,1,2,3,4,5,6,7,24,25,26,27,32,33,34,35,36,38,39,40,63,64,67,68,69,70,71,72,73,74,75,76,77,78,79,80,81,82,83,84,85,86,87,88,89,90,91,92,106,107,111,134,138,148,149,180,181,182,183,184,185,186,187,188,189,190,191,192,193,194,195,196,197,198,199,200,201,202,203,204,
43;1;1197;1250;0;0,1,2,3,4,5,6,7,24,25,26,27,32,33,34,35,36,38,39,40,63,64,67,68,69,70,71,72,73,74,75,76,77,78,79,80,81,82,83,84,85,86,87,88,89,90,91,92,106,107,111,134,138,148,149,180,181,182,183,184,185,186,187,188,189,190,191,192,193,194,195,196,197,198,199,200,201,202,203,204,
42;0;1250;1291;0;0,1,2,3,4,5,6,7,24,25,26,27,32,33,34,35,36,38,39,40,63,64,67,68,69,70,71,72,73,74,75,76,77,78,79,80,81,82,83,84,85,86,87,88,89,90,91,92,106,107,111,134,138,148,149,180,181,182,183,184,185,186,187,188,189,190,191,192,193,194,195,196,197,198,199,200,201,202,203,204,
75;0;1291;1346;0;0,1,2,3,4,5,6,7,24,25,26,27,32,33,34,35,36,38,39,40,63,64,67,68,69,70,71,72,73,74,75,76,77,78,79,80,81,82,83,84,85,86,87,88,89,90,91,92,106,107,111,134,138,148,149,180,181,182,183,184,185,186,187,188,189,190,191,192,193,194,195,196,197,198,199,200,201,202,203,204,
75;1;1346;1357;0;0,1,2,3,4,5,6,7,24,25,26,27,32,33,34,35,36,38,39,40,63,64,67,68,69,70,71,72,73,74,75,76,77,78,79,80,81,82,83,84,85,86,87,88,89,90,91,92,106,107,111,134,138,148,149,180,181,182,183,184,185,186,187,188,189,190,191,192,193,194,195,196,197,198,199,200,201,202,203,204,
0;0;1357;1391;1;0,1,2,3,4,5,6,7,24,25,26,27,32,33,34,35,36,38,39,40,63,64,67,68,69,70,71,72,73,74,75,76,77,78,79,80,81,82,83,84,85,86,87,88,89,90,91,92,106,107,111,134,138,148,149,180,181,182,183,184,185,186,187,188,189,190,191,192,193,194,195,196,197,198,199,200,201,202,203,204,
0;1;1391;1459;1;0,1,2,3,4,5,6,7,24,25,26,27,32,33,34,35,36,38,39,40,63,64,67,68,69,70,71,72,73,74,75,76,77,78,79,80,81,82,83,84,85,86,87,88,89,90,91,92,106,107,111,134,138,148,149,180,181,182,183,184,185,186,187,188,189,190,191,192,193,194,195,196,197,198,199,200,201,202,203,204,
3;0;1459;1539;0;0,1,2,3,4,5,6,7,24,25,26,27,32,33,34,35,36,38,39,40,63,64,67,68,69,70,71,72,73,74,75,76,77,78,79,80,81,82,83,84,85,86,87,88,89,90,91,92,106,107,111,134,138,148,149,180,181,182,183,184,185,186,187,188,189,190,191,192,193,194,195,196,197,198,199,200,201,202,203,204,
3;1;1539;1567;0;0,1,2,3,4,5,6,7,24,25,26,27,32,33,34,35,36,38,39,40,63,64,67,68,69,70,71,72,73,74,75,76,77,78,79,80,81,82,83,84,85,86,87,88,89,90,91,92,106,107,111,134,138,148,149,180,181,182,183,184,185,186,187,188,189,190,191,192,193,194,195,196,197,198,199,200,201,202,203,204,
19;0;1567;1731;0;0,1,2,3,4,5,6,7,24,25,26,27,32,33,34,35,36,38,39,40,63,64,67,68,69,70,71,72,73,74,75,76,77,78,79,80,81,82,83,84,85,86,87,88,89,90,91,92,106,107,111,134,138,148,149,180,181,182,183,184,185,186,187,188,189,190,191,192,193,194,195,196,197,198,199,200,201,202,203,204,
19;1;1731;1742;0;0,1,2,3,4,5,6,7,24,25,26,27,32,33,34,35,36,38,39,40,63,64,67,68,69,70,71,72,73,74,75,76,77,78,79,80,81,82,83,84,85,86,87,88,89,90,91,92,106,107,111,134,138,148,149,180,181,182,183,184,185,186,187,188,189,190,191,192,193,194,195,196,197,198,199,200,201,202,203,204,
39;0;1742;1821;0;0,1,2,3,4,5,6,7,24,25,26,27,32,33,34,35,36,38,39,40,63,64,67,68,69,70,71,72,73,74,75,76,77,78,79,80,81,82,83,84,85,86,87,88,89,90,91,92,106,107,111,134,138,148,149,180,181,182,183,184,185,186,187,188,189,190,191,192,193,194,195,196,197,198,199,200,201,202,203,204,
39;1;1821;1979;0;0,1,2,3,4,5,6,7,24,25,26,27,32,33,34,35,36,38,39,40,63,64,67,68,69,70,71,72,73,74,75,76,77,78,79,80,81,82,83,84,85,86,87,88,89,90,91,92,106,107,111,134,138,148,149,180,181,182,183,184,185,186,187,188,189,190,191,192,193,194,195,196,197,198,199,200,201,202,203,204,
32;0;1979;2147;1;0,1,2,3,4,5,6,7,24,25,26,27,32,33,34,35,36,38,39,40,63,64,67,68,69,70,71,72,73,74,75,76,77,78,79,80,81,82,83,84,85,86,87,88,89,90,91,92,106,107,111,134,138,148,149,180,181,182,183,184,185,186,187,188,189,190,191,192,193,194,195,196,197,198,199,200,201,202,203,204,
14;0;2147;2242;0;0,1,2,3,4,5,6,7,24,25,26,27,32,33,34,35,36,38,39,40,63,64,67,68,69,70,71,72,73,74,75,76,77,78,79,80,81,82,83,84,85,86,87,88,89,90,91,92,106,107,111,134,138,148,149,180,181,182,183,184,185,186,187,188,189,190,191,192,193,194,195,196,197,198,199,200,201,202,203,204,
7;0;2242;2246;0;0,1,2,3,4,5,6,7,24,25,26,27,32,33,34,35,36,38,39,40,63,64,67,68,69,70,71,72,73,74,75,76,77,78,79,80,81,82,83,84,85,86,87,88,89,90,91,92,106,107,111,134,138,148,149,180,181,182,183,184,185,186,187,188,189,190,191,192,193,194,195,196,197,198,199,200,201,202,203,204,
7;1;2246;2291;0;0,1,2,3,4,5,6,7,24,25,26,27,32,33,34,35,36,38,39,40,63,64,67,68,69,70,71,72,73,74,75,76,77,78,79,80,81,82,83,84,85,86,87,88,89,90,91,92,106,107,111,134,138,148,149,180,181,182,183,184,185,186,187,188,189,190,191,192,193,194,195,196,197,198,199,200,201,202,203,204,
10;0;2291;2325;0;0,1,2,3,4,5,6,7,24,25,26,27,32,33,34,35,36,38,39,40,63,64,67,68,69,70,71,72,73,74,75,76,77,78,79,80,81,82,83,84,85,86,87,88,89,90,91,92,106,107,111,134,138,148,149,180,181,182,183,184,185,186,187,188,189,190,191,192,193,194,195,196,197,198,199,200,201,202,203,204,
31;0;2325;2501;0;0,1,2,3,4,5,6,7,24,25,26,27,32,33,34,35,36,38,39,40,63,64,67,68,69,70,71,72,73,74,75,76,77,78,79,80,81,82,83,84,85,86,87,88,89,90,91,92,106,107,111,134,138,148,149,180,181,182,183,184,185,186,187,188,189,190,191,192,193,194,195,196,197,198,199,200,201,202,203,204,
31;1;2501;2529;0;0,1,2,3,4,5,6,7,24,25,26,27,32,33,34,35,36,38,39,40,63,64,67,68,69,70,71,72,73,74,75,76,77,78,79,80,81,82,83,84,85,86,87,88,89,90,91,92,106,107,111,134,138,148,149,180,181,182,183,184,185,186,187,188,189,190,191,192,193,194,195,196,197,198,199,200,201,202,203,204,
74;0;2529;2695;0;0,1,2,3,4,5,6,7,24,25,26,27,32,33,34,35,36,38,39,40,63,64,67,68,69,70,71,72,73,74,75,76,77,78,79,80,81,82,83,84,85,86,87,88,89,90,91,92,106,107,111,134,138,148,149,180,181,182,183,184,185,186,187,188,189,190,191,192,193,194,195,196,197,198,199,200,201,202,203,204,
64;0;2695;2706;1;0,1,2,3,4,5,6,7,24,25,26,27,32,33,34,35,36,38,39,40,63,64,67,68,69,70,71,72,73,74,75,76,77,78,79,80,81,82,83,84,85,86,87,88,89,90,91,92,106,107,111,134,138,148,149,180,181,182,183,184,185,186,187,188,189,190,191,192,193,194,195,196,197,198,199,200,201,202,203,204,
72;0;2706;2844;1;0,1,2,3,4,5,6,7,24,25,26,27,32,33,34,35,36,38,39,40,63,64,67,68,69,70,71,72,73,74,75,76,77,78,79,80,81,82,83,84,85,86,87,88,89,90,91,92,106,107,111,134,138,148,149,180,181,182,183,184,185,186,187,188,189,190,191,192,193,194,195,196,197,198,199,200,201,202,203,204,
76;0;2844;2889;1;0,1,2,3,4,5,6,7,24,25,26,27,32,33,34,35,36,38,39,40,63,64,67,68,69,70,71,72,73,74,75,76,77,78,79,80,81,82,83,84,85,86,87,88,89,90,91,92,106,107,111,134,138,148,149,180,181,182,183,184,185,186,187,188,189,190,191,192,193,194,195,196,197,198,199,200,201,202,203,204,
12;0;2889;2930;1;0,1,2,3,4,5,6,7,24,25,26,27,32,33,34,35,36,38,39,40,63,64,67,68,69,70,71,72,73,74,75,76,77,78,79,80,81,82,83,84,85,86,87,88,89,90,91,92,106,107,111,134,138,148,149,180,181,182,183,184,185,186,187,188,189,190,191,192,193,194,195,196,197,198,199,200,201,202,203,204,
61;0;2930;3084;1;0,1,2,3,4,5,6,7,24,25,26,27,32,33,34,35,36,38,39,40,63,64,67,68,69,70,71,72,73,74,75,76,77,78,79,80,81,82,83,84,85,86,87,88,89,90,91,92,106,107,111,134,138,148,149,180,181,182,183,184,185,186,187,188,189,190,191,192,193,194,195,196,197,198,199,200,201,202,203,204,
61;1;3084;3125;1;0,1,2,3,4,5,6,7,24,25,26,27,32,33,34,35,36,38,39,40,63,64,67,68,69,70,71,72,73,74,75,76,77,78,79,80,81,82,83,84,85,86,87,88,89,90,91,92,106,107,111,134,138,148,149,180,181,182,183,184,185,186,187,188,189,190,191,192,193,194,195,196,197,198,199,200,201,202,203,204,
67;0;3125;3136;0;0,1,2,3,4,5,6,7,24,25,26,27,32,33,34,35,36,38,39,40,63,64,67,68,69,70,71,72,73,74,75,76,77,78,79,80,81,82,83,84,85,86,87,88,89,90,91,92,106,107,111,134,138,148,149,180,181,182,183,184,185,186,187,188,189,190,191,192,193,194,195,196,197,198,199,200,201,202,203,204,
67;1;3136;3231;0;0,1,2,3,4,5,6,7,24,25,26,27,32,33,34,35,36,38,39,40,63,64,67,68,69,70,71,72,73,74,75,76,77,78,79,80,81,82,83,84,85,86,87,88,89,90,91,92,106,107,111,134,138,148,149,180,181,182,183,184,185,186,187,188,189,190,191,192,193,194,195,196,197,198,199,200,201,202,203,204,
23;0;3231;3255;0;0,1,2,3,4,5,6,7,24,25,26,27,32,33,34,35,36,38,39,40,63,64,67,68,69,70,71,72,73,74,75,76,77,78,79,80,81,82,83,84,85,86,87,88,89,90,91,92,106,107,111,134,138,148,149,180,181,182,183,184,185,186,187,188,189,190,191,192,193,194,195,196,197,198,199,200,201,202,203,204,
23;1;3255;3296;0;0,1,2,3,4,5,6,7,24,25,26,27,32,33,34,35,36,38,39,40,63,64,67,68,69,70,71,72,73,74,75,76,77,78,79,80,81,82,83,84,85,86,87,88,89,90,91,92,106,107,111,134,138,148,149,180,181,182,183,184,185,186,187,188,189,190,191,192,193,194,195,196,197,198,199,200,201,202,203,204,
15;0;3296;3374;0;0,1,2,3,4,5,6,7,24,25,26,27,32,33,34,35,36,38,39,40,63,64,67,68,69,70,71,72,73,74,75,76,77,78,79,80,81,82,83,84,85,86,87,88,89,90,91,92,106,107,111,134,138,148,149,180,181,182,183,184,185,186,187,188,189,190,191,192,193,194,195,196,197,198,199,200,201,202,203,204,
15;1;3374;3512;0;0,1,2,3,4,5,6,7,24,25,26,27,32,33,34,35,36,38,39,40,63,64,67,68,69,70,71,72,73,74,75,76,77,78,79,80,81,82,83,84,85,86,87,88,89,90,91,92,106,107,111,134,138,148,149,180,181,182,183,184,185,186,187,188,189,190,191,192,193,194,195,196,197,198,199,200,201,202,203,204,
35;0;3512;3516;0;15,26,27,34,35,38,39,40,41,42,43,44,45,46,47,48,49,50,51,52,53,54,55,56,57,58,59,60,61,62,63,69,70,72,134,138,141,142,143,144,145,146,147,150,151,152,153,154,155,156,157,158,159,160,161,162,163,164,165,166,167,168,169,170,171,172,173,174,175,176,177,205,206,207,208,209,210,211,212,213,
35;1;3516;3608;0;15,26,27,34,35,38,39,40,41,42,43,44,45,46,47,48,49,50,51,52,53,54,55,56,57,58,59,60,61,62,63,69,70,72,134,138,141,142,143,144,145,146,147,150,151,152,153,154,155,156,157,158,159,160,161,162,163,164,165,166,167,168,169,170,171,172,173,174,175,176,177,205,206,207,208,209,210,211,212,213,
9;0;3608;3677;1;15,26,27,34,35,38,39,40,41,42,43,44,45,46,47,48,49,50,51,52,53,54,55,56,57,58,59,60,61,62,63,69,70,72,134,138,141,142,143,144,145,146,147,150,151,152,153,154,155,156,157,158,159,160,161,162,163,164,165,166,167,168,169,170,171,172,173,174,175,176,177,205,206,207,208,209,210,211,212,213,
9;1;3677;3751;1;15,26,27,34,35,38,39,40,41,42,43,44,45,46,47,48,49,50,51,52,53,54,55,56,57,58,59,60,61,62,63,69,70,72,134,138,141,142,143,144,145,146,147,150,151,152,153,154,155,156,157,158,159,160,161,162,163,164,165,166,167,168,169,170,171,172,173,174,175,176,177,205,206,207,208,209,210,211,212,213,
50;0;3751;3810;0;15,26,27,34,35,38,39,40,41,42,43,44,45,46,47,48,49,50,51,52,53,54,55,56,57,58,59,60,61,62,63,69,70,72,134,138,141,142,143,144,145,146,147,150,151,152,153,154,155,156,157,158,159,160,161,162,163,164,165,166,167,168,169,170,171,172,173,174,175,176,177,205,206,207,208,209,210,211,212,213,
49;0;3810;3837;1;15,26,27,34,35,38,39,40,41,42,43,44,45,46,47,48,49,50,51,52,53,54,55,56,57,58,59,60,61,62,63,69,70,72,134,138,141,142,143,144,145,146,147,150,151,152,153,154,155,156,157,158,159,160,161,162,163,164,165,166,167,168,169,170,171,172,173,174,175,176,177,205,206,207,208,209,210,211,212,213,
49;1;3837;3841;1;15,26,27,34,35,38,39,40,41,42,43,44,45,46,47,48,49,50,51,52,53,54,55,56,57,58,59,60,61,62,63,69,70,72,134,138,141,142,143,144,145,146,147,150,151,152,153,154,155,156,157,158,159,160,161,162,163,164,165,166,167,168,169,170,171,172,173,174,175,176,177,205,206,207,208,209,210,211,212,213,
24;0;3841;3942;1;15,26,27,34,35,38,39,40,41,42,43,44,45,46,47,48,49,50,51,52,53,54,55,56,57,58,59,60,61,62,63,69,70,72,134,138,141,142,143,144,145,146,147,150,151,152,153,154,155,156,157,158,159,160,161,162,163,164,165,166,167,168,169,170,171,172,173,174,175,176,177,205,206,207,208,209,210,211,212,213,
77;0;3942;4102;1;15,26,27,34,35,38,39,40,41,42,43,44,45,46,47,48,49,50,51,52,53,54,55,56,57,58,59,60,61,62,63,69,70,72,134,138,141,142,143,144,145,146,147,150,151,152,153,154,155,156,157,158,159,160,161,162,163,164,165,166,167,168,169,170,171,172,173,174,175,176,177,205,206,207,208,209,210,211,212,213,
77;1;4102;4121;1;15,26,27,34,35,38,39,40,41,42,43,44,45,46,47,48,49,50,51,52,53,54,55,56,57,58,59,60,61,62,63,69,70,72,134,138,141,142,143,144,145,146,147,150,151,152,153,154,155,156,157,158,159,160,161,162,163,164,165,166,167,168,169,170,171,172,173,174,175,176,177,205,206,207,208,209,210,211,212,213,
41;0;4121;4166;1;15,26,27,34,35,38,39,40,41,42,43,44,45,46,47,48,49,50,51,52,53,54,55,56,57,58,59,60,61,62,63,69,70,72,134,138,141,142,143,144,145,146,147,150,151,152,153,154,155,156,157,158,159,160,161,162,163,164,165,166,167,168,169,170,171,172,173,174,175,176,177,205,206,207,208,209,210,211,212,213,
41;1;4166;4170;1;15,26,27,34,35,38,39,40,41,42,43,44,45,46,47,48,49,50,51,52,53,54,55,56,57,58,59,60,61,62,63,69,70,72,134,138,141,142,143,144,145,146,147,150,151,152,153,154,155,156,157,158,159,160,161,162,163,164,165,166,167,168,169,170,171,172,173,174,175,176,177,205,206,207,208,209,210,211,212,213,
79;0;4170;4285;0;15,26,27,34,35,38,39,40,41,42,43,44,45,46,47,48,49,50,51,52,53,54,55,56,57,58,59,60,61,62,63,69,70,72,134,138,141,142,143,144,145,146,147,150,151,152,153,154,155,156,157,158,159,160,161,162,163,164,165,166,167,168,169,170,171,172,173,174,175,176,177,205,206,207,208,209,210,211,212,213,
79;1;4285;4453;0;15,26,27,34,35,38,39,40,41,42,43,44,45,46,47,48,49,50,51,52,53,54,55,56,57,58,59,60,61,62,63,69,70,72,134,138,141,142,143,144,145,146,147,150,151,152,153,154,155,156,157,158,159,160,161,162,163,164,165,166,167,168,169,170,171,172,173,174,175,176,177,205,206,207,208,209,210,211,212,213,
28;0;4453;4481;1;15,26,27,34,35,38,39,40,41,42,43,44,45,46,47,48,49,50,51,52,53,54,55,56,57,58,59,60,61,62,63,69,70,72,134,138,141,142,143,144,145,146,147,150,151,152,153,154,155,156,157,158,159,160,161,162,163,164,165,166,167,168,169,170,171,172,173,174,175,176,177,205,206,207,208,209,210,211,212,213,
70;0;4481;4485;0;15,26,27,34,35,38,39,40,41,42,43,44,45,46,47,48,49,50,51,52,53,54,55,56,57,58,59,60,61,62,63,69,70,72,134,138,141,142,143,144,145,146,147,150,151,152,153,154,155,156,157,158,159,160,161,162,163,164,165,166,167,168,169,170,171,172,173,174,175,176,177,205,206,207,208,209,210,211,212,213,
59;0;4485;4617;0;15,26,27,34,35,38,39,40,41,42,43,44,45,46,47,48,49,50,51,52,53,54,55,56,57,58,59,60,61,62,63,69,70,72,134,138,141,142,143,144,145,146,147,150,151,152,153,154,155,156,157,158,159,160,161,162,163,164,165,166,167,168,169,170,171,172,173,174,175,176,177,205,206,207,208,209,210,211,212,213,
59;1;4617;4662;0;15,26,27,34,35,38,39,40,41,42,43,44,45,46,47,48,49,50,51,52,53,54,55,56,57,58,59,60,61,62,63,69,70,72,134,138,141,142,143,144,145,146,147,150,151,152,153,154,155,156,157,158,159,160,161,162,163,164,165,166,167,168,169,170,171,172,173,174,175,176,177,205,206,207,208,209,210,211,212,213,
73;0;4662;4814;1;15,26,27,34,35,38,39,40,41,42,43,44,45,46,47,48,49,50,51,52,53,54,55,56,57,58,59,60,61,62,63,69,70,72,134,138,141,142,143,144,145,146,147,150,151,152,153,154,155,156,157,158,159,160,161,162,163,164,165,166,167,168,169,170,171,172,173,174,175,176,177,205,206,207,208,209,210,211,212,213,
73;1;4814;4982;1;15,26,27,34,35,38,39,40,41,42,43,44,45,46,47,48,49,50,51,52,53,54,55,56,57,58,59,60,61,62,63,69,70,72,134,138,141,142,143,144,145,146,147,150,151,152,153,154,155,156,157,158,159,160,161,162,163,164,165,166,167,168,169,170,171,172,173,174,175,176,177,205,206,207,208,209,210,211,212,213,
Machine: 1
33;0;0;60;1;8,9,10,11,12,13,14,15,16,17,18,19,20,21,22,23,28,29,30,31,36,37,65,66,93,94,95,96,97,98,99,100,101,102,103,104,105,108,109,110,111,112,113,114,115,116,117,118,119,120,121,122,123,124,125,126,127,128,129,130,131,132,133,135,136,137,139,140,178,179,214,215,216,217,218,219,220,221,222,223,
33;1;60;76;1;8,9,10,11,12,13,14,15,16,17,18,19,20,21,22,23,28,29,30,31,36,37,65,66,93,94,95,96,97,98,99,100,101,102,103,104,105,108,109,110,111,112,113,114,115,116,117,118,119,120,121,122,123,124,125,126,127,128,129,130,131,132,133,135,136,137,139,140,178,179,214,215,216,217,218,219,220,221,222,223,
56;0;76;210;1;8,9,10,11,12,13,14,15,16,17,18,19,20,21,22,23,28,29,30,31,36,37,65,66,93,94,95,96,97,98,99,100,101,102,103,104,105,108,109,110,111,112,113,114,115,116,117,118,119,120,121,122,123,124,125,126,127,128,129,130,131,132,133,135,136,137,139,140,178,179,214,215,216,217,218,219,220,221,222,223,
16;0;210;235;1;8,9,10,11,12,13,14,15,16,17,18,19,20,21,22,23,28,29,30,31,36,37,65,66,93,94,95,96,97,98,99,100,101,102,103,104,105,108,109,110,111,112,113,114,115,116,117,118,119,120,121,122,123,124,125,126,127,128,129,130,131,132,133,135,136,137,139,140,178,179,214,215,216,217,218,219,220,221,222,223,
11;0;235;265;0;8,9,10,11,12,13,14,15,16,17,18,19,20,21,22,23,28,29,30,31,36,37,65,66,93,94,95,96,97,98,99,100,101,102,103,104,105,108,109,110,111,112,113,114,115,116,117,118,119,120,121,122,123,124,125,126,127,128,129,130,131,132,133,135,136,137,139,140,178,179,214,215,216,217,218,219,220,221,222,223,
11;1;265;371;0;8,9,10,11,12,13,14,15,16,17,18,19,20,21,22,23,28,29,30,31,36,37,65,66,93,94,95,96,97,98,99,100,101,102,103,104,105,108,109,110,111,112,113,114,115,116,117,118,119,120,121,122,123,124,125,126,127,128,129,130,131,132,133,135,136,137,139,140,178,179,214,215,216,217,218,219,220,221,222,223,
60;0;371;477;1;8,9,10,11,12,13,14,15,16,17,18,19,20,21,22,23,28,29,30,31,36,37,65,66,93,94,95,96,97,98,99,100,101,102,103,104,105,108,109,110,111,112,113,114,115,116,117,118,119,120,121,122,123,124,125,126,127,128,129,130,131,132,133,135,136,137,139,140,178,179,214,215,216,217,218,219,220,221,222,223,
81;0;477;516;1;8,9,10,11,12,13,14,15,16,17,18,19,20,21,22,23,28,29,30,31,36,37,65,66,93,94,95,96,97,98,99,100,101,102,103,104,105,108,109,110,111,112,113,114,115,116,117,118,119,120,121,122,123,124,125,126,127,128,129,130,131,132,133,135,136,137,139,140,178,179,214,215,216,217,218,219,220,221,222,223,
81;1;516;668;1;8,9,10,11,12,13,14,15,16,17,18,19,20,21,22,23,28,29,30,31,36,37,65,66,93,94,95,96,97,98,99,100,101,102,103,104,105,108,109,110,111,112,113,114,115,116,117,118,119,120,121,122,123,124,125,126,127,128,129,130,131,132,133,135,136,137,139,140,178,179,214,215,216,217,218,219,220,221,222,223,
44;0;668;798;1;8,9,10,11,12,13,14,15,16,17,18,19,20,21,22,23,28,29,30,31,36,37,65,66,93,94,95,96,97,98,99,100,101,102,103,104,105,108,109,110,111,112,113,114,115,116,117,118,119,120,121,122,123,124,125,126,127,128,129,130,131,132,133,135,136,137,139,140,178,179,214,215,216,217,218,219,220,221,222,223,
26;0;798;958;0;8,9,10,11,12,13,14,15,16,17,18,19,20,21,22,23,28,29,30,31,36,37,65,66,93,94,95,96,97,98,99,100,101,102,103,104,105,108,109,110,111,112,113,114,115,116,117,118,119,120,121,122,123,124,125,126,127,128,129,130,131,132,133,135,136,137,139,140,178,179,214,215,216,217,218,219,220,221,222,223,
68;0;958;1118;1;8,9,10,11,12,13,14,15,16,17,18,19,20,21,22,23,28,29,30,31,36,37,65,66,93,94,95,96,97,98,99,100,101,102,103,104,105,108,109,110,111,112,113,114,115,116,117,118,119,120,121,122,123,124,125,126,127,128,129,130,131,132,133,135,136,137,139,140,178,179,214,215,216,217,218,219,220,221,222,223,
20;0;1118;1240;1;8,9,10,11,12,13,14,15,16,17,18,19,20,21,22,23,28,29,30,31,36,37,65,66,93,94,95,96,97,98,99,100,101,102,103,104,105,108,109,110,111,112,113,114,115,116,117,118,119,120,121,122,123,124,125,126,127,128,129,130,131,132,133,135,136,137,139,140,178,179,214,215,216,217,218,219,220,221,222,223,
63;0;1240;1320;0;8,9,10,11,12,13,14,15,16,17,18,19,20,21,22,23,28,29,30,31,36,37,65,66,93,94,95,96,97,98,99,100,101,102,103,104,105,108,109,110,111,112,113,114,115,116,117,118,119,120,121,122,123,124,125,126,127,128,129,130,131,132,133,135,136,137,139,140,178,179,214,215,216,217,218,219,220,221,222,223,
63;1;1320;1483;0;8,9,10,11,12,13,14,15,16,17,18,19,20,21,22,23,28,29,30,31,36,37,65,66,93,94,95,96,97,98,99,100,101,102,103,104,105,108,109,110,111,112,113,114,115,116,117,118,119,120,121,122,123,124,125,126,127,128,129,130,131,132,133,135,136,137,139,140,178,179,214,215,216,217,218,219,220,221,222,223,
45;0;1483;1505;1;8,9,10,11,12,13,14,15,16,17,18,19,20,21,22,23,28,29,30,31,36,37,65,66,93,94,95,96,97,98,99,100,101,102,103,104,105,108,109,110,111,112,113,114,115,116,117,118,119,120,121,122,123,124,125,126,127,128,129,130,131,132,133,135,136,137,139,140,178,179,214,215,216,217,218,219,220,221,222,223,
45;1;1505;1618;1;8,9,10,11,12,13,14,15,16,17,18,19,20,21,22,23,28,29,30,31,36,37,65,66,93,94,95,96,97,98,99,100,101,102,103,104,105,108,109,110,111,112,113,114,115,116,117,118,119,120,121,122,123,124,125,126,127,128,129,130,131,132,133,135,136,137,139,140,178,179,214,215,216,217,218,219,220,221,222,223,
83;0;1618;1684;0;8,9,10,11,12,13,14,15,16,17,18,19,20,21,22,23,28,29,30,31,36,37,65,66,93,94,95,96,97,98,99,100,101,102,103,104,105,108,109,110,111,112,113,114,115,116,117,118,119,120,121,122,123,124,125,126,127,128,129,130,131,132,133,135,136,137,139,140,178,179,214,215,216,217,218,219,220,221,222,223,
83;1;1684;1738;0;8,9,10,11,12,13,14,15,16,17,18,19,20,21,22,23,28,29,30,31,36,37,65,66,93,94,95,96,97,98,99,100,101,102,103,104,105,108,109,110,111,112,113,114,115,116,117,118,119,120,121,122,123,124,125,126,127,128,129,130,131,132,133,135,136,137,139,140,178,179,214,215,216,217,218,219,220,221,222,223,
27;0;1738;1802;0;8,9,10,11,12,13,14,15,16,17,18,19,20,21,22,23,28,29,30,31,36,37,65,66,93,94,95,96,97,98,99,100,101,102,103,104,105,108,109,110,111,112,113,114,115,116,117,118,119,120,121,122,123,124,125,126,127,128,129,130,131,132,133,135,136,137,139,140,178,179,214,215,216,217,218,219,220,221,222,223,
27;1;1802;1976;0;8,9,10,11,12,13,14,15,16,17,18,19,20,21,22,23,28,29,30,31,36,37,65,66,93,94,95,96,97,98,99,100,101,102,103,104,105,108,109,110,111,112,113,114,115,116,117,118,119,120,121,122,123,124,125,126,127,128,129,130,131,132,133,135,136,137,139,140,178,179,214,215,216,217,218,219,220,221,222,223,
47;0;1976;2059;0;8,9,10,11,12,13,14,15,16,17,18,19,20,21,22,23,28,29,30,31,36,37,65,66,93,94,95,96,97,98,99,100,101,102,103,104,105,108,109,110,111,112,113,114,115,116,117,118,119,120,121,122,123,124,125,126,127,128,129,130,131,132,133,135,136,137,139,140,178,179,214,215,216,217,218,219,220,221,222,223,
47;1;2059;2165;0;8,9,10,11,12,13,14,15,16,17,18,19,20,21,22,23,28,29,30,31,36,37,65,66,93,94,95,96,97,98,99,100,101,102,103,104,105,108,109,110,111,112,113,114,115,116,117,118,119,120,121,122,123,124,125,126,127,128,129,130,131,132,133,135,136,137,139,140,178,179,214,215,216,217,218,219,220,221,222,223,
30;0;2165;2279;0;8,9,10,11,12,13,14,15,16,17,18,19,20,21,22,23,28,29,30,31,36,37,65,66,93,94,95,96,97,98,99,100,101,102,103,104,105,108,109,110,111,112,113,114,115,116,117,118,119,120,121,122,123,124,125,126,127,128,129,130,131,132,133,135,136,137,139,140,178,179,214,215,216,217,218,219,220,221,222,223,
69;0;2279;2358;1;8,9,10,11,12,13,14,15,16,17,18,19,20,21,22,23,28,29,30,31,36,37,65,66,93,94,95,96,97,98,99,100,101,102,103,104,105,108,109,110,111,112,113,114,115,116,117,118,119,120,121,122,123,124,125,126,127,128,129,130,131,132,133,135,136,137,139,140,178,179,214,215,216,217,218,219,220,221,222,223,
69;1;2358;2516;1;8,9,10,11,12,13,14,15,16,17,18,19,20,21,22,23,28,29,30,31,36,37,65,66,93,94,95,96,97,98,99,100,101,102,103,104,105,108,109,110,111,112,113,114,115,116,117,118,119,120,121,122,123,124,125,126,127,128,129,130,131,132,133,135,136,137,139,140,178,179,214,215,216,217,218,219,220,221,222,223,
36;0;2516;2676;1;8,9,10,11,12,13,14,15,16,17,18,19,20,21,22,23,28,29,30,31,36,37,65,66,93,94,95,96,97,98,99,100,101,102,103,104,105,108,109,110,111,112,113,114,115,116,117,118,119,120,121,122,123,124,125,126,127,128,129,130,131,132,133,135,136,137,139,140,178,179,214,215,216,217,218,219,220,221,222,223,
46;0;2676;2839;0;8,9,10,11,12,13,14,15,16,17,18,19,20,21,22,23,28,29,30,31,36,37,65,66,93,94,95,96,97,98,99,100,101,102,103,104,105,108,109,110,111,112,113,114,115,116,117,118,119,120,121,122,123,124,125,126,127,128,129,130,131,132,133,135,136,137,139,140,178,179,214,215,216,217,218,219,220,221,222,223,
62;0;2839;2973;0;8,9,10,11,12,13,14,15,16,17,18,19,20,21,22,23,28,29,30,31,36,37,65,66,93,94,95,96,97,98,99,100,101,102,103,104,105,108,109,110,111,112,113,114,115,116,117,118,119,120,121,122,123,124,125,126,127,128,129,130,131,132,133,135,136,137,139,140,178,179,214,215,216,217,218,219,220,221,222,223,
51;0;2973;3045;0;8,9,10,11,12,13,14,15,16,17,18,19,20,21,22,23,28,29,30,31,36,37,65,66,93,94,95,96,97,98,99,100,101,102,103,104,105,108,109,110,111,112,113,114,115,116,117,118,119,120,121,122,123,124,125,126,127,128,129,130,131,132,133,135,136,137,139,140,178,179,214,215,216,217,218,219,220,221,222,223,
51;1;3045;3159;0;8,9,10,11,12,13,14,15,16,17,18,19,20,21,22,23,28,29,30,31,36,37,65,66,93,94,95,96,97,98,99,100,101,102,103,104,105,108,109,110,111,112,113,114,115,116,117,118,119,120,121,122,123,124,125,126,127,128,129,130,131,132,133,135,136,137,139,140,178,179,214,215,216,217,218,219,220,221,222,223,
40;0;3159;3272;1;8,9,10,11,12,13,14,15,16,17,18,19,20,21,22,23,28,29,30,31,36,37,65,66,93,94,95,96,97,98,99,100,101,102,103,104,105,108,109,110,111,112,113,114,115,116,117,118,119,120,121,122,123,124,125,126,127,128,129,130,131,132,133,135,136,137,139,140,178,179,214,215,216,217,218,219,220,221,222,223,
34;0;3272;3435;0;8,9,10,11,12,13,14,15,16,17,18,19,20,21,22,23,28,29,30,31,36,37,65,66,93,94,95,96,97,98,99,100,101,102,103,104,105,108,109,110,111,112,113,114,115,116,117,118,119,120,121,122,123,124,125,126,127,128,129,130,131,132,133,135,136,137,139,140,178,179,214,215,216,217,218,219,220,221,222,223,
58;0;3435;3549;0;8,9,10,11,12,13,14,15,16,17,18,19,20,21,22,23,28,29,30,31,36,37,65,66,93,94,95,96,97,98,99,100,101,102,103,104,105,108,109,110,111,112,113,114,115,116,117,118,119,120,121,122,123,124,125,126,127,128,129,130,131,132,133,135,136,137,139,140,178,179,214,215,216,217,218,219,220,221,222,223,
25;0;3549;3674;1;8,9,10,11,12,13,14,15,16,17,18,19,20,21,22,23,28,29,30,31,36,37,65,66,93,94,95,96,97,98,99,100,101,102,103,104,105,108,109,110,111,112,113,114,115,116,117,118,119,120,121,122,123,124,125,126,127,128,129,130,131,132,133,135,136,137,139,140,178,179,214,215,216,217,218,219,220,221,222,223,
25;1;3674;3804;1;8,9,10,11,12,13,14,15,16,17,18,19,20,21,22,23,28,29,30,31,36,37,65,66,93,94,95,96,97,98,99,100,101,102,103,104,105,108,109,110,111,112,113,114,115,116,117,118,119,120,121,122,123,124,125,126,127,128,129,130,131,132,133,135,136,137,139,140,178,179,214,215,216,217,218,219,220,221,222,223,
5;0;3804;3888;1;8,9,10,11,12,13,14,15,16,17,18,19,20,21,22,23,28,29,30,31,36,37,65,66,93,94,95,96,97,98,99,100,101,102,103,104,105,108,109,110,111,112,113,114,115,116,117,118,119,120,121,122,123,124,125,126,127,128,129,130,131,132,133,135,136,137,139,140,178,179,214,215,216,217,218,219,220,221,222,223,
5;1;3888;4035;1;8,9,10,11,12,13,14,15,16,17,18,19,20,21,22,23,28,29,30,31,36,37,65,66,93,94,95,96,97,98,99,100,101,102,103,104,105,108,109,110,111,112,113,114,115,116,117,118,119,120,121,122,123,124,125,126,127,128,129,130,131,132,133,135,136,137,139,140,178,179,214,215,216,217,218,219,220,221,222,223,
55;0;4035;4140;0;8,9,10,11,12,13,14,15,16,17,18,19,20,21,22,23,28,29,30,31,36,37,65,66,93,94,95,96,97,98,99,100,101,102,103,104,105,108,109,110,111,112,113,114,115,116,117,118,119,120,121,122,123,124,125,126,127,128,129,130,131,132,133,135,136,137,139,140,178,179,214,215,216,217,218,219,220,221,222,223,
55;1;4140;4262;0;8,9,10,11,12,13,14,15,16,17,18,19,20,21,22,23,28,29,30,31,36,37,65,66,93,94,95,96,97,98,99,100,101,102,103,104,105,108,109,110,111,112,113,114,115,116,117,118,119,120,121,122,123,124,125,126,127,128,129,130,131,132,133,135,136,137,139,140,178,179,214,215,216,217,218,219,220,221,222,223,
65;0;4262;4352;1;8,9,10,11,12,13,14,15,16,17,18,19,20,21,22,23,28,29,30,31,36,37,65,66,93,94,95,96,97,98,99,100,101,102,103,104,105,108,109,110,111,112,113,114,115,116,117,118,119,120,121,122,123,124,125,126,127,128,129,130,131,132,133,135,136,137,139,140,178,179,214,215,216,217,218,219,220,221,222,223,
65;1;4352;4469;1;8,9,10,11,12,13,14,15,16,17,18,19,20,21,22,23,28,29,30,31,36,37,65,66,93,94,95,96,97,98,99,100,101,102,103,104,105,108,109,110,111,112,113,114,115,116,117,118,119,120,121,122,123,124,125,126,127,128,129,130,131,132,133,135,136,137,139,140,178,179,214,215,216,217,218,219,220,221,222,223,
80;0;4469;4485;1;8,9,10,11,12,13,14,15,16,17,18,19,20,21,22,23,28,29,30,31,36,37,65,66,93,94,95,96,97,98,99,100,101,102,103,104,105,108,109,110,111,112,113,114,115,116,117,118,119,120,121,122,123,124,125,126,127,128,129,130,131,132,133,135,136,137,139,140,178,179,214,215,216,217,218,219,220,221,222,223,
22;0;4485;4615;0;8,9,10,11,12,13,14,15,16,17,18,19,20,21,22,23,28,29,30,31,36,37,65,66,93,94,95,96,97,98,99,100,101,102,103,104,105,108,109,110,111,112,113,114,115,116,117,118,119,120,121,122,123,124,125,126,127,128,129,130,131,132,133,135,136,137,139,140,178,179,214,215,216,217,218,219,220,221,222,223,
82;0;4615;4767;0;8,9,10,11,12,13,14,15,16,17,18,19,20,21,22,23,28,29,30,31,36,37,65,66,93,94,95,96,97,98,99,100,101,102,103,104,105,108,109,110,111,112,113,114,115,116,117,118,119,120,121,122,123,124,125,126,127,128,129,130,131,132,133,135,136,137,139,140,178,179,214,215,216,217,218,219,220,221,222,223,
8;0;4767;4873;1;8,9,10,11,12,13,14,15,16,17,18,19,20,21,22,23,28,29,30,31,36,37,65,66,93,94,95,96,97,98,99,100,101,102,103,104,105,108,109,110,111,112,113,114,115,116,117,118,119,120,121,122,123,124,125,126,127,128,129,130,131,132,133,135,136,137,139,140,178,179,214,215,216,217,218,219,220,221,222,223,
4;0;4873;5003;1;8,9,10,11,12,13,14,15,16,17,18,19,20,21,22,23,28,29,30,31,36,37,65,66,93,94,95,96,97,98,99,100,101,102,103,104,105,108,109,110,111,112,113,114,115,116,117,118,119,120,121,122,123,124,125,126,127,128,129,130,131,132,133,135,136,137,139,140,178,179,214,215,216,217,218,219,220,221,222,223,
53;0;5003;5035;1;8,9,10,11,12,13,14,15,16,17,18,19,20,21,22,23,28,29,30,31,36,37,65,66,93,94,95,96,97,98,99,100,101,102,103,104,105,108,109,110,111,112,113,114,115,116,117,118,119,120,121,122,123,124,125,126,127,128,129,130,131,132,133,135,136,137,139,140,178,179,214,215,216,217,218,219,220,221,222,223,
53;1;5035;5195;1;8,9,10,11,12,13,14,15,16,17,18,19,20,21,22,23,28,29,30,31,36,37,65,66,93,94,95,96,97,98,99,100,101,102,103,104,105,108,109,110,111,112,113,114,115,116,117,118,119,120,121,122,123,124,125,126,127,128,129,130,131,132,133,135,136,137,139,140,178,179,214,215,216,217,218,219,220,221,222,223,
66;0;5195;5312;0;8,9,10,11,12,13,14,15,16,17,18,19,20,21,22,23,28,29,30,31,36,37,65,66,93,94,95,96,97,98,99,100,101,102,103,104,105,108,109,110,111,112,113,114,115,116,117,118,119,120,121,122,123,124,125,126,127,128,129,130,131,132,133,135,136,137,139,140,178,179,214,215,216,217,218,219,220,221,222,223,
48;0;5312;5459;1;8,9,10,11,12,13,14,15,16,17,18,19,20,21,22,23,28,29,30,31,36,37,65,66,93,94,95,96,97,98,99,100,101,102,103,104,105,108,109,110,111,112,113,114,115,116,117,118,119,120,121,122,123,124,125,126,127,128,129,130,131,132,133,135,136,137,139,140,178,179,214,215,216,217,218,219,220,221,222,223,
21;0;5459;5610;1;8,9,10,11,12,13,14,15,16,17,18,19,20,21,22,23,28,29,30,31,36,37,65,66,93,94,95,96,97,98,99,100,101,102,103,104,105,108,109,110,111,112,113,114,115,116,117,118,119,120,121,122,123,124,125,126,127,128,129,130,131,132,133,135,136,137,139,140,178,179,214,215,216,217,218,219,220,221,222,223,
21;1;5610;5716;1;8,9,10,11,12,13,14,15,16,17,18,19,20,21,22,23,28,29,30,31,36,37,65,66,93,94,95,96,97,98,99,100,101,102,103,104,105,108,109,110,111,112,113,114,115,116,117,118,119,120,121,122,123,124,125,126,127,128,129,130,131,132,133,135,136,137,139,140,178,179,214,215,216,217,218,219,220,221,222,223,
54;0;5716;5881;0;8,9,10,11,12,13,14,15,16,17,18,19,20,21,22,23,28,29,30,31,36,37,65,66,93,94,95,96,97,98,99,100,101,102,103,104,105,108,109,110,111,112,113,114,115,116,117,118,119,120,121,122,123,124,125,126,127,128,129,130,131,132,133,135,136,137,139,140,178,179,214,215,216,217,218,219,220,221,222,223,
29;0;5881;5995;1;8,9,10,11,12,13,14,15,16,17,18,19,20,21,22,23,28,29,30,31,36,37,65,66,93,94,95,96,97,98,99,100,101,102,103,104,105,108,109,110,111,112,113,114,115,116,117,118,119,120,121,122,123,124,125,126,127,128,129,130,131,132,133,135,136,137,139,140,178,179,214,215,216,217,218,219,220,221,222,223,
29;1;5995;6160;1;8,9,10,11,12,13,14,15,16,17,18,19,20,21,22,23,28,29,30,31,36,37,65,66,93,94,95,96,97,98,99,100,101,102,103,104,105,108,109,110,111,112,113,114,115,116,117,118,119,120,121,122,123,124,125,126,127,128,129,130,131,132,133,135,136,137,139,140,178,179,214,215,216,217,218,219,220,221,222,223,
13;0;6160;6266;1;8,9,10,11,12,13,14,15,16,17,18,19,20,21,22,23,28,29,30,31,36,37,65,66,93,94,95,96,97,98,99,100,101,102,103,104,105,108,109,110,111,112,113,114,115,116,117,118,119,120,121,122,123,124,125,126,127,128,129,130,131,132,133,135,136,137,139,140,178,179,214,215,216,217,218,219,220,221,222,223,
13;1;6266;6372;1;8,9,10,11,12,13,14,15,16,17,18,19,20,21,22,23,28,29,30,31,36,37,65,66,93,94,95,96,97,98,99,100,101,102,103,104,105,108,109,110,111,112,113,114,115,116,117,118,119,120,121,122,123,124,125,126,127,128,129,130,131,132,133,135,136,137,139,140,178,179,214,215,216,217,218,219,220,221,222,223,
1;0;6372;6458;0;8,9,10,11,12,13,14,15,16,17,18,19,20,21,22,23,28,29,30,31,36,37,65,66,93,94,95,96,97,98,99,100,101,102,103,104,105,108,109,110,111,112,113,114,115,116,117,118,119,120,121,122,123,124,125,126,127,128,129,130,131,132,133,135,136,137,139,140,178,179,214,215,216,217,218,219,220,221,222,223,
1;1;6458;6497;0;8,9,10,11,12,13,14,15,16,17,18,19,20,21,22,23,28,29,30,31,36,37,65,66,93,94,95,96,97,98,99,100,101,102,103,104,105,108,109,110,111,112,113,114,115,116,117,118,119,120,121,122,123,124,125,126,127,128,129,130,131,132,133,135,136,137,139,140,178,179,214,215,216,217,218,219,220,221,222,223,
37;0;6497;6525;1;8,9,10,11,12,13,14,15,16,17,18,19,20,21,22,23,28,29,30,31,36,37,65,66,93,94,95,96,97,98,99,100,101,102,103,104,105,108,109,110,111,112,113,114,115,116,117,118,119,120,121,122,123,124,125,126,127,128,129,130,131,132,133,135,136,137,139,140,178,179,214,215,216,217,218,219,220,221,222,223,
37;1;6525;6541;1;8,9,10,11,12,13,14,15,16,17,18,19,20,21,22,23,28,29,30,31,36,37,65,66,93,94,95,96,97,98,99,100,101,102,103,104,105,108,109,110,111,112,113,114,115,116,117,118,119,120,121,122,123,124,125,126,127,128,129,130,131,132,133,135,136,137,139,140,178,179,214,215,216,217,218,219,220,221,222,223,
38;0;6541;6699;0;8,9,10,11,12,13,14,15,16,17,18,19,20,21,22,23,28,29,30,31,36,37,65,66,93,94,95,96,97,98,99,100,101,102,103,104,105,108,109,110,111,112,113,114,115,116,117,118,119,120,121,122,123,124,125,126,127,128,129,130,131,132,133,135,136,137,139,140,178,179,214,215,216,217,218,219,220,221,222,223,
END
fineshedJobsCount: 130
switchs: 67
switchsInstances: 1
unfineshedPriorityCount: 0
totalUnfineshed: 0
criticalMachineSwitchs: 0
criticalMachineTime: 6699
Final Solution: 3823
Time: 113171
PTL: 307
MCMC: 303
Best Initial: 3668
Mean Initial: 3618.64
