./input/BaseInstances/6M1_n=130,r=0.6,t=165,v0.txt;./input/Processed/ToolSetInt.csv
7;720;1440
Machine: 0
2;0;0;172;1;0,1,2,3,4,5,6,7,8,9,10,11,12,13,14,20,21,22,23,24,25,26,27,28,29,36,37,38,39,40,41,42,43,44,45,53,57,63,64,67,69,70,71,72,73,74,75,76,77,78,79,80,81,82,84,85,98,99,100,101,102,103,104,105,106,107,108,115,116,117,118,119,120,121,122,123,124,134,155,156,
42;0;172;243;0;0,1,2,3,4,5,6,7,8,9,10,11,12,13,14,20,21,22,23,24,25,26,27,28,29,36,37,38,39,40,41,42,43,44,45,53,57,63,64,67,69,70,71,72,73,74,75,76,77,78,79,80,81,82,84,85,98,99,100,101,102,103,104,105,106,107,108,115,116,117,118,119,120,121,122,123,124,134,155,156,
24;0;243;303;1;0,1,2,3,4,5,6,7,8,9,10,11,12,13,14,20,21,22,23,24,25,26,27,28,29,36,37,38,39,40,41,42,43,44,45,53,57,63,64,67,69,70,71,72,73,74,75,76,77,78,79,80,81,82,84,85,98,99,100,101,102,103,104,105,106,107,108,115,116,117,118,119,120,121,122,123,124,134,155,156,
24;1;303;315;1;0,1,2,3,4,5,6,7,8,9,10,11,12,13,14,20,21,22,23,24,25,26,27,28,29,36,37,38,39,40,41,42,43,44,45,53,57,63,64,67,69,70,71,72,73,74,75,76,77,78,79,80,81,82,84,85,98,99,100,101,102,103,104,105,106,107,108,115,116,117,118,119,120,121,122,123,124,134,155,156,
9;0;315;456;1;0,1,2,3,4,5,6,7,8,9,10,11,12,13,14,20,21,22,23,24,25,26,27,28,29,36,37,38,39,40,41,42,43,44,45,53,57,63,64,67,69,70,71,72,73,74,75,76,77,78,79,80,81,82,84,85,98,99,100,101,102,103,104,105,106,107,108,115,116,117,118,119,120,121,122,123,124,134,155,156,
9;1;456;519;1;0,1,2,3,4,5,6,7,8,9,10,11,12,13,14,20,21,22,23,24,25,26,27,28,29,36,37,38,39,40,41,42,43,44,45,53,57,63,64,67,69,70,71,72,73,74,75,76,77,78,79,80,81,82,84,85,98,99,100,101,102,103,104,105,106,107,108,115,116,117,118,119,120,121,122,123,124,134,155,156,
49;0;519;682;1;0,1,2,3,4,5,6,7,8,9,10,11,12,13,14,20,21,22,23,24,25,26,27,28,29,36,37,38,39,40,41,42,43,44,45,53,57,63,64,67,69,70,71,72,73,74,75,76,77,78,79,80,81,82,84,85,98,99,100,101,102,103,104,105,106,107,108,115,116,117,118,119,120,121,122,123,124,134,155,156,
49;1;682;755;1;0,1,2,3,4,5,6,7,8,9,10,11,12,13,14,20,21,22,23,24,25,26,27,28,29,36,37,38,39,40,41,42,43,44,45,53,57,63,64,67,69,70,71,72,73,74,75,76,77,78,79,80,81,82,84,85,98,99,100,101,102,103,104,105,106,107,108,115,116,117,118,119,120,121,122,123,124,134,155,156,
16;0;755;760;1;0,1,2,3,4,5,6,7,8,9,10,11,12,13,14,20,21,22,23,24,25,26,27,28,29,36,37,38,39,40,41,42,43,44,45,53,57,63,64,67,69,70,71,72,73,74,75,76,77,78,79,80,81,82,84,85,98,99,100,101,102,103,104,105,106,107,108,115,116,117,118,119,120,121,122,123,124,134,155,156,
16;1;760;857;1;0,1,2,3,4,5,6,7,8,9,10,11,12,13,14,20,21,22,23,24,25,26,27,28,29,36,37,38,39,40,41,42,43,44,45,53,57,63,64,67,69,70,71,72,73,74,75,76,77,78,79,80,81,82,84,85,98,99,100,101,102,103,104,105,106,107,108,115,116,117,118,119,120,121,122,123,124,134,155,156,
13;0;857;1008;0;0,1,2,3,4,5,6,7,8,9,10,11,12,13,14,20,21,22,23,24,25,26,27,28,29,36,37,38,39,40,41,42,43,44,45,53,57,63,64,67,69,70,71,72,73,74,75,76,77,78,79,80,81,82,84,85,98,99,100,101,102,103,104,105,106,107,108,115,116,117,118,119,120,121,122,123,124,134,155,156,
13;1;1008;1188;0;0,1,2,3,4,5,6,7,8,9,10,11,12,13,14,20,21,22,23,24,25,26,27,28,29,36,37,38,39,40,41,42,43,44,45,53,57,63,64,67,69,70,71,72,73,74,75,76,77,78,79,80,81,82,84,85,98,99,100,101,102,103,104,105,106,107,108,115,116,117,118,119,120,121,122,123,124,134,155,156,
51;0;1188;1192;1;0,1,2,3,4,5,6,7,8,9,10,11,12,13,14,20,21,22,23,24,25,26,27,28,29,36,37,38,39,40,41,42,43,44,45,53,57,63,64,67,69,70,71,72,73,74,75,76,77,78,79,80,81,82,84,85,98,99,100,101,102,103,104,105,106,107,108,115,116,117,118,119,120,121,122,123,124,134,155,156,
51;1;1192;1329;1;0,1,2,3,4,5,6,7,8,9,10,11,12,13,14,20,21,22,23,24,25,26,27,28,29,36,37,38,39,40,41,42,43,44,45,53,57,63,64,67,69,70,71,72,73,74,75,76,77,78,79,80,81,82,84,85,98,99,100,101,102,103,104,105,106,107,108,115,116,117,118,119,120,121,122,123,124,134,155,156,
59;0;1329;1412;1;0,1,2,3,4,5,6,7,8,9,10,11,12,13,14,20,21,22,23,24,25,26,27,28,29,36,37,38,39,40,41,42,43,44,45,53,57,63,64,67,69,70,71,72,73,74,75,76,77,78,79,80,81,82,84,85,98,99,100,101,102,103,104,105,106,107,108,115,116,117,118,119,120,121,122,123,124,134,155,156,
59;1;1412;1536;1;0,1,2,3,4,5,6,7,8,9,10,11,12,13,14,20,21,22,23,24,25,26,27,28,29,36,37,38,39,40,41,42,43,44,45,53,57,63,64,67,69,70,71,72,73,74,75,76,77,78,79,80,81,82,84,85,98,99,100,101,102,103,104,105,106,107,108,115,116,117,118,119,120,121,122,123,124,134,155,156,
79;0;1536;1630;1;0,1,2,3,4,5,6,7,8,9,10,11,12,13,14,20,21,22,23,24,25,26,27,28,29,36,37,38,39,40,41,42,43,44,45,53,57,63,64,67,69,70,71,72,73,74,75,76,77,78,79,80,81,82,84,85,98,99,100,101,102,103,104,105,106,107,108,115,116,117,118,119,120,121,122,123,124,134,155,156,
79;1;1630;1651;1;0,1,2,3,4,5,6,7,8,9,10,11,12,13,14,20,21,22,23,24,25,26,27,28,29,36,37,38,39,40,41,42,43,44,45,53,57,63,64,67,69,70,71,72,73,74,75,76,77,78,79,80,81,82,84,85,98,99,100,101,102,103,104,105,106,107,108,115,116,117,118,119,120,121,122,123,124,134,155,156,
4;0;1651;1827;1;0,1,2,3,4,5,6,7,8,9,10,11,12,13,14,20,21,22,23,24,25,26,27,28,29,36,37,38,39,40,41,42,43,44,45,53,57,63,64,67,69,70,71,72,73,74,75,76,77,78,79,80,81,82,84,85,98,99,100,101,102,103,104,105,106,107,108,115,116,117,118,119,120,121,122,123,124,134,155,156,
4;1;1827;1871;1;0,1,2,3,4,5,6,7,8,9,10,11,12,13,14,20,21,22,23,24,25,26,27,28,29,36,37,38,39,40,41,42,43,44,45,53,57,63,64,67,69,70,71,72,73,74,75,76,77,78,79,80,81,82,84,85,98,99,100,101,102,103,104,105,106,107,108,115,116,117,118,119,120,121,122,123,124,134,155,156,
14;0;1871;1951;1;0,1,2,3,4,5,6,7,8,9,10,11,12,13,14,20,21,22,23,24,25,26,27,28,29,36,37,38,39,40,41,42,43,44,45,53,57,63,64,67,69,70,71,72,73,74,75,76,77,78,79,80,81,82,84,85,98,99,100,101,102,103,104,105,106,107,108,115,116,117,118,119,120,121,122,123,124,134,155,156,
14;1;1951;2102;1;0,1,2,3,4,5,6,7,8,9,10,11,12,13,14,20,21,22,23,24,25,26,27,28,29,36,37,38,39,40,41,42,43,44,45,53,57,63,64,67,69,70,71,72,73,74,75,76,77,78,79,80,81,82,84,85,98,99,100,101,102,103,104,105,106,107,108,115,116,117,118,119,120,121,122,123,124,134,155,156,
29;0;2102;2168;1;0,1,2,3,4,5,6,7,8,9,10,11,12,13,14,20,21,22,23,24,25,26,27,28,29,36,37,38,39,40,41,42,43,44,45,53,57,63,64,67,69,70,71,72,73,74,75,76,77,78,79,80,81,82,84,85,98,99,100,101,102,103,104,105,106,107,108,115,116,117,118,119,120,121,122,123,124,134,155,156,
29;1;2168;2212;1;0,1,2,3,4,5,6,7,8,9,10,11,12,13,14,20,21,22,23,24,25,26,27,28,29,36,37,38,39,40,41,42,43,44,45,53,57,63,64,67,69,70,71,72,73,74,75,76,77,78,79,80,81,82,84,85,98,99,100,101,102,103,104,105,106,107,108,115,116,117,118,119,120,121,122,123,124,134,155,156,
0;0;2212;2240;1;0,1,2,3,4,5,6,7,8,9,10,11,12,13,14,20,21,22,23,24,25,26,27,28,29,36,37,38,39,40,41,42,43,44,45,53,57,63,64,67,69,70,71,72,73,74,75,76,77,78,79,80,81,82,84,85,98,99,100,101,102,103,104,105,106,107,108,115,116,117,118,119,120,121,122,123,124,134,155,156,
0;1;2240;2295;1;0,1,2,3,4,5,6,7,8,9,10,11,12,13,14,20,21,22,23,24,25,26,27,28,29,36,37,38,39,40,41,42,43,44,45,53,57,63,64,67,69,70,71,72,73,74,75,76,77,78,79,80,81,82,84,85,98,99,100,101,102,103,104,105,106,107,108,115,116,117,118,119,120,121,122,123,124,134,155,156,
Machine: 1
39;0;0;76;1;0,1,2,3,4,5,6,7,8,9,10,11,12,13,14,15,16,17,18,19,20,21,22,23,24,25,26,30,31,32,33,34,35,36,37,38,44,48,53,54,55,56,57,58,59,60,61,62,63,64,65,66,67,68,69,77,80,81,85,98,99,100,103,104,105,106,107,108,115,120,135,137,155,158,159,160,161,162,163,164,
39;1;76;227;1;0,1,2,3,4,5,6,7,8,9,10,11,12,13,14,15,16,17,18,19,20,21,22,23,24,25,26,30,31,32,33,34,35,36,37,38,44,48,53,54,55,56,57,58,59,60,61,62,63,64,65,66,67,68,69,77,80,81,85,98,99,100,103,104,105,106,107,108,115,120,135,137,155,158,159,160,161,162,163,164,
76;0;227;299;1;0,1,2,3,4,5,6,7,8,9,10,11,12,13,14,15,16,17,18,19,20,21,22,23,24,25,26,30,31,32,33,34,35,36,37,38,44,48,53,54,55,56,57,58,59,60,61,62,63,64,65,66,67,68,69,77,80,81,85,98,99,100,103,104,105,106,107,108,115,120,135,137,155,158,159,160,161,162,163,164,
76;1;299;435;1;0,1,2,3,4,5,6,7,8,9,10,11,12,13,14,15,16,17,18,19,20,21,22,23,24,25,26,30,31,32,33,34,35,36,37,38,44,48,53,54,55,56,57,58,59,60,61,62,63,64,65,66,67,68,69,77,80,81,85,98,99,100,103,104,105,106,107,108,115,120,135,137,155,158,159,160,161,162,163,164,
64;0;435;592;1;0,1,2,3,4,5,6,7,8,9,10,11,12,13,14,15,16,17,18,19,20,21,22,23,24,25,26,30,31,32,33,34,35,36,37,38,44,48,53,54,55,56,57,58,59,60,61,62,63,64,65,66,67,68,69,77,80,81,85,98,99,100,103,104,105,106,107,108,115,120,135,137,155,158,159,160,161,162,163,164,
64;1;592;657;1;0,1,2,3,4,5,6,7,8,9,10,11,12,13,14,15,16,17,18,19,20,21,22,23,24,25,26,30,31,32,33,34,35,36,37,38,44,48,53,54,55,56,57,58,59,60,61,62,63,64,65,66,67,68,69,77,80,81,85,98,99,100,103,104,105,106,107,108,115,120,135,137,155,158,159,160,161,162,163,164,
34;0;657;815;1;0,1,2,3,4,5,6,7,8,9,10,11,12,13,14,15,16,17,18,19,20,21,22,23,24,25,26,30,31,32,33,34,35,36,37,38,44,48,53,54,55,56,57,58,59,60,61,62,63,64,65,66,67,68,69,77,80,81,85,98,99,100,103,104,105,106,107,108,115,120,135,137,155,158,159,160,161,162,163,164,
34;1;815;864;1;0,1,2,3,4,5,6,7,8,9,10,11,12,13,14,15,16,17,18,19,20,21,22,23,24,25,26,30,31,32,33,34,35,36,37,38,44,48,53,54,55,56,57,58,59,60,61,62,63,64,65,66,67,68,69,77,80,81,85,98,99,100,103,104,105,106,107,108,115,120,135,137,155,158,159,160,161,162,163,164,
6;0;864;961;1;0,1,2,3,4,5,6,7,8,9,10,11,12,13,14,15,16,17,18,19,20,21,22,23,24,25,26,30,31,32,33,34,35,36,37,38,44,48,53,54,55,56,57,58,59,60,61,62,63,64,65,66,67,68,69,77,80,81,85,98,99,100,103,104,105,106,107,108,115,120,135,137,155,158,159,160,161,162,163,164,
6;1;961;1051;1;0,1,2,3,4,5,6,7,8,9,10,11,12,13,14,15,16,17,18,19,20,21,22,23,24,25,26,30,31,32,33,34,35,36,37,38,44,48,53,54,55,56,57,58,59,60,61,62,63,64,65,66,67,68,69,77,80,81,85,98,99,100,103,104,105,106,107,108,115,120,135,137,155,158,159,160,161,162,163,164,
63;0;1051;1193;0;0,1,2,3,4,5,6,7,8,9,10,11,12,13,14,15,16,17,18,19,20,21,22,23,24,25,26,30,31,32,33,34,35,36,37,38,44,48,53,54,55,56,57,58,59,60,61,62,63,64,65,66,67,68,69,77,80,81,85,98,99,100,103,104,105,106,107,108,115,120,135,137,155,158,159,160,161,162,163,164,
63;1;1193;1224;0;0,1,2,3,4,5,6,7,8,9,10,11,12,13,14,15,16,17,18,19,20,21,22,23,24,25,26,30,31,32,33,34,35,36,37,38,44,48,53,54,55,56,57,58,59,60,61,62,63,64,65,66,67,68,69,77,80,81,85,98,99,100,103,104,105,106,107,108,115,120,135,137,155,158,159,160,161,162,163,164,
31;0;1224;1263;1;0,1,2,3,4,5,6,7,8,9,10,11,12,13,14,15,16,17,18,19,20,21,22,23,24,25,26,30,31,32,33,34,35,36,37,38,44,48,53,54,55,56,57,58,59,60,61,62,63,64,65,66,67,68,69,77,80,81,85,98,99,100,103,104,105,106,107,108,115,120,135,137,155,158,159,160,161,162,163,164,
31;1;1263;1335;1;0,1,2,3,4,5,6,7,8,9,10,11,12,13,14,15,16,17,18,19,20,21,22,23,24,25,26,30,31,32,33,34,35,36,37,38,44,48,53,54,55,56,57,58,59,60,61,62,63,64,65,66,67,68,69,77,80,81,85,98,99,100,103,104,105,106,107,108,115,120,135,137,155,158,159,160,161,162,163,164,
3;0;1335;1466;0;0,1,2,3,4,5,6,7,8,9,10,11,12,13,14,15,16,17,18,19,20,21,22,23,24,25,26,30,31,32,33,34,35,36,37,38,44,48,53,54,55,56,57,58,59,60,61,62,63,64,65,66,67,68,69,77,80,81,85,98,99,100,103,104,105,106,107,108,115,120,135,137,155,158,159,160,161,162,163,164,
3;1;1466;1508;0;0,1,2,3,4,5,6,7,8,9,10,11,12,13,14,15,16,17,18,19,20,21,22,23,24,25,26,30,31,32,33,34,35,36,37,38,44,48,53,54,55,56,57,58,59,60,61,62,63,64,65,66,67,68,69,77,80,81,85,98,99,100,103,104,105,106,107,108,115,120,135,137,155,158,159,160,161,162,163,164,
74;0;1508;1547;1;0,1,2,3,4,5,6,7,8,9,10,11,12,13,14,15,16,17,18,19,20,21,22,23,24,25,26,30,31,32,33,34,35,36,37,38,44,48,53,54,55,56,57,58,59,60,61,62,63,64,65,66,67,68,69,77,80,81,85,98,99,100,103,104,105,106,107,108,115,120,135,137,155,158,159,160,161,162,163,164,
74;1;1547;1589;1;0,1,2,3,4,5,6,7,8,9,10,11,12,13,14,15,16,17,18,19,20,21,22,23,24,25,26,30,31,32,33,34,35,36,37,38,44,48,53,54,55,56,57,58,59,60,61,62,63,64,65,66,67,68,69,77,80,81,85,98,99,100,103,104,105,106,107,108,115,120,135,137,155,158,159,160,161,162,163,164,
60;0;1589;1754;0;0,1,2,3,4,5,6,7,8,9,10,11,12,13,14,15,16,17,18,19,20,21,22,23,24,25,26,30,31,32,33,34,35,36,37,38,44,48,53,54,55,56,57,58,59,60,61,62,63,64,65,66,67,68,69,77,80,81,85,98,99,100,103,104,105,106,107,108,115,120,135,137,155,158,159,160,161,162,163,164,
44;0;1754;1917;1;0,1,2,3,4,5,6,7,8,9,10,11,12,13,14,15,16,17,18,19,20,21,22,23,24,25,26,30,31,32,33,34,35,36,37,38,44,48,53,54,55,56,57,58,59,60,61,62,63,64,65,66,67,68,69,77,80,81,85,98,99,100,103,104,105,106,107,108,115,120,135,137,155,158,159,160,161,162,163,164,
44;1;1917;1956;1;0,1,2,3,4,5,6,7,8,9,10,11,12,13,14,15,16,17,18,19,20,21,22,23,24,25,26,30,31,32,33,34,35,36,37,38,44,48,53,54,55,56,57,58,59,60,61,62,63,64,65,66,67,68,69,77,80,81,85,98,99,100,103,104,105,106,107,108,115,120,135,137,155,158,159,160,161,162,163,164,
21;0;1956;1997;1;0,1,2,3,4,5,6,7,8,9,10,11,12,13,14,15,16,17,18,19,20,21,22,23,24,25,26,30,31,32,33,34,35,36,37,38,44,48,53,54,55,56,57,58,59,60,61,62,63,64,65,66,67,68,69,77,80,81,85,98,99,100,103,104,105,106,107,108,115,120,135,137,155,158,159,160,161,162,163,164,
21;1;1997;2106;1;0,1,2,3,4,5,6,7,8,9,10,11,12,13,14,15,16,17,18,19,20,21,22,23,24,25,26,30,31,32,33,34,35,36,37,38,44,48,53,54,55,56,57,58,59,60,61,62,63,64,65,66,67,68,69,77,80,81,85,98,99,100,103,104,105,106,107,108,115,120,135,137,155,158,159,160,161,162,163,164,
77;0;2106;2151;0;0,1,2,3,4,5,6,7,8,9,10,11,12,13,14,15,16,17,18,19,20,21,22,23,24,25,26,30,31,32,33,34,35,36,37,38,44,48,53,54,55,56,57,58,59,60,61,62,63,64,65,66,67,68,69,77,80,81,85,98,99,100,103,104,105,106,107,108,115,120,135,137,155,158,159,160,161,162,163,164,
36;0;2151;2308;1;0,1,2,3,4,5,6,7,8,9,10,11,12,13,14,15,16,17,18,19,20,21,22,23,24,25,26,30,31,32,33,34,35,36,37,38,44,48,53,54,55,56,57,58,59,60,61,62,63,64,65,66,67,68,69,77,80,81,85,98,99,100,103,104,105,106,107,108,115,120,135,137,155,158,159,160,161,162,163,164,
36;1;2308;2407;1;0,1,2,3,4,5,6,7,8,9,10,11,12,13,14,15,16,17,18,19,20,21,22,23,24,25,26,30,31,32,33,34,35,36,37,38,44,48,53,54,55,56,57,58,59,60,61,62,63,64,65,66,67,68,69,77,80,81,85,98,99,100,103,104,105,106,107,108,115,120,135,137,155,158,159,160,161,162,163,164,
Machine: 2
61;0;0;97;1;0,1,2,3,4,5,6,7,8,9,10,11,12,13,14,15,16,17,18,19,20,21,22,23,24,25,26,27,28,29,30,31,32,33,34,35,36,37,38,39,40,41,42,43,44,53,54,55,56,57,58,59,60,61,62,63,64,67,69,70,77,85,88,90,100,102,103,104,106,107,115,120,135,151,152,153,154,155,156,157,
61;1;97;187;1;0,1,2,3,4,5,6,7,8,9,10,11,12,13,14,15,16,17,18,19,20,21,22,23,24,25,26,27,28,29,30,31,32,33,34,35,36,37,38,39,40,41,42,43,44,53,54,55,56,57,58,59,60,61,62,63,64,67,69,70,77,85,88,90,100,102,103,104,106,107,115,120,135,151,152,153,154,155,156,157,
69;0;187;267;1;0,1,2,3,4,5,6,7,8,9,10,11,12,13,14,15,16,17,18,19,20,21,22,23,24,25,26,27,28,29,30,31,32,33,34,35,36,37,38,39,40,41,42,43,44,53,54,55,56,57,58,59,60,61,62,63,64,67,69,70,77,85,88,90,100,102,103,104,106,107,115,120,135,151,152,153,154,155,156,157,
69;1;267;300;1;0,1,2,3,4,5,6,7,8,9,10,11,12,13,14,15,16,17,18,19,20,21,22,23,24,25,26,27,28,29,30,31,32,33,34,35,36,37,38,39,40,41,42,43,44,53,54,55,56,57,58,59,60,61,62,63,64,67,69,70,77,85,88,90,100,102,103,104,106,107,115,120,135,151,152,153,154,155,156,157,
54;0;300;403;1;0,1,2,3,4,5,6,7,8,9,10,11,12,13,14,15,16,17,18,19,20,21,22,23,24,25,26,27,28,29,30,31,32,33,34,35,36,37,38,39,40,41,42,43,44,53,54,55,56,57,58,59,60,61,62,63,64,67,69,70,77,85,88,90,100,102,103,104,106,107,115,120,135,151,152,153,154,155,156,157,
54;1;403;494;1;0,1,2,3,4,5,6,7,8,9,10,11,12,13,14,15,16,17,18,19,20,21,22,23,24,25,26,27,28,29,30,31,32,33,34,35,36,37,38,39,40,41,42,43,44,53,54,55,56,57,58,59,60,61,62,63,64,67,69,70,77,85,88,90,100,102,103,104,106,107,115,120,135,151,152,153,154,155,156,157,
28;0;494;642;0;0,1,2,3,4,5,6,7,8,9,10,11,12,13,14,15,16,17,18,19,20,21,22,23,24,25,26,27,28,29,30,31,32,33,34,35,36,37,38,39,40,41,42,43,44,53,54,55,56,57,58,59,60,61,62,63,64,67,69,70,77,85,88,90,100,102,103,104,106,107,115,120,135,151,152,153,154,155,156,157,
28;1;642;786;0;0,1,2,3,4,5,6,7,8,9,10,11,12,13,14,15,16,17,18,19,20,21,22,23,24,25,26,27,28,29,30,31,32,33,34,35,36,37,38,39,40,41,42,43,44,53,54,55,56,57,58,59,60,61,62,63,64,67,69,70,77,85,88,90,100,102,103,104,106,107,115,120,135,151,152,153,154,155,156,157,
52;0;786;820;0;0,1,2,3,4,5,6,7,8,9,10,11,12,13,14,15,16,17,18,19,20,21,22,23,24,25,26,27,28,29,30,31,32,33,34,35,36,37,38,39,40,41,42,43,44,53,54,55,56,57,58,59,60,61,62,63,64,67,69,70,77,85,88,90,100,102,103,104,106,107,115,120,135,151,152,153,154,155,156,157,
67;0;820;875;0;0,1,2,3,4,5,6,7,8,9,10,11,12,13,14,15,16,17,18,19,20,21,22,23,24,25,26,27,28,29,30,31,32,33,34,35,36,37,38,39,40,41,42,43,44,53,54,55,56,57,58,59,60,61,62,63,64,67,69,70,77,85,88,90,100,102,103,104,106,107,115,120,135,151,152,153,154,155,156,157,
66;0;875;889;1;0,1,2,3,4,5,6,7,8,9,10,11,12,13,14,15,16,17,18,19,20,21,22,23,24,25,26,27,28,29,30,31,32,33,34,35,36,37,38,39,40,41,42,43,44,53,54,55,56,57,58,59,60,61,62,63,64,67,69,70,77,85,88,90,100,102,103,104,106,107,115,120,135,151,152,153,154,155,156,157,
66;1;889;1050;1;0,1,2,3,4,5,6,7,8,9,10,11,12,13,14,15,16,17,18,19,20,21,22,23,24,25,26,27,28,29,30,31,32,33,34,35,36,37,38,39,40,41,42,43,44,53,54,55,56,57,58,59,60,61,62,63,64,67,69,70,77,85,88,90,100,102,103,104,106,107,115,120,135,151,152,153,154,155,156,157,
38;0;1050;1219;0;0,1,2,3,4,5,6,7,8,9,10,11,12,13,14,15,16,17,18,19,20,21,22,23,24,25,26,27,28,29,30,31,32,33,34,35,36,37,38,39,40,41,42,43,44,53,54,55,56,57,58,59,60,61,62,63,64,67,69,70,77,85,88,90,100,102,103,104,106,107,115,120,135,151,152,153,154,155,156,157,
38;1;1219;1295;0;0,1,2,3,4,5,6,7,8,9,10,11,12,13,14,15,16,17,18,19,20,21,22,23,24,25,26,27,28,29,30,31,32,33,34,35,36,37,38,39,40,41,42,43,44,53,54,55,56,57,58,59,60,61,62,63,64,67,69,70,77,85,88,90,100,102,103,104,106,107,115,120,135,151,152,153,154,155,156,157,
57;0;1295;1393;0;0,1,2,3,4,5,6,7,8,9,10,11,12,13,14,15,16,17,18,19,20,21,22,23,24,25,26,27,28,29,30,31,32,33,34,35,36,37,38,39,40,41,42,43,44,53,54,55,56,57,58,59,60,61,62,63,64,67,69,70,77,85,88,90,100,102,103,104,106,107,115,120,135,151,152,153,154,155,156,157,
53;0;1393;1558;0;0,1,2,3,4,5,6,7,8,9,10,11,12,13,14,15,16,17,18,19,20,21,22,23,24,25,26,27,28,29,30,31,32,33,34,35,36,37,38,39,40,41,42,43,44,53,54,55,56,57,58,59,60,61,62,63,64,67,69,70,77,85,88,90,100,102,103,104,106,107,115,120,135,151,152,153,154,155,156,157,
53;1;1558;1618;0;0,1,2,3,4,5,6,7,8,9,10,11,12,13,14,15,16,17,18,19,20,21,22,23,24,25,26,27,28,29,30,31,32,33,34,35,36,37,38,39,40,41,42,43,44,53,54,55,56,57,58,59,60,61,62,63,64,67,69,70,77,85,88,90,100,102,103,104,106,107,115,120,135,151,152,153,154,155,156,157,
23;0;1618;1768;0;0,1,2,3,4,5,6,7,8,9,10,11,12,13,14,15,16,17,18,19,20,21,22,23,24,25,26,27,28,29,30,31,32,33,34,35,36,37,38,39,40,41,42,43,44,53,54,55,56,57,58,59,60,61,62,63,64,67,69,70,77,85,88,90,100,102,103,104,106,107,115,120,135,151,152,153,154,155,156,157,
23;1;1768;1925;0;0,1,2,3,4,5,6,7,8,9,10,11,12,13,14,15,16,17,18,19,20,21,22,23,24,25,26,27,28,29,30,31,32,33,34,35,36,37,38,39,40,41,42,43,44,53,54,55,56,57,58,59,60,61,62,63,64,67,69,70,77,85,88,90,100,102,103,104,106,107,115,120,135,151,152,153,154,155,156,157,
20;0;1925;1998;0;0,1,2,3,4,5,6,7,8,9,10,11,12,13,14,15,16,17,18,19,20,21,22,23,24,25,26,27,28,29,30,31,32,33,34,35,36,37,38,39,40,41,42,43,44,53,54,55,56,57,58,59,60,61,62,63,64,67,69,70,77,85,88,90,100,102,103,104,106,107,115,120,135,151,152,153,154,155,156,157,
48;0;1998;2103;0;0,1,2,3,4,5,6,7,8,9,10,11,12,13,14,15,16,17,18,19,20,21,22,23,24,25,26,27,28,29,30,31,32,33,34,35,36,37,38,39,40,41,42,43,44,53,54,55,56,57,58,59,60,61,62,63,64,67,69,70,77,85,88,90,100,102,103,104,106,107,115,120,135,151,152,153,154,155,156,157,
48;1;2103;2155;0;0,1,2,3,4,5,6,7,8,9,10,11,12,13,14,15,16,17,18,19,20,21,22,23,24,25,26,27,28,29,30,31,32,33,34,35,36,37,38,39,40,41,42,43,44,53,54,55,56,57,58,59,60,61,62,63,64,67,69,70,77,85,88,90,100,102,103,104,106,107,115,120,135,151,152,153,154,155,156,157,
43;0;2155;2333;0;0,1,2,3,4,5,6,7,8,9,10,11,12,13,14,15,16,17,18,19,20,21,22,23,24,25,26,27,28,29,30,31,32,33,34,35,36,37,38,39,40,41,42,43,44,53,54,55,56,57,58,59,60,61,62,63,64,67,69,70,77,85,88,90,100,102,103,104,106,107,115,120,135,151,152,153,154,155,156,157,
43;1;2333;2497;0;0,1,2,3,4,5,6,7,8,9,10,11,12,13,14,15,16,17,18,19,20,21,22,23,24,25,26,27,28,29,30,31,32,33,34,35,36,37,38,39,40,41,42,43,44,53,54,55,56,57,58,59,60,61,62,63,64,67,69,70,77,85,88,90,100,102,103,104,106,107,115,120,135,151,152,153,154,155,156,157,
Machine: 3
62;0;0;147;0;0,1,2,3,4,5,6,7,8,9,10,11,12,13,14,15,16,17,18,19,20,21,22,23,24,25,26,27,28,29,30,31,32,33,34,35,36,37,38,39,53,54,57,62,63,64,66,67,69,80,81,82,83,84,85,86,87,88,89,90,91,92,93,94,95,96,97,102,104,109,110,111,112,113,114,127,135,151,153,157,
70;0;147;284;0;0,1,2,3,4,5,6,7,8,9,10,11,12,13,14,15,16,17,18,19,20,21,22,23,24,25,26,27,28,29,30,31,32,33,34,35,36,37,38,39,53,54,57,62,63,64,66,67,69,80,81,82,83,84,85,86,87,88,89,90,91,92,93,94,95,96,97,102,104,109,110,111,112,113,114,127,135,151,153,157,
37;0;284;334;0;0,1,2,3,4,5,6,7,8,9,10,11,12,13,14,15,16,17,18,19,20,21,22,23,24,25,26,27,28,29,30,31,32,33,34,35,36,37,38,39,53,54,57,62,63,64,66,67,69,80,81,82,83,84,85,86,87,88,89,90,91,92,93,94,95,96,97,102,104,109,110,111,112,113,114,127,135,151,153,157,
12;0;334;481;0;0,1,2,3,4,5,6,7,8,9,10,11,12,13,14,15,16,17,18,19,20,21,22,23,24,25,26,27,28,29,30,31,32,33,34,35,36,37,38,39,53,54,57,62,63,64,66,67,69,80,81,82,83,84,85,86,87,88,89,90,91,92,93,94,95,96,97,102,104,109,110,111,112,113,114,127,135,151,153,157,
30;0;481;612;0;0,1,2,3,4,5,6,7,8,9,10,11,12,13,14,15,16,17,18,19,20,21,22,23,24,25,26,27,28,29,30,31,32,33,34,35,36,37,38,39,53,54,57,62,63,64,66,67,69,80,81,82,83,84,85,86,87,88,89,90,91,92,93,94,95,96,97,102,104,109,110,111,112,113,114,127,135,151,153,157,
11;0;612;648;1;0,1,2,3,4,5,6,7,8,9,10,11,12,13,14,15,16,17,18,19,20,21,22,23,24,25,26,27,28,29,30,31,32,33,34,35,36,37,38,39,53,54,57,62,63,64,66,67,69,80,81,82,83,84,85,86,87,88,89,90,91,92,93,94,95,96,97,102,104,109,110,111,112,113,114,127,135,151,153,157,
11;1;648;662;1;0,1,2,3,4,5,6,7,8,9,10,11,12,13,14,15,16,17,18,19,20,21,22,23,24,25,26,27,28,29,30,31,32,33,34,35,36,37,38,39,53,54,57,62,63,64,66,67,69,80,81,82,83,84,85,86,87,88,89,90,91,92,93,94,95,96,97,102,104,109,110,111,112,113,114,127,135,151,153,157,
56;0;662;667;1;0,1,2,3,4,5,6,7,8,9,10,11,12,13,14,15,16,17,18,19,20,21,22,23,24,25,26,27,28,29,30,31,32,33,34,35,36,37,38,39,53,54,57,62,63,64,66,67,69,80,81,82,83,84,85,86,87,88,89,90,91,92,93,94,95,96,97,102,104,109,110,111,112,113,114,127,135,151,153,157,
56;1;667;771;1;0,1,2,3,4,5,6,7,8,9,10,11,12,13,14,15,16,17,18,19,20,21,22,23,24,25,26,27,28,29,30,31,32,33,34,35,36,37,38,39,53,54,57,62,63,64,66,67,69,80,81,82,83,84,85,86,87,88,89,90,91,92,93,94,95,96,97,102,104,109,110,111,112,113,114,127,135,151,153,157,
35;0;771;775;0;0,1,2,3,4,5,6,7,8,9,10,11,12,13,14,15,16,17,18,19,20,21,22,23,24,25,26,27,28,29,30,31,32,33,34,35,36,37,38,39,53,54,57,62,63,64,66,67,69,80,81,82,83,84,85,86,87,88,89,90,91,92,93,94,95,96,97,102,104,109,110,111,112,113,114,127,135,151,153,157,
22;0;775;884;0;0,1,2,3,4,5,6,7,8,9,10,11,12,13,14,15,16,17,18,19,20,21,22,23,24,25,26,27,28,29,30,31,32,33,34,35,36,37,38,39,53,54,57,62,63,64,66,67,69,80,81,82,83,84,85,86,87,88,89,90,91,92,93,94,95,96,97,102,104,109,110,111,112,113,114,127,135,151,153,157,
50;0;884;1023;0;0,1,2,3,4,5,6,7,8,9,10,11,12,13,14,15,16,17,18,19,20,21,22,23,24,25,26,27,28,29,30,31,32,33,34,35,36,37,38,39,53,54,57,62,63,64,66,67,69,80,81,82,83,84,85,86,87,88,89,90,91,92,93,94,95,96,97,102,104,109,110,111,112,113,114,127,135,151,153,157,
58;0;1023;1058;0;0,1,2,3,4,5,6,7,8,9,10,11,12,13,14,15,16,17,18,19,20,21,22,23,24,25,26,27,28,29,30,31,32,33,34,35,36,37,38,39,53,54,57,62,63,64,66,67,69,80,81,82,83,84,85,86,87,88,89,90,91,92,93,94,95,96,97,102,104,109,110,111,112,113,114,127,135,151,153,157,
58;1;1058;1135;0;0,1,2,3,4,5,6,7,8,9,10,11,12,13,14,15,16,17,18,19,20,21,22,23,24,25,26,27,28,29,30,31,32,33,34,35,36,37,38,39,53,54,57,62,63,64,66,67,69,80,81,82,83,84,85,86,87,88,89,90,91,92,93,94,95,96,97,102,104,109,110,111,112,113,114,127,135,151,153,157,
40;0;1135;1299;0;0,1,2,3,4,5,6,7,8,9,10,11,12,13,14,15,16,17,18,19,20,21,22,23,24,25,26,27,28,29,30,31,32,33,34,35,36,37,38,39,53,54,57,62,63,64,66,67,69,80,81,82,83,84,85,86,87,88,89,90,91,92,93,94,95,96,97,102,104,109,110,111,112,113,114,127,135,151,153,157,
1;0;1299;1438;0;0,1,2,3,4,5,6,7,8,9,10,11,12,13,14,15,16,17,18,19,20,21,22,23,24,25,26,27,28,29,30,31,32,33,34,35,36,37,38,39,53,54,57,62,63,64,66,67,69,80,81,82,83,84,85,86,87,88,89,90,91,92,93,94,95,96,97,102,104,109,110,111,112,113,114,127,135,151,153,157,
1;1;1438;1503;0;0,1,2,3,4,5,6,7,8,9,10,11,12,13,14,15,16,17,18,19,20,21,22,23,24,25,26,27,28,29,30,31,32,33,34,35,36,37,38,39,53,54,57,62,63,64,66,67,69,80,81,82,83,84,85,86,87,88,89,90,91,92,93,94,95,96,97,102,104,109,110,111,112,113,114,127,135,151,153,157,
Machine: 4
26;0;0;66;1;0,1,2,3,4,5,6,20,28,33,36,37,38,45,46,47,48,49,50,51,52,53,54,55,56,57,58,59,60,61,62,63,64,65,66,67,68,69,81,85,100,102,103,104,105,106,107,108,109,110,111,112,113,114,125,126,127,128,129,130,131,132,133,134,135,136,137,138,139,140,141,142,143,144,145,146,147,148,149,150,
26;1;66;107;1;0,1,2,3,4,5,6,20,28,33,36,37,38,45,46,47,48,49,50,51,52,53,54,55,56,57,58,59,60,61,62,63,64,65,66,67,68,69,81,85,100,102,103,104,105,106,107,108,109,110,111,112,113,114,125,126,127,128,129,130,131,132,133,134,135,136,137,138,139,140,141,142,143,144,145,146,147,148,149,150,
18;0;107;276;0;0,1,2,3,4,5,6,20,28,33,36,37,38,45,46,47,48,49,50,51,52,53,54,55,56,57,58,59,60,61,62,63,64,65,66,67,68,69,81,85,100,102,103,104,105,106,107,108,109,110,111,112,113,114,125,126,127,128,129,130,131,132,133,134,135,136,137,138,139,140,141,142,143,144,145,146,147,148,149,150,
18;1;276;410;0;0,1,2,3,4,5,6,20,28,33,36,37,38,45,46,47,48,49,50,51,52,53,54,55,56,57,58,59,60,61,62,63,64,65,66,67,68,69,81,85,100,102,103,104,105,106,107,108,109,110,111,112,113,114,125,126,127,128,129,130,131,132,133,134,135,136,137,138,139,140,141,142,143,144,145,146,147,148,149,150,
5;0;410;476;0;0,1,2,3,4,5,6,20,28,33,36,37,38,45,46,47,48,49,50,51,52,53,54,55,56,57,58,59,60,61,62,63,64,65,66,67,68,69,81,85,100,102,103,104,105,106,107,108,109,110,111,112,113,114,125,126,127,128,129,130,131,132,133,134,135,136,137,138,139,140,141,142,143,144,145,146,147,148,149,150,
65;0;476;640;0;0,1,2,3,4,5,6,20,28,33,36,37,38,45,46,47,48,49,50,51,52,53,54,55,56,57,58,59,60,61,62,63,64,65,66,67,68,69,81,85,100,102,103,104,105,106,107,108,109,110,111,112,113,114,125,126,127,128,129,130,131,132,133,134,135,136,137,138,139,140,141,142,143,144,145,146,147,148,149,150,
47;0;640;784;0;0,1,2,3,4,5,6,20,28,33,36,37,38,45,46,47,48,49,50,51,52,53,54,55,56,57,58,59,60,61,62,63,64,65,66,67,68,69,81,85,100,102,103,104,105,106,107,108,109,110,111,112,113,114,125,126,127,128,129,130,131,132,133,134,135,136,137,138,139,140,141,142,143,144,145,146,147,148,149,150,
15;0;784;915;0;0,1,2,3,4,5,6,20,28,33,36,37,38,45,46,47,48,49,50,51,52,53,54,55,56,57,58,59,60,61,62,63,64,65,66,67,68,69,81,85,100,102,103,104,105,106,107,108,109,110,111,112,113,114,125,126,127,128,129,130,131,132,133,134,135,136,137,138,139,140,141,142,143,144,145,146,147,148,149,150,
73;0;915;1002;0;0,1,2,3,4,5,6,20,28,33,36,37,38,45,46,47,48,49,50,51,52,53,54,55,56,57,58,59,60,61,62,63,64,65,66,67,68,69,81,85,100,102,103,104,105,106,107,108,109,110,111,112,113,114,125,126,127,128,129,130,131,132,133,134,135,136,137,138,139,140,141,142,143,144,145,146,147,148,149,150,
73;1;1002;1086;0;0,1,2,3,4,5,6,20,28,33,36,37,38,45,46,47,48,49,50,51,52,53,54,55,56,57,58,59,60,61,62,63,64,65,66,67,68,69,81,85,100,102,103,104,105,106,107,108,109,110,111,112,113,114,125,126,127,128,129,130,131,132,133,134,135,136,137,138,139,140,141,142,143,144,145,146,147,148,149,150,
10;0;1086;1182;0;0,1,2,3,4,5,6,20,28,33,36,37,38,45,46,47,48,49,50,51,52,53,54,55,56,57,58,59,60,61,62,63,64,65,66,67,68,69,81,85,100,102,103,104,105,106,107,108,109,110,111,112,113,114,125,126,127,128,129,130,131,132,133,134,135,136,137,138,139,140,141,142,143,144,145,146,147,148,149,150,
72;0;1182;1326;0;0,1,2,3,4,5,6,20,28,33,36,37,38,45,46,47,48,49,50,51,52,53,54,55,56,57,58,59,60,61,62,63,64,65,66,67,68,69,81,85,100,102,103,104,105,106,107,108,109,110,111,112,113,114,125,126,127,128,129,130,131,132,133,134,135,136,137,138,139,140,141,142,143,144,145,146,147,148,149,150,
17;0;1326;1409;0;0,1,2,3,4,5,6,20,28,33,36,37,38,45,46,47,48,49,50,51,52,53,54,55,56,57,58,59,60,61,62,63,64,65,66,67,68,69,81,85,100,102,103,104,105,106,107,108,109,110,111,112,113,114,125,126,127,128,129,130,131,132,133,134,135,136,137,138,139,140,141,142,143,144,145,146,147,148,149,150,
32;0;1409;1513;0;0,1,2,3,4,5,6,20,28,33,36,37,38,45,46,47,48,49,50,51,52,53,54,55,56,57,58,59,60,61,62,63,64,65,66,67,68,69,81,85,100,102,103,104,105,106,107,108,109,110,111,112,113,114,125,126,127,128,129,130,131,132,133,134,135,136,137,138,139,140,141,142,143,144,145,146,147,148,149,150,
71;0;1513;1678;1;0,1,2,3,4,5,6,20,28,33,36,37,38,45,46,47,48,49,50,51,52,53,54,55,56,57,58,59,60,61,62,63,64,65,66,67,68,69,81,85,100,102,103,104,105,106,107,108,109,110,111,112,113,114,125,126,127,128,129,130,131,132,133,134,135,136,137,138,139,140,141,142,143,144,145,146,147,148,149,150,
71;1;1678;1829;1;0,1,2,3,4,5,6,20,28,33,36,37,38,45,46,47,48,49,50,51,52,53,54,55,56,57,58,59,60,61,62,63,64,65,66,67,68,69,81,85,100,102,103,104,105,106,107,108,109,110,111,112,113,114,125,126,127,128,129,130,131,132,133,134,135,136,137,138,139,140,141,142,143,144,145,146,147,148,149,150,
8;0;1829;1997;0;0,1,2,3,4,5,6,20,28,33,36,37,38,45,46,47,48,49,50,51,52,53,54,55,56,57,58,59,60,61,62,63,64,65,66,67,68,69,81,85,100,102,103,104,105,106,107,108,109,110,111,112,113,114,125,126,127,128,129,130,131,132,133,134,135,136,137,138,139,140,141,142,143,144,145,146,147,148,149,150,
8;1;1997;2133;0;0,1,2,3,4,5,6,20,28,33,36,37,38,45,46,47,48,49,50,51,52,53,54,55,56,57,58,59,60,61,62,63,64,65,66,67,68,69,81,85,100,102,103,104,105,106,107,108,109,110,111,112,113,114,125,126,127,128,129,130,131,132,133,134,135,136,137,138,139,140,141,142,143,144,145,146,147,148,149,150,
Machine: 5
55;0;0;72;0;0,1,2,3,4,5,6,7,8,9,10,11,12,13,14,15,16,17,18,19,20,21,22,23,24,25,26,27,28,29,30,31,32,33,34,35,36,37,38,39,40,41,42,43,44,45,46,47,48,49,50,51,53,54,55,56,57,58,59,60,61,62,63,64,67,69,77,90,135,142,143,144,145,146,147,148,149,150,154,155,
80;0;72;149;0;0,1,2,3,4,5,6,7,8,9,10,11,12,13,14,15,16,17,18,19,20,21,22,23,24,25,26,27,28,29,30,31,32,33,34,35,36,37,38,39,40,41,42,43,44,45,46,47,48,49,50,51,53,54,55,56,57,58,59,60,61,62,63,64,67,69,77,90,135,142,143,144,145,146,147,148,149,150,154,155,
33;0;149;213;0;0,1,2,3,4,5,6,7,8,9,10,11,12,13,14,15,16,17,18,19,20,21,22,23,24,25,26,27,28,29,30,31,32,33,34,35,36,37,38,39,40,41,42,43,44,45,46,47,48,49,50,51,53,54,55,56,57,58,59,60,61,62,63,64,67,69,77,90,135,142,143,144,145,146,147,148,149,150,154,155,
33;1;213;356;0;0,1,2,3,4,5,6,7,8,9,10,11,12,13,14,15,16,17,18,19,20,21,22,23,24,25,26,27,28,29,30,31,32,33,34,35,36,37,38,39,40,41,42,43,44,45,46,47,48,49,50,51,53,54,55,56,57,58,59,60,61,62,63,64,67,69,77,90,135,142,143,144,145,146,147,148,149,150,154,155,
78;0;356;417;0;0,1,2,3,4,5,6,7,8,9,10,11,12,13,14,15,16,17,18,19,20,21,22,23,24,25,26,27,28,29,30,31,32,33,34,35,36,37,38,39,40,41,42,43,44,45,46,47,48,49,50,51,53,54,55,56,57,58,59,60,61,62,63,64,67,69,77,90,135,142,143,144,145,146,147,148,149,150,154,155,
78;1;417;578;0;0,1,2,3,4,5,6,7,8,9,10,11,12,13,14,15,16,17,18,19,20,21,22,23,24,25,26,27,28,29,30,31,32,33,34,35,36,37,38,39,40,41,42,43,44,45,46,47,48,49,50,51,53,54,55,56,57,58,59,60,61,62,63,64,67,69,77,90,135,142,143,144,145,146,147,148,149,150,154,155,
7;0;578;609;0;0,1,2,3,4,5,6,7,8,9,10,11,12,13,14,15,16,17,18,19,20,21,22,23,24,25,26,27,28,29,30,31,32,33,34,35,36,37,38,39,40,41,42,43,44,45,46,47,48,49,50,51,53,54,55,56,57,58,59,60,61,62,63,64,67,69,77,90,135,142,143,144,145,146,147,148,149,150,154,155,
75;0;609;724;0;0,1,2,3,4,5,6,7,8,9,10,11,12,13,14,15,16,17,18,19,20,21,22,23,24,25,26,27,28,29,30,31,32,33,34,35,36,37,38,39,40,41,42,43,44,45,46,47,48,49,50,51,53,54,55,56,57,58,59,60,61,62,63,64,67,69,77,90,135,142,143,144,145,146,147,148,149,150,154,155,
45;0;724;763;0;0,1,2,3,4,5,6,7,8,9,10,11,12,13,14,15,16,17,18,19,20,21,22,23,24,25,26,27,28,29,30,31,32,33,34,35,36,37,38,39,40,41,42,43,44,45,46,47,48,49,50,51,53,54,55,56,57,58,59,60,61,62,63,64,67,69,77,90,135,142,143,144,145,146,147,148,149,150,154,155,
68;0;763;847;0;0,1,2,3,4,5,6,7,8,9,10,11,12,13,14,15,16,17,18,19,20,21,22,23,24,25,26,27,28,29,30,31,32,33,34,35,36,37,38,39,40,41,42,43,44,45,46,47,48,49,50,51,53,54,55,56,57,58,59,60,61,62,63,64,67,69,77,90,135,142,143,144,145,146,147,148,149,150,154,155,
68;1;847;1009;0;0,1,2,3,4,5,6,7,8,9,10,11,12,13,14,15,16,17,18,19,20,21,22,23,24,25,26,27,28,29,30,31,32,33,34,35,36,37,38,39,40,41,42,43,44,45,46,47,48,49,50,51,53,54,55,56,57,58,59,60,61,62,63,64,67,69,77,90,135,142,143,144,145,146,147,148,149,150,154,155,
41;0;1009;1027;1;0,1,2,3,4,5,6,7,8,9,10,11,12,13,14,15,16,17,18,19,20,21,22,23,24,25,26,27,28,29,30,31,32,33,34,35,36,37,38,39,40,41,42,43,44,45,46,47,48,49,50,51,53,54,55,56,57,58,59,60,61,62,63,64,67,69,77,90,135,142,143,144,145,146,147,148,149,150,154,155,
41;1;1027;1061;1;0,1,2,3,4,5,6,7,8,9,10,11,12,13,14,15,16,17,18,19,20,21,22,23,24,25,26,27,28,29,30,31,32,33,34,35,36,37,38,39,40,41,42,43,44,45,46,47,48,49,50,51,53,54,55,56,57,58,59,60,61,62,63,64,67,69,77,90,135,142,143,144,145,146,147,148,149,150,154,155,
19;0;1061;1232;1;0,1,2,3,4,5,6,7,8,9,10,11,12,13,14,15,16,17,18,19,20,21,22,23,24,25,26,27,28,29,30,31,32,33,34,35,36,37,38,39,40,41,42,43,44,45,46,47,48,49,50,51,53,54,55,56,57,58,59,60,61,62,63,64,67,69,77,90,135,142,143,144,145,146,147,148,149,150,154,155,
19;1;1232;1396;1;0,1,2,3,4,5,6,7,8,9,10,11,12,13,14,15,16,17,18,19,20,21,22,23,24,25,26,27,28,29,30,31,32,33,34,35,36,37,38,39,40,41,42,43,44,45,46,47,48,49,50,51,53,54,55,56,57,58,59,60,61,62,63,64,67,69,77,90,135,142,143,144,145,146,147,148,149,150,154,155,
46;0;1396;1546;1;0,1,2,3,4,5,6,7,8,9,10,11,12,13,14,15,16,17,18,19,20,21,22,23,24,25,26,27,28,29,30,31,32,33,34,35,36,37,38,39,40,41,42,43,44,45,46,47,48,49,50,51,53,54,55,56,57,58,59,60,61,62,63,64,67,69,77,90,135,142,143,144,145,146,147,148,149,150,154,155,
46;1;1546;1716;1;0,1,2,3,4,5,6,7,8,9,10,11,12,13,14,15,16,17,18,19,20,21,22,23,24,25,26,27,28,29,30,31,32,33,34,35,36,37,38,39,40,41,42,43,44,45,46,47,48,49,50,51,53,54,55,56,57,58,59,60,61,62,63,64,67,69,77,90,135,142,143,144,145,146,147,148,149,150,154,155,
25;0;1716;1800;0;0,1,2,3,4,5,6,7,8,9,10,11,12,13,14,15,16,17,18,19,20,21,22,23,24,25,26,27,28,29,30,31,32,33,34,35,36,37,38,39,40,41,42,43,44,45,46,47,48,49,50,51,53,54,55,56,57,58,59,60,61,62,63,64,67,69,77,90,135,142,143,144,145,146,147,148,149,150,154,155,
27;0;1800;1905;0;0,1,2,3,4,5,6,7,8,9,10,11,12,13,14,15,16,17,18,19,20,21,22,23,24,25,26,27,28,29,30,31,32,33,34,35,36,37,38,39,40,41,42,43,44,45,46,47,48,49,50,51,53,54,55,56,57,58,59,60,61,62,63,64,67,69,77,90,135,142,143,144,145,146,147,148,149,150,154,155,
END
fineshedJobsCount: 130
switchs: 0
switchsInstances: 0
unfineshedPriorityCount: 0
totalUnfineshed: 0
criticalMachineSwitchs: 0
criticalMachineTime: 2497
Final Solution: 3900
Time: 155729
PTL: 0
MCMC: 24
Best Initial: 3900
Mean Initial: 3892.64
