./input/BaseInstances/6M1_n=210,r=0.6,t=266,v0.txt;./input/Processed/ToolSetInt.csv
7;720;1440
Machine: 0
80;0;0;77;0;0,1,2,3,4,5,6,7,18,20,21,27,28,30,31,32,33,34,35,36,37,38,40,45,46,47,48,49,50,51,52,53,57,63,64,65,66,67,68,69,77,84,115,132,133,134,135,136,137,138,139,140,141,151,153,154,155,167,168,169,177,183,186,188,190,191,208,216,218,235,238,239,242,250,253,254,255,258,259,260,
5;0;77;143;0;0,1,2,3,4,5,6,7,18,20,21,27,28,30,31,32,33,34,35,36,37,38,40,45,46,47,48,49,50,51,52,53,57,63,64,65,66,67,68,69,77,84,115,132,133,134,135,136,137,138,139,140,141,151,153,154,155,167,168,169,177,183,186,188,190,191,208,216,218,235,238,239,242,250,253,254,255,258,259,260,
88;0;143;202;0;0,1,2,3,4,5,6,7,18,20,21,27,28,30,31,32,33,34,35,36,37,38,40,45,46,47,48,49,50,51,52,53,57,63,64,65,66,67,68,69,77,84,115,132,133,134,135,136,137,138,139,140,141,151,153,154,155,167,168,169,177,183,186,188,190,191,208,216,218,235,238,239,242,250,253,254,255,258,259,260,
88;1;202;336;0;0,1,2,3,4,5,6,7,18,20,21,27,28,30,31,32,33,34,35,36,37,38,40,45,46,47,48,49,50,51,52,53,57,63,64,65,66,67,68,69,77,84,115,132,133,134,135,136,137,138,139,140,141,151,153,154,155,167,168,169,177,183,186,188,190,191,208,216,218,235,238,239,242,250,253,254,255,258,259,260,
82;0;336;457;0;0,1,2,3,4,5,6,7,18,20,21,27,28,30,31,32,33,34,35,36,37,38,40,45,46,47,48,49,50,51,52,53,57,63,64,65,66,67,68,69,77,84,115,132,133,134,135,136,137,138,139,140,141,151,153,154,155,167,168,169,177,183,186,188,190,191,208,216,218,235,238,239,242,250,253,254,255,258,259,260,
84;0;457;583;1;0,1,2,3,4,5,6,7,18,20,21,27,28,30,31,32,33,34,35,36,37,38,40,45,46,47,48,49,50,51,52,53,57,63,64,65,66,67,68,69,77,84,115,132,133,134,135,136,137,138,139,140,141,151,153,154,155,167,168,169,177,183,186,188,190,191,208,216,218,235,238,239,242,250,253,254,255,258,259,260,
84;1;583;598;1;0,1,2,3,4,5,6,7,18,20,21,27,28,30,31,32,33,34,35,36,37,38,40,45,46,47,48,49,50,51,52,53,57,63,64,65,66,67,68,69,77,84,115,132,133,134,135,136,137,138,139,140,141,151,153,154,155,167,168,169,177,183,186,188,190,191,208,216,218,235,238,239,242,250,253,254,255,258,259,260,
107;0;598;610;0;0,1,2,3,4,5,6,7,18,20,21,27,28,30,31,32,33,34,35,36,37,38,40,45,46,47,48,49,50,51,52,53,57,63,64,65,66,67,68,69,77,84,115,132,133,134,135,136,137,138,139,140,141,151,153,154,155,167,168,169,177,183,186,188,190,191,208,216,218,235,238,239,242,250,253,254,255,258,259,260,
68;0;610;707;0;0,1,2,3,4,5,6,7,18,20,21,27,28,30,31,32,33,34,35,36,37,38,40,45,46,47,48,49,50,51,52,53,57,63,64,65,66,67,68,69,77,84,115,132,133,134,135,136,137,138,139,140,141,151,153,154,155,167,168,169,177,183,186,188,190,191,208,216,218,235,238,239,242,250,253,254,255,258,259,260,
68;1;707;869;0;0,1,2,3,4,5,6,7,18,20,21,27,28,30,31,32,33,34,35,36,37,38,40,45,46,47,48,49,50,51,52,53,57,63,64,65,66,67,68,69,77,84,115,132,133,134,135,136,137,138,139,140,141,151,153,154,155,167,168,169,177,183,186,188,190,191,208,216,218,235,238,239,242,250,253,254,255,258,259,260,
77;0;869;914;0;0,1,2,3,4,5,6,7,18,20,21,27,28,30,31,32,33,34,35,36,37,38,40,45,46,47,48,49,50,51,52,53,57,63,64,65,66,67,68,69,77,84,115,132,133,134,135,136,137,138,139,140,141,151,153,154,155,167,168,169,177,183,186,188,190,191,208,216,218,235,238,239,242,250,253,254,255,258,259,260,
74;0;914;1079;1;0,1,2,3,4,5,6,7,18,20,21,27,28,30,31,32,33,34,35,36,37,38,40,45,46,47,48,49,50,51,52,53,57,63,64,65,66,67,68,69,77,84,115,132,133,134,135,136,137,138,139,140,141,151,153,154,155,167,168,169,177,183,186,188,190,191,208,216,218,235,238,239,242,250,253,254,255,258,259,260,
74;1;1079;1121;1;0,1,2,3,4,5,6,7,18,20,21,27,28,30,31,32,33,34,35,36,37,38,40,45,46,47,48,49,50,51,52,53,57,63,64,65,66,67,68,69,77,84,115,132,133,134,135,136,137,138,139,140,141,151,153,154,155,167,168,169,177,183,186,188,190,191,208,216,218,235,238,239,242,250,253,254,255,258,259,260,
126;0;1121;1154;1;0,1,2,3,4,5,6,7,18,20,21,27,28,30,31,32,33,34,35,36,37,38,40,45,46,47,48,49,50,51,52,53,57,63,64,65,66,67,68,69,77,84,115,132,133,134,135,136,137,138,139,140,141,151,153,154,155,167,168,169,177,183,186,188,190,191,208,216,218,235,238,239,242,250,253,254,255,258,259,260,
126;1;1154;1188;1;0,1,2,3,4,5,6,7,18,20,21,27,28,30,31,32,33,34,35,36,37,38,40,45,46,47,48,49,50,51,52,53,57,63,64,65,66,67,68,69,77,84,115,132,133,134,135,136,137,138,139,140,141,151,153,154,155,167,168,169,177,183,186,188,190,191,208,216,218,235,238,239,242,250,253,254,255,258,259,260,
81;0;1188;1253;1;0,1,2,3,4,5,6,7,18,20,21,27,28,30,31,32,33,34,35,36,37,38,40,45,46,47,48,49,50,51,52,53,57,63,64,65,66,67,68,69,77,84,115,132,133,134,135,136,137,138,139,140,141,151,153,154,155,167,168,169,177,183,186,188,190,191,208,216,218,235,238,239,242,250,253,254,255,258,259,260,
81;1;1253;1362;1;0,1,2,3,4,5,6,7,18,20,21,27,28,30,31,32,33,34,35,36,37,38,40,45,46,47,48,49,50,51,52,53,57,63,64,65,66,67,68,69,77,84,115,132,133,134,135,136,137,138,139,140,141,151,153,154,155,167,168,169,177,183,186,188,190,191,208,216,218,235,238,239,242,250,253,254,255,258,259,260,
109;0;1362;1422;1;0,1,2,3,4,5,6,7,18,20,21,27,28,30,31,32,33,34,35,36,37,38,40,45,46,47,48,49,50,51,52,53,57,63,64,65,66,67,68,69,77,84,115,132,133,134,135,136,137,138,139,140,141,151,153,154,155,167,168,169,177,183,186,188,190,191,208,216,218,235,238,239,242,250,253,254,255,258,259,260,
109;1;1422;1531;1;0,1,2,3,4,5,6,7,18,20,21,27,28,30,31,32,33,34,35,36,37,38,40,45,46,47,48,49,50,51,52,53,57,63,64,65,66,67,68,69,77,84,115,132,133,134,135,136,137,138,139,140,141,151,153,154,155,167,168,169,177,183,186,188,190,191,208,216,218,235,238,239,242,250,253,254,255,258,259,260,
54;0;1531;1668;1;0,1,2,3,4,5,6,7,18,20,21,27,28,30,31,32,33,34,35,36,37,38,40,45,46,47,48,49,50,51,52,53,57,63,64,65,66,67,68,69,77,84,115,132,133,134,135,136,137,138,139,140,141,151,153,154,155,167,168,169,177,183,186,188,190,191,208,216,218,235,238,239,242,250,253,254,255,258,259,260,
54;1;1668;1759;1;0,1,2,3,4,5,6,7,18,20,21,27,28,30,31,32,33,34,35,36,37,38,40,45,46,47,48,49,50,51,52,53,57,63,64,65,66,67,68,69,77,84,115,132,133,134,135,136,137,138,139,140,141,151,153,154,155,167,168,169,177,183,186,188,190,191,208,216,218,235,238,239,242,250,253,254,255,258,259,260,
92;0;1759;1890;0;0,1,2,3,4,5,6,7,18,20,21,27,28,30,31,32,33,34,35,36,37,38,40,45,46,47,48,49,50,51,52,53,57,63,64,65,66,67,68,69,77,84,115,132,133,134,135,136,137,138,139,140,141,151,153,154,155,167,168,169,177,183,186,188,190,191,208,216,218,235,238,239,242,250,253,254,255,258,259,260,
113;0;1890;2037;0;0,1,2,3,4,5,6,7,18,20,21,27,28,30,31,32,33,34,35,36,37,38,40,45,46,47,48,49,50,51,52,53,57,63,64,65,66,67,68,69,77,84,115,132,133,134,135,136,137,138,139,140,141,151,153,154,155,167,168,169,177,183,186,188,190,191,208,216,218,235,238,239,242,250,253,254,255,258,259,260,
113;1;2037;2126;0;0,1,2,3,4,5,6,7,18,20,21,27,28,30,31,32,33,34,35,36,37,38,40,45,46,47,48,49,50,51,52,53,57,63,64,65,66,67,68,69,77,84,115,132,133,134,135,136,137,138,139,140,141,151,153,154,155,167,168,169,177,183,186,188,190,191,208,216,218,235,238,239,242,250,253,254,255,258,259,260,
60;0;2126;2291;0;0,1,2,3,4,5,6,7,18,20,21,27,28,30,31,32,33,34,35,36,37,38,40,45,46,47,48,49,50,51,52,53,57,63,64,65,66,67,68,69,77,84,115,132,133,134,135,136,137,138,139,140,141,151,153,154,155,167,168,169,177,183,186,188,190,191,208,216,218,235,238,239,242,250,253,254,255,258,259,260,
115;0;2291;2414;0;0,1,2,3,4,5,6,7,18,20,21,27,28,30,31,32,33,34,35,36,37,38,40,45,46,47,48,49,50,51,52,53,57,63,64,65,66,67,68,69,77,84,115,132,133,134,135,136,137,138,139,140,141,151,153,154,155,167,168,169,177,183,186,188,190,191,208,216,218,235,238,239,242,250,253,254,255,258,259,260,
18;0;2414;2500;0;0,1,2,3,4,5,6,7,18,20,21,27,28,30,31,32,33,34,35,36,37,38,40,45,46,47,48,49,50,51,52,53,57,63,64,65,66,67,68,69,77,84,115,132,133,134,135,136,137,138,139,140,141,151,153,154,155,167,168,169,177,183,186,188,190,191,208,216,218,235,238,239,242,250,253,254,255,258,259,260,
18;1;2500;2634;0;0,1,2,3,4,5,6,7,18,20,21,27,28,30,31,32,33,34,35,36,37,38,40,45,46,47,48,49,50,51,52,53,57,63,64,65,66,67,68,69,77,84,115,132,133,134,135,136,137,138,139,140,141,151,153,154,155,167,168,169,177,183,186,188,190,191,208,216,218,235,238,239,242,250,253,254,255,258,259,260,
3;0;2634;2700;0;0,1,2,3,4,5,6,7,18,20,21,27,28,30,31,32,33,34,35,36,37,38,40,45,46,47,48,49,50,51,52,53,57,63,64,65,66,67,68,69,77,84,115,132,133,134,135,136,137,138,139,140,141,151,153,154,155,167,168,169,177,183,186,188,190,191,208,216,218,235,238,239,242,250,253,254,255,258,259,260,
3;1;2700;2742;0;0,1,2,3,4,5,6,7,18,20,21,27,28,30,31,32,33,34,35,36,37,38,40,45,46,47,48,49,50,51,52,53,57,63,64,65,66,67,68,69,77,84,115,132,133,134,135,136,137,138,139,140,141,151,153,154,155,167,168,169,177,183,186,188,190,191,208,216,218,235,238,239,242,250,253,254,255,258,259,260,
122;0;2742;2903;0;0,1,2,3,4,5,6,7,18,20,21,27,28,30,31,32,33,34,35,36,37,38,40,45,46,47,48,49,50,51,52,53,57,63,64,65,66,67,68,69,77,84,115,132,133,134,135,136,137,138,139,140,141,151,153,154,155,167,168,169,177,183,186,188,190,191,208,216,218,235,238,239,242,250,253,254,255,258,259,260,
76;0;2903;3024;1;0,1,2,3,4,5,6,7,18,20,21,27,28,30,31,32,33,34,35,36,37,38,40,45,46,47,48,49,50,51,52,53,57,63,64,65,66,67,68,69,77,84,115,132,133,134,135,136,137,138,139,140,141,151,153,154,155,167,168,169,177,183,186,188,190,191,208,216,218,235,238,239,242,250,253,254,255,258,259,260,
76;1;3024;3160;1;0,1,2,3,4,5,6,7,18,20,21,27,28,30,31,32,33,34,35,36,37,38,40,45,46,47,48,49,50,51,52,53,57,63,64,65,66,67,68,69,77,84,115,132,133,134,135,136,137,138,139,140,141,151,153,154,155,167,168,169,177,183,186,188,190,191,208,216,218,235,238,239,242,250,253,254,255,258,259,260,
101;0;3160;3308;1;0,1,2,3,4,5,6,7,18,20,21,27,28,30,31,32,33,34,35,36,37,38,40,45,46,47,48,49,50,51,52,53,57,63,64,65,66,67,68,69,77,84,115,132,133,134,135,136,137,138,139,140,141,151,153,154,155,167,168,169,177,183,186,188,190,191,208,216,218,235,238,239,242,250,253,254,255,258,259,260,
101;1;3308;3330;1;0,1,2,3,4,5,6,7,18,20,21,27,28,30,31,32,33,34,35,36,37,38,40,45,46,47,48,49,50,51,52,53,57,63,64,65,66,67,68,69,77,84,115,132,133,134,135,136,137,138,139,140,141,151,153,154,155,167,168,169,177,183,186,188,190,191,208,216,218,235,238,239,242,250,253,254,255,258,259,260,
Machine: 1
9;0;0;126;1;0,1,2,3,5,20,21,36,37,38,39,40,41,42,43,44,45,53,54,55,56,57,58,59,60,61,62,63,64,67,69,70,71,72,73,74,75,76,77,78,79,81,85,100,103,104,105,106,107,108,135,142,143,144,145,146,147,148,149,150,167,168,183,184,185,186,187,188,189,190,191,192,206,207,211,212,213,216,249,262,
9;1;126;189;1;0,1,2,3,5,20,21,36,37,38,39,40,41,42,43,44,45,53,54,55,56,57,58,59,60,61,62,63,64,67,69,70,71,72,73,74,75,76,77,78,79,81,85,100,103,104,105,106,107,108,135,142,143,144,145,146,147,148,149,150,167,168,183,184,185,186,187,188,189,190,191,192,206,207,211,212,213,216,249,262,
110;0;189;287;0;0,1,2,3,5,20,21,36,37,38,39,40,41,42,43,44,45,53,54,55,56,57,58,59,60,61,62,63,64,67,69,70,71,72,73,74,75,76,77,78,79,81,85,100,103,104,105,106,107,108,135,142,143,144,145,146,147,148,149,150,167,168,183,184,185,186,187,188,189,190,191,192,206,207,211,212,213,216,249,262,
34;0;287;309;1;0,1,2,3,5,20,21,36,37,38,39,40,41,42,43,44,45,53,54,55,56,57,58,59,60,61,62,63,64,67,69,70,71,72,73,74,75,76,77,78,79,81,85,100,103,104,105,106,107,108,135,142,143,144,145,146,147,148,149,150,167,168,183,184,185,186,187,188,189,190,191,192,206,207,211,212,213,216,249,262,
34;1;309;358;1;0,1,2,3,5,20,21,36,37,38,39,40,41,42,43,44,45,53,54,55,56,57,58,59,60,61,62,63,64,67,69,70,71,72,73,74,75,76,77,78,79,81,85,100,103,104,105,106,107,108,135,142,143,144,145,146,147,148,149,150,167,168,183,184,185,186,187,188,189,190,191,192,206,207,211,212,213,216,249,262,
108;0;358;364;0;0,1,2,3,5,20,21,36,37,38,39,40,41,42,43,44,45,53,54,55,56,57,58,59,60,61,62,63,64,67,69,70,71,72,73,74,75,76,77,78,79,81,85,100,103,104,105,106,107,108,135,142,143,144,145,146,147,148,149,150,167,168,183,184,185,186,187,188,189,190,191,192,206,207,211,212,213,216,249,262,
108;1;364;441;0;0,1,2,3,5,20,21,36,37,38,39,40,41,42,43,44,45,53,54,55,56,57,58,59,60,61,62,63,64,67,69,70,71,72,73,74,75,76,77,78,79,81,85,100,103,104,105,106,107,108,135,142,143,144,145,146,147,148,149,150,167,168,183,184,185,186,187,188,189,190,191,192,206,207,211,212,213,216,249,262,
14;0;441;527;1;0,1,2,3,5,20,21,36,37,38,39,40,41,42,43,44,45,53,54,55,56,57,58,59,60,61,62,63,64,67,69,70,71,72,73,74,75,76,77,78,79,81,85,100,103,104,105,106,107,108,135,142,143,144,145,146,147,148,149,150,167,168,183,184,185,186,187,188,189,190,191,192,206,207,211,212,213,216,249,262,
14;1;527;678;1;0,1,2,3,5,20,21,36,37,38,39,40,41,42,43,44,45,53,54,55,56,57,58,59,60,61,62,63,64,67,69,70,71,72,73,74,75,76,77,78,79,81,85,100,103,104,105,106,107,108,135,142,143,144,145,146,147,148,149,150,167,168,183,184,185,186,187,188,189,190,191,192,206,207,211,212,213,216,249,262,
66;0;678;738;1;0,1,2,3,5,20,21,36,37,38,39,40,41,42,43,44,45,53,54,55,56,57,58,59,60,61,62,63,64,67,69,70,71,72,73,74,75,76,77,78,79,81,85,100,103,104,105,106,107,108,135,142,143,144,145,146,147,148,149,150,167,168,183,184,185,186,187,188,189,190,191,192,206,207,211,212,213,216,249,262,
66;1;738;899;1;0,1,2,3,5,20,21,36,37,38,39,40,41,42,43,44,45,53,54,55,56,57,58,59,60,61,62,63,64,67,69,70,71,72,73,74,75,76,77,78,79,81,85,100,103,104,105,106,107,108,135,142,143,144,145,146,147,148,149,150,167,168,183,184,185,186,187,188,189,190,191,192,206,207,211,212,213,216,249,262,
19;0;899;1002;1;0,1,2,3,5,20,21,36,37,38,39,40,41,42,43,44,45,53,54,55,56,57,58,59,60,61,62,63,64,67,69,70,71,72,73,74,75,76,77,78,79,81,85,100,103,104,105,106,107,108,135,142,143,144,145,146,147,148,149,150,167,168,183,184,185,186,187,188,189,190,191,192,206,207,211,212,213,216,249,262,
19;1;1002;1166;1;0,1,2,3,5,20,21,36,37,38,39,40,41,42,43,44,45,53,54,55,56,57,58,59,60,61,62,63,64,67,69,70,71,72,73,74,75,76,77,78,79,81,85,100,103,104,105,106,107,108,135,142,143,144,145,146,147,148,149,150,167,168,183,184,185,186,187,188,189,190,191,192,206,207,211,212,213,216,249,262,
57;0;1166;1264;0;0,1,2,3,5,20,21,36,37,38,39,40,41,42,43,44,45,53,54,55,56,57,58,59,60,61,62,63,64,67,69,70,71,72,73,74,75,76,77,78,79,81,85,100,103,104,105,106,107,108,135,142,143,144,145,146,147,148,149,150,167,168,183,184,185,186,187,188,189,190,191,192,206,207,211,212,213,216,249,262,
39;0;1264;1337;1;0,1,2,3,5,20,21,36,37,38,39,40,41,42,43,44,45,53,54,55,56,57,58,59,60,61,62,63,64,67,69,70,71,72,73,74,75,76,77,78,79,81,85,100,103,104,105,106,107,108,135,142,143,144,145,146,147,148,149,150,167,168,183,184,185,186,187,188,189,190,191,192,206,207,211,212,213,216,249,262,
39;1;1337;1488;1;0,1,2,3,5,20,21,36,37,38,39,40,41,42,43,44,45,53,54,55,56,57,58,59,60,61,62,63,64,67,69,70,71,72,73,74,75,76,77,78,79,81,85,100,103,104,105,106,107,108,135,142,143,144,145,146,147,148,149,150,167,168,183,184,185,186,187,188,189,190,191,192,206,207,211,212,213,216,249,262,
65;0;1488;1652;0;0,1,2,3,5,20,21,36,37,38,39,40,41,42,43,44,45,53,54,55,56,57,58,59,60,61,62,63,64,67,69,70,71,72,73,74,75,76,77,78,79,81,85,100,103,104,105,106,107,108,135,142,143,144,145,146,147,148,149,150,167,168,183,184,185,186,187,188,189,190,191,192,206,207,211,212,213,216,249,262,
22;0;1652;1761;0;0,1,2,3,5,20,21,36,37,38,39,40,41,42,43,44,45,53,54,55,56,57,58,59,60,61,62,63,64,67,69,70,71,72,73,74,75,76,77,78,79,81,85,100,103,104,105,106,107,108,135,142,143,144,145,146,147,148,149,150,167,168,183,184,185,186,187,188,189,190,191,192,206,207,211,212,213,216,249,262,
73;0;1761;1927;0;0,1,2,3,5,20,21,36,37,38,39,40,41,42,43,44,45,53,54,55,56,57,58,59,60,61,62,63,64,67,69,70,71,72,73,74,75,76,77,78,79,81,85,100,103,104,105,106,107,108,135,142,143,144,145,146,147,148,149,150,167,168,183,184,185,186,187,188,189,190,191,192,206,207,211,212,213,216,249,262,
73;1;1927;2011;0;0,1,2,3,5,20,21,36,37,38,39,40,41,42,43,44,45,53,54,55,56,57,58,59,60,61,62,63,64,67,69,70,71,72,73,74,75,76,77,78,79,81,85,100,103,104,105,106,107,108,135,142,143,144,145,146,147,148,149,150,167,168,183,184,185,186,187,188,189,190,191,192,206,207,211,212,213,216,249,262,
26;0;2011;2155;1;0,1,2,3,5,20,21,36,37,38,39,40,41,42,43,44,45,53,54,55,56,57,58,59,60,61,62,63,64,67,69,70,71,72,73,74,75,76,77,78,79,81,85,100,103,104,105,106,107,108,135,142,143,144,145,146,147,148,149,150,167,168,183,184,185,186,187,188,189,190,191,192,206,207,211,212,213,216,249,262,
26;1;2155;2196;1;0,1,2,3,5,20,21,36,37,38,39,40,41,42,43,44,45,53,54,55,56,57,58,59,60,61,62,63,64,67,69,70,71,72,73,74,75,76,77,78,79,81,85,100,103,104,105,106,107,108,135,142,143,144,145,146,147,148,149,150,167,168,183,184,185,186,187,188,189,190,191,192,206,207,211,212,213,216,249,262,
104;0;2196;2249;1;0,1,2,3,5,20,21,36,37,38,39,40,41,42,43,44,45,53,54,55,56,57,58,59,60,61,62,63,64,67,69,70,71,72,73,74,75,76,77,78,79,81,85,100,103,104,105,106,107,108,135,142,143,144,145,146,147,148,149,150,167,168,183,184,185,186,187,188,189,190,191,192,206,207,211,212,213,216,249,262,
104;1;2249;2419;1;0,1,2,3,5,20,21,36,37,38,39,40,41,42,43,44,45,53,54,55,56,57,58,59,60,61,62,63,64,67,69,70,71,72,73,74,75,76,77,78,79,81,85,100,103,104,105,106,107,108,135,142,143,144,145,146,147,148,149,150,167,168,183,184,185,186,187,188,189,190,191,192,206,207,211,212,213,216,249,262,
78;0;2419;2448;0;0,1,2,3,5,20,21,36,37,38,39,40,41,42,43,44,45,53,54,55,56,57,58,59,60,61,62,63,64,67,69,70,71,72,73,74,75,76,77,78,79,81,85,100,103,104,105,106,107,108,135,142,143,144,145,146,147,148,149,150,167,168,183,184,185,186,187,188,189,190,191,192,206,207,211,212,213,216,249,262,
78;1;2448;2609;0;0,1,2,3,5,20,21,36,37,38,39,40,41,42,43,44,45,53,54,55,56,57,58,59,60,61,62,63,64,67,69,70,71,72,73,74,75,76,77,78,79,81,85,100,103,104,105,106,107,108,135,142,143,144,145,146,147,148,149,150,167,168,183,184,185,186,187,188,189,190,191,192,206,207,211,212,213,216,249,262,
58;0;2609;2655;0;0,1,2,3,5,20,21,36,37,38,39,40,41,42,43,44,45,53,54,55,56,57,58,59,60,61,62,63,64,67,69,70,71,72,73,74,75,76,77,78,79,81,85,100,103,104,105,106,107,108,135,142,143,144,145,146,147,148,149,150,167,168,183,184,185,186,187,188,189,190,191,192,206,207,211,212,213,216,249,262,
58;1;2655;2732;0;0,1,2,3,5,20,21,36,37,38,39,40,41,42,43,44,45,53,54,55,56,57,58,59,60,61,62,63,64,67,69,70,71,72,73,74,75,76,77,78,79,81,85,100,103,104,105,106,107,108,135,142,143,144,145,146,147,148,149,150,167,168,183,184,185,186,187,188,189,190,191,192,206,207,211,212,213,216,249,262,
27;0;2732;2837;0;0,1,2,3,5,20,21,36,37,38,39,40,41,42,43,44,45,53,54,55,56,57,58,59,60,61,62,63,64,67,69,70,71,72,73,74,75,76,77,78,79,81,85,100,103,104,105,106,107,108,135,142,143,144,145,146,147,148,149,150,167,168,183,184,185,186,187,188,189,190,191,192,206,207,211,212,213,216,249,262,
91;0;2837;3000;1;0,1,2,3,5,20,21,36,37,38,39,40,41,42,43,44,45,53,54,55,56,57,58,59,60,61,62,63,64,67,69,70,71,72,73,74,75,76,77,78,79,81,85,100,103,104,105,106,107,108,135,142,143,144,145,146,147,148,149,150,167,168,183,184,185,186,187,188,189,190,191,192,206,207,211,212,213,216,249,262,
91;1;3000;3149;1;0,1,2,3,5,20,21,36,37,38,39,40,41,42,43,44,45,53,54,55,56,57,58,59,60,61,62,63,64,67,69,70,71,72,73,74,75,76,77,78,79,81,85,100,103,104,105,106,107,108,135,142,143,144,145,146,147,148,149,150,167,168,183,184,185,186,187,188,189,190,191,192,206,207,211,212,213,216,249,262,
83;0;3149;3179;0;0,1,2,3,5,20,21,36,37,38,39,40,41,42,43,44,45,53,54,55,56,57,58,59,60,61,62,63,64,67,69,70,71,72,73,74,75,76,77,78,79,81,85,100,103,104,105,106,107,108,135,142,143,144,145,146,147,148,149,150,167,168,183,184,185,186,187,188,189,190,191,192,206,207,211,212,213,216,249,262,
83;1;3179;3280;0;0,1,2,3,5,20,21,36,37,38,39,40,41,42,43,44,45,53,54,55,56,57,58,59,60,61,62,63,64,67,69,70,71,72,73,74,75,76,77,78,79,81,85,100,103,104,105,106,107,108,135,142,143,144,145,146,147,148,149,150,167,168,183,184,185,186,187,188,189,190,191,192,206,207,211,212,213,216,249,262,
10;0;3280;3376;0;0,1,2,3,5,20,21,36,37,38,39,40,41,42,43,44,45,53,54,55,56,57,58,59,60,61,62,63,64,67,69,70,71,72,73,74,75,76,77,78,79,81,85,100,103,104,105,106,107,108,135,142,143,144,145,146,147,148,149,150,167,168,183,184,185,186,187,188,189,190,191,192,206,207,211,212,213,216,249,262,
79;0;3376;3417;1;0,1,2,3,5,20,21,36,37,38,39,40,41,42,43,44,45,53,54,55,56,57,58,59,60,61,62,63,64,67,69,70,71,72,73,74,75,76,77,78,79,81,85,100,103,104,105,106,107,108,135,142,143,144,145,146,147,148,149,150,167,168,183,184,185,186,187,188,189,190,191,192,206,207,211,212,213,216,249,262,
79;1;3417;3438;1;0,1,2,3,5,20,21,36,37,38,39,40,41,42,43,44,45,53,54,55,56,57,58,59,60,61,62,63,64,67,69,70,71,72,73,74,75,76,77,78,79,81,85,100,103,104,105,106,107,108,135,142,143,144,145,146,147,148,149,150,167,168,183,184,185,186,187,188,189,190,191,192,206,207,211,212,213,216,249,262,
4;0;3438;3604;1;0,1,2,3,5,20,21,36,37,38,39,40,41,42,43,44,45,53,54,55,56,57,58,59,60,61,62,63,64,67,69,70,71,72,73,74,75,76,77,78,79,81,85,100,103,104,105,106,107,108,135,142,143,144,145,146,147,148,149,150,167,168,183,184,185,186,187,188,189,190,191,192,206,207,211,212,213,216,249,262,
4;1;3604;3648;1;0,1,2,3,5,20,21,36,37,38,39,40,41,42,43,44,45,53,54,55,56,57,58,59,60,61,62,63,64,67,69,70,71,72,73,74,75,76,77,78,79,81,85,100,103,104,105,106,107,108,135,142,143,144,145,146,147,148,149,150,167,168,183,184,185,186,187,188,189,190,191,192,206,207,211,212,213,216,249,262,
Machine: 2
35;0;0;4;0;0,1,20,33,36,38,53,57,63,64,67,69,85,90,115,116,117,118,119,120,121,122,123,124,125,126,127,128,129,130,131,135,151,152,153,154,155,156,157,177,179,182,183,193,194,196,197,199,200,201,202,203,204,205,206,207,208,209,210,214,215,216,217,220,221,229,230,231,232,233,234,235,236,240,248,249,250,251,252,262,
112;0;4;54;0;0,1,20,33,36,38,53,57,63,64,67,69,85,90,115,116,117,118,119,120,121,122,123,124,125,126,127,128,129,130,131,135,151,152,153,154,155,156,157,177,179,182,183,193,194,196,197,199,200,201,202,203,204,205,206,207,208,209,210,214,215,216,217,220,221,229,230,231,232,233,234,235,236,240,248,249,250,251,252,262,
37;0;54;104;0;0,1,20,33,36,38,53,57,63,64,67,69,85,90,115,116,117,118,119,120,121,122,123,124,125,126,127,128,129,130,131,135,151,152,153,154,155,156,157,177,179,182,183,193,194,196,197,199,200,201,202,203,204,205,206,207,208,209,210,214,215,216,217,220,221,229,230,231,232,233,234,235,236,240,248,249,250,251,252,262,
86;0;104;278;1;0,1,20,33,36,38,53,57,63,64,67,69,85,90,115,116,117,118,119,120,121,122,123,124,125,126,127,128,129,130,131,135,151,152,153,154,155,156,157,177,179,182,183,193,194,196,197,199,200,201,202,203,204,205,206,207,208,209,210,214,215,216,217,220,221,229,230,231,232,233,234,235,236,240,248,249,250,251,252,262,
86;1;278;453;1;0,1,20,33,36,38,53,57,63,64,67,69,85,90,115,116,117,118,119,120,121,122,123,124,125,126,127,128,129,130,131,135,151,152,153,154,155,156,157,177,179,182,183,193,194,196,197,199,200,201,202,203,204,205,206,207,208,209,210,214,215,216,217,220,221,229,230,231,232,233,234,235,236,240,248,249,250,251,252,262,
44;0;453;458;1;0,1,20,33,36,38,53,57,63,64,67,69,85,90,115,116,117,118,119,120,121,122,123,124,125,126,127,128,129,130,131,135,151,152,153,154,155,156,157,177,179,182,183,193,194,196,197,199,200,201,202,203,204,205,206,207,208,209,210,214,215,216,217,220,221,229,230,231,232,233,234,235,236,240,248,249,250,251,252,262,
44;1;458;497;1;0,1,20,33,36,38,53,57,63,64,67,69,85,90,115,116,117,118,119,120,121,122,123,124,125,126,127,128,129,130,131,135,151,152,153,154,155,156,157,177,179,182,183,193,194,196,197,199,200,201,202,203,204,205,206,207,208,209,210,214,215,216,217,220,221,229,230,231,232,233,234,235,236,240,248,249,250,251,252,262,
59;0;497;502;1;0,1,20,33,36,38,53,57,63,64,67,69,85,90,115,116,117,118,119,120,121,122,123,124,125,126,127,128,129,130,131,135,151,152,153,154,155,156,157,177,179,182,183,193,194,196,197,199,200,201,202,203,204,205,206,207,208,209,210,214,215,216,217,220,221,229,230,231,232,233,234,235,236,240,248,249,250,251,252,262,
59;1;502;626;1;0,1,20,33,36,38,53,57,63,64,67,69,85,90,115,116,117,118,119,120,121,122,123,124,125,126,127,128,129,130,131,135,151,152,153,154,155,156,157,177,179,182,183,193,194,196,197,199,200,201,202,203,204,205,206,207,208,209,210,214,215,216,217,220,221,229,230,231,232,233,234,235,236,240,248,249,250,251,252,262,
117;0;626;806;0;0,1,20,33,36,38,53,57,63,64,67,69,85,90,115,116,117,118,119,120,121,122,123,124,125,126,127,128,129,130,131,135,151,152,153,154,155,156,157,177,179,182,183,193,194,196,197,199,200,201,202,203,204,205,206,207,208,209,210,214,215,216,217,220,221,229,230,231,232,233,234,235,236,240,248,249,250,251,252,262,
85;0;806;833;0;0,1,20,33,36,38,53,57,63,64,67,69,85,90,115,116,117,118,119,120,121,122,123,124,125,126,127,128,129,130,131,135,151,152,153,154,155,156,157,177,179,182,183,193,194,196,197,199,200,201,202,203,204,205,206,207,208,209,210,214,215,216,217,220,221,229,230,231,232,233,234,235,236,240,248,249,250,251,252,262,
46;0;833;938;1;0,1,20,33,36,38,53,57,63,64,67,69,85,90,115,116,117,118,119,120,121,122,123,124,125,126,127,128,129,130,131,135,151,152,153,154,155,156,157,177,179,182,183,193,194,196,197,199,200,201,202,203,204,205,206,207,208,209,210,214,215,216,217,220,221,229,230,231,232,233,234,235,236,240,248,249,250,251,252,262,
46;1;938;1108;1;0,1,20,33,36,38,53,57,63,64,67,69,85,90,115,116,117,118,119,120,121,122,123,124,125,126,127,128,129,130,131,135,151,152,153,154,155,156,157,177,179,182,183,193,194,196,197,199,200,201,202,203,204,205,206,207,208,209,210,214,215,216,217,220,221,229,230,231,232,233,234,235,236,240,248,249,250,251,252,262,
33;0;1108;1185;0;0,1,20,33,36,38,53,57,63,64,67,69,85,90,115,116,117,118,119,120,121,122,123,124,125,126,127,128,129,130,131,135,151,152,153,154,155,156,157,177,179,182,183,193,194,196,197,199,200,201,202,203,204,205,206,207,208,209,210,214,215,216,217,220,221,229,230,231,232,233,234,235,236,240,248,249,250,251,252,262,
33;1;1185;1328;0;0,1,20,33,36,38,53,57,63,64,67,69,85,90,115,116,117,118,119,120,121,122,123,124,125,126,127,128,129,130,131,135,151,152,153,154,155,156,157,177,179,182,183,193,194,196,197,199,200,201,202,203,204,205,206,207,208,209,210,214,215,216,217,220,221,229,230,231,232,233,234,235,236,240,248,249,250,251,252,262,
125;0;1328;1367;0;0,1,20,33,36,38,53,57,63,64,67,69,85,90,115,116,117,118,119,120,121,122,123,124,125,126,127,128,129,130,131,135,151,152,153,154,155,156,157,177,179,182,183,193,194,196,197,199,200,201,202,203,204,205,206,207,208,209,210,214,215,216,217,220,221,229,230,231,232,233,234,235,236,240,248,249,250,251,252,262,
129;0;1367;1411;1;0,1,20,33,36,38,53,57,63,64,67,69,85,90,115,116,117,118,119,120,121,122,123,124,125,126,127,128,129,130,131,135,151,152,153,154,155,156,157,177,179,182,183,193,194,196,197,199,200,201,202,203,204,205,206,207,208,209,210,214,215,216,217,220,221,229,230,231,232,233,234,235,236,240,248,249,250,251,252,262,
129;1;1411;1587;1;0,1,20,33,36,38,53,57,63,64,67,69,85,90,115,116,117,118,119,120,121,122,123,124,125,126,127,128,129,130,131,135,151,152,153,154,155,156,157,177,179,182,183,193,194,196,197,199,200,201,202,203,204,205,206,207,208,209,210,214,215,216,217,220,221,229,230,231,232,233,234,235,236,240,248,249,250,251,252,262,
61;0;1587;1623;1;0,1,20,33,36,38,53,57,63,64,67,69,85,90,115,116,117,118,119,120,121,122,123,124,125,126,127,128,129,130,131,135,151,152,153,154,155,156,157,177,179,182,183,193,194,196,197,199,200,201,202,203,204,205,206,207,208,209,210,214,215,216,217,220,221,229,230,231,232,233,234,235,236,240,248,249,250,251,252,262,
61;1;1623;1713;1;0,1,20,33,36,38,53,57,63,64,67,69,85,90,115,116,117,118,119,120,121,122,123,124,125,126,127,128,129,130,131,135,151,152,153,154,155,156,157,177,179,182,183,193,194,196,197,199,200,201,202,203,204,205,206,207,208,209,210,214,215,216,217,220,221,229,230,231,232,233,234,235,236,240,248,249,250,251,252,262,
50;0;1713;1852;0;0,1,20,33,36,38,53,57,63,64,67,69,85,90,115,116,117,118,119,120,121,122,123,124,125,126,127,128,129,130,131,135,151,152,153,154,155,156,157,177,179,182,183,193,194,196,197,199,200,201,202,203,204,205,206,207,208,209,210,214,215,216,217,220,221,229,230,231,232,233,234,235,236,240,248,249,250,251,252,262,
17;0;1852;1935;0;0,1,20,33,36,38,53,57,63,64,67,69,85,90,115,116,117,118,119,120,121,122,123,124,125,126,127,128,129,130,131,135,151,152,153,154,155,156,157,177,179,182,183,193,194,196,197,199,200,201,202,203,204,205,206,207,208,209,210,214,215,216,217,220,221,229,230,231,232,233,234,235,236,240,248,249,250,251,252,262,
32;0;1935;2039;0;0,1,20,33,36,38,53,57,63,64,67,69,85,90,115,116,117,118,119,120,121,122,123,124,125,126,127,128,129,130,131,135,151,152,153,154,155,156,157,177,179,182,183,193,194,196,197,199,200,201,202,203,204,205,206,207,208,209,210,214,215,216,217,220,221,229,230,231,232,233,234,235,236,240,248,249,250,251,252,262,
43;0;2039;2081;0;0,1,20,33,36,38,53,57,63,64,67,69,85,90,115,116,117,118,119,120,121,122,123,124,125,126,127,128,129,130,131,135,151,152,153,154,155,156,157,177,179,182,183,193,194,196,197,199,200,201,202,203,204,205,206,207,208,209,210,214,215,216,217,220,221,229,230,231,232,233,234,235,236,240,248,249,250,251,252,262,
43;1;2081;2245;0;0,1,20,33,36,38,53,57,63,64,67,69,85,90,115,116,117,118,119,120,121,122,123,124,125,126,127,128,129,130,131,135,151,152,153,154,155,156,157,177,179,182,183,193,194,196,197,199,200,201,202,203,204,205,206,207,208,209,210,214,215,216,217,220,221,229,230,231,232,233,234,235,236,240,248,249,250,251,252,262,
16;0;2245;2410;1;0,1,20,33,36,38,53,57,63,64,67,69,85,90,115,116,117,118,119,120,121,122,123,124,125,126,127,128,129,130,131,135,151,152,153,154,155,156,157,177,179,182,183,193,194,196,197,199,200,201,202,203,204,205,206,207,208,209,210,214,215,216,217,220,221,229,230,231,232,233,234,235,236,240,248,249,250,251,252,262,
16;1;2410;2507;1;0,1,20,33,36,38,53,57,63,64,67,69,85,90,115,116,117,118,119,120,121,122,123,124,125,126,127,128,129,130,131,135,151,152,153,154,155,156,157,177,179,182,183,193,194,196,197,199,200,201,202,203,204,205,206,207,208,209,210,214,215,216,217,220,221,229,230,231,232,233,234,235,236,240,248,249,250,251,252,262,
20;0;2507;2580;0;0,1,20,33,36,38,53,57,63,64,67,69,85,90,115,116,117,118,119,120,121,122,123,124,125,126,127,128,129,130,131,135,151,152,153,154,155,156,157,177,179,182,183,193,194,196,197,199,200,201,202,203,204,205,206,207,208,209,210,214,215,216,217,220,221,229,230,231,232,233,234,235,236,240,248,249,250,251,252,262,
56;0;2580;2648;1;0,1,20,33,36,38,53,57,63,64,67,69,85,90,115,116,117,118,119,120,121,122,123,124,125,126,127,128,129,130,131,135,151,152,153,154,155,156,157,177,179,182,183,193,194,196,197,199,200,201,202,203,204,205,206,207,208,209,210,214,215,216,217,220,221,229,230,231,232,233,234,235,236,240,248,249,250,251,252,262,
56;1;2648;2752;1;0,1,20,33,36,38,53,57,63,64,67,69,85,90,115,116,117,118,119,120,121,122,123,124,125,126,127,128,129,130,131,135,151,152,153,154,155,156,157,177,179,182,183,193,194,196,197,199,200,201,202,203,204,205,206,207,208,209,210,214,215,216,217,220,221,229,230,231,232,233,234,235,236,240,248,249,250,251,252,262,
102;0;2752;2803;0;0,1,20,33,36,38,53,57,63,64,67,69,85,90,115,116,117,118,119,120,121,122,123,124,125,126,127,128,129,130,131,135,151,152,153,154,155,156,157,177,179,182,183,193,194,196,197,199,200,201,202,203,204,205,206,207,208,209,210,214,215,216,217,220,221,229,230,231,232,233,234,235,236,240,248,249,250,251,252,262,
29;0;2803;2811;1;0,1,20,33,36,38,53,57,63,64,67,69,85,90,115,116,117,118,119,120,121,122,123,124,125,126,127,128,129,130,131,135,151,152,153,154,155,156,157,177,179,182,183,193,194,196,197,199,200,201,202,203,204,205,206,207,208,209,210,214,215,216,217,220,221,229,230,231,232,233,234,235,236,240,248,249,250,251,252,262,
29;1;2811;2855;1;0,1,20,33,36,38,53,57,63,64,67,69,85,90,115,116,117,118,119,120,121,122,123,124,125,126,127,128,129,130,131,135,151,152,153,154,155,156,157,177,179,182,183,193,194,196,197,199,200,201,202,203,204,205,206,207,208,209,210,214,215,216,217,220,221,229,230,231,232,233,234,235,236,240,248,249,250,251,252,262,
Machine: 3
7;0;0;31;0;0,1,2,20,21,22,23,24,25,26,27,28,29,36,38,53,54,55,56,57,58,59,60,61,62,63,64,67,69,70,77,81,82,84,85,98,99,100,101,102,103,104,106,113,135,151,170,171,186,191,196,197,216,218,220,221,237,238,239,240,241,242,243,244,245,246,247,249,253,254,255,256,257,258,259,260,261,263,264,265,
41;0;31;121;1;0,1,2,20,21,22,23,24,25,26,27,28,29,36,38,53,54,55,56,57,58,59,60,61,62,63,64,67,69,70,77,81,82,84,85,98,99,100,101,102,103,104,106,113,135,151,170,171,186,191,196,197,216,218,220,221,237,238,239,240,241,242,243,244,245,246,247,249,253,254,255,256,257,258,259,260,261,263,264,265,
41;1;121;155;1;0,1,2,20,21,22,23,24,25,26,27,28,29,36,38,53,54,55,56,57,58,59,60,61,62,63,64,67,69,70,77,81,82,84,85,98,99,100,101,102,103,104,106,113,135,151,170,171,186,191,196,197,216,218,220,221,237,238,239,240,241,242,243,244,245,246,247,249,253,254,255,256,257,258,259,260,261,263,264,265,
51;0;155;304;1;0,1,2,20,21,22,23,24,25,26,27,28,29,36,38,53,54,55,56,57,58,59,60,61,62,63,64,67,69,70,77,81,82,84,85,98,99,100,101,102,103,104,106,113,135,151,170,171,186,191,196,197,216,218,220,221,237,238,239,240,241,242,243,244,245,246,247,249,253,254,255,256,257,258,259,260,261,263,264,265,
51;1;304;441;1;0,1,2,20,21,22,23,24,25,26,27,28,29,36,38,53,54,55,56,57,58,59,60,61,62,63,64,67,69,70,77,81,82,84,85,98,99,100,101,102,103,104,106,113,135,151,170,171,186,191,196,197,216,218,220,221,237,238,239,240,241,242,243,244,245,246,247,249,253,254,255,256,257,258,259,260,261,263,264,265,
2;0;441;613;1;0,1,2,20,21,22,23,24,25,26,27,28,29,36,38,53,54,55,56,57,58,59,60,61,62,63,64,67,69,70,77,81,82,84,85,98,99,100,101,102,103,104,106,113,135,151,170,171,186,191,196,197,216,218,220,221,237,238,239,240,241,242,243,244,245,246,247,249,253,254,255,256,257,258,259,260,261,263,264,265,
52;0;613;647;0;0,1,2,20,21,22,23,24,25,26,27,28,29,36,38,53,54,55,56,57,58,59,60,61,62,63,64,67,69,70,77,81,82,84,85,98,99,100,101,102,103,104,106,113,135,151,170,171,186,191,196,197,216,218,220,221,237,238,239,240,241,242,243,244,245,246,247,249,253,254,255,256,257,258,259,260,261,263,264,265,
70;0;647;784;0;0,1,2,20,21,22,23,24,25,26,27,28,29,36,38,53,54,55,56,57,58,59,60,61,62,63,64,67,69,70,77,81,82,84,85,98,99,100,101,102,103,104,106,113,135,151,170,171,186,191,196,197,216,218,220,221,237,238,239,240,241,242,243,244,245,246,247,249,253,254,255,256,257,258,259,260,261,263,264,265,
53;0;784;795;0;0,1,2,20,21,22,23,24,25,26,27,28,29,36,38,53,54,55,56,57,58,59,60,61,62,63,64,67,69,70,77,81,82,84,85,98,99,100,101,102,103,104,106,113,135,151,170,171,186,191,196,197,216,218,220,221,237,238,239,240,241,242,243,244,245,246,247,249,253,254,255,256,257,258,259,260,261,263,264,265,
53;1;795;855;0;0,1,2,20,21,22,23,24,25,26,27,28,29,36,38,53,54,55,56,57,58,59,60,61,62,63,64,67,69,70,77,81,82,84,85,98,99,100,101,102,103,104,106,113,135,151,170,171,186,191,196,197,216,218,220,221,237,238,239,240,241,242,243,244,245,246,247,249,253,254,255,256,257,258,259,260,261,263,264,265,
47;0;855;999;0;0,1,2,20,21,22,23,24,25,26,27,28,29,36,38,53,54,55,56,57,58,59,60,61,62,63,64,67,69,70,77,81,82,84,85,98,99,100,101,102,103,104,106,113,135,151,170,171,186,191,196,197,216,218,220,221,237,238,239,240,241,242,243,244,245,246,247,249,253,254,255,256,257,258,259,260,261,263,264,265,
48;0;999;1088;0;0,1,2,20,21,22,23,24,25,26,27,28,29,36,38,53,54,55,56,57,58,59,60,61,62,63,64,67,69,70,77,81,82,84,85,98,99,100,101,102,103,104,106,113,135,151,170,171,186,191,196,197,216,218,220,221,237,238,239,240,241,242,243,244,245,246,247,249,253,254,255,256,257,258,259,260,261,263,264,265,
48;1;1088;1140;0;0,1,2,20,21,22,23,24,25,26,27,28,29,36,38,53,54,55,56,57,58,59,60,61,62,63,64,67,69,70,77,81,82,84,85,98,99,100,101,102,103,104,106,113,135,151,170,171,186,191,196,197,216,218,220,221,237,238,239,240,241,242,243,244,245,246,247,249,253,254,255,256,257,258,259,260,261,263,264,265,
99;0;1140;1300;1;0,1,2,20,21,22,23,24,25,26,27,28,29,36,38,53,54,55,56,57,58,59,60,61,62,63,64,67,69,70,77,81,82,84,85,98,99,100,101,102,103,104,106,113,135,151,170,171,186,191,196,197,216,218,220,221,237,238,239,240,241,242,243,244,245,246,247,249,253,254,255,256,257,258,259,260,261,263,264,265,
99;1;1300;1453;1;0,1,2,20,21,22,23,24,25,26,27,28,29,36,38,53,54,55,56,57,58,59,60,61,62,63,64,67,69,70,77,81,82,84,85,98,99,100,101,102,103,104,106,113,135,151,170,171,186,191,196,197,216,218,220,221,237,238,239,240,241,242,243,244,245,246,247,249,253,254,255,256,257,258,259,260,261,263,264,265,
95;0;1453;1590;0;0,1,2,20,21,22,23,24,25,26,27,28,29,36,38,53,54,55,56,57,58,59,60,61,62,63,64,67,69,70,77,81,82,84,85,98,99,100,101,102,103,104,106,113,135,151,170,171,186,191,196,197,216,218,220,221,237,238,239,240,241,242,243,244,245,246,247,249,253,254,255,256,257,258,259,260,261,263,264,265,
97;0;1590;1597;0;0,1,2,20,21,22,23,24,25,26,27,28,29,36,38,53,54,55,56,57,58,59,60,61,62,63,64,67,69,70,77,81,82,84,85,98,99,100,101,102,103,104,106,113,135,151,170,171,186,191,196,197,216,218,220,221,237,238,239,240,241,242,243,244,245,246,247,249,253,254,255,256,257,258,259,260,261,263,264,265,
42;0;1597;1668;0;0,1,2,20,21,22,23,24,25,26,27,28,29,36,38,53,54,55,56,57,58,59,60,61,62,63,64,67,69,70,77,81,82,84,85,98,99,100,101,102,103,104,106,113,135,151,170,171,186,191,196,197,216,218,220,221,237,238,239,240,241,242,243,244,245,246,247,249,253,254,255,256,257,258,259,260,261,263,264,265,
130;0;1668;1799;0;0,1,2,20,21,22,23,24,25,26,27,28,29,36,38,53,54,55,56,57,58,59,60,61,62,63,64,67,69,70,77,81,82,84,85,98,99,100,101,102,103,104,106,113,135,151,170,171,186,191,196,197,216,218,220,221,237,238,239,240,241,242,243,244,245,246,247,249,253,254,255,256,257,258,259,260,261,263,264,265,
93;0;1799;1898;0;0,1,2,20,21,22,23,24,25,26,27,28,29,36,38,53,54,55,56,57,58,59,60,61,62,63,64,67,69,70,77,81,82,84,85,98,99,100,101,102,103,104,106,113,135,151,170,171,186,191,196,197,216,218,220,221,237,238,239,240,241,242,243,244,245,246,247,249,253,254,255,256,257,258,259,260,261,263,264,265,
93;1;1898;2013;0;0,1,2,20,21,22,23,24,25,26,27,28,29,36,38,53,54,55,56,57,58,59,60,61,62,63,64,67,69,70,77,81,82,84,85,98,99,100,101,102,103,104,106,113,135,151,170,171,186,191,196,197,216,218,220,221,237,238,239,240,241,242,243,244,245,246,247,249,253,254,255,256,257,258,259,260,261,263,264,265,
45;0;2013;2052;0;0,1,2,20,21,22,23,24,25,26,27,28,29,36,38,53,54,55,56,57,58,59,60,61,62,63,64,67,69,70,77,81,82,84,85,98,99,100,101,102,103,104,106,113,135,151,170,171,186,191,196,197,216,218,220,221,237,238,239,240,241,242,243,244,245,246,247,249,253,254,255,256,257,258,259,260,261,263,264,265,
105;0;2052;2118;0;0,1,2,20,21,22,23,24,25,26,27,28,29,36,38,53,54,55,56,57,58,59,60,61,62,63,64,67,69,70,77,81,82,84,85,98,99,100,101,102,103,104,106,113,135,151,170,171,186,191,196,197,216,218,220,221,237,238,239,240,241,242,243,244,245,246,247,249,253,254,255,256,257,258,259,260,261,263,264,265,
69;0;2118;2212;1;0,1,2,20,21,22,23,24,25,26,27,28,29,36,38,53,54,55,56,57,58,59,60,61,62,63,64,67,69,70,77,81,82,84,85,98,99,100,101,102,103,104,106,113,135,151,170,171,186,191,196,197,216,218,220,221,237,238,239,240,241,242,243,244,245,246,247,249,253,254,255,256,257,258,259,260,261,263,264,265,
69;1;2212;2245;1;0,1,2,20,21,22,23,24,25,26,27,28,29,36,38,53,54,55,56,57,58,59,60,61,62,63,64,67,69,70,77,81,82,84,85,98,99,100,101,102,103,104,106,113,135,151,170,171,186,191,196,197,216,218,220,221,237,238,239,240,241,242,243,244,245,246,247,249,253,254,255,256,257,258,259,260,261,263,264,265,
103;0;2245;2379;0;0,1,2,20,21,22,23,24,25,26,27,28,29,36,38,53,54,55,56,57,58,59,60,61,62,63,64,67,69,70,77,81,82,84,85,98,99,100,101,102,103,104,106,113,135,151,170,171,186,191,196,197,216,218,220,221,237,238,239,240,241,242,243,244,245,246,247,249,253,254,255,256,257,258,259,260,261,263,264,265,
103;1;2379;2441;0;0,1,2,20,21,22,23,24,25,26,27,28,29,36,38,53,54,55,56,57,58,59,60,61,62,63,64,67,69,70,77,81,82,84,85,98,99,100,101,102,103,104,106,113,135,151,170,171,186,191,196,197,216,218,220,221,237,238,239,240,241,242,243,244,245,246,247,249,253,254,255,256,257,258,259,260,261,263,264,265,
128;0;2441;2519;0;0,1,2,20,21,22,23,24,25,26,27,28,29,36,38,53,54,55,56,57,58,59,60,61,62,63,64,67,69,70,77,81,82,84,85,98,99,100,101,102,103,104,106,113,135,151,170,171,186,191,196,197,216,218,220,221,237,238,239,240,241,242,243,244,245,246,247,249,253,254,255,256,257,258,259,260,261,263,264,265,
128;1;2519;2597;0;0,1,2,20,21,22,23,24,25,26,27,28,29,36,38,53,54,55,56,57,58,59,60,61,62,63,64,67,69,70,77,81,82,84,85,98,99,100,101,102,103,104,106,113,135,151,170,171,186,191,196,197,216,218,220,221,237,238,239,240,241,242,243,244,245,246,247,249,253,254,255,256,257,258,259,260,261,263,264,265,
114;0;2597;2675;1;0,1,2,20,21,22,23,24,25,26,27,28,29,36,38,53,54,55,56,57,58,59,60,61,62,63,64,67,69,70,77,81,82,84,85,98,99,100,101,102,103,104,106,113,135,151,170,171,186,191,196,197,216,218,220,221,237,238,239,240,241,242,243,244,245,246,247,249,253,254,255,256,257,258,259,260,261,263,264,265,
114;1;2675;2756;1;0,1,2,20,21,22,23,24,25,26,27,28,29,36,38,53,54,55,56,57,58,59,60,61,62,63,64,67,69,70,77,81,82,84,85,98,99,100,101,102,103,104,106,113,135,151,170,171,186,191,196,197,216,218,220,221,237,238,239,240,241,242,243,244,245,246,247,249,253,254,255,256,257,258,259,260,261,263,264,265,
96;0;2756;2900;1;0,1,2,20,21,22,23,24,25,26,27,28,29,36,38,53,54,55,56,57,58,59,60,61,62,63,64,67,69,70,77,81,82,84,85,98,99,100,101,102,103,104,106,113,135,151,170,171,186,191,196,197,216,218,220,221,237,238,239,240,241,242,243,244,245,246,247,249,253,254,255,256,257,258,259,260,261,263,264,265,
96;1;2900;3076;1;0,1,2,20,21,22,23,24,25,26,27,28,29,36,38,53,54,55,56,57,58,59,60,61,62,63,64,67,69,70,77,81,82,84,85,98,99,100,101,102,103,104,106,113,135,151,170,171,186,191,196,197,216,218,220,221,237,238,239,240,241,242,243,244,245,246,247,249,253,254,255,256,257,258,259,260,261,263,264,265,
Machine: 4
1;0;0;168;0;0,1,10,11,12,13,14,15,16,17,18,19,20,24,36,37,38,48,53,54,55,56,57,58,59,60,61,62,63,64,65,66,67,68,69,80,81,82,83,84,85,86,87,88,98,99,100,101,102,103,104,105,106,107,108,109,110,111,112,113,114,151,169,170,171,172,173,174,175,176,208,216,229,230,231,232,233,234,235,236,
1;1;168;233;0;0,1,10,11,12,13,14,15,16,17,18,19,20,24,36,37,38,48,53,54,55,56,57,58,59,60,61,62,63,64,65,66,67,68,69,80,81,82,83,84,85,86,87,88,98,99,100,101,102,103,104,105,106,107,108,109,110,111,112,113,114,151,169,170,171,172,173,174,175,176,208,216,229,230,231,232,233,234,235,236,
23;0;233;339;0;0,1,10,11,12,13,14,15,16,17,18,19,20,24,36,37,38,48,53,54,55,56,57,58,59,60,61,62,63,64,65,66,67,68,69,80,81,82,83,84,85,86,87,88,98,99,100,101,102,103,104,105,106,107,108,109,110,111,112,113,114,151,169,170,171,172,173,174,175,176,208,216,229,230,231,232,233,234,235,236,
23;1;339;496;0;0,1,10,11,12,13,14,15,16,17,18,19,20,24,36,37,38,48,53,54,55,56,57,58,59,60,61,62,63,64,65,66,67,68,69,80,81,82,83,84,85,86,87,88,98,99,100,101,102,103,104,105,106,107,108,109,110,111,112,113,114,151,169,170,171,172,173,174,175,176,208,216,229,230,231,232,233,234,235,236,
30;0;496;627;0;0,1,10,11,12,13,14,15,16,17,18,19,20,24,36,37,38,48,53,54,55,56,57,58,59,60,61,62,63,64,65,66,67,68,69,80,81,82,83,84,85,86,87,88,98,99,100,101,102,103,104,105,106,107,108,109,110,111,112,113,114,151,169,170,171,172,173,174,175,176,208,216,229,230,231,232,233,234,235,236,
119;0;627;716;1;0,1,10,11,12,13,14,15,16,17,18,19,20,24,36,37,38,48,53,54,55,56,57,58,59,60,61,62,63,64,65,66,67,68,69,80,81,82,83,84,85,86,87,88,98,99,100,101,102,103,104,105,106,107,108,109,110,111,112,113,114,151,169,170,171,172,173,174,175,176,208,216,229,230,231,232,233,234,235,236,
119;1;716;784;1;0,1,10,11,12,13,14,15,16,17,18,19,20,24,36,37,38,48,53,54,55,56,57,58,59,60,61,62,63,64,65,66,67,68,69,80,81,82,83,84,85,86,87,88,98,99,100,101,102,103,104,105,106,107,108,109,110,111,112,113,114,151,169,170,171,172,173,174,175,176,208,216,229,230,231,232,233,234,235,236,
64;0;784;874;1;0,1,10,11,12,13,14,15,16,17,18,19,20,24,36,37,38,48,53,54,55,56,57,58,59,60,61,62,63,64,65,66,67,68,69,80,81,82,83,84,85,86,87,88,98,99,100,101,102,103,104,105,106,107,108,109,110,111,112,113,114,151,169,170,171,172,173,174,175,176,208,216,229,230,231,232,233,234,235,236,
64;1;874;939;1;0,1,10,11,12,13,14,15,16,17,18,19,20,24,36,37,38,48,53,54,55,56,57,58,59,60,61,62,63,64,65,66,67,68,69,80,81,82,83,84,85,86,87,88,98,99,100,101,102,103,104,105,106,107,108,109,110,111,112,113,114,151,169,170,171,172,173,174,175,176,208,216,229,230,231,232,233,234,235,236,
98;0;939;1012;0;0,1,10,11,12,13,14,15,16,17,18,19,20,24,36,37,38,48,53,54,55,56,57,58,59,60,61,62,63,64,65,66,67,68,69,80,81,82,83,84,85,86,87,88,98,99,100,101,102,103,104,105,106,107,108,109,110,111,112,113,114,151,169,170,171,172,173,174,175,176,208,216,229,230,231,232,233,234,235,236,
98;1;1012;1169;0;0,1,10,11,12,13,14,15,16,17,18,19,20,24,36,37,38,48,53,54,55,56,57,58,59,60,61,62,63,64,65,66,67,68,69,80,81,82,83,84,85,86,87,88,98,99,100,101,102,103,104,105,106,107,108,109,110,111,112,113,114,151,169,170,171,172,173,174,175,176,208,216,229,230,231,232,233,234,235,236,
28;0;1169;1203;0;0,1,10,11,12,13,14,15,16,17,18,19,20,24,36,37,38,48,53,54,55,56,57,58,59,60,61,62,63,64,65,66,67,68,69,80,81,82,83,84,85,86,87,88,98,99,100,101,102,103,104,105,106,107,108,109,110,111,112,113,114,151,169,170,171,172,173,174,175,176,208,216,229,230,231,232,233,234,235,236,
28;1;1203;1347;0;0,1,10,11,12,13,14,15,16,17,18,19,20,24,36,37,38,48,53,54,55,56,57,58,59,60,61,62,63,64,65,66,67,68,69,80,81,82,83,84,85,86,87,88,98,99,100,101,102,103,104,105,106,107,108,109,110,111,112,113,114,151,169,170,171,172,173,174,175,176,208,216,229,230,231,232,233,234,235,236,
116;0;1347;1407;1;0,1,10,11,12,13,14,15,16,17,18,19,20,24,36,37,38,48,53,54,55,56,57,58,59,60,61,62,63,64,65,66,67,68,69,80,81,82,83,84,85,86,87,88,98,99,100,101,102,103,104,105,106,107,108,109,110,111,112,113,114,151,169,170,171,172,173,174,175,176,208,216,229,230,231,232,233,234,235,236,
116;1;1407;1559;1;0,1,10,11,12,13,14,15,16,17,18,19,20,24,36,37,38,48,53,54,55,56,57,58,59,60,61,62,63,64,65,66,67,68,69,80,81,82,83,84,85,86,87,88,98,99,100,101,102,103,104,105,106,107,108,109,110,111,112,113,114,151,169,170,171,172,173,174,175,176,208,216,229,230,231,232,233,234,235,236,
72;0;1559;1703;0;0,1,10,11,12,13,14,15,16,17,18,19,20,24,36,37,38,48,53,54,55,56,57,58,59,60,61,62,63,64,65,66,67,68,69,80,81,82,83,84,85,86,87,88,98,99,100,101,102,103,104,105,106,107,108,109,110,111,112,113,114,151,169,170,171,172,173,174,175,176,208,216,229,230,231,232,233,234,235,236,
71;0;1703;1801;1;0,1,10,11,12,13,14,15,16,17,18,19,20,24,36,37,38,48,53,54,55,56,57,58,59,60,61,62,63,64,65,66,67,68,69,80,81,82,83,84,85,86,87,88,98,99,100,101,102,103,104,105,106,107,108,109,110,111,112,113,114,151,169,170,171,172,173,174,175,176,208,216,229,230,231,232,233,234,235,236,
71;1;1801;1952;1;0,1,10,11,12,13,14,15,16,17,18,19,20,24,36,37,38,48,53,54,55,56,57,58,59,60,61,62,63,64,65,66,67,68,69,80,81,82,83,84,85,86,87,88,98,99,100,101,102,103,104,105,106,107,108,109,110,111,112,113,114,151,169,170,171,172,173,174,175,176,208,216,229,230,231,232,233,234,235,236,
15;0;1952;2083;0;0,1,10,11,12,13,14,15,16,17,18,19,20,24,36,37,38,48,53,54,55,56,57,58,59,60,61,62,63,64,65,66,67,68,69,80,81,82,83,84,85,86,87,88,98,99,100,101,102,103,104,105,106,107,108,109,110,111,112,113,114,151,169,170,171,172,173,174,175,176,208,216,229,230,231,232,233,234,235,236,
124;0;2083;2087;1;0,1,10,11,12,13,14,15,16,17,18,19,20,24,36,37,38,48,53,54,55,56,57,58,59,60,61,62,63,64,65,66,67,68,69,80,81,82,83,84,85,86,87,88,98,99,100,101,102,103,104,105,106,107,108,109,110,111,112,113,114,151,169,170,171,172,173,174,175,176,208,216,229,230,231,232,233,234,235,236,
124;1;2087;2101;1;0,1,10,11,12,13,14,15,16,17,18,19,20,24,36,37,38,48,53,54,55,56,57,58,59,60,61,62,63,64,65,66,67,68,69,80,81,82,83,84,85,86,87,88,98,99,100,101,102,103,104,105,106,107,108,109,110,111,112,113,114,151,169,170,171,172,173,174,175,176,208,216,229,230,231,232,233,234,235,236,
24;0;2101;2154;1;0,1,10,11,12,13,14,15,16,17,18,19,20,24,36,37,38,48,53,54,55,56,57,58,59,60,61,62,63,64,65,66,67,68,69,80,81,82,83,84,85,86,87,88,98,99,100,101,102,103,104,105,106,107,108,109,110,111,112,113,114,151,169,170,171,172,173,174,175,176,208,216,229,230,231,232,233,234,235,236,
24;1;2154;2166;1;0,1,10,11,12,13,14,15,16,17,18,19,20,24,36,37,38,48,53,54,55,56,57,58,59,60,61,62,63,64,65,66,67,68,69,80,81,82,83,84,85,86,87,88,98,99,100,101,102,103,104,105,106,107,108,109,110,111,112,113,114,151,169,170,171,172,173,174,175,176,208,216,229,230,231,232,233,234,235,236,
120;0;2166;2317;0;0,1,10,11,12,13,14,15,16,17,18,19,20,24,36,37,38,48,53,54,55,56,57,58,59,60,61,62,63,64,65,66,67,68,69,80,81,82,83,84,85,86,87,88,98,99,100,101,102,103,104,105,106,107,108,109,110,111,112,113,114,151,169,170,171,172,173,174,175,176,208,216,229,230,231,232,233,234,235,236,
11;0;2317;2351;1;0,1,10,11,12,13,14,15,16,17,18,19,20,24,36,37,38,48,53,54,55,56,57,58,59,60,61,62,63,64,65,66,67,68,69,80,81,82,83,84,85,86,87,88,98,99,100,101,102,103,104,105,106,107,108,109,110,111,112,113,114,151,169,170,171,172,173,174,175,176,208,216,229,230,231,232,233,234,235,236,
11;1;2351;2365;1;0,1,10,11,12,13,14,15,16,17,18,19,20,24,36,37,38,48,53,54,55,56,57,58,59,60,61,62,63,64,65,66,67,68,69,80,81,82,83,84,85,86,87,88,98,99,100,101,102,103,104,105,106,107,108,109,110,111,112,113,114,151,169,170,171,172,173,174,175,176,208,216,229,230,231,232,233,234,235,236,
63;0;2365;2395;0;0,1,10,11,12,13,14,15,16,17,18,19,20,24,36,37,38,48,53,54,55,56,57,58,59,60,61,62,63,64,65,66,67,68,69,80,81,82,83,84,85,86,87,88,98,99,100,101,102,103,104,105,106,107,108,109,110,111,112,113,114,151,169,170,171,172,173,174,175,176,208,216,229,230,231,232,233,234,235,236,
63;1;2395;2426;0;0,1,10,11,12,13,14,15,16,17,18,19,20,24,36,37,38,48,53,54,55,56,57,58,59,60,61,62,63,64,65,66,67,68,69,80,81,82,83,84,85,86,87,88,98,99,100,101,102,103,104,105,106,107,108,109,110,111,112,113,114,151,169,170,171,172,173,174,175,176,208,216,229,230,231,232,233,234,235,236,
13;0;2426;2523;0;0,1,10,11,12,13,14,15,16,17,18,19,20,24,36,37,38,48,53,54,55,56,57,58,59,60,61,62,63,64,65,66,67,68,69,80,81,82,83,84,85,86,87,88,98,99,100,101,102,103,104,105,106,107,108,109,110,111,112,113,114,151,169,170,171,172,173,174,175,176,208,216,229,230,231,232,233,234,235,236,
13;1;2523;2703;0;0,1,10,11,12,13,14,15,16,17,18,19,20,24,36,37,38,48,53,54,55,56,57,58,59,60,61,62,63,64,65,66,67,68,69,80,81,82,83,84,85,86,87,88,98,99,100,101,102,103,104,105,106,107,108,109,110,111,112,113,114,151,169,170,171,172,173,174,175,176,208,216,229,230,231,232,233,234,235,236,
127;0;2703;2860;0;0,1,10,11,12,13,14,15,16,17,18,19,20,24,36,37,38,48,53,54,55,56,57,58,59,60,61,62,63,64,65,66,67,68,69,80,81,82,83,84,85,86,87,88,98,99,100,101,102,103,104,105,106,107,108,109,110,111,112,113,114,151,169,170,171,172,173,174,175,176,208,216,229,230,231,232,233,234,235,236,
8;0;2860;2973;0;0,1,10,11,12,13,14,15,16,17,18,19,20,24,36,37,38,48,53,54,55,56,57,58,59,60,61,62,63,64,65,66,67,68,69,80,81,82,83,84,85,86,87,88,98,99,100,101,102,103,104,105,106,107,108,109,110,111,112,113,114,151,169,170,171,172,173,174,175,176,208,216,229,230,231,232,233,234,235,236,
8;1;2973;3109;0;0,1,10,11,12,13,14,15,16,17,18,19,20,24,36,37,38,48,53,54,55,56,57,58,59,60,61,62,63,64,65,66,67,68,69,80,81,82,83,84,85,86,87,88,98,99,100,101,102,103,104,105,106,107,108,109,110,111,112,113,114,151,169,170,171,172,173,174,175,176,208,216,229,230,231,232,233,234,235,236,
106;0;3109;3284;1;0,1,10,11,12,13,14,15,16,17,18,19,20,24,36,37,38,48,53,54,55,56,57,58,59,60,61,62,63,64,65,66,67,68,69,80,81,82,83,84,85,86,87,88,98,99,100,101,102,103,104,105,106,107,108,109,110,111,112,113,114,151,169,170,171,172,173,174,175,176,208,216,229,230,231,232,233,234,235,236,
106;1;3284;3446;1;0,1,10,11,12,13,14,15,16,17,18,19,20,24,36,37,38,48,53,54,55,56,57,58,59,60,61,62,63,64,65,66,67,68,69,80,81,82,83,84,85,86,87,88,98,99,100,101,102,103,104,105,106,107,108,109,110,111,112,113,114,151,169,170,171,172,173,174,175,176,208,216,229,230,231,232,233,234,235,236,
121;0;3446;3542;1;0,1,10,11,12,13,14,15,16,17,18,19,20,24,36,37,38,48,53,54,55,56,57,58,59,60,61,62,63,64,65,66,67,68,69,80,81,82,83,84,85,86,87,88,98,99,100,101,102,103,104,105,106,107,108,109,110,111,112,113,114,151,169,170,171,172,173,174,175,176,208,216,229,230,231,232,233,234,235,236,
121;1;3542;3595;1;0,1,10,11,12,13,14,15,16,17,18,19,20,24,36,37,38,48,53,54,55,56,57,58,59,60,61,62,63,64,65,66,67,68,69,80,81,82,83,84,85,86,87,88,98,99,100,101,102,103,104,105,106,107,108,109,110,111,112,113,114,151,169,170,171,172,173,174,175,176,208,216,229,230,231,232,233,234,235,236,
40;0;3595;3759;0;0,1,10,11,12,13,14,15,16,17,18,19,20,24,36,37,38,48,53,54,55,56,57,58,59,60,61,62,63,64,65,66,67,68,69,80,81,82,83,84,85,86,87,88,98,99,100,101,102,103,104,105,106,107,108,109,110,111,112,113,114,151,169,170,171,172,173,174,175,176,208,216,229,230,231,232,233,234,235,236,
Machine: 5
118;0;0;174;0;0,1,2,3,4,5,6,7,8,9,10,11,12,20,36,38,53,57,63,64,67,69,77,80,81,89,90,91,92,93,94,95,96,97,98,99,100,103,115,134,135,137,151,155,156,158,159,160,161,162,163,164,165,166,177,178,179,180,181,182,193,194,195,196,197,198,199,208,216,218,219,222,223,224,225,226,227,228,250,251,
118;1;174;349;0;0,1,2,3,4,5,6,7,8,9,10,11,12,20,36,38,53,57,63,64,67,69,77,80,81,89,90,91,92,93,94,95,96,97,98,99,100,103,115,134,135,137,151,155,156,158,159,160,161,162,163,164,165,166,177,178,179,180,181,182,193,194,195,196,197,198,199,208,216,218,219,222,223,224,225,226,227,228,250,251,
111;0;349;478;1;0,1,2,3,4,5,6,7,8,9,10,11,12,20,36,38,53,57,63,64,67,69,77,80,81,89,90,91,92,93,94,95,96,97,98,99,100,103,115,134,135,137,151,155,156,158,159,160,161,162,163,164,165,166,177,178,179,180,181,182,193,194,195,196,197,198,199,208,216,218,219,222,223,224,225,226,227,228,250,251,
111;1;478;501;1;0,1,2,3,4,5,6,7,8,9,10,11,12,20,36,38,53,57,63,64,67,69,77,80,81,89,90,91,92,93,94,95,96,97,98,99,100,103,115,134,135,137,151,155,156,158,159,160,161,162,163,164,165,166,177,178,179,180,181,182,193,194,195,196,197,198,199,208,216,218,219,222,223,224,225,226,227,228,250,251,
55;0;501;573;0;0,1,2,3,4,5,6,7,8,9,10,11,12,20,36,38,53,57,63,64,67,69,77,80,81,89,90,91,92,93,94,95,96,97,98,99,100,103,115,134,135,137,151,155,156,158,159,160,161,162,163,164,165,166,177,178,179,180,181,182,193,194,195,196,197,198,199,208,216,218,219,222,223,224,225,226,227,228,250,251,
75;0;573;688;0;0,1,2,3,4,5,6,7,8,9,10,11,12,20,36,38,53,57,63,64,67,69,77,80,81,89,90,91,92,93,94,95,96,97,98,99,100,103,115,134,135,137,151,155,156,158,159,160,161,162,163,164,165,166,177,178,179,180,181,182,193,194,195,196,197,198,199,208,216,218,219,222,223,224,225,226,227,228,250,251,
67;0;688;743;0;0,1,2,3,4,5,6,7,8,9,10,11,12,20,36,38,53,57,63,64,67,69,77,80,81,89,90,91,92,93,94,95,96,97,98,99,100,103,115,134,135,137,151,155,156,158,159,160,161,162,163,164,165,166,177,178,179,180,181,182,193,194,195,196,197,198,199,208,216,218,219,222,223,224,225,226,227,228,250,251,
38;0;743;905;0;0,1,2,3,4,5,6,7,8,9,10,11,12,20,36,38,53,57,63,64,67,69,77,80,81,89,90,91,92,93,94,95,96,97,98,99,100,103,115,134,135,137,151,155,156,158,159,160,161,162,163,164,165,166,177,178,179,180,181,182,193,194,195,196,197,198,199,208,216,218,219,222,223,224,225,226,227,228,250,251,
38;1;905;981;0;0,1,2,3,4,5,6,7,8,9,10,11,12,20,36,38,53,57,63,64,67,69,77,80,81,89,90,91,92,93,94,95,96,97,98,99,100,103,115,134,135,137,151,155,156,158,159,160,161,162,163,164,165,166,177,178,179,180,181,182,193,194,195,196,197,198,199,208,216,218,219,222,223,224,225,226,227,228,250,251,
90;0;981;1090;0;0,1,2,3,4,5,6,7,8,9,10,11,12,20,36,38,53,57,63,64,67,69,77,80,81,89,90,91,92,93,94,95,96,97,98,99,100,103,115,134,135,137,151,155,156,158,159,160,161,162,163,164,165,166,177,178,179,180,181,182,193,194,195,196,197,198,199,208,216,218,219,222,223,224,225,226,227,228,250,251,
94;0;1090;1191;1;0,1,2,3,4,5,6,7,8,9,10,11,12,20,36,38,53,57,63,64,67,69,77,80,81,89,90,91,92,93,94,95,96,97,98,99,100,103,115,134,135,137,151,155,156,158,159,160,161,162,163,164,165,166,177,178,179,180,181,182,193,194,195,196,197,198,199,208,216,218,219,222,223,224,225,226,227,228,250,251,
94;1;1191;1236;1;0,1,2,3,4,5,6,7,8,9,10,11,12,20,36,38,53,57,63,64,67,69,77,80,81,89,90,91,92,93,94,95,96,97,98,99,100,103,115,134,135,137,151,155,156,158,159,160,161,162,163,164,165,166,177,178,179,180,181,182,193,194,195,196,197,198,199,208,216,218,219,222,223,224,225,226,227,228,250,251,
87;0;1236;1272;0;0,1,2,3,4,5,6,7,8,9,10,11,12,20,36,38,53,57,63,64,67,69,77,80,81,89,90,91,92,93,94,95,96,97,98,99,100,103,115,134,135,137,151,155,156,158,159,160,161,162,163,164,165,166,177,178,179,180,181,182,193,194,195,196,197,198,199,208,216,218,219,222,223,224,225,226,227,228,250,251,
21;0;1272;1292;1;0,1,2,3,4,5,6,7,8,9,10,11,12,20,36,38,53,57,63,64,67,69,77,80,81,89,90,91,92,93,94,95,96,97,98,99,100,103,115,134,135,137,151,155,156,158,159,160,161,162,163,164,165,166,177,178,179,180,181,182,193,194,195,196,197,198,199,208,216,218,219,222,223,224,225,226,227,228,250,251,
21;1;1292;1401;1;0,1,2,3,4,5,6,7,8,9,10,11,12,20,36,38,53,57,63,64,67,69,77,80,81,89,90,91,92,93,94,95,96,97,98,99,100,103,115,134,135,137,151,155,156,158,159,160,161,162,163,164,165,166,177,178,179,180,181,182,193,194,195,196,197,198,199,208,216,218,219,222,223,224,225,226,227,228,250,251,
31;0;1401;1548;1;0,1,2,3,4,5,6,7,8,9,10,11,12,20,36,38,53,57,63,64,67,69,77,80,81,89,90,91,92,93,94,95,96,97,98,99,100,103,115,134,135,137,151,155,156,158,159,160,161,162,163,164,165,166,177,178,179,180,181,182,193,194,195,196,197,198,199,208,216,218,219,222,223,224,225,226,227,228,250,251,
31;1;1548;1620;1;0,1,2,3,4,5,6,7,8,9,10,11,12,20,36,38,53,57,63,64,67,69,77,80,81,89,90,91,92,93,94,95,96,97,98,99,100,103,115,134,135,137,151,155,156,158,159,160,161,162,163,164,165,166,177,178,179,180,181,182,193,194,195,196,197,198,199,208,216,218,219,222,223,224,225,226,227,228,250,251,
25;0;1620;1704;0;0,1,2,3,4,5,6,7,8,9,10,11,12,20,36,38,53,57,63,64,67,69,77,80,81,89,90,91,92,93,94,95,96,97,98,99,100,103,115,134,135,137,151,155,156,158,159,160,161,162,163,164,165,166,177,178,179,180,181,182,193,194,195,196,197,198,199,208,216,218,219,222,223,224,225,226,227,228,250,251,
36;0;1704;1734;1;0,1,2,3,4,5,6,7,8,9,10,11,12,20,36,38,53,57,63,64,67,69,77,80,81,89,90,91,92,93,94,95,96,97,98,99,100,103,115,134,135,137,151,155,156,158,159,160,161,162,163,164,165,166,177,178,179,180,181,182,193,194,195,196,197,198,199,208,216,218,219,222,223,224,225,226,227,228,250,251,
36;1;1734;1833;1;0,1,2,3,4,5,6,7,8,9,10,11,12,20,36,38,53,57,63,64,67,69,77,80,81,89,90,91,92,93,94,95,96,97,98,99,100,103,115,134,135,137,151,155,156,158,159,160,161,162,163,164,165,166,177,178,179,180,181,182,193,194,195,196,197,198,199,208,216,218,219,222,223,224,225,226,227,228,250,251,
6;0;1833;1994;1;0,1,2,3,4,5,6,7,8,9,10,11,12,20,36,38,53,57,63,64,67,69,77,80,81,89,90,91,92,93,94,95,96,97,98,99,100,103,115,134,135,137,151,155,156,158,159,160,161,162,163,164,165,166,177,178,179,180,181,182,193,194,195,196,197,198,199,208,216,218,219,222,223,224,225,226,227,228,250,251,
6;1;1994;2084;1;0,1,2,3,4,5,6,7,8,9,10,11,12,20,36,38,53,57,63,64,67,69,77,80,81,89,90,91,92,93,94,95,96,97,98,99,100,103,115,134,135,137,151,155,156,158,159,160,161,162,163,164,165,166,177,178,179,180,181,182,193,194,195,196,197,198,199,208,216,218,219,222,223,224,225,226,227,228,250,251,
0;0;2084;2113;1;0,1,2,3,4,5,6,7,8,9,10,11,12,20,36,38,53,57,63,64,67,69,77,80,81,89,90,91,92,93,94,95,96,97,98,99,100,103,115,134,135,137,151,155,156,158,159,160,161,162,163,164,165,166,177,178,179,180,181,182,193,194,195,196,197,198,199,208,216,218,219,222,223,224,225,226,227,228,250,251,
0;1;2113;2168;1;0,1,2,3,4,5,6,7,8,9,10,11,12,20,36,38,53,57,63,64,67,69,77,80,81,89,90,91,92,93,94,95,96,97,98,99,100,103,115,134,135,137,151,155,156,158,159,160,161,162,163,164,165,166,177,178,179,180,181,182,193,194,195,196,197,198,199,208,216,218,219,222,223,224,225,226,227,228,250,251,
12;0;2168;2315;0;0,1,2,3,4,5,6,7,8,9,10,11,12,20,36,38,53,57,63,64,67,69,77,80,81,89,90,91,92,93,94,95,96,97,98,99,100,103,115,134,135,137,151,155,156,158,159,160,161,162,163,164,165,166,177,178,179,180,181,182,193,194,195,196,197,198,199,208,216,218,219,222,223,224,225,226,227,228,250,251,
123;0;2315;2435;0;0,1,2,3,4,5,6,7,8,9,10,11,12,20,36,38,53,57,63,64,67,69,77,80,81,89,90,91,92,93,94,95,96,97,98,99,100,103,115,134,135,137,151,155,156,158,159,160,161,162,163,164,165,166,177,178,179,180,181,182,193,194,195,196,197,198,199,208,216,218,219,222,223,224,225,226,227,228,250,251,
123;1;2435;2490;0;0,1,2,3,4,5,6,7,8,9,10,11,12,20,36,38,53,57,63,64,67,69,77,80,81,89,90,91,92,93,94,95,96,97,98,99,100,103,115,134,135,137,151,155,156,158,159,160,161,162,163,164,165,166,177,178,179,180,181,182,193,194,195,196,197,198,199,208,216,218,219,222,223,224,225,226,227,228,250,251,
89;0;2490;2599;1;0,1,2,3,4,5,6,7,8,9,10,11,12,20,36,38,53,57,63,64,67,69,77,80,81,89,90,91,92,93,94,95,96,97,98,99,100,103,115,134,135,137,151,155,156,158,159,160,161,162,163,164,165,166,177,178,179,180,181,182,193,194,195,196,197,198,199,208,216,218,219,222,223,224,225,226,227,228,250,251,
89;1;2599;2683;1;0,1,2,3,4,5,6,7,8,9,10,11,12,20,36,38,53,57,63,64,67,69,77,80,81,89,90,91,92,93,94,95,96,97,98,99,100,103,115,134,135,137,151,155,156,158,159,160,161,162,163,164,165,166,177,178,179,180,181,182,193,194,195,196,197,198,199,208,216,218,219,222,223,224,225,226,227,228,250,251,
49;0;2683;2781;1;0,1,2,3,4,5,6,7,8,9,10,11,12,20,36,38,53,57,63,64,67,69,77,80,81,89,90,91,92,93,94,95,96,97,98,99,100,103,115,134,135,137,151,155,156,158,159,160,161,162,163,164,165,166,177,178,179,180,181,182,193,194,195,196,197,198,199,208,216,218,219,222,223,224,225,226,227,228,250,251,
49;1;2781;2854;1;0,1,2,3,4,5,6,7,8,9,10,11,12,20,36,38,53,57,63,64,67,69,77,80,81,89,90,91,92,93,94,95,96,97,98,99,100,103,115,134,135,137,151,155,156,158,159,160,161,162,163,164,165,166,177,178,179,180,181,182,193,194,195,196,197,198,199,208,216,218,219,222,223,224,225,226,227,228,250,251,
62;0;2854;3001;0;0,1,2,3,4,5,6,7,8,9,10,11,12,20,36,38,53,57,63,64,67,69,77,80,81,89,90,91,92,93,94,95,96,97,98,99,100,103,115,134,135,137,151,155,156,158,159,160,161,162,163,164,165,166,177,178,179,180,181,182,193,194,195,196,197,198,199,208,216,218,219,222,223,224,225,226,227,228,250,251,
100;0;3001;3101;0;0,1,2,3,4,5,6,7,8,9,10,11,12,20,36,38,53,57,63,64,67,69,77,80,81,89,90,91,92,93,94,95,96,97,98,99,100,103,115,134,135,137,151,155,156,158,159,160,161,162,163,164,165,166,177,178,179,180,181,182,193,194,195,196,197,198,199,208,216,218,219,222,223,224,225,226,227,228,250,251,
END
fineshedJobsCount: 210
switchs: 0
switchsInstances: 0
unfineshedPriorityCount: 0
totalUnfineshed: 0
criticalMachineSwitchs: 0
criticalMachineTime: 3759
Final Solution: 6300
Time: 279390
PTL: 3
MCMC: 12
Best Initial: 5940
Mean Initial: 5886.18
