./input/BaseInstances/6M2_n=209,r=0.4,t=209,v0.txt;./input/Processed/ToolSetInt.csv
7;720;1440
Machine: 0
58;0;0;126;0;0,1,2,3,4,5,6,7,8,9,10,11,12,13,14,15,16,17,18,19,20,21,22,23,24,25,26,27,28,29,30,31,32,33,34,35,36,37,38,39,40,41,42,43,44,45,46,47,48,49,50,63,64,65,102,118,119,120,121,123,129,130,141,142,143,145,162,163,164,165,166,171,172,173,188,194,195,196,197,198,
57;0;126;146;1;0,1,2,3,4,5,6,7,8,9,10,11,12,13,14,15,16,17,18,19,20,21,22,23,24,25,26,27,28,29,30,31,32,33,34,35,36,37,38,39,40,41,42,43,44,45,46,47,48,49,50,63,64,65,102,118,119,120,121,123,129,130,141,142,143,145,162,163,164,165,166,171,172,173,188,194,195,196,197,198,
57;1;146;194;1;0,1,2,3,4,5,6,7,8,9,10,11,12,13,14,15,16,17,18,19,20,21,22,23,24,25,26,27,28,29,30,31,32,33,34,35,36,37,38,39,40,41,42,43,44,45,46,47,48,49,50,63,64,65,102,118,119,120,121,123,129,130,141,142,143,145,162,163,164,165,166,171,172,173,188,194,195,196,197,198,
13;0;194;245;1;0,1,2,3,4,5,6,7,8,9,10,11,12,13,14,15,16,17,18,19,20,21,22,23,24,25,26,27,28,29,30,31,32,33,34,35,36,37,38,39,40,41,42,43,44,45,46,47,48,49,50,63,64,65,102,118,119,120,121,123,129,130,141,142,143,145,162,163,164,165,166,171,172,173,188,194,195,196,197,198,
22;0;245;328;0;0,1,2,3,4,5,6,7,8,9,10,11,12,13,14,15,16,17,18,19,20,21,22,23,24,25,26,27,28,29,30,31,32,33,34,35,36,37,38,39,40,41,42,43,44,45,46,47,48,49,50,63,64,65,102,118,119,120,121,123,129,130,141,142,143,145,162,163,164,165,166,171,172,173,188,194,195,196,197,198,
22;1;328;455;0;0,1,2,3,4,5,6,7,8,9,10,11,12,13,14,15,16,17,18,19,20,21,22,23,24,25,26,27,28,29,30,31,32,33,34,35,36,37,38,39,40,41,42,43,44,45,46,47,48,49,50,63,64,65,102,118,119,120,121,123,129,130,141,142,143,145,162,163,164,165,166,171,172,173,188,194,195,196,197,198,
109;0;455;467;0;0,1,2,3,4,5,6,7,8,9,10,11,12,13,14,15,16,17,18,19,20,21,22,23,24,25,26,27,28,29,30,31,32,33,34,35,36,37,38,39,40,41,42,43,44,45,46,47,48,49,50,63,64,65,102,118,119,120,121,123,129,130,141,142,143,145,162,163,164,165,166,171,172,173,188,194,195,196,197,198,
109;1;467;632;0;0,1,2,3,4,5,6,7,8,9,10,11,12,13,14,15,16,17,18,19,20,21,22,23,24,25,26,27,28,29,30,31,32,33,34,35,36,37,38,39,40,41,42,43,44,45,46,47,48,49,50,63,64,65,102,118,119,120,121,123,129,130,141,142,143,145,162,163,164,165,166,171,172,173,188,194,195,196,197,198,
83;0;632;707;1;0,1,2,3,4,5,6,7,8,9,10,11,12,13,14,15,16,17,18,19,20,21,22,23,24,25,26,27,28,29,30,31,32,33,34,35,36,37,38,39,40,41,42,43,44,45,46,47,48,49,50,63,64,65,102,118,119,120,121,123,129,130,141,142,143,145,162,163,164,165,166,171,172,173,188,194,195,196,197,198,
114;0;707;795;1;0,1,2,3,4,5,6,7,8,9,10,11,12,13,14,15,16,17,18,19,20,21,22,23,24,25,26,27,28,29,30,31,32,33,34,35,36,37,38,39,40,41,42,43,44,45,46,47,48,49,50,63,64,65,102,118,119,120,121,123,129,130,141,142,143,145,162,163,164,165,166,171,172,173,188,194,195,196,197,198,
114;1;795;881;1;0,1,2,3,4,5,6,7,8,9,10,11,12,13,14,15,16,17,18,19,20,21,22,23,24,25,26,27,28,29,30,31,32,33,34,35,36,37,38,39,40,41,42,43,44,45,46,47,48,49,50,63,64,65,102,118,119,120,121,123,129,130,141,142,143,145,162,163,164,165,166,171,172,173,188,194,195,196,197,198,
136;0;881;954;0;0,1,2,3,4,5,6,7,8,9,10,11,12,13,14,15,16,17,18,19,20,21,22,23,24,25,26,27,28,29,30,31,32,33,34,35,36,37,38,39,40,41,42,43,44,45,46,47,48,49,50,63,64,65,102,118,119,120,121,123,129,130,141,142,143,145,162,163,164,165,166,171,172,173,188,194,195,196,197,198,
98;0;954;1034;0;0,1,2,3,4,5,6,7,8,9,10,11,12,13,14,15,16,17,18,19,20,21,22,23,24,25,26,27,28,29,30,31,32,33,34,35,36,37,38,39,40,41,42,43,44,45,46,47,48,49,50,63,64,65,102,118,119,120,121,123,129,130,141,142,143,145,162,163,164,165,166,171,172,173,188,194,195,196,197,198,
49;0;1034;1095;0;0,1,2,3,4,5,6,7,8,9,10,11,12,13,14,15,16,17,18,19,20,21,22,23,24,25,26,27,28,29,30,31,32,33,34,35,36,37,38,39,40,41,42,43,44,45,46,47,48,49,50,63,64,65,102,118,119,120,121,123,129,130,141,142,143,145,162,163,164,165,166,171,172,173,188,194,195,196,197,198,
49;1;1095;1120;0;0,1,2,3,4,5,6,7,8,9,10,11,12,13,14,15,16,17,18,19,20,21,22,23,24,25,26,27,28,29,30,31,32,33,34,35,36,37,38,39,40,41,42,43,44,45,46,47,48,49,50,63,64,65,102,118,119,120,121,123,129,130,141,142,143,145,162,163,164,165,166,171,172,173,188,194,195,196,197,198,
142;0;1120;1142;0;0,1,2,3,4,5,6,7,8,9,10,11,12,13,14,15,16,17,18,19,20,21,22,23,24,25,26,27,28,29,30,31,32,33,34,35,36,37,38,39,40,41,42,43,44,45,46,47,48,49,50,63,64,65,102,118,119,120,121,123,129,130,141,142,143,145,162,163,164,165,166,171,172,173,188,194,195,196,197,198,
142;1;1142;1151;0;0,1,2,3,4,5,6,7,8,9,10,11,12,13,14,15,16,17,18,19,20,21,22,23,24,25,26,27,28,29,30,31,32,33,34,35,36,37,38,39,40,41,42,43,44,45,46,47,48,49,50,63,64,65,102,118,119,120,121,123,129,130,141,142,143,145,162,163,164,165,166,171,172,173,188,194,195,196,197,198,
90;0;1151;1192;1;0,1,2,3,4,5,6,7,8,9,10,11,12,13,14,15,16,17,18,19,20,21,22,23,24,25,26,27,28,29,30,31,32,33,34,35,36,37,38,39,40,41,42,43,44,45,46,47,48,49,50,63,64,65,102,118,119,120,121,123,129,130,141,142,143,145,162,163,164,165,166,171,172,173,188,194,195,196,197,198,
15;0;1192;1216;0;0,1,2,3,4,5,6,7,8,9,10,11,12,13,14,15,16,17,18,19,20,21,22,23,24,25,26,27,28,29,30,31,32,33,34,35,36,37,38,39,40,41,42,43,44,45,46,47,48,49,50,63,64,65,102,118,119,120,121,123,129,130,141,142,143,145,162,163,164,165,166,171,172,173,188,194,195,196,197,198,
4;0;1216;1391;1;0,1,2,3,4,5,6,7,8,9,10,11,12,13,14,15,16,17,18,19,20,21,22,23,24,25,26,27,28,29,30,31,32,33,34,35,36,37,38,39,40,41,42,43,44,45,46,47,48,49,50,63,64,65,102,118,119,120,121,123,129,130,141,142,143,145,162,163,164,165,166,171,172,173,188,194,195,196,197,198,
4;1;1391;1488;1;0,1,2,3,4,5,6,7,8,9,10,11,12,13,14,15,16,17,18,19,20,21,22,23,24,25,26,27,28,29,30,31,32,33,34,35,36,37,38,39,40,41,42,43,44,45,46,47,48,49,50,63,64,65,102,118,119,120,121,123,129,130,141,142,143,145,162,163,164,165,166,171,172,173,188,194,195,196,197,198,
66;0;1488;1614;0;0,1,2,3,4,5,6,7,8,9,10,11,12,13,14,15,16,17,18,19,20,21,22,23,24,25,26,27,28,29,30,31,32,33,34,35,36,37,38,39,40,41,42,43,44,45,46,47,48,49,50,63,64,65,102,118,119,120,121,123,129,130,141,142,143,145,162,163,164,165,166,171,172,173,188,194,195,196,197,198,
97;0;1614;1619;1;0,1,2,3,4,5,6,7,8,9,10,11,12,13,14,15,16,17,18,19,20,21,22,23,24,25,26,27,28,29,30,31,32,33,34,35,36,37,38,39,40,41,42,43,44,45,46,47,48,49,50,63,64,65,102,118,119,120,121,123,129,130,141,142,143,145,162,163,164,165,166,171,172,173,188,194,195,196,197,198,
97;1;1619;1783;1;0,1,2,3,4,5,6,7,8,9,10,11,12,13,14,15,16,17,18,19,20,21,22,23,24,25,26,27,28,29,30,31,32,33,34,35,36,37,38,39,40,41,42,43,44,45,46,47,48,49,50,63,64,65,102,118,119,120,121,123,129,130,141,142,143,145,162,163,164,165,166,171,172,173,188,194,195,196,197,198,
127;0;1783;1871;1;0,1,2,3,4,5,6,7,8,9,10,11,12,13,14,15,16,17,18,19,20,21,22,23,24,25,26,27,28,29,30,31,32,33,34,35,36,37,38,39,40,41,42,43,44,45,46,47,48,49,50,63,64,65,102,118,119,120,121,123,129,130,141,142,143,145,162,163,164,165,166,171,172,173,188,194,195,196,197,198,
127;1;1871;1951;1;0,1,2,3,4,5,6,7,8,9,10,11,12,13,14,15,16,17,18,19,20,21,22,23,24,25,26,27,28,29,30,31,32,33,34,35,36,37,38,39,40,41,42,43,44,45,46,47,48,49,50,63,64,65,102,118,119,120,121,123,129,130,141,142,143,145,162,163,164,165,166,171,172,173,188,194,195,196,197,198,
93;0;1951;2045;1;0,1,2,3,4,5,6,7,8,9,10,11,12,13,14,15,16,17,18,19,20,21,22,23,24,25,26,27,28,29,30,31,32,33,34,35,36,37,38,39,40,41,42,43,44,45,46,47,48,49,50,63,64,65,102,118,119,120,121,123,129,130,141,142,143,145,162,163,164,165,166,171,172,173,188,194,195,196,197,198,
135;0;2045;2170;0;0,1,2,3,4,5,6,7,8,9,10,11,12,13,14,15,16,17,18,19,20,21,22,23,24,25,26,27,28,29,30,31,32,33,34,35,36,37,38,39,40,41,42,43,44,45,46,47,48,49,50,63,64,65,102,118,119,120,121,123,129,130,141,142,143,145,162,163,164,165,166,171,172,173,188,194,195,196,197,198,
25;0;2170;2196;0;0,1,2,3,4,5,6,7,8,9,10,11,12,13,14,15,16,17,18,19,20,21,22,23,24,25,26,27,28,29,30,31,32,33,34,35,36,37,38,39,40,41,42,43,44,45,46,47,48,49,50,63,64,65,102,118,119,120,121,123,129,130,141,142,143,145,162,163,164,165,166,171,172,173,188,194,195,196,197,198,
2;0;2196;2251;0;0,1,2,3,4,5,6,7,8,9,10,11,12,13,14,15,16,17,18,19,20,21,22,23,24,25,26,27,28,29,30,31,32,33,34,35,36,37,38,39,40,41,42,43,44,45,46,47,48,49,50,63,64,65,102,118,119,120,121,123,129,130,141,142,143,145,162,163,164,165,166,171,172,173,188,194,195,196,197,198,
2;1;2251;2298;0;0,1,2,3,4,5,6,7,8,9,10,11,12,13,14,15,16,17,18,19,20,21,22,23,24,25,26,27,28,29,30,31,32,33,34,35,36,37,38,39,40,41,42,43,44,45,46,47,48,49,50,63,64,65,102,118,119,120,121,123,129,130,141,142,143,145,162,163,164,165,166,171,172,173,188,194,195,196,197,198,
121;0;2298;2463;1;0,1,2,3,4,5,6,7,8,9,10,11,12,13,14,15,16,17,18,19,20,21,22,23,24,25,26,27,28,29,30,31,32,33,34,35,36,37,38,39,40,41,42,43,44,45,46,47,48,49,50,63,64,65,102,118,119,120,121,123,129,130,141,142,143,145,162,163,164,165,166,171,172,173,188,194,195,196,197,198,
103;0;2463;2568;1;0,1,2,3,4,5,6,7,8,9,10,11,12,13,14,15,16,17,18,19,20,21,22,23,24,25,26,27,28,29,30,31,32,33,34,35,36,37,38,39,40,41,42,43,44,45,46,47,48,49,50,63,64,65,102,118,119,120,121,123,129,130,141,142,143,145,162,163,164,165,166,171,172,173,188,194,195,196,197,198,
117;0;2568;2623;1;0,1,2,3,4,5,6,7,8,9,10,11,12,13,14,15,16,17,18,19,20,21,22,23,24,25,26,27,28,29,30,31,32,33,34,35,36,37,38,39,40,41,42,43,44,45,46,47,48,49,50,63,64,65,102,118,119,120,121,123,129,130,141,142,143,145,162,163,164,165,166,171,172,173,188,194,195,196,197,198,
117;1;2623;2758;1;0,1,2,3,4,5,6,7,8,9,10,11,12,13,14,15,16,17,18,19,20,21,22,23,24,25,26,27,28,29,30,31,32,33,34,35,36,37,38,39,40,41,42,43,44,45,46,47,48,49,50,63,64,65,102,118,119,120,121,123,129,130,141,142,143,145,162,163,164,165,166,171,172,173,188,194,195,196,197,198,
122;0;2758;2926;0;0,1,2,3,4,5,6,7,8,9,10,11,12,13,14,15,16,17,18,19,20,21,22,23,24,25,26,27,28,29,30,31,32,33,34,35,36,37,38,39,40,41,42,43,44,45,46,47,48,49,50,63,64,65,102,118,119,120,121,123,129,130,141,142,143,145,162,163,164,165,166,171,172,173,188,194,195,196,197,198,
122;1;2926;3004;0;0,1,2,3,4,5,6,7,8,9,10,11,12,13,14,15,16,17,18,19,20,21,22,23,24,25,26,27,28,29,30,31,32,33,34,35,36,37,38,39,40,41,42,43,44,45,46,47,48,49,50,63,64,65,102,118,119,120,121,123,129,130,141,142,143,145,162,163,164,165,166,171,172,173,188,194,195,196,197,198,
Machine: 1
24;0;0;144;1;0,1,2,3,4,5,6,7,8,9,10,11,12,13,14,15,16,17,18,19,20,21,22,23,24,25,26,27,28,29,30,31,32,33,34,35,36,37,38,39,40,41,42,43,44,45,46,47,48,49,50,64,65,103,104,105,106,118,119,120,121,129,138,139,140,142,145,147,148,149,150,151,171,172,183,184,185,186,187,188,
24;1;144;212;1;0,1,2,3,4,5,6,7,8,9,10,11,12,13,14,15,16,17,18,19,20,21,22,23,24,25,26,27,28,29,30,31,32,33,34,35,36,37,38,39,40,41,42,43,44,45,46,47,48,49,50,64,65,103,104,105,106,118,119,120,121,129,138,139,140,142,145,147,148,149,150,151,171,172,183,184,185,186,187,188,
53;0;212;230;1;0,1,2,3,4,5,6,7,8,9,10,11,12,13,14,15,16,17,18,19,20,21,22,23,24,25,26,27,28,29,30,31,32,33,34,35,36,37,38,39,40,41,42,43,44,45,46,47,48,49,50,64,65,103,104,105,106,118,119,120,121,129,138,139,140,142,145,147,148,149,150,151,171,172,183,184,185,186,187,188,
87;0;230;258;1;0,1,2,3,4,5,6,7,8,9,10,11,12,13,14,15,16,17,18,19,20,21,22,23,24,25,26,27,28,29,30,31,32,33,34,35,36,37,38,39,40,41,42,43,44,45,46,47,48,49,50,64,65,103,104,105,106,118,119,120,121,129,138,139,140,142,145,147,148,149,150,151,171,172,183,184,185,186,187,188,
87;1;258;363;1;0,1,2,3,4,5,6,7,8,9,10,11,12,13,14,15,16,17,18,19,20,21,22,23,24,25,26,27,28,29,30,31,32,33,34,35,36,37,38,39,40,41,42,43,44,45,46,47,48,49,50,64,65,103,104,105,106,118,119,120,121,129,138,139,140,142,145,147,148,149,150,151,171,172,183,184,185,186,187,188,
62;0;363;369;0;0,1,2,3,4,5,6,7,8,9,10,11,12,13,14,15,16,17,18,19,20,21,22,23,24,25,26,27,28,29,30,31,32,33,34,35,36,37,38,39,40,41,42,43,44,45,46,47,48,49,50,64,65,103,104,105,106,118,119,120,121,129,138,139,140,142,145,147,148,149,150,151,171,172,183,184,185,186,187,188,
62;1;369;459;0;0,1,2,3,4,5,6,7,8,9,10,11,12,13,14,15,16,17,18,19,20,21,22,23,24,25,26,27,28,29,30,31,32,33,34,35,36,37,38,39,40,41,42,43,44,45,46,47,48,49,50,64,65,103,104,105,106,118,119,120,121,129,138,139,140,142,145,147,148,149,150,151,171,172,183,184,185,186,187,188,
134;0;459;521;1;0,1,2,3,4,5,6,7,8,9,10,11,12,13,14,15,16,17,18,19,20,21,22,23,24,25,26,27,28,29,30,31,32,33,34,35,36,37,38,39,40,41,42,43,44,45,46,47,48,49,50,64,65,103,104,105,106,118,119,120,121,129,138,139,140,142,145,147,148,149,150,151,171,172,183,184,185,186,187,188,
134;1;521;632;1;0,1,2,3,4,5,6,7,8,9,10,11,12,13,14,15,16,17,18,19,20,21,22,23,24,25,26,27,28,29,30,31,32,33,34,35,36,37,38,39,40,41,42,43,44,45,46,47,48,49,50,64,65,103,104,105,106,118,119,120,121,129,138,139,140,142,145,147,148,149,150,151,171,172,183,184,185,186,187,188,
123;0;632;680;1;0,1,2,3,4,5,6,7,8,9,10,11,12,13,14,15,16,17,18,19,20,21,22,23,24,25,26,27,28,29,30,31,32,33,34,35,36,37,38,39,40,41,42,43,44,45,46,47,48,49,50,64,65,103,104,105,106,118,119,120,121,129,138,139,140,142,145,147,148,149,150,151,171,172,183,184,185,186,187,188,
0;0;680;824;1;0,1,2,3,4,5,6,7,8,9,10,11,12,13,14,15,16,17,18,19,20,21,22,23,24,25,26,27,28,29,30,31,32,33,34,35,36,37,38,39,40,41,42,43,44,45,46,47,48,49,50,64,65,103,104,105,106,118,119,120,121,129,138,139,140,142,145,147,148,149,150,151,171,172,183,184,185,186,187,188,
0;1;824;870;1;0,1,2,3,4,5,6,7,8,9,10,11,12,13,14,15,16,17,18,19,20,21,22,23,24,25,26,27,28,29,30,31,32,33,34,35,36,37,38,39,40,41,42,43,44,45,46,47,48,49,50,64,65,103,104,105,106,118,119,120,121,129,138,139,140,142,145,147,148,149,150,151,171,172,183,184,185,186,187,188,
50;0;870;1040;1;0,1,2,3,4,5,6,7,8,9,10,11,12,13,14,15,16,17,18,19,20,21,22,23,24,25,26,27,28,29,30,31,32,33,34,35,36,37,38,39,40,41,42,43,44,45,46,47,48,49,50,64,65,103,104,105,106,118,119,120,121,129,138,139,140,142,145,147,148,149,150,151,171,172,183,184,185,186,187,188,
131;0;1040;1048;1;0,1,2,3,4,5,6,7,8,9,10,11,12,13,14,15,16,17,18,19,20,21,22,23,24,25,26,27,28,29,30,31,32,33,34,35,36,37,38,39,40,41,42,43,44,45,46,47,48,49,50,64,65,103,104,105,106,118,119,120,121,129,138,139,140,142,145,147,148,149,150,151,171,172,183,184,185,186,187,188,
126;0;1048;1177;0;0,1,2,3,4,5,6,7,8,9,10,11,12,13,14,15,16,17,18,19,20,21,22,23,24,25,26,27,28,29,30,31,32,33,34,35,36,37,38,39,40,41,42,43,44,45,46,47,48,49,50,64,65,103,104,105,106,118,119,120,121,129,138,139,140,142,145,147,148,149,150,151,171,172,183,184,185,186,187,188,
10;0;1177;1280;1;0,1,2,3,4,5,6,7,8,9,10,11,12,13,14,15,16,17,18,19,20,21,22,23,24,25,26,27,28,29,30,31,32,33,34,35,36,37,38,39,40,41,42,43,44,45,46,47,48,49,50,64,65,103,104,105,106,118,119,120,121,129,138,139,140,142,145,147,148,149,150,151,171,172,183,184,185,186,187,188,
1;0;1280;1427;0;0,1,2,3,4,5,6,7,8,9,10,11,12,13,14,15,16,17,18,19,20,21,22,23,24,25,26,27,28,29,30,31,32,33,34,35,36,37,38,39,40,41,42,43,44,45,46,47,48,49,50,64,65,103,104,105,106,118,119,120,121,129,138,139,140,142,145,147,148,149,150,151,171,172,183,184,185,186,187,188,
129;0;1427;1521;0;0,1,2,3,4,5,6,7,8,9,10,11,12,13,14,15,16,17,18,19,20,21,22,23,24,25,26,27,28,29,30,31,32,33,34,35,36,37,38,39,40,41,42,43,44,45,46,47,48,49,50,64,65,103,104,105,106,118,119,120,121,129,138,139,140,142,145,147,148,149,150,151,171,172,183,184,185,186,187,188,
129;1;1521;1577;0;0,1,2,3,4,5,6,7,8,9,10,11,12,13,14,15,16,17,18,19,20,21,22,23,24,25,26,27,28,29,30,31,32,33,34,35,36,37,38,39,40,41,42,43,44,45,46,47,48,49,50,64,65,103,104,105,106,118,119,120,121,129,138,139,140,142,145,147,148,149,150,151,171,172,183,184,185,186,187,188,
68;0;1577;1736;0;0,1,2,3,4,5,6,7,8,9,10,11,12,13,14,15,16,17,18,19,20,21,22,23,24,25,26,27,28,29,30,31,32,33,34,35,36,37,38,39,40,41,42,43,44,45,46,47,48,49,50,64,65,103,104,105,106,118,119,120,121,129,138,139,140,142,145,147,148,149,150,151,171,172,183,184,185,186,187,188,
77;0;1736;1761;1;0,1,2,3,4,5,6,7,8,9,10,11,12,13,14,15,16,17,18,19,20,21,22,23,24,25,26,27,28,29,30,31,32,33,34,35,36,37,38,39,40,41,42,43,44,45,46,47,48,49,50,64,65,103,104,105,106,118,119,120,121,129,138,139,140,142,145,147,148,149,150,151,171,172,183,184,185,186,187,188,
77;1;1761;1848;1;0,1,2,3,4,5,6,7,8,9,10,11,12,13,14,15,16,17,18,19,20,21,22,23,24,25,26,27,28,29,30,31,32,33,34,35,36,37,38,39,40,41,42,43,44,45,46,47,48,49,50,64,65,103,104,105,106,118,119,120,121,129,138,139,140,142,145,147,148,149,150,151,171,172,183,184,185,186,187,188,
141;0;1848;1929;1;0,1,2,3,4,5,6,7,8,9,10,11,12,13,14,15,16,17,18,19,20,21,22,23,24,25,26,27,28,29,30,31,32,33,34,35,36,37,38,39,40,41,42,43,44,45,46,47,48,49,50,64,65,103,104,105,106,118,119,120,121,129,138,139,140,142,145,147,148,149,150,151,171,172,183,184,185,186,187,188,
34;0;1929;2104;1;0,1,2,3,4,5,6,7,8,9,10,11,12,13,14,15,16,17,18,19,20,21,22,23,24,25,26,27,28,29,30,31,32,33,34,35,36,37,38,39,40,41,42,43,44,45,46,47,48,49,50,64,65,103,104,105,106,118,119,120,121,129,138,139,140,142,145,147,148,149,150,151,171,172,183,184,185,186,187,188,
34;1;2104;2248;1;0,1,2,3,4,5,6,7,8,9,10,11,12,13,14,15,16,17,18,19,20,21,22,23,24,25,26,27,28,29,30,31,32,33,34,35,36,37,38,39,40,41,42,43,44,45,46,47,48,49,50,64,65,103,104,105,106,118,119,120,121,129,138,139,140,142,145,147,148,149,150,151,171,172,183,184,185,186,187,188,
9;0;2248;2385;0;0,1,2,3,4,5,6,7,8,9,10,11,12,13,14,15,16,17,18,19,20,21,22,23,24,25,26,27,28,29,30,31,32,33,34,35,36,37,38,39,40,41,42,43,44,45,46,47,48,49,50,64,65,103,104,105,106,118,119,120,121,129,138,139,140,142,145,147,148,149,150,151,171,172,183,184,185,186,187,188,
9;1;2385;2445;0;0,1,2,3,4,5,6,7,8,9,10,11,12,13,14,15,16,17,18,19,20,21,22,23,24,25,26,27,28,29,30,31,32,33,34,35,36,37,38,39,40,41,42,43,44,45,46,47,48,49,50,64,65,103,104,105,106,118,119,120,121,129,138,139,140,142,145,147,148,149,150,151,171,172,183,184,185,186,187,188,
110;0;2445;2624;1;0,1,2,3,4,5,6,7,8,9,10,11,12,13,14,15,16,17,18,19,20,21,22,23,24,25,26,27,28,29,30,31,32,33,34,35,36,37,38,39,40,41,42,43,44,45,46,47,48,49,50,64,65,103,104,105,106,118,119,120,121,129,138,139,140,142,145,147,148,149,150,151,171,172,183,184,185,186,187,188,
79;0;2624;2693;0;0,1,2,3,4,5,6,7,8,9,10,11,12,13,14,15,16,17,18,19,20,21,22,23,24,25,26,27,28,29,30,31,32,33,34,35,36,37,38,39,40,41,42,43,44,45,46,47,48,49,50,64,65,103,104,105,106,118,119,120,121,129,138,139,140,142,145,147,148,149,150,151,171,172,183,184,185,186,187,188,
79;1;2693;2830;0;0,1,2,3,4,5,6,7,8,9,10,11,12,13,14,15,16,17,18,19,20,21,22,23,24,25,26,27,28,29,30,31,32,33,34,35,36,37,38,39,40,41,42,43,44,45,46,47,48,49,50,64,65,103,104,105,106,118,119,120,121,129,138,139,140,142,145,147,148,149,150,151,171,172,183,184,185,186,187,188,
94;0;2830;2871;1;0,1,2,3,4,5,6,7,8,9,10,11,12,13,14,15,16,17,18,19,20,21,22,23,24,25,26,27,28,29,30,31,32,33,34,35,36,37,38,39,40,41,42,43,44,45,46,47,48,49,50,64,65,103,104,105,106,118,119,120,121,129,138,139,140,142,145,147,148,149,150,151,171,172,183,184,185,186,187,188,
94;1;2871;2944;1;0,1,2,3,4,5,6,7,8,9,10,11,12,13,14,15,16,17,18,19,20,21,22,23,24,25,26,27,28,29,30,31,32,33,34,35,36,37,38,39,40,41,42,43,44,45,46,47,48,49,50,64,65,103,104,105,106,118,119,120,121,129,138,139,140,142,145,147,148,149,150,151,171,172,183,184,185,186,187,188,
147;0;2944;3021;1;0,1,2,3,4,5,6,7,8,9,10,11,12,13,14,15,16,17,18,19,20,21,22,23,24,25,26,27,28,29,30,31,32,33,34,35,36,37,38,39,40,41,42,43,44,45,46,47,48,49,50,64,65,103,104,105,106,118,119,120,121,129,138,139,140,142,145,147,148,149,150,151,171,172,183,184,185,186,187,188,
147;1;3021;3046;1;0,1,2,3,4,5,6,7,8,9,10,11,12,13,14,15,16,17,18,19,20,21,22,23,24,25,26,27,28,29,30,31,32,33,34,35,36,37,38,39,40,41,42,43,44,45,46,47,48,49,50,64,65,103,104,105,106,118,119,120,121,129,138,139,140,142,145,147,148,149,150,151,171,172,183,184,185,186,187,188,
105;0;3046;3193;0;0,1,2,3,4,5,6,7,8,9,10,11,12,13,14,15,16,17,18,19,20,21,22,23,24,25,26,27,28,29,30,31,32,33,34,35,36,37,38,39,40,41,42,43,44,45,46,47,48,49,50,64,65,103,104,105,106,118,119,120,121,129,138,139,140,142,145,147,148,149,150,151,171,172,183,184,185,186,187,188,
23;0;3193;3366;1;0,1,2,3,4,5,6,7,8,9,10,11,12,13,14,15,16,17,18,19,20,21,22,23,24,25,26,27,28,29,30,31,32,33,34,35,36,37,38,39,40,41,42,43,44,45,46,47,48,49,50,64,65,103,104,105,106,118,119,120,121,129,138,139,140,142,145,147,148,149,150,151,171,172,183,184,185,186,187,188,
111;0;3366;3438;1;0,1,2,3,4,5,6,7,8,9,10,11,12,13,14,15,16,17,18,19,20,21,22,23,24,25,26,27,28,29,30,31,32,33,34,35,36,37,38,39,40,41,42,43,44,45,46,47,48,49,50,64,65,103,104,105,106,118,119,120,121,129,138,139,140,142,145,147,148,149,150,151,171,172,183,184,185,186,187,188,
Machine: 2
88;0;0;172;0;0,1,2,3,5,6,7,10,11,12,13,14,15,20,21,22,23,25,26,33,34,35,36,37,40,41,49,50,51,52,53,63,64,65,66,67,68,69,70,71,72,73,74,75,76,77,78,79,80,81,82,83,84,85,86,87,88,89,90,91,92,93,94,95,96,97,98,99,100,101,102,117,127,128,129,182,205,206,207,208,
45;0;172;241;0;0,1,2,3,5,6,7,10,11,12,13,14,15,20,21,22,23,25,26,33,34,35,36,37,40,41,49,50,51,52,53,63,64,65,66,67,68,69,70,71,72,73,74,75,76,77,78,79,80,81,82,83,84,85,86,87,88,89,90,91,92,93,94,95,96,97,98,99,100,101,102,117,127,128,129,182,205,206,207,208,
124;0;241;285;1;0,1,2,3,5,6,7,10,11,12,13,14,15,20,21,22,23,25,26,33,34,35,36,37,40,41,49,50,51,52,53,63,64,65,66,67,68,69,70,71,72,73,74,75,76,77,78,79,80,81,82,83,84,85,86,87,88,89,90,91,92,93,94,95,96,97,98,99,100,101,102,117,127,128,129,182,205,206,207,208,
124;1;285;329;1;0,1,2,3,5,6,7,10,11,12,13,14,15,20,21,22,23,25,26,33,34,35,36,37,40,41,49,50,51,52,53,63,64,65,66,67,68,69,70,71,72,73,74,75,76,77,78,79,80,81,82,83,84,85,86,87,88,89,90,91,92,93,94,95,96,97,98,99,100,101,102,117,127,128,129,182,205,206,207,208,
69;0;329;499;0;0,1,2,3,5,6,7,10,11,12,13,14,15,20,21,22,23,25,26,33,34,35,36,37,40,41,49,50,51,52,53,63,64,65,66,67,68,69,70,71,72,73,74,75,76,77,78,79,80,81,82,83,84,85,86,87,88,89,90,91,92,93,94,95,96,97,98,99,100,101,102,117,127,128,129,182,205,206,207,208,
69;1;499;668;0;0,1,2,3,5,6,7,10,11,12,13,14,15,20,21,22,23,25,26,33,34,35,36,37,40,41,49,50,51,52,53,63,64,65,66,67,68,69,70,71,72,73,74,75,76,77,78,79,80,81,82,83,84,85,86,87,88,89,90,91,92,93,94,95,96,97,98,99,100,101,102,117,127,128,129,182,205,206,207,208,
108;0;668;782;0;0,1,2,3,5,6,7,10,11,12,13,14,15,20,21,22,23,25,26,33,34,35,36,37,40,41,49,50,51,52,53,63,64,65,66,67,68,69,70,71,72,73,74,75,76,77,78,79,80,81,82,83,84,85,86,87,88,89,90,91,92,93,94,95,96,97,98,99,100,101,102,117,127,128,129,182,205,206,207,208,
21;0;782;816;1;0,1,2,3,5,6,7,10,11,12,13,14,15,20,21,22,23,25,26,33,34,35,36,37,40,41,49,50,51,52,53,63,64,65,66,67,68,69,70,71,72,73,74,75,76,77,78,79,80,81,82,83,84,85,86,87,88,89,90,91,92,93,94,95,96,97,98,99,100,101,102,117,127,128,129,182,205,206,207,208,
148;0;816;917;0;0,1,2,3,5,6,7,10,11,12,13,14,15,20,21,22,23,25,26,33,34,35,36,37,40,41,49,50,51,52,53,63,64,65,66,67,68,69,70,71,72,73,74,75,76,77,78,79,80,81,82,83,84,85,86,87,88,89,90,91,92,93,94,95,96,97,98,99,100,101,102,117,127,128,129,182,205,206,207,208,
145;0;917;1015;0;0,1,2,3,5,6,7,10,11,12,13,14,15,20,21,22,23,25,26,33,34,35,36,37,40,41,49,50,51,52,53,63,64,65,66,67,68,69,70,71,72,73,74,75,76,77,78,79,80,81,82,83,84,85,86,87,88,89,90,91,92,93,94,95,96,97,98,99,100,101,102,117,127,128,129,182,205,206,207,208,
33;0;1015;1178;1;0,1,2,3,5,6,7,10,11,12,13,14,15,20,21,22,23,25,26,33,34,35,36,37,40,41,49,50,51,52,53,63,64,65,66,67,68,69,70,71,72,73,74,75,76,77,78,79,80,81,82,83,84,85,86,87,88,89,90,91,92,93,94,95,96,97,98,99,100,101,102,117,127,128,129,182,205,206,207,208,
17;0;1178;1357;1;0,1,2,3,5,6,7,10,11,12,13,14,15,20,21,22,23,25,26,33,34,35,36,37,40,41,49,50,51,52,53,63,64,65,66,67,68,69,70,71,72,73,74,75,76,77,78,79,80,81,82,83,84,85,86,87,88,89,90,91,92,93,94,95,96,97,98,99,100,101,102,117,127,128,129,182,205,206,207,208,
17;1;1357;1391;1;0,1,2,3,5,6,7,10,11,12,13,14,15,20,21,22,23,25,26,33,34,35,36,37,40,41,49,50,51,52,53,63,64,65,66,67,68,69,70,71,72,73,74,75,76,77,78,79,80,81,82,83,84,85,86,87,88,89,90,91,92,93,94,95,96,97,98,99,100,101,102,117,127,128,129,182,205,206,207,208,
37;0;1391;1541;1;0,1,2,3,5,6,7,10,11,12,13,14,15,20,21,22,23,25,26,33,34,35,36,37,40,41,49,50,51,52,53,63,64,65,66,67,68,69,70,71,72,73,74,75,76,77,78,79,80,81,82,83,84,85,86,87,88,89,90,91,92,93,94,95,96,97,98,99,100,101,102,117,127,128,129,182,205,206,207,208,
37;1;1541;1592;1;0,1,2,3,5,6,7,10,11,12,13,14,15,20,21,22,23,25,26,33,34,35,36,37,40,41,49,50,51,52,53,63,64,65,66,67,68,69,70,71,72,73,74,75,76,77,78,79,80,81,82,83,84,85,86,87,88,89,90,91,92,93,94,95,96,97,98,99,100,101,102,117,127,128,129,182,205,206,207,208,
51;0;1592;1738;1;0,1,2,3,5,6,7,10,11,12,13,14,15,20,21,22,23,25,26,33,34,35,36,37,40,41,49,50,51,52,53,63,64,65,66,67,68,69,70,71,72,73,74,75,76,77,78,79,80,81,82,83,84,85,86,87,88,89,90,91,92,93,94,95,96,97,98,99,100,101,102,117,127,128,129,182,205,206,207,208,
27;0;1738;1877;1;0,1,2,3,5,6,7,10,11,12,13,14,15,20,21,22,23,25,26,33,34,35,36,37,40,41,49,50,51,52,53,63,64,65,66,67,68,69,70,71,72,73,74,75,76,77,78,79,80,81,82,83,84,85,86,87,88,89,90,91,92,93,94,95,96,97,98,99,100,101,102,117,127,128,129,182,205,206,207,208,
27;1;1877;1907;1;0,1,2,3,5,6,7,10,11,12,13,14,15,20,21,22,23,25,26,33,34,35,36,37,40,41,49,50,51,52,53,63,64,65,66,67,68,69,70,71,72,73,74,75,76,77,78,79,80,81,82,83,84,85,86,87,88,89,90,91,92,93,94,95,96,97,98,99,100,101,102,117,127,128,129,182,205,206,207,208,
46;0;1907;2058;0;0,1,2,3,5,6,7,10,11,12,13,14,15,20,21,22,23,25,26,33,34,35,36,37,40,41,49,50,51,52,53,63,64,65,66,67,68,69,70,71,72,73,74,75,76,77,78,79,80,81,82,83,84,85,86,87,88,89,90,91,92,93,94,95,96,97,98,99,100,101,102,117,127,128,129,182,205,206,207,208,
20;0;2058;2122;1;0,1,2,3,5,6,7,10,11,12,13,14,15,20,21,22,23,25,26,33,34,35,36,37,40,41,49,50,51,52,53,63,64,65,66,67,68,69,70,71,72,73,74,75,76,77,78,79,80,81,82,83,84,85,86,87,88,89,90,91,92,93,94,95,96,97,98,99,100,101,102,117,127,128,129,182,205,206,207,208,
55;0;2122;2266;0;0,1,2,3,5,6,7,10,11,12,13,14,15,20,21,22,23,25,26,33,34,35,36,37,40,41,49,50,51,52,53,63,64,65,66,67,68,69,70,71,72,73,74,75,76,77,78,79,80,81,82,83,84,85,86,87,88,89,90,91,92,93,94,95,96,97,98,99,100,101,102,117,127,128,129,182,205,206,207,208,
80;0;2266;2301;1;0,1,2,3,5,6,7,10,11,12,13,14,15,20,21,22,23,25,26,33,34,35,36,37,40,41,49,50,51,52,53,63,64,65,66,67,68,69,70,71,72,73,74,75,76,77,78,79,80,81,82,83,84,85,86,87,88,89,90,91,92,93,94,95,96,97,98,99,100,101,102,117,127,128,129,182,205,206,207,208,
36;0;2301;2350;0;0,1,2,3,5,6,7,10,11,12,13,14,15,20,21,22,23,25,26,33,34,35,36,37,40,41,49,50,51,52,53,63,64,65,66,67,68,69,70,71,72,73,74,75,76,77,78,79,80,81,82,83,84,85,86,87,88,89,90,91,92,93,94,95,96,97,98,99,100,101,102,117,127,128,129,182,205,206,207,208,
144;0;2350;2382;1;0,1,2,3,5,6,7,10,11,12,13,14,15,20,21,22,23,25,26,33,34,35,36,37,40,41,49,50,51,52,53,63,64,65,66,67,68,69,70,71,72,73,74,75,76,77,78,79,80,81,82,83,84,85,86,87,88,89,90,91,92,93,94,95,96,97,98,99,100,101,102,117,127,128,129,182,205,206,207,208,
144;1;2382;2491;1;0,1,2,3,5,6,7,10,11,12,13,14,15,20,21,22,23,25,26,33,34,35,36,37,40,41,49,50,51,52,53,63,64,65,66,67,68,69,70,71,72,73,74,75,76,77,78,79,80,81,82,83,84,85,86,87,88,89,90,91,92,93,94,95,96,97,98,99,100,101,102,117,127,128,129,182,205,206,207,208,
31;0;2491;2647;1;0,1,2,3,5,6,7,10,11,12,13,14,15,20,21,22,23,25,26,33,34,35,36,37,40,41,49,50,51,52,53,63,64,65,66,67,68,69,70,71,72,73,74,75,76,77,78,79,80,81,82,83,84,85,86,87,88,89,90,91,92,93,94,95,96,97,98,99,100,101,102,117,127,128,129,182,205,206,207,208,
118;0;2647;2743;0;0,1,2,3,5,6,7,10,11,12,13,14,15,20,21,22,23,25,26,33,34,35,36,37,40,41,49,50,51,52,53,63,64,65,66,67,68,69,70,71,72,73,74,75,76,77,78,79,80,81,82,83,84,85,86,87,88,89,90,91,92,93,94,95,96,97,98,99,100,101,102,117,127,128,129,182,205,206,207,208,
11;0;2743;2809;1;0,1,2,3,5,6,7,10,11,12,13,14,15,20,21,22,23,25,26,33,34,35,36,37,40,41,49,50,51,52,53,63,64,65,66,67,68,69,70,71,72,73,74,75,76,77,78,79,80,81,82,83,84,85,86,87,88,89,90,91,92,93,94,95,96,97,98,99,100,101,102,117,127,128,129,182,205,206,207,208,
7;0;2809;2848;1;0,1,2,3,5,6,7,10,11,12,13,14,15,20,21,22,23,25,26,33,34,35,36,37,40,41,49,50,51,52,53,63,64,65,66,67,68,69,70,71,72,73,74,75,76,77,78,79,80,81,82,83,84,85,86,87,88,89,90,91,92,93,94,95,96,97,98,99,100,101,102,117,127,128,129,182,205,206,207,208,
7;1;2848;3022;1;0,1,2,3,5,6,7,10,11,12,13,14,15,20,21,22,23,25,26,33,34,35,36,37,40,41,49,50,51,52,53,63,64,65,66,67,68,69,70,71,72,73,74,75,76,77,78,79,80,81,82,83,84,85,86,87,88,89,90,91,92,93,94,95,96,97,98,99,100,101,102,117,127,128,129,182,205,206,207,208,
143;0;3022;3036;1;0,1,2,3,5,6,7,10,11,12,13,14,15,20,21,22,23,25,26,33,34,35,36,37,40,41,49,50,51,52,53,63,64,65,66,67,68,69,70,71,72,73,74,75,76,77,78,79,80,81,82,83,84,85,86,87,88,89,90,91,92,93,94,95,96,97,98,99,100,101,102,117,127,128,129,182,205,206,207,208,
41;0;3036;3080;1;0,1,2,3,5,6,7,10,11,12,13,14,15,20,21,22,23,25,26,33,34,35,36,37,40,41,49,50,51,52,53,63,64,65,66,67,68,69,70,71,72,73,74,75,76,77,78,79,80,81,82,83,84,85,86,87,88,89,90,91,92,93,94,95,96,97,98,99,100,101,102,117,127,128,129,182,205,206,207,208,
Machine: 3
86;0;0;37;0;0,1,2,3,4,5,6,7,8,9,10,11,12,13,14,15,16,17,18,19,20,21,22,23,24,25,26,31,33,34,35,36,37,38,39,40,41,42,54,55,56,57,58,59,60,61,62,64,65,66,67,68,69,74,102,109,111,117,118,119,120,121,122,130,131,132,133,134,135,136,137,144,146,176,177,178,179,181,189,204,
3;0;37;86;1;0,1,2,3,4,5,6,7,8,9,10,11,12,13,14,15,16,17,18,19,20,21,22,23,24,25,26,31,33,34,35,36,37,38,39,40,41,42,54,55,56,57,58,59,60,61,62,64,65,66,67,68,69,74,102,109,111,117,118,119,120,121,122,130,131,132,133,134,135,136,137,144,146,176,177,178,179,181,189,204,
32;0;86;135;0;0,1,2,3,4,5,6,7,8,9,10,11,12,13,14,15,16,17,18,19,20,21,22,23,24,25,26,31,33,34,35,36,37,38,39,40,41,42,54,55,56,57,58,59,60,61,62,64,65,66,67,68,69,74,102,109,111,117,118,119,120,121,122,130,131,132,133,134,135,136,137,144,146,176,177,178,179,181,189,204,
32;1;135;203;0;0,1,2,3,4,5,6,7,8,9,10,11,12,13,14,15,16,17,18,19,20,21,22,23,24,25,26,31,33,34,35,36,37,38,39,40,41,42,54,55,56,57,58,59,60,61,62,64,65,66,67,68,69,74,102,109,111,117,118,119,120,121,122,130,131,132,133,134,135,136,137,144,146,176,177,178,179,181,189,204,
99;0;203;276;0;0,1,2,3,4,5,6,7,8,9,10,11,12,13,14,15,16,17,18,19,20,21,22,23,24,25,26,31,33,34,35,36,37,38,39,40,41,42,54,55,56,57,58,59,60,61,62,64,65,66,67,68,69,74,102,109,111,117,118,119,120,121,122,130,131,132,133,134,135,136,137,144,146,176,177,178,179,181,189,204,
99;1;276;321;0;0,1,2,3,4,5,6,7,8,9,10,11,12,13,14,15,16,17,18,19,20,21,22,23,24,25,26,31,33,34,35,36,37,38,39,40,41,42,54,55,56,57,58,59,60,61,62,64,65,66,67,68,69,74,102,109,111,117,118,119,120,121,122,130,131,132,133,134,135,136,137,144,146,176,177,178,179,181,189,204,
76;0;321;331;0;0,1,2,3,4,5,6,7,8,9,10,11,12,13,14,15,16,17,18,19,20,21,22,23,24,25,26,31,33,34,35,36,37,38,39,40,41,42,54,55,56,57,58,59,60,61,62,64,65,66,67,68,69,74,102,109,111,117,118,119,120,121,122,130,131,132,133,134,135,136,137,144,146,176,177,178,179,181,189,204,
18;0;331;336;0;0,1,2,3,4,5,6,7,8,9,10,11,12,13,14,15,16,17,18,19,20,21,22,23,24,25,26,31,33,34,35,36,37,38,39,40,41,42,54,55,56,57,58,59,60,61,62,64,65,66,67,68,69,74,102,109,111,117,118,119,120,121,122,130,131,132,133,134,135,136,137,144,146,176,177,178,179,181,189,204,
138;0;336;493;0;0,1,2,3,4,5,6,7,8,9,10,11,12,13,14,15,16,17,18,19,20,21,22,23,24,25,26,31,33,34,35,36,37,38,39,40,41,42,54,55,56,57,58,59,60,61,62,64,65,66,67,68,69,74,102,109,111,117,118,119,120,121,122,130,131,132,133,134,135,136,137,144,146,176,177,178,179,181,189,204,
19;0;493;650;0;0,1,2,3,4,5,6,7,8,9,10,11,12,13,14,15,16,17,18,19,20,21,22,23,24,25,26,31,33,34,35,36,37,38,39,40,41,42,54,55,56,57,58,59,60,61,62,64,65,66,67,68,69,74,102,109,111,117,118,119,120,121,122,130,131,132,133,134,135,136,137,144,146,176,177,178,179,181,189,204,
19;1;650;724;0;0,1,2,3,4,5,6,7,8,9,10,11,12,13,14,15,16,17,18,19,20,21,22,23,24,25,26,31,33,34,35,36,37,38,39,40,41,42,54,55,56,57,58,59,60,61,62,64,65,66,67,68,69,74,102,109,111,117,118,119,120,121,122,130,131,132,133,134,135,136,137,144,146,176,177,178,179,181,189,204,
73;0;724;793;1;0,1,2,3,4,5,6,7,8,9,10,11,12,13,14,15,16,17,18,19,20,21,22,23,24,25,26,31,33,34,35,36,37,38,39,40,41,42,54,55,56,57,58,59,60,61,62,64,65,66,67,68,69,74,102,109,111,117,118,119,120,121,122,130,131,132,133,134,135,136,137,144,146,176,177,178,179,181,189,204,
72;0;793;827;0;0,1,2,3,4,5,6,7,8,9,10,11,12,13,14,15,16,17,18,19,20,21,22,23,24,25,26,31,33,34,35,36,37,38,39,40,41,42,54,55,56,57,58,59,60,61,62,64,65,66,67,68,69,74,102,109,111,117,118,119,120,121,122,130,131,132,133,134,135,136,137,144,146,176,177,178,179,181,189,204,
72;1;827;932;0;0,1,2,3,4,5,6,7,8,9,10,11,12,13,14,15,16,17,18,19,20,21,22,23,24,25,26,31,33,34,35,36,37,38,39,40,41,42,54,55,56,57,58,59,60,61,62,64,65,66,67,68,69,74,102,109,111,117,118,119,120,121,122,130,131,132,133,134,135,136,137,144,146,176,177,178,179,181,189,204,
47;0;932;1073;1;0,1,2,3,4,5,6,7,8,9,10,11,12,13,14,15,16,17,18,19,20,21,22,23,24,25,26,31,33,34,35,36,37,38,39,40,41,42,54,55,56,57,58,59,60,61,62,64,65,66,67,68,69,74,102,109,111,117,118,119,120,121,122,130,131,132,133,134,135,136,137,144,146,176,177,178,179,181,189,204,
47;1;1073;1169;1;0,1,2,3,4,5,6,7,8,9,10,11,12,13,14,15,16,17,18,19,20,21,22,23,24,25,26,31,33,34,35,36,37,38,39,40,41,42,54,55,56,57,58,59,60,61,62,64,65,66,67,68,69,74,102,109,111,117,118,119,120,121,122,130,131,132,133,134,135,136,137,144,146,176,177,178,179,181,189,204,
74;0;1169;1284;1;0,1,2,3,4,5,6,7,8,9,10,11,12,13,14,15,16,17,18,19,20,21,22,23,24,25,26,31,33,34,35,36,37,38,39,40,41,42,54,55,56,57,58,59,60,61,62,64,65,66,67,68,69,74,102,109,111,117,118,119,120,121,122,130,131,132,133,134,135,136,137,144,146,176,177,178,179,181,189,204,
74;1;1284;1462;1;0,1,2,3,4,5,6,7,8,9,10,11,12,13,14,15,16,17,18,19,20,21,22,23,24,25,26,31,33,34,35,36,37,38,39,40,41,42,54,55,56,57,58,59,60,61,62,64,65,66,67,68,69,74,102,109,111,117,118,119,120,121,122,130,131,132,133,134,135,136,137,144,146,176,177,178,179,181,189,204,
130;0;1462;1599;1;0,1,2,3,4,5,6,7,8,9,10,11,12,13,14,15,16,17,18,19,20,21,22,23,24,25,26,31,33,34,35,36,37,38,39,40,41,42,54,55,56,57,58,59,60,61,62,64,65,66,67,68,69,74,102,109,111,117,118,119,120,121,122,130,131,132,133,134,135,136,137,144,146,176,177,178,179,181,189,204,
128;0;1599;1685;0;0,1,2,3,4,5,6,7,8,9,10,11,12,13,14,15,16,17,18,19,20,21,22,23,24,25,26,31,33,34,35,36,37,38,39,40,41,42,54,55,56,57,58,59,60,61,62,64,65,66,67,68,69,74,102,109,111,117,118,119,120,121,122,130,131,132,133,134,135,136,137,144,146,176,177,178,179,181,189,204,
12;0;1685;1730;0;0,1,2,3,4,5,6,7,8,9,10,11,12,13,14,15,16,17,18,19,20,21,22,23,24,25,26,31,33,34,35,36,37,38,39,40,41,42,54,55,56,57,58,59,60,61,62,64,65,66,67,68,69,74,102,109,111,117,118,119,120,121,122,130,131,132,133,134,135,136,137,144,146,176,177,178,179,181,189,204,
12;1;1730;1783;0;0,1,2,3,4,5,6,7,8,9,10,11,12,13,14,15,16,17,18,19,20,21,22,23,24,25,26,31,33,34,35,36,37,38,39,40,41,42,54,55,56,57,58,59,60,61,62,64,65,66,67,68,69,74,102,109,111,117,118,119,120,121,122,130,131,132,133,134,135,136,137,144,146,176,177,178,179,181,189,204,
56;0;1783;1800;0;0,1,2,3,4,5,6,7,8,9,10,11,12,13,14,15,16,17,18,19,20,21,22,23,24,25,26,31,33,34,35,36,37,38,39,40,41,42,54,55,56,57,58,59,60,61,62,64,65,66,67,68,69,74,102,109,111,117,118,119,120,121,122,130,131,132,133,134,135,136,137,144,146,176,177,178,179,181,189,204,
43;0;1800;1876;1;0,1,2,3,4,5,6,7,8,9,10,11,12,13,14,15,16,17,18,19,20,21,22,23,24,25,26,31,33,34,35,36,37,38,39,40,41,42,54,55,56,57,58,59,60,61,62,64,65,66,67,68,69,74,102,109,111,117,118,119,120,121,122,130,131,132,133,134,135,136,137,144,146,176,177,178,179,181,189,204,
54;0;1876;1908;1;0,1,2,3,4,5,6,7,8,9,10,11,12,13,14,15,16,17,18,19,20,21,22,23,24,25,26,31,33,34,35,36,37,38,39,40,41,42,54,55,56,57,58,59,60,61,62,64,65,66,67,68,69,74,102,109,111,117,118,119,120,121,122,130,131,132,133,134,135,136,137,144,146,176,177,178,179,181,189,204,
54;1;1908;1949;1;0,1,2,3,4,5,6,7,8,9,10,11,12,13,14,15,16,17,18,19,20,21,22,23,24,25,26,31,33,34,35,36,37,38,39,40,41,42,54,55,56,57,58,59,60,61,62,64,65,66,67,68,69,74,102,109,111,117,118,119,120,121,122,130,131,132,133,134,135,136,137,144,146,176,177,178,179,181,189,204,
115;0;1949;1969;0;0,1,2,3,4,5,6,7,8,9,10,11,12,13,14,15,16,17,18,19,20,21,22,23,24,25,26,31,33,34,35,36,37,38,39,40,41,42,54,55,56,57,58,59,60,61,62,64,65,66,67,68,69,74,102,109,111,117,118,119,120,121,122,130,131,132,133,134,135,136,137,144,146,176,177,178,179,181,189,204,
113;0;1969;2046;1;0,1,2,3,4,5,6,7,8,9,10,11,12,13,14,15,16,17,18,19,20,21,22,23,24,25,26,31,33,34,35,36,37,38,39,40,41,42,54,55,56,57,58,59,60,61,62,64,65,66,67,68,69,74,102,109,111,117,118,119,120,121,122,130,131,132,133,134,135,136,137,144,146,176,177,178,179,181,189,204,
112;0;2046;2142;0;0,1,2,3,4,5,6,7,8,9,10,11,12,13,14,15,16,17,18,19,20,21,22,23,24,25,26,31,33,34,35,36,37,38,39,40,41,42,54,55,56,57,58,59,60,61,62,64,65,66,67,68,69,74,102,109,111,117,118,119,120,121,122,130,131,132,133,134,135,136,137,144,146,176,177,178,179,181,189,204,
112;1;2142;2298;0;0,1,2,3,4,5,6,7,8,9,10,11,12,13,14,15,16,17,18,19,20,21,22,23,24,25,26,31,33,34,35,36,37,38,39,40,41,42,54,55,56,57,58,59,60,61,62,64,65,66,67,68,69,74,102,109,111,117,118,119,120,121,122,130,131,132,133,134,135,136,137,144,146,176,177,178,179,181,189,204,
137;0;2298;2474;1;0,1,2,3,4,5,6,7,8,9,10,11,12,13,14,15,16,17,18,19,20,21,22,23,24,25,26,31,33,34,35,36,37,38,39,40,41,42,54,55,56,57,58,59,60,61,62,64,65,66,67,68,69,74,102,109,111,117,118,119,120,121,122,130,131,132,133,134,135,136,137,144,146,176,177,178,179,181,189,204,
137;1;2474;2603;1;0,1,2,3,4,5,6,7,8,9,10,11,12,13,14,15,16,17,18,19,20,21,22,23,24,25,26,31,33,34,35,36,37,38,39,40,41,42,54,55,56,57,58,59,60,61,62,64,65,66,67,68,69,74,102,109,111,117,118,119,120,121,122,130,131,132,133,134,135,136,137,144,146,176,177,178,179,181,189,204,
102;0;2603;2771;0;0,1,2,3,4,5,6,7,8,9,10,11,12,13,14,15,16,17,18,19,20,21,22,23,24,25,26,31,33,34,35,36,37,38,39,40,41,42,54,55,56,57,58,59,60,61,62,64,65,66,67,68,69,74,102,109,111,117,118,119,120,121,122,130,131,132,133,134,135,136,137,144,146,176,177,178,179,181,189,204,
102;1;2771;2922;0;0,1,2,3,4,5,6,7,8,9,10,11,12,13,14,15,16,17,18,19,20,21,22,23,24,25,26,31,33,34,35,36,37,38,39,40,41,42,54,55,56,57,58,59,60,61,62,64,65,66,67,68,69,74,102,109,111,117,118,119,120,121,122,130,131,132,133,134,135,136,137,144,146,176,177,178,179,181,189,204,
71;0;2922;3037;1;0,1,2,3,4,5,6,7,8,9,10,11,12,13,14,15,16,17,18,19,20,21,22,23,24,25,26,31,33,34,35,36,37,38,39,40,41,42,54,55,56,57,58,59,60,61,62,64,65,66,67,68,69,74,102,109,111,117,118,119,120,121,122,130,131,132,133,134,135,136,137,144,146,176,177,178,179,181,189,204,
6;0;3037;3168;0;0,1,2,3,4,5,6,7,8,9,10,11,12,13,14,15,16,17,18,19,20,21,22,23,24,25,26,31,33,34,35,36,37,38,39,40,41,42,54,55,56,57,58,59,60,61,62,64,65,66,67,68,69,74,102,109,111,117,118,119,120,121,122,130,131,132,133,134,135,136,137,144,146,176,177,178,179,181,189,204,
Machine: 4
61;0;0;52;1;0,1,2,3,4,5,6,7,8,9,10,11,12,13,14,15,16,17,18,19,20,21,22,23,24,25,26,27,28,29,30,31,32,33,34,35,36,37,38,39,40,41,42,43,44,45,47,48,49,107,108,112,113,114,115,116,118,119,120,121,122,123,124,125,126,129,130,131,132,133,134,135,136,137,174,175,205,206,207,208,
92;0;52;93;0;0,1,2,3,4,5,6,7,8,9,10,11,12,13,14,15,16,17,18,19,20,21,22,23,24,25,26,27,28,29,30,31,32,33,34,35,36,37,38,39,40,41,42,43,44,45,47,48,49,107,108,112,113,114,115,116,118,119,120,121,122,123,124,125,126,129,130,131,132,133,134,135,136,137,174,175,205,206,207,208,
92;1;93;101;0;0,1,2,3,4,5,6,7,8,9,10,11,12,13,14,15,16,17,18,19,20,21,22,23,24,25,26,27,28,29,30,31,32,33,34,35,36,37,38,39,40,41,42,43,44,45,47,48,49,107,108,112,113,114,115,116,118,119,120,121,122,123,124,125,126,129,130,131,132,133,134,135,136,137,174,175,205,206,207,208,
75;0;101;161;0;0,1,2,3,4,5,6,7,8,9,10,11,12,13,14,15,16,17,18,19,20,21,22,23,24,25,26,27,28,29,30,31,32,33,34,35,36,37,38,39,40,41,42,43,44,45,47,48,49,107,108,112,113,114,115,116,118,119,120,121,122,123,124,125,126,129,130,131,132,133,134,135,136,137,174,175,205,206,207,208,
82;0;161;304;0;0,1,2,3,4,5,6,7,8,9,10,11,12,13,14,15,16,17,18,19,20,21,22,23,24,25,26,27,28,29,30,31,32,33,34,35,36,37,38,39,40,41,42,43,44,45,47,48,49,107,108,112,113,114,115,116,118,119,120,121,122,123,124,125,126,129,130,131,132,133,134,135,136,137,174,175,205,206,207,208,
82;1;304;319;0;0,1,2,3,4,5,6,7,8,9,10,11,12,13,14,15,16,17,18,19,20,21,22,23,24,25,26,27,28,29,30,31,32,33,34,35,36,37,38,39,40,41,42,43,44,45,47,48,49,107,108,112,113,114,115,116,118,119,120,121,122,123,124,125,126,129,130,131,132,133,134,135,136,137,174,175,205,206,207,208,
95;0;319;409;0;0,1,2,3,4,5,6,7,8,9,10,11,12,13,14,15,16,17,18,19,20,21,22,23,24,25,26,27,28,29,30,31,32,33,34,35,36,37,38,39,40,41,42,43,44,45,47,48,49,107,108,112,113,114,115,116,118,119,120,121,122,123,124,125,126,129,130,131,132,133,134,135,136,137,174,175,205,206,207,208,
139;0;409;481;0;0,1,2,3,4,5,6,7,8,9,10,11,12,13,14,15,16,17,18,19,20,21,22,23,24,25,26,27,28,29,30,31,32,33,34,35,36,37,38,39,40,41,42,43,44,45,47,48,49,107,108,112,113,114,115,116,118,119,120,121,122,123,124,125,126,129,130,131,132,133,134,135,136,137,174,175,205,206,207,208,
139;1;481;487;0;0,1,2,3,4,5,6,7,8,9,10,11,12,13,14,15,16,17,18,19,20,21,22,23,24,25,26,27,28,29,30,31,32,33,34,35,36,37,38,39,40,41,42,43,44,45,47,48,49,107,108,112,113,114,115,116,118,119,120,121,122,123,124,125,126,129,130,131,132,133,134,135,136,137,174,175,205,206,207,208,
132;0;487;585;0;0,1,2,3,4,5,6,7,8,9,10,11,12,13,14,15,16,17,18,19,20,21,22,23,24,25,26,27,28,29,30,31,32,33,34,35,36,37,38,39,40,41,42,43,44,45,47,48,49,107,108,112,113,114,115,116,118,119,120,121,122,123,124,125,126,129,130,131,132,133,134,135,136,137,174,175,205,206,207,208,
132;1;585;703;0;0,1,2,3,4,5,6,7,8,9,10,11,12,13,14,15,16,17,18,19,20,21,22,23,24,25,26,27,28,29,30,31,32,33,34,35,36,37,38,39,40,41,42,43,44,45,47,48,49,107,108,112,113,114,115,116,118,119,120,121,122,123,124,125,126,129,130,131,132,133,134,135,136,137,174,175,205,206,207,208,
30;0;703;711;1;0,1,2,3,4,5,6,7,8,9,10,11,12,13,14,15,16,17,18,19,20,21,22,23,24,25,26,27,28,29,30,31,32,33,34,35,36,37,38,39,40,41,42,43,44,45,47,48,49,107,108,112,113,114,115,116,118,119,120,121,122,123,124,125,126,129,130,131,132,133,134,135,136,137,174,175,205,206,207,208,
100;0;711;830;1;0,1,2,3,4,5,6,7,8,9,10,11,12,13,14,15,16,17,18,19,20,21,22,23,24,25,26,27,28,29,30,31,32,33,34,35,36,37,38,39,40,41,42,43,44,45,47,48,49,107,108,112,113,114,115,116,118,119,120,121,122,123,124,125,126,129,130,131,132,133,134,135,136,137,174,175,205,206,207,208,
38;0;830;908;0;0,1,2,3,4,5,6,7,8,9,10,11,12,13,14,15,16,17,18,19,20,21,22,23,24,25,26,27,28,29,30,31,32,33,34,35,36,37,38,39,40,41,42,43,44,45,47,48,49,107,108,112,113,114,115,116,118,119,120,121,122,123,124,125,126,129,130,131,132,133,134,135,136,137,174,175,205,206,207,208,
101;0;908;1011;1;0,1,2,3,4,5,6,7,8,9,10,11,12,13,14,15,16,17,18,19,20,21,22,23,24,25,26,27,28,29,30,31,32,33,34,35,36,37,38,39,40,41,42,43,44,45,47,48,49,107,108,112,113,114,115,116,118,119,120,121,122,123,124,125,126,129,130,131,132,133,134,135,136,137,174,175,205,206,207,208,
44;0;1011;1080;1;0,1,2,3,4,5,6,7,8,9,10,11,12,13,14,15,16,17,18,19,20,21,22,23,24,25,26,27,28,29,30,31,32,33,34,35,36,37,38,39,40,41,42,43,44,45,47,48,49,107,108,112,113,114,115,116,118,119,120,121,122,123,124,125,126,129,130,131,132,133,134,135,136,137,174,175,205,206,207,208,
44;1;1080;1236;1;0,1,2,3,4,5,6,7,8,9,10,11,12,13,14,15,16,17,18,19,20,21,22,23,24,25,26,27,28,29,30,31,32,33,34,35,36,37,38,39,40,41,42,43,44,45,47,48,49,107,108,112,113,114,115,116,118,119,120,121,122,123,124,125,126,129,130,131,132,133,134,135,136,137,174,175,205,206,207,208,
39;0;1236;1283;0;0,1,2,3,4,5,6,7,8,9,10,11,12,13,14,15,16,17,18,19,20,21,22,23,24,25,26,27,28,29,30,31,32,33,34,35,36,37,38,39,40,41,42,43,44,45,47,48,49,107,108,112,113,114,115,116,118,119,120,121,122,123,124,125,126,129,130,131,132,133,134,135,136,137,174,175,205,206,207,208,
39;1;1283;1403;0;0,1,2,3,4,5,6,7,8,9,10,11,12,13,14,15,16,17,18,19,20,21,22,23,24,25,26,27,28,29,30,31,32,33,34,35,36,37,38,39,40,41,42,43,44,45,47,48,49,107,108,112,113,114,115,116,118,119,120,121,122,123,124,125,126,129,130,131,132,133,134,135,136,137,174,175,205,206,207,208,
146;0;1403;1454;0;0,1,2,3,4,5,6,7,8,9,10,11,12,13,14,15,16,17,18,19,20,21,22,23,24,25,26,27,28,29,30,31,32,33,34,35,36,37,38,39,40,41,42,43,44,45,47,48,49,107,108,112,113,114,115,116,118,119,120,121,122,123,124,125,126,129,130,131,132,133,134,135,136,137,174,175,205,206,207,208,
35;0;1454;1632;0;0,1,2,3,4,5,6,7,8,9,10,11,12,13,14,15,16,17,18,19,20,21,22,23,24,25,26,27,28,29,30,31,32,33,34,35,36,37,38,39,40,41,42,43,44,45,47,48,49,107,108,112,113,114,115,116,118,119,120,121,122,123,124,125,126,129,130,131,132,133,134,135,136,137,174,175,205,206,207,208,
106;0;1632;1712;0;0,1,2,3,4,5,6,7,8,9,10,11,12,13,14,15,16,17,18,19,20,21,22,23,24,25,26,27,28,29,30,31,32,33,34,35,36,37,38,39,40,41,42,43,44,45,47,48,49,107,108,112,113,114,115,116,118,119,120,121,122,123,124,125,126,129,130,131,132,133,134,135,136,137,174,175,205,206,207,208,
40;0;1712;1741;1;0,1,2,3,4,5,6,7,8,9,10,11,12,13,14,15,16,17,18,19,20,21,22,23,24,25,26,27,28,29,30,31,32,33,34,35,36,37,38,39,40,41,42,43,44,45,47,48,49,107,108,112,113,114,115,116,118,119,120,121,122,123,124,125,126,129,130,131,132,133,134,135,136,137,174,175,205,206,207,208,
52;0;1741;1822;0;0,1,2,3,4,5,6,7,8,9,10,11,12,13,14,15,16,17,18,19,20,21,22,23,24,25,26,27,28,29,30,31,32,33,34,35,36,37,38,39,40,41,42,43,44,45,47,48,49,107,108,112,113,114,115,116,118,119,120,121,122,123,124,125,126,129,130,131,132,133,134,135,136,137,174,175,205,206,207,208,
52;1;1822;1858;0;0,1,2,3,4,5,6,7,8,9,10,11,12,13,14,15,16,17,18,19,20,21,22,23,24,25,26,27,28,29,30,31,32,33,34,35,36,37,38,39,40,41,42,43,44,45,47,48,49,107,108,112,113,114,115,116,118,119,120,121,122,123,124,125,126,129,130,131,132,133,134,135,136,137,174,175,205,206,207,208,
70;0;1858;1934;1;0,1,2,3,4,5,6,7,8,9,10,11,12,13,14,15,16,17,18,19,20,21,22,23,24,25,26,27,28,29,30,31,32,33,34,35,36,37,38,39,40,41,42,43,44,45,47,48,49,107,108,112,113,114,115,116,118,119,120,121,122,123,124,125,126,129,130,131,132,133,134,135,136,137,174,175,205,206,207,208,
140;0;1934;2049;1;0,1,2,3,4,5,6,7,8,9,10,11,12,13,14,15,16,17,18,19,20,21,22,23,24,25,26,27,28,29,30,31,32,33,34,35,36,37,38,39,40,41,42,43,44,45,47,48,49,107,108,112,113,114,115,116,118,119,120,121,122,123,124,125,126,129,130,131,132,133,134,135,136,137,174,175,205,206,207,208,
16;0;2049;2143;0;0,1,2,3,4,5,6,7,8,9,10,11,12,13,14,15,16,17,18,19,20,21,22,23,24,25,26,27,28,29,30,31,32,33,34,35,36,37,38,39,40,41,42,43,44,45,47,48,49,107,108,112,113,114,115,116,118,119,120,121,122,123,124,125,126,129,130,131,132,133,134,135,136,137,174,175,205,206,207,208,
67;0;2143;2230;1;0,1,2,3,4,5,6,7,8,9,10,11,12,13,14,15,16,17,18,19,20,21,22,23,24,25,26,27,28,29,30,31,32,33,34,35,36,37,38,39,40,41,42,43,44,45,47,48,49,107,108,112,113,114,115,116,118,119,120,121,122,123,124,125,126,129,130,131,132,133,134,135,136,137,174,175,205,206,207,208,
67;1;2230;2255;1;0,1,2,3,4,5,6,7,8,9,10,11,12,13,14,15,16,17,18,19,20,21,22,23,24,25,26,27,28,29,30,31,32,33,34,35,36,37,38,39,40,41,42,43,44,45,47,48,49,107,108,112,113,114,115,116,118,119,120,121,122,123,124,125,126,129,130,131,132,133,134,135,136,137,174,175,205,206,207,208,
89;0;2255;2304;0;0,1,2,3,4,5,6,7,8,9,10,11,12,13,14,15,16,17,18,19,20,21,22,23,24,25,26,27,28,29,30,31,32,33,34,35,36,37,38,39,40,41,42,43,44,45,47,48,49,107,108,112,113,114,115,116,118,119,120,121,122,123,124,125,126,129,130,131,132,133,134,135,136,137,174,175,205,206,207,208,
89;1;2304;2482;0;0,1,2,3,4,5,6,7,8,9,10,11,12,13,14,15,16,17,18,19,20,21,22,23,24,25,26,27,28,29,30,31,32,33,34,35,36,37,38,39,40,41,42,43,44,45,47,48,49,107,108,112,113,114,115,116,118,119,120,121,122,123,124,125,126,129,130,131,132,133,134,135,136,137,174,175,205,206,207,208,
42;0;2482;2586;0;0,1,2,3,4,5,6,7,8,9,10,11,12,13,14,15,16,17,18,19,20,21,22,23,24,25,26,27,28,29,30,31,32,33,34,35,36,37,38,39,40,41,42,43,44,45,47,48,49,107,108,112,113,114,115,116,118,119,120,121,122,123,124,125,126,129,130,131,132,133,134,135,136,137,174,175,205,206,207,208,
42;1;2586;2711;0;0,1,2,3,4,5,6,7,8,9,10,11,12,13,14,15,16,17,18,19,20,21,22,23,24,25,26,27,28,29,30,31,32,33,34,35,36,37,38,39,40,41,42,43,44,45,47,48,49,107,108,112,113,114,115,116,118,119,120,121,122,123,124,125,126,129,130,131,132,133,134,135,136,137,174,175,205,206,207,208,
29;0;2711;2732;0;0,1,2,3,4,5,6,7,8,9,10,11,12,13,14,15,16,17,18,19,20,21,22,23,24,25,26,27,28,29,30,31,32,33,34,35,36,37,38,39,40,41,42,43,44,45,47,48,49,107,108,112,113,114,115,116,118,119,120,121,122,123,124,125,126,129,130,131,132,133,134,135,136,137,174,175,205,206,207,208,
29;1;2732;2892;0;0,1,2,3,4,5,6,7,8,9,10,11,12,13,14,15,16,17,18,19,20,21,22,23,24,25,26,27,28,29,30,31,32,33,34,35,36,37,38,39,40,41,42,43,44,45,47,48,49,107,108,112,113,114,115,116,118,119,120,121,122,123,124,125,126,129,130,131,132,133,134,135,136,137,174,175,205,206,207,208,
Machine: 5
133;0;0;86;1;0,1,2,3,4,5,6,7,8,9,10,11,12,13,14,15,16,17,18,19,20,21,22,23,24,25,26,36,41,47,49,64,65,68,77,102,103,104,105,106,107,108,109,110,111,118,121,130,131,132,133,142,143,144,152,153,154,155,156,157,158,159,160,161,167,168,169,170,180,181,190,191,192,193,199,200,201,202,203,204,
5;0;86;115;0;0,1,2,3,4,5,6,7,8,9,10,11,12,13,14,15,16,17,18,19,20,21,22,23,24,25,26,36,41,47,49,64,65,68,77,102,103,104,105,106,107,108,109,110,111,118,121,130,131,132,133,142,143,144,152,153,154,155,156,157,158,159,160,161,167,168,169,170,180,181,190,191,192,193,199,200,201,202,203,204,
91;0;115;288;1;0,1,2,3,4,5,6,7,8,9,10,11,12,13,14,15,16,17,18,19,20,21,22,23,24,25,26,36,41,47,49,64,65,68,77,102,103,104,105,106,107,108,109,110,111,118,121,130,131,132,133,142,143,144,152,153,154,155,156,157,158,159,160,161,167,168,169,170,180,181,190,191,192,193,199,200,201,202,203,204,
8;0;288;365;0;0,1,2,3,4,5,6,7,8,9,10,11,12,13,14,15,16,17,18,19,20,21,22,23,24,25,26,36,41,47,49,64,65,68,77,102,103,104,105,106,107,108,109,110,111,118,121,130,131,132,133,142,143,144,152,153,154,155,156,157,158,159,160,161,167,168,169,170,180,181,190,191,192,193,199,200,201,202,203,204,
63;0;365;445;1;0,1,2,3,4,5,6,7,8,9,10,11,12,13,14,15,16,17,18,19,20,21,22,23,24,25,26,36,41,47,49,64,65,68,77,102,103,104,105,106,107,108,109,110,111,118,121,130,131,132,133,142,143,144,152,153,154,155,156,157,158,159,160,161,167,168,169,170,180,181,190,191,192,193,199,200,201,202,203,204,
78;0;445;532;0;0,1,2,3,4,5,6,7,8,9,10,11,12,13,14,15,16,17,18,19,20,21,22,23,24,25,26,36,41,47,49,64,65,68,77,102,103,104,105,106,107,108,109,110,111,118,121,130,131,132,133,142,143,144,152,153,154,155,156,157,158,159,160,161,167,168,169,170,180,181,190,191,192,193,199,200,201,202,203,204,
116;0;532;574;0;0,1,2,3,4,5,6,7,8,9,10,11,12,13,14,15,16,17,18,19,20,21,22,23,24,25,26,36,41,47,49,64,65,68,77,102,103,104,105,106,107,108,109,110,111,118,121,130,131,132,133,142,143,144,152,153,154,155,156,157,158,159,160,161,167,168,169,170,180,181,190,191,192,193,199,200,201,202,203,204,
104;0;574;737;1;0,1,2,3,4,5,6,7,8,9,10,11,12,13,14,15,16,17,18,19,20,21,22,23,24,25,26,36,41,47,49,64,65,68,77,102,103,104,105,106,107,108,109,110,111,118,121,130,131,132,133,142,143,144,152,153,154,155,156,157,158,159,160,161,167,168,169,170,180,181,190,191,192,193,199,200,201,202,203,204,
104;1;737;878;1;0,1,2,3,4,5,6,7,8,9,10,11,12,13,14,15,16,17,18,19,20,21,22,23,24,25,26,36,41,47,49,64,65,68,77,102,103,104,105,106,107,108,109,110,111,118,121,130,131,132,133,142,143,144,152,153,154,155,156,157,158,159,160,161,167,168,169,170,180,181,190,191,192,193,199,200,201,202,203,204,
107;0;878;1047;1;0,1,2,3,4,5,6,7,8,9,10,11,12,13,14,15,16,17,18,19,20,21,22,23,24,25,26,36,41,47,49,64,65,68,77,102,103,104,105,106,107,108,109,110,111,118,121,130,131,132,133,142,143,144,152,153,154,155,156,157,158,159,160,161,167,168,169,170,180,181,190,191,192,193,199,200,201,202,203,204,
107;1;1047;1157;1;0,1,2,3,4,5,6,7,8,9,10,11,12,13,14,15,16,17,18,19,20,21,22,23,24,25,26,36,41,47,49,64,65,68,77,102,103,104,105,106,107,108,109,110,111,118,121,130,131,132,133,142,143,144,152,153,154,155,156,157,158,159,160,161,167,168,169,170,180,181,190,191,192,193,199,200,201,202,203,204,
14;0;1157;1307;1;0,1,2,3,4,5,6,7,8,9,10,11,12,13,14,15,16,17,18,19,20,21,22,23,24,25,26,36,41,47,49,64,65,68,77,102,103,104,105,106,107,108,109,110,111,118,121,130,131,132,133,142,143,144,152,153,154,155,156,157,158,159,160,161,167,168,169,170,180,181,190,191,192,193,199,200,201,202,203,204,
14;1;1307;1397;1;0,1,2,3,4,5,6,7,8,9,10,11,12,13,14,15,16,17,18,19,20,21,22,23,24,25,26,36,41,47,49,64,65,68,77,102,103,104,105,106,107,108,109,110,111,118,121,130,131,132,133,142,143,144,152,153,154,155,156,157,158,159,160,161,167,168,169,170,180,181,190,191,192,193,199,200,201,202,203,204,
96;0;1397;1473;0;0,1,2,3,4,5,6,7,8,9,10,11,12,13,14,15,16,17,18,19,20,21,22,23,24,25,26,36,41,47,49,64,65,68,77,102,103,104,105,106,107,108,109,110,111,118,121,130,131,132,133,142,143,144,152,153,154,155,156,157,158,159,160,161,167,168,169,170,180,181,190,191,192,193,199,200,201,202,203,204,
26;0;1473;1517;0;0,1,2,3,4,5,6,7,8,9,10,11,12,13,14,15,16,17,18,19,20,21,22,23,24,25,26,36,41,47,49,64,65,68,77,102,103,104,105,106,107,108,109,110,111,118,121,130,131,132,133,142,143,144,152,153,154,155,156,157,158,159,160,161,167,168,169,170,180,181,190,191,192,193,199,200,201,202,203,204,
64;0;1517;1614;1;0,1,2,3,4,5,6,7,8,9,10,11,12,13,14,15,16,17,18,19,20,21,22,23,24,25,26,36,41,47,49,64,65,68,77,102,103,104,105,106,107,108,109,110,111,118,121,130,131,132,133,142,143,144,152,153,154,155,156,157,158,159,160,161,167,168,169,170,180,181,190,191,192,193,199,200,201,202,203,204,
64;1;1614;1784;1;0,1,2,3,4,5,6,7,8,9,10,11,12,13,14,15,16,17,18,19,20,21,22,23,24,25,26,36,41,47,49,64,65,68,77,102,103,104,105,106,107,108,109,110,111,118,121,130,131,132,133,142,143,144,152,153,154,155,156,157,158,159,160,161,167,168,169,170,180,181,190,191,192,193,199,200,201,202,203,204,
65;0;1784;1958;0;0,1,2,3,4,5,6,7,8,9,10,11,12,13,14,15,16,17,18,19,20,21,22,23,24,25,26,36,41,47,49,64,65,68,77,102,103,104,105,106,107,108,109,110,111,118,121,130,131,132,133,142,143,144,152,153,154,155,156,157,158,159,160,161,167,168,169,170,180,181,190,191,192,193,199,200,201,202,203,204,
81;0;1958;2059;1;0,1,2,3,4,5,6,7,8,9,10,11,12,13,14,15,16,17,18,19,20,21,22,23,24,25,26,36,41,47,49,64,65,68,77,102,103,104,105,106,107,108,109,110,111,118,121,130,131,132,133,142,143,144,152,153,154,155,156,157,158,159,160,161,167,168,169,170,180,181,190,191,192,193,199,200,201,202,203,204,
125;0;2059;2201;0;0,1,2,3,4,5,6,7,8,9,10,11,12,13,14,15,16,17,18,19,20,21,22,23,24,25,26,36,41,47,49,64,65,68,77,102,103,104,105,106,107,108,109,110,111,118,121,130,131,132,133,142,143,144,152,153,154,155,156,157,158,159,160,161,167,168,169,170,180,181,190,191,192,193,199,200,201,202,203,204,
84;0;2201;2212;1;0,1,2,3,4,5,6,7,8,9,10,11,12,13,14,15,16,17,18,19,20,21,22,23,24,25,26,36,41,47,49,64,65,68,77,102,103,104,105,106,107,108,109,110,111,118,121,130,131,132,133,142,143,144,152,153,154,155,156,157,158,159,160,161,167,168,169,170,180,181,190,191,192,193,199,200,201,202,203,204,
84;1;2212;2288;1;0,1,2,3,4,5,6,7,8,9,10,11,12,13,14,15,16,17,18,19,20,21,22,23,24,25,26,36,41,47,49,64,65,68,77,102,103,104,105,106,107,108,109,110,111,118,121,130,131,132,133,142,143,144,152,153,154,155,156,157,158,159,160,161,167,168,169,170,180,181,190,191,192,193,199,200,201,202,203,204,
28;0;2288;2463;0;0,1,2,3,4,5,6,7,8,9,10,11,12,13,14,15,16,17,18,19,20,21,22,23,24,25,26,36,41,47,49,64,65,68,77,102,103,104,105,106,107,108,109,110,111,118,121,130,131,132,133,142,143,144,152,153,154,155,156,157,158,159,160,161,167,168,169,170,180,181,190,191,192,193,199,200,201,202,203,204,
119;0;2463;2634;0;0,1,2,3,4,5,6,7,8,9,10,11,12,13,14,15,16,17,18,19,20,21,22,23,24,25,26,36,41,47,49,64,65,68,77,102,103,104,105,106,107,108,109,110,111,118,121,130,131,132,133,142,143,144,152,153,154,155,156,157,158,159,160,161,167,168,169,170,180,181,190,191,192,193,199,200,201,202,203,204,
119;1;2634;2779;0;0,1,2,3,4,5,6,7,8,9,10,11,12,13,14,15,16,17,18,19,20,21,22,23,24,25,26,36,41,47,49,64,65,68,77,102,103,104,105,106,107,108,109,110,111,118,121,130,131,132,133,142,143,144,152,153,154,155,156,157,158,159,160,161,167,168,169,170,180,181,190,191,192,193,199,200,201,202,203,204,
85;0;2779;2910;0;0,1,2,3,4,5,6,7,8,9,10,11,12,13,14,15,16,17,18,19,20,21,22,23,24,25,26,36,41,47,49,64,65,68,77,102,103,104,105,106,107,108,109,110,111,118,121,130,131,132,133,142,143,144,152,153,154,155,156,157,158,159,160,161,167,168,169,170,180,181,190,191,192,193,199,200,201,202,203,204,
120;0;2910;2978;1;0,1,2,3,4,5,6,7,8,9,10,11,12,13,14,15,16,17,18,19,20,21,22,23,24,25,26,36,41,47,49,64,65,68,77,102,103,104,105,106,107,108,109,110,111,118,121,130,131,132,133,142,143,144,152,153,154,155,156,157,158,159,160,161,167,168,169,170,180,181,190,191,192,193,199,200,201,202,203,204,
60;0;2978;3015;1;0,1,2,3,4,5,6,7,8,9,10,11,12,13,14,15,16,17,18,19,20,21,22,23,24,25,26,36,41,47,49,64,65,68,77,102,103,104,105,106,107,108,109,110,111,118,121,130,131,132,133,142,143,144,152,153,154,155,156,157,158,159,160,161,167,168,169,170,180,181,190,191,192,193,199,200,201,202,203,204,
59;0;3015;3162;0;0,1,2,3,4,5,6,7,8,9,10,11,12,13,14,15,16,17,18,19,20,21,22,23,24,25,26,36,41,47,49,64,65,68,77,102,103,104,105,106,107,108,109,110,111,118,121,130,131,132,133,142,143,144,152,153,154,155,156,157,158,159,160,161,167,168,169,170,180,181,190,191,192,193,199,200,201,202,203,204,
59;1;3162;3287;0;0,1,2,3,4,5,6,7,8,9,10,11,12,13,14,15,16,17,18,19,20,21,22,23,24,25,26,36,41,47,49,64,65,68,77,102,103,104,105,106,107,108,109,110,111,118,121,130,131,132,133,142,143,144,152,153,154,155,156,157,158,159,160,161,167,168,169,170,180,181,190,191,192,193,199,200,201,202,203,204,
48;0;3287;3313;0;0,1,2,3,4,5,6,7,8,9,10,11,12,13,14,15,16,17,18,19,20,21,22,23,24,25,26,36,41,47,49,64,65,68,77,102,103,104,105,106,107,108,109,110,111,118,121,130,131,132,133,142,143,144,152,153,154,155,156,157,158,159,160,161,167,168,169,170,180,181,190,191,192,193,199,200,201,202,203,204,
END
fineshedJobsCount: 209
switchs: 0
switchsInstances: 0
unfineshedPriorityCount: 0
totalUnfineshed: 0
criticalMachineSwitchs: 0
criticalMachineTime: 3438
Final Solution: 6270
Time: 255721
PTL: 0
MCMC: 170
Best Initial: 6250
Mean Initial: 6219.64
