./input/BaseInstances/6M2_n=209,r=0.4,t=209,v0.txt;./input/Processed/ToolSetInt.csv
7;720;1440
Machine: 0
82;0;0;143;0;0,1,2,4,5,10,12,13,14,15,20,21,23,25,32,33,34,35,36,37,38,39,40,41,49,63,64,65,66,67,68,69,70,71,72,73,74,75,76,77,78,79,80,81,82,83,84,85,86,87,88,89,90,91,92,93,94,95,96,97,98,99,100,101,103,104,105,106,118,119,120,121,122,127,128,129,130,142,143,188,
82;1;143;158;0;0,1,2,4,5,10,12,13,14,15,20,21,23,25,32,33,34,35,36,37,38,39,40,41,49,63,64,65,66,67,68,69,70,71,72,73,74,75,76,77,78,79,80,81,82,83,84,85,86,87,88,89,90,91,92,93,94,95,96,97,98,99,100,101,103,104,105,106,118,119,120,121,122,127,128,129,130,142,143,188,
130;0;158;295;1;0,1,2,4,5,10,12,13,14,15,20,21,23,25,32,33,34,35,36,37,38,39,40,41,49,63,64,65,66,67,68,69,70,71,72,73,74,75,76,77,78,79,80,81,82,83,84,85,86,87,88,89,90,91,92,93,94,95,96,97,98,99,100,101,103,104,105,106,118,119,120,121,122,127,128,129,130,142,143,188,
50;0;295;465;1;0,1,2,4,5,10,12,13,14,15,20,21,23,25,32,33,34,35,36,37,38,39,40,41,49,63,64,65,66,67,68,69,70,71,72,73,74,75,76,77,78,79,80,81,82,83,84,85,86,87,88,89,90,91,92,93,94,95,96,97,98,99,100,101,103,104,105,106,118,119,120,121,122,127,128,129,130,142,143,188,
73;0;465;534;1;0,1,2,4,5,10,12,13,14,15,20,21,23,25,32,33,34,35,36,37,38,39,40,41,49,63,64,65,66,67,68,69,70,71,72,73,74,75,76,77,78,79,80,81,82,83,84,85,86,87,88,89,90,91,92,93,94,95,96,97,98,99,100,101,103,104,105,106,118,119,120,121,122,127,128,129,130,142,143,188,
74;0;534;649;1;0,1,2,4,5,10,12,13,14,15,20,21,23,25,32,33,34,35,36,37,38,39,40,41,49,63,64,65,66,67,68,69,70,71,72,73,74,75,76,77,78,79,80,81,82,83,84,85,86,87,88,89,90,91,92,93,94,95,96,97,98,99,100,101,103,104,105,106,118,119,120,121,122,127,128,129,130,142,143,188,
74;1;649;827;1;0,1,2,4,5,10,12,13,14,15,20,21,23,25,32,33,34,35,36,37,38,39,40,41,49,63,64,65,66,67,68,69,70,71,72,73,74,75,76,77,78,79,80,81,82,83,84,85,86,87,88,89,90,91,92,93,94,95,96,97,98,99,100,101,103,104,105,106,118,119,120,121,122,127,128,129,130,142,143,188,
12;0;827;872;0;0,1,2,4,5,10,12,13,14,15,20,21,23,25,32,33,34,35,36,37,38,39,40,41,49,63,64,65,66,67,68,69,70,71,72,73,74,75,76,77,78,79,80,81,82,83,84,85,86,87,88,89,90,91,92,93,94,95,96,97,98,99,100,101,103,104,105,106,118,119,120,121,122,127,128,129,130,142,143,188,
12;1;872;925;0;0,1,2,4,5,10,12,13,14,15,20,21,23,25,32,33,34,35,36,37,38,39,40,41,49,63,64,65,66,67,68,69,70,71,72,73,74,75,76,77,78,79,80,81,82,83,84,85,86,87,88,89,90,91,92,93,94,95,96,97,98,99,100,101,103,104,105,106,118,119,120,121,122,127,128,129,130,142,143,188,
139;0;925;997;0;0,1,2,4,5,10,12,13,14,15,20,21,23,25,32,33,34,35,36,37,38,39,40,41,49,63,64,65,66,67,68,69,70,71,72,73,74,75,76,77,78,79,80,81,82,83,84,85,86,87,88,89,90,91,92,93,94,95,96,97,98,99,100,101,103,104,105,106,118,119,120,121,122,127,128,129,130,142,143,188,
139;1;997;1003;0;0,1,2,4,5,10,12,13,14,15,20,21,23,25,32,33,34,35,36,37,38,39,40,41,49,63,64,65,66,67,68,69,70,71,72,73,74,75,76,77,78,79,80,81,82,83,84,85,86,87,88,89,90,91,92,93,94,95,96,97,98,99,100,101,103,104,105,106,118,119,120,121,122,127,128,129,130,142,143,188,
59;0;1003;1150;0;0,1,2,4,5,10,12,13,14,15,20,21,23,25,32,33,34,35,36,37,38,39,40,41,49,63,64,65,66,67,68,69,70,71,72,73,74,75,76,77,78,79,80,81,82,83,84,85,86,87,88,89,90,91,92,93,94,95,96,97,98,99,100,101,103,104,105,106,118,119,120,121,122,127,128,129,130,142,143,188,
59;1;1150;1275;0;0,1,2,4,5,10,12,13,14,15,20,21,23,25,32,33,34,35,36,37,38,39,40,41,49,63,64,65,66,67,68,69,70,71,72,73,74,75,76,77,78,79,80,81,82,83,84,85,86,87,88,89,90,91,92,93,94,95,96,97,98,99,100,101,103,104,105,106,118,119,120,121,122,127,128,129,130,142,143,188,
141;0;1275;1356;1;0,1,2,4,5,10,12,13,14,15,20,21,23,25,32,33,34,35,36,37,38,39,40,41,49,63,64,65,66,67,68,69,70,71,72,73,74,75,76,77,78,79,80,81,82,83,84,85,86,87,88,89,90,91,92,93,94,95,96,97,98,99,100,101,103,104,105,106,118,119,120,121,122,127,128,129,130,142,143,188,
147;0;1356;1433;1;0,1,2,4,5,10,12,13,14,15,20,21,23,25,32,33,34,35,36,37,38,39,40,41,49,63,64,65,66,67,68,69,70,71,72,73,74,75,76,77,78,79,80,81,82,83,84,85,86,87,88,89,90,91,92,93,94,95,96,97,98,99,100,101,103,104,105,106,118,119,120,121,122,127,128,129,130,142,143,188,
147;1;1433;1458;1;0,1,2,4,5,10,12,13,14,15,20,21,23,25,32,33,34,35,36,37,38,39,40,41,49,63,64,65,66,67,68,69,70,71,72,73,74,75,76,77,78,79,80,81,82,83,84,85,86,87,88,89,90,91,92,93,94,95,96,97,98,99,100,101,103,104,105,106,118,119,120,121,122,127,128,129,130,142,143,188,
10;0;1458;1561;1;0,1,2,4,5,10,12,13,14,15,20,21,23,25,32,33,34,35,36,37,38,39,40,41,49,63,64,65,66,67,68,69,70,71,72,73,74,75,76,77,78,79,80,81,82,83,84,85,86,87,88,89,90,91,92,93,94,95,96,97,98,99,100,101,103,104,105,106,118,119,120,121,122,127,128,129,130,142,143,188,
14;0;1561;1711;1;0,1,2,4,5,10,12,13,14,15,20,21,23,25,32,33,34,35,36,37,38,39,40,41,49,63,64,65,66,67,68,69,70,71,72,73,74,75,76,77,78,79,80,81,82,83,84,85,86,87,88,89,90,91,92,93,94,95,96,97,98,99,100,101,103,104,105,106,118,119,120,121,122,127,128,129,130,142,143,188,
14;1;1711;1801;1;0,1,2,4,5,10,12,13,14,15,20,21,23,25,32,33,34,35,36,37,38,39,40,41,49,63,64,65,66,67,68,69,70,71,72,73,74,75,76,77,78,79,80,81,82,83,84,85,86,87,88,89,90,91,92,93,94,95,96,97,98,99,100,101,103,104,105,106,118,119,120,121,122,127,128,129,130,142,143,188,
81;0;1801;1902;1;0,1,2,4,5,10,12,13,14,15,20,21,23,25,32,33,34,35,36,37,38,39,40,41,49,63,64,65,66,67,68,69,70,71,72,73,74,75,76,77,78,79,80,81,82,83,84,85,86,87,88,89,90,91,92,93,94,95,96,97,98,99,100,101,103,104,105,106,118,119,120,121,122,127,128,129,130,142,143,188,
126;0;1902;2031;0;0,1,2,4,5,10,12,13,14,15,20,21,23,25,32,33,34,35,36,37,38,39,40,41,49,63,64,65,66,67,68,69,70,71,72,73,74,75,76,77,78,79,80,81,82,83,84,85,86,87,88,89,90,91,92,93,94,95,96,97,98,99,100,101,103,104,105,106,118,119,120,121,122,127,128,129,130,142,143,188,
24;0;2031;2175;1;0,1,2,4,5,10,12,13,14,15,20,21,23,25,32,33,34,35,36,37,38,39,40,41,49,63,64,65,66,67,68,69,70,71,72,73,74,75,76,77,78,79,80,81,82,83,84,85,86,87,88,89,90,91,92,93,94,95,96,97,98,99,100,101,103,104,105,106,118,119,120,121,122,127,128,129,130,142,143,188,
24;1;2175;2243;1;0,1,2,4,5,10,12,13,14,15,20,21,23,25,32,33,34,35,36,37,38,39,40,41,49,63,64,65,66,67,68,69,70,71,72,73,74,75,76,77,78,79,80,81,82,83,84,85,86,87,88,89,90,91,92,93,94,95,96,97,98,99,100,101,103,104,105,106,118,119,120,121,122,127,128,129,130,142,143,188,
91;0;2243;2416;1;0,1,2,4,5,10,12,13,14,15,20,21,23,25,32,33,34,35,36,37,38,39,40,41,49,63,64,65,66,67,68,69,70,71,72,73,74,75,76,77,78,79,80,81,82,83,84,85,86,87,88,89,90,91,92,93,94,95,96,97,98,99,100,101,103,104,105,106,118,119,120,121,122,127,128,129,130,142,143,188,
54;0;2416;2448;1;0,1,2,4,5,10,12,13,14,15,20,21,23,25,32,33,34,35,36,37,38,39,40,41,49,63,64,65,66,67,68,69,70,71,72,73,74,75,76,77,78,79,80,81,82,83,84,85,86,87,88,89,90,91,92,93,94,95,96,97,98,99,100,101,103,104,105,106,118,119,120,121,122,127,128,129,130,142,143,188,
54;1;2448;2489;1;0,1,2,4,5,10,12,13,14,15,20,21,23,25,32,33,34,35,36,37,38,39,40,41,49,63,64,65,66,67,68,69,70,71,72,73,74,75,76,77,78,79,80,81,82,83,84,85,86,87,88,89,90,91,92,93,94,95,96,97,98,99,100,101,103,104,105,106,118,119,120,121,122,127,128,129,130,142,143,188,
124;0;2489;2533;1;0,1,2,4,5,10,12,13,14,15,20,21,23,25,32,33,34,35,36,37,38,39,40,41,49,63,64,65,66,67,68,69,70,71,72,73,74,75,76,77,78,79,80,81,82,83,84,85,86,87,88,89,90,91,92,93,94,95,96,97,98,99,100,101,103,104,105,106,118,119,120,121,122,127,128,129,130,142,143,188,
124;1;2533;2577;1;0,1,2,4,5,10,12,13,14,15,20,21,23,25,32,33,34,35,36,37,38,39,40,41,49,63,64,65,66,67,68,69,70,71,72,73,74,75,76,77,78,79,80,81,82,83,84,85,86,87,88,89,90,91,92,93,94,95,96,97,98,99,100,101,103,104,105,106,118,119,120,121,122,127,128,129,130,142,143,188,
95;0;2577;2667;0;0,1,2,4,5,10,12,13,14,15,20,21,23,25,32,33,34,35,36,37,38,39,40,41,49,63,64,65,66,67,68,69,70,71,72,73,74,75,76,77,78,79,80,81,82,83,84,85,86,87,88,89,90,91,92,93,94,95,96,97,98,99,100,101,103,104,105,106,118,119,120,121,122,127,128,129,130,142,143,188,
79;0;2667;2736;0;0,1,2,4,5,10,12,13,14,15,20,21,23,25,32,33,34,35,36,37,38,39,40,41,49,63,64,65,66,67,68,69,70,71,72,73,74,75,76,77,78,79,80,81,82,83,84,85,86,87,88,89,90,91,92,93,94,95,96,97,98,99,100,101,103,104,105,106,118,119,120,121,122,127,128,129,130,142,143,188,
79;1;2736;2873;0;0,1,2,4,5,10,12,13,14,15,20,21,23,25,32,33,34,35,36,37,38,39,40,41,49,63,64,65,66,67,68,69,70,71,72,73,74,75,76,77,78,79,80,81,82,83,84,85,86,87,88,89,90,91,92,93,94,95,96,97,98,99,100,101,103,104,105,106,118,119,120,121,122,127,128,129,130,142,143,188,
36;0;2873;2922;0;0,1,2,4,5,10,12,13,14,15,20,21,23,25,32,33,34,35,36,37,38,39,40,41,49,63,64,65,66,67,68,69,70,71,72,73,74,75,76,77,78,79,80,81,82,83,84,85,86,87,88,89,90,91,92,93,94,95,96,97,98,99,100,101,103,104,105,106,118,119,120,121,122,127,128,129,130,142,143,188,
20;0;2922;2986;1;0,1,2,4,5,10,12,13,14,15,20,21,23,25,32,33,34,35,36,37,38,39,40,41,49,63,64,65,66,67,68,69,70,71,72,73,74,75,76,77,78,79,80,81,82,83,84,85,86,87,88,89,90,91,92,93,94,95,96,97,98,99,100,101,103,104,105,106,118,119,120,121,122,127,128,129,130,142,143,188,
90;0;2986;3027;1;0,1,2,4,5,10,12,13,14,15,20,21,23,25,32,33,34,35,36,37,38,39,40,41,49,63,64,65,66,67,68,69,70,71,72,73,74,75,76,77,78,79,80,81,82,83,84,85,86,87,88,89,90,91,92,93,94,95,96,97,98,99,100,101,103,104,105,106,118,119,120,121,122,127,128,129,130,142,143,188,
48;0;3027;3053;0;0,1,2,4,5,10,12,13,14,15,20,21,23,25,32,33,34,35,36,37,38,39,40,41,49,63,64,65,66,67,68,69,70,71,72,73,74,75,76,77,78,79,80,81,82,83,84,85,86,87,88,89,90,91,92,93,94,95,96,97,98,99,100,101,103,104,105,106,118,119,120,121,122,127,128,129,130,142,143,188,
13;0;3053;3104;1;0,1,2,4,5,10,12,13,14,15,20,21,23,25,32,33,34,35,36,37,38,39,40,41,49,63,64,65,66,67,68,69,70,71,72,73,74,75,76,77,78,79,80,81,82,83,84,85,86,87,88,89,90,91,92,93,94,95,96,97,98,99,100,101,103,104,105,106,118,119,120,121,122,127,128,129,130,142,143,188,
Machine: 1
112;0;0;96;0;0,1,2,3,4,5,6,7,8,9,10,11,12,13,14,15,16,17,18,19,20,21,22,23,24,25,26,27,28,29,30,31,33,34,35,36,37,40,42,47,49,50,51,52,53,63,64,65,66,102,119,129,130,131,132,133,134,135,136,137,145,176,177,178,179,181,183,184,185,186,187,190,191,192,193,204,205,206,207,208,
112;1;96;252;0;0,1,2,3,4,5,6,7,8,9,10,11,12,13,14,15,16,17,18,19,20,21,22,23,24,25,26,27,28,29,30,31,33,34,35,36,37,40,42,47,49,50,51,52,53,63,64,65,66,102,119,129,130,131,132,133,134,135,136,137,145,176,177,178,179,181,183,184,185,186,187,190,191,192,193,204,205,206,207,208,
17;0;252;431;1;0,1,2,3,4,5,6,7,8,9,10,11,12,13,14,15,16,17,18,19,20,21,22,23,24,25,26,27,28,29,30,31,33,34,35,36,37,40,42,47,49,50,51,52,53,63,64,65,66,102,119,129,130,131,132,133,134,135,136,137,145,176,177,178,179,181,183,184,185,186,187,190,191,192,193,204,205,206,207,208,
17;1;431;465;1;0,1,2,3,4,5,6,7,8,9,10,11,12,13,14,15,16,17,18,19,20,21,22,23,24,25,26,27,28,29,30,31,33,34,35,36,37,40,42,47,49,50,51,52,53,63,64,65,66,102,119,129,130,131,132,133,134,135,136,137,145,176,177,178,179,181,183,184,185,186,187,190,191,192,193,204,205,206,207,208,
51;0;465;611;1;0,1,2,3,4,5,6,7,8,9,10,11,12,13,14,15,16,17,18,19,20,21,22,23,24,25,26,27,28,29,30,31,33,34,35,36,37,40,42,47,49,50,51,52,53,63,64,65,66,102,119,129,130,131,132,133,134,135,136,137,145,176,177,178,179,181,183,184,185,186,187,190,191,192,193,204,205,206,207,208,
132;0;611;709;0;0,1,2,3,4,5,6,7,8,9,10,11,12,13,14,15,16,17,18,19,20,21,22,23,24,25,26,27,28,29,30,31,33,34,35,36,37,40,42,47,49,50,51,52,53,63,64,65,66,102,119,129,130,131,132,133,134,135,136,137,145,176,177,178,179,181,183,184,185,186,187,190,191,192,193,204,205,206,207,208,
132;1;709;827;0;0,1,2,3,4,5,6,7,8,9,10,11,12,13,14,15,16,17,18,19,20,21,22,23,24,25,26,27,28,29,30,31,33,34,35,36,37,40,42,47,49,50,51,52,53,63,64,65,66,102,119,129,130,131,132,133,134,135,136,137,145,176,177,178,179,181,183,184,185,186,187,190,191,192,193,204,205,206,207,208,
57;0;827;847;1;0,1,2,3,4,5,6,7,8,9,10,11,12,13,14,15,16,17,18,19,20,21,22,23,24,25,26,27,28,29,30,31,33,34,35,36,37,40,42,47,49,50,51,52,53,63,64,65,66,102,119,129,130,131,132,133,134,135,136,137,145,176,177,178,179,181,183,184,185,186,187,190,191,192,193,204,205,206,207,208,
57;1;847;895;1;0,1,2,3,4,5,6,7,8,9,10,11,12,13,14,15,16,17,18,19,20,21,22,23,24,25,26,27,28,29,30,31,33,34,35,36,37,40,42,47,49,50,51,52,53,63,64,65,66,102,119,129,130,131,132,133,134,135,136,137,145,176,177,178,179,181,183,184,185,186,187,190,191,192,193,204,205,206,207,208,
62;0;895;901;0;0,1,2,3,4,5,6,7,8,9,10,11,12,13,14,15,16,17,18,19,20,21,22,23,24,25,26,27,28,29,30,31,33,34,35,36,37,40,42,47,49,50,51,52,53,63,64,65,66,102,119,129,130,131,132,133,134,135,136,137,145,176,177,178,179,181,183,184,185,186,187,190,191,192,193,204,205,206,207,208,
62;1;901;991;0;0,1,2,3,4,5,6,7,8,9,10,11,12,13,14,15,16,17,18,19,20,21,22,23,24,25,26,27,28,29,30,31,33,34,35,36,37,40,42,47,49,50,51,52,53,63,64,65,66,102,119,129,130,131,132,133,134,135,136,137,145,176,177,178,179,181,183,184,185,186,187,190,191,192,193,204,205,206,207,208,
116;0;991;1033;0;0,1,2,3,4,5,6,7,8,9,10,11,12,13,14,15,16,17,18,19,20,21,22,23,24,25,26,27,28,29,30,31,33,34,35,36,37,40,42,47,49,50,51,52,53,63,64,65,66,102,119,129,130,131,132,133,134,135,136,137,145,176,177,178,179,181,183,184,185,186,187,190,191,192,193,204,205,206,207,208,
127;0;1033;1121;1;0,1,2,3,4,5,6,7,8,9,10,11,12,13,14,15,16,17,18,19,20,21,22,23,24,25,26,27,28,29,30,31,33,34,35,36,37,40,42,47,49,50,51,52,53,63,64,65,66,102,119,129,130,131,132,133,134,135,136,137,145,176,177,178,179,181,183,184,185,186,187,190,191,192,193,204,205,206,207,208,
127;1;1121;1201;1;0,1,2,3,4,5,6,7,8,9,10,11,12,13,14,15,16,17,18,19,20,21,22,23,24,25,26,27,28,29,30,31,33,34,35,36,37,40,42,47,49,50,51,52,53,63,64,65,66,102,119,129,130,131,132,133,134,135,136,137,145,176,177,178,179,181,183,184,185,186,187,190,191,192,193,204,205,206,207,208,
128;0;1201;1287;0;0,1,2,3,4,5,6,7,8,9,10,11,12,13,14,15,16,17,18,19,20,21,22,23,24,25,26,27,28,29,30,31,33,34,35,36,37,40,42,47,49,50,51,52,53,63,64,65,66,102,119,129,130,131,132,133,134,135,136,137,145,176,177,178,179,181,183,184,185,186,187,190,191,192,193,204,205,206,207,208,
94;0;1287;1328;1;0,1,2,3,4,5,6,7,8,9,10,11,12,13,14,15,16,17,18,19,20,21,22,23,24,25,26,27,28,29,30,31,33,34,35,36,37,40,42,47,49,50,51,52,53,63,64,65,66,102,119,129,130,131,132,133,134,135,136,137,145,176,177,178,179,181,183,184,185,186,187,190,191,192,193,204,205,206,207,208,
94;1;1328;1401;1;0,1,2,3,4,5,6,7,8,9,10,11,12,13,14,15,16,17,18,19,20,21,22,23,24,25,26,27,28,29,30,31,33,34,35,36,37,40,42,47,49,50,51,52,53,63,64,65,66,102,119,129,130,131,132,133,134,135,136,137,145,176,177,178,179,181,183,184,185,186,187,190,191,192,193,204,205,206,207,208,
98;0;1401;1481;0;0,1,2,3,4,5,6,7,8,9,10,11,12,13,14,15,16,17,18,19,20,21,22,23,24,25,26,27,28,29,30,31,33,34,35,36,37,40,42,47,49,50,51,52,53,63,64,65,66,102,119,129,130,131,132,133,134,135,136,137,145,176,177,178,179,181,183,184,185,186,187,190,191,192,193,204,205,206,207,208,
122;0;1481;1649;0;0,1,2,3,4,5,6,7,8,9,10,11,12,13,14,15,16,17,18,19,20,21,22,23,24,25,26,27,28,29,30,31,33,34,35,36,37,40,42,47,49,50,51,52,53,63,64,65,66,102,119,129,130,131,132,133,134,135,136,137,145,176,177,178,179,181,183,184,185,186,187,190,191,192,193,204,205,206,207,208,
122;1;1649;1727;0;0,1,2,3,4,5,6,7,8,9,10,11,12,13,14,15,16,17,18,19,20,21,22,23,24,25,26,27,28,29,30,31,33,34,35,36,37,40,42,47,49,50,51,52,53,63,64,65,66,102,119,129,130,131,132,133,134,135,136,137,145,176,177,178,179,181,183,184,185,186,187,190,191,192,193,204,205,206,207,208,
129;0;1727;1821;0;0,1,2,3,4,5,6,7,8,9,10,11,12,13,14,15,16,17,18,19,20,21,22,23,24,25,26,27,28,29,30,31,33,34,35,36,37,40,42,47,49,50,51,52,53,63,64,65,66,102,119,129,130,131,132,133,134,135,136,137,145,176,177,178,179,181,183,184,185,186,187,190,191,192,193,204,205,206,207,208,
129;1;1821;1877;0;0,1,2,3,4,5,6,7,8,9,10,11,12,13,14,15,16,17,18,19,20,21,22,23,24,25,26,27,28,29,30,31,33,34,35,36,37,40,42,47,49,50,51,52,53,63,64,65,66,102,119,129,130,131,132,133,134,135,136,137,145,176,177,178,179,181,183,184,185,186,187,190,191,192,193,204,205,206,207,208,
71;0;1877;1992;1;0,1,2,3,4,5,6,7,8,9,10,11,12,13,14,15,16,17,18,19,20,21,22,23,24,25,26,27,28,29,30,31,33,34,35,36,37,40,42,47,49,50,51,52,53,63,64,65,66,102,119,129,130,131,132,133,134,135,136,137,145,176,177,178,179,181,183,184,185,186,187,190,191,192,193,204,205,206,207,208,
44;0;1992;2061;1;0,1,2,3,4,5,6,7,8,9,10,11,12,13,14,15,16,17,18,19,20,21,22,23,24,25,26,27,28,29,30,31,33,34,35,36,37,40,42,47,49,50,51,52,53,63,64,65,66,102,119,129,130,131,132,133,134,135,136,137,145,176,177,178,179,181,183,184,185,186,187,190,191,192,193,204,205,206,207,208,
44;1;2061;2217;1;0,1,2,3,4,5,6,7,8,9,10,11,12,13,14,15,16,17,18,19,20,21,22,23,24,25,26,27,28,29,30,31,33,34,35,36,37,40,42,47,49,50,51,52,53,63,64,65,66,102,119,129,130,131,132,133,134,135,136,137,145,176,177,178,179,181,183,184,185,186,187,190,191,192,193,204,205,206,207,208,
64;0;2217;2314;1;0,1,2,3,4,5,6,7,8,9,10,11,12,13,14,15,16,17,18,19,20,21,22,23,24,25,26,27,28,29,30,31,33,34,35,36,37,40,42,47,49,50,51,52,53,63,64,65,66,102,119,129,130,131,132,133,134,135,136,137,145,176,177,178,179,181,183,184,185,186,187,190,191,192,193,204,205,206,207,208,
64;1;2314;2484;1;0,1,2,3,4,5,6,7,8,9,10,11,12,13,14,15,16,17,18,19,20,21,22,23,24,25,26,27,28,29,30,31,33,34,35,36,37,40,42,47,49,50,51,52,53,63,64,65,66,102,119,129,130,131,132,133,134,135,136,137,145,176,177,178,179,181,183,184,185,186,187,190,191,192,193,204,205,206,207,208,
110;0;2484;2663;1;0,1,2,3,4,5,6,7,8,9,10,11,12,13,14,15,16,17,18,19,20,21,22,23,24,25,26,27,28,29,30,31,33,34,35,36,37,40,42,47,49,50,51,52,53,63,64,65,66,102,119,129,130,131,132,133,134,135,136,137,145,176,177,178,179,181,183,184,185,186,187,190,191,192,193,204,205,206,207,208,
38;0;2663;2741;0;0,1,2,3,4,5,6,7,8,9,10,11,12,13,14,15,16,17,18,19,20,21,22,23,24,25,26,27,28,29,30,31,33,34,35,36,37,40,42,47,49,50,51,52,53,63,64,65,66,102,119,129,130,131,132,133,134,135,136,137,145,176,177,178,179,181,183,184,185,186,187,190,191,192,193,204,205,206,207,208,
80;0;2741;2776;1;0,1,2,3,4,5,6,7,8,9,10,11,12,13,14,15,16,17,18,19,20,21,22,23,24,25,26,27,28,29,30,31,33,34,35,36,37,40,42,47,49,50,51,52,53,63,64,65,66,102,119,129,130,131,132,133,134,135,136,137,145,176,177,178,179,181,183,184,185,186,187,190,191,192,193,204,205,206,207,208,
49;0;2776;2837;0;0,1,2,3,4,5,6,7,8,9,10,11,12,13,14,15,16,17,18,19,20,21,22,23,24,25,26,27,28,29,30,31,33,34,35,36,37,40,42,47,49,50,51,52,53,63,64,65,66,102,119,129,130,131,132,133,134,135,136,137,145,176,177,178,179,181,183,184,185,186,187,190,191,192,193,204,205,206,207,208,
49;1;2837;2862;0;0,1,2,3,4,5,6,7,8,9,10,11,12,13,14,15,16,17,18,19,20,21,22,23,24,25,26,27,28,29,30,31,33,34,35,36,37,40,42,47,49,50,51,52,53,63,64,65,66,102,119,129,130,131,132,133,134,135,136,137,145,176,177,178,179,181,183,184,185,186,187,190,191,192,193,204,205,206,207,208,
84;0;2862;2873;1;0,1,2,3,4,5,6,7,8,9,10,11,12,13,14,15,16,17,18,19,20,21,22,23,24,25,26,27,28,29,30,31,33,34,35,36,37,40,42,47,49,50,51,52,53,63,64,65,66,102,119,129,130,131,132,133,134,135,136,137,145,176,177,178,179,181,183,184,185,186,187,190,191,192,193,204,205,206,207,208,
84;1;2873;2949;1;0,1,2,3,4,5,6,7,8,9,10,11,12,13,14,15,16,17,18,19,20,21,22,23,24,25,26,27,28,29,30,31,33,34,35,36,37,40,42,47,49,50,51,52,53,63,64,65,66,102,119,129,130,131,132,133,134,135,136,137,145,176,177,178,179,181,183,184,185,186,187,190,191,192,193,204,205,206,207,208,
45;0;2949;3018;0;0,1,2,3,4,5,6,7,8,9,10,11,12,13,14,15,16,17,18,19,20,21,22,23,24,25,26,27,28,29,30,31,33,34,35,36,37,40,42,47,49,50,51,52,53,63,64,65,66,102,119,129,130,131,132,133,134,135,136,137,145,176,177,178,179,181,183,184,185,186,187,190,191,192,193,204,205,206,207,208,
55;0;3018;3162;0;0,1,2,3,4,5,6,7,8,9,10,11,12,13,14,15,16,17,18,19,20,21,22,23,24,25,26,27,28,29,30,31,33,34,35,36,37,40,42,47,49,50,51,52,53,63,64,65,66,102,119,129,130,131,132,133,134,135,136,137,145,176,177,178,179,181,183,184,185,186,187,190,191,192,193,204,205,206,207,208,
102;0;3162;3330;0;0,1,2,3,4,5,6,7,8,9,10,11,12,13,14,15,16,17,18,19,20,21,22,23,24,25,26,27,28,29,30,31,33,34,35,36,37,40,42,47,49,50,51,52,53,63,64,65,66,102,119,129,130,131,132,133,134,135,136,137,145,176,177,178,179,181,183,184,185,186,187,190,191,192,193,204,205,206,207,208,
102;1;3330;3481;0;0,1,2,3,4,5,6,7,8,9,10,11,12,13,14,15,16,17,18,19,20,21,22,23,24,25,26,27,28,29,30,31,33,34,35,36,37,40,42,47,49,50,51,52,53,63,64,65,66,102,119,129,130,131,132,133,134,135,136,137,145,176,177,178,179,181,183,184,185,186,187,190,191,192,193,204,205,206,207,208,
63;0;3481;3561;1;0,1,2,3,4,5,6,7,8,9,10,11,12,13,14,15,16,17,18,19,20,21,22,23,24,25,26,27,28,29,30,31,33,34,35,36,37,40,42,47,49,50,51,52,53,63,64,65,66,102,119,129,130,131,132,133,134,135,136,137,145,176,177,178,179,181,183,184,185,186,187,190,191,192,193,204,205,206,207,208,
Machine: 2
42;0;0;104;0;0,1,2,3,4,5,6,7,8,9,10,11,12,13,14,15,16,17,18,19,20,21,22,23,24,25,26,31,33,34,35,36,37,47,48,49,54,55,56,57,63,64,66,102,107,108,112,113,114,115,116,117,118,119,120,121,122,123,127,128,129,130,141,142,143,144,145,162,163,164,165,166,167,168,169,170,205,206,207,208,
42;1;104;229;0;0,1,2,3,4,5,6,7,8,9,10,11,12,13,14,15,16,17,18,19,20,21,22,23,24,25,26,31,33,34,35,36,37,47,48,49,54,55,56,57,63,64,66,102,107,108,112,113,114,115,116,117,118,119,120,121,122,123,127,128,129,130,141,142,143,144,145,162,163,164,165,166,167,168,169,170,205,206,207,208,
135;0;229;354;0;0,1,2,3,4,5,6,7,8,9,10,11,12,13,14,15,16,17,18,19,20,21,22,23,24,25,26,31,33,34,35,36,37,47,48,49,54,55,56,57,63,64,66,102,107,108,112,113,114,115,116,117,118,119,120,121,122,123,127,128,129,130,141,142,143,144,145,162,163,164,165,166,167,168,169,170,205,206,207,208,
2;0;354;409;0;0,1,2,3,4,5,6,7,8,9,10,11,12,13,14,15,16,17,18,19,20,21,22,23,24,25,26,31,33,34,35,36,37,47,48,49,54,55,56,57,63,64,66,102,107,108,112,113,114,115,116,117,118,119,120,121,122,123,127,128,129,130,141,142,143,144,145,162,163,164,165,166,167,168,169,170,205,206,207,208,
2;1;409;456;0;0,1,2,3,4,5,6,7,8,9,10,11,12,13,14,15,16,17,18,19,20,21,22,23,24,25,26,31,33,34,35,36,37,47,48,49,54,55,56,57,63,64,66,102,107,108,112,113,114,115,116,117,118,119,120,121,122,123,127,128,129,130,141,142,143,144,145,162,163,164,165,166,167,168,169,170,205,206,207,208,
146;0;456;507;0;0,1,2,3,4,5,6,7,8,9,10,11,12,13,14,15,16,17,18,19,20,21,22,23,24,25,26,31,33,34,35,36,37,47,48,49,54,55,56,57,63,64,66,102,107,108,112,113,114,115,116,117,118,119,120,121,122,123,127,128,129,130,141,142,143,144,145,162,163,164,165,166,167,168,169,170,205,206,207,208,
142;0;507;529;0;0,1,2,3,4,5,6,7,8,9,10,11,12,13,14,15,16,17,18,19,20,21,22,23,24,25,26,31,33,34,35,36,37,47,48,49,54,55,56,57,63,64,66,102,107,108,112,113,114,115,116,117,118,119,120,121,122,123,127,128,129,130,141,142,143,144,145,162,163,164,165,166,167,168,169,170,205,206,207,208,
142;1;529;538;0;0,1,2,3,4,5,6,7,8,9,10,11,12,13,14,15,16,17,18,19,20,21,22,23,24,25,26,31,33,34,35,36,37,47,48,49,54,55,56,57,63,64,66,102,107,108,112,113,114,115,116,117,118,119,120,121,122,123,127,128,129,130,141,142,143,144,145,162,163,164,165,166,167,168,169,170,205,206,207,208,
58;0;538;664;0;0,1,2,3,4,5,6,7,8,9,10,11,12,13,14,15,16,17,18,19,20,21,22,23,24,25,26,31,33,34,35,36,37,47,48,49,54,55,56,57,63,64,66,102,107,108,112,113,114,115,116,117,118,119,120,121,122,123,127,128,129,130,141,142,143,144,145,162,163,164,165,166,167,168,169,170,205,206,207,208,
96;0;664;740;0;0,1,2,3,4,5,6,7,8,9,10,11,12,13,14,15,16,17,18,19,20,21,22,23,24,25,26,31,33,34,35,36,37,47,48,49,54,55,56,57,63,64,66,102,107,108,112,113,114,115,116,117,118,119,120,121,122,123,127,128,129,130,141,142,143,144,145,162,163,164,165,166,167,168,169,170,205,206,207,208,
123;0;740;788;1;0,1,2,3,4,5,6,7,8,9,10,11,12,13,14,15,16,17,18,19,20,21,22,23,24,25,26,31,33,34,35,36,37,47,48,49,54,55,56,57,63,64,66,102,107,108,112,113,114,115,116,117,118,119,120,121,122,123,127,128,129,130,141,142,143,144,145,162,163,164,165,166,167,168,169,170,205,206,207,208,
6;0;788;919;0;0,1,2,3,4,5,6,7,8,9,10,11,12,13,14,15,16,17,18,19,20,21,22,23,24,25,26,31,33,34,35,36,37,47,48,49,54,55,56,57,63,64,66,102,107,108,112,113,114,115,116,117,118,119,120,121,122,123,127,128,129,130,141,142,143,144,145,162,163,164,165,166,167,168,169,170,205,206,207,208,
18;0;919;924;0;0,1,2,3,4,5,6,7,8,9,10,11,12,13,14,15,16,17,18,19,20,21,22,23,24,25,26,31,33,34,35,36,37,47,48,49,54,55,56,57,63,64,66,102,107,108,112,113,114,115,116,117,118,119,120,121,122,123,127,128,129,130,141,142,143,144,145,162,163,164,165,166,167,168,169,170,205,206,207,208,
143;0;924;938;1;0,1,2,3,4,5,6,7,8,9,10,11,12,13,14,15,16,17,18,19,20,21,22,23,24,25,26,31,33,34,35,36,37,47,48,49,54,55,56,57,63,64,66,102,107,108,112,113,114,115,116,117,118,119,120,121,122,123,127,128,129,130,141,142,143,144,145,162,163,164,165,166,167,168,169,170,205,206,207,208,
83;0;938;1013;1;0,1,2,3,4,5,6,7,8,9,10,11,12,13,14,15,16,17,18,19,20,21,22,23,24,25,26,31,33,34,35,36,37,47,48,49,54,55,56,57,63,64,66,102,107,108,112,113,114,115,116,117,118,119,120,121,122,123,127,128,129,130,141,142,143,144,145,162,163,164,165,166,167,168,169,170,205,206,207,208,
16;0;1013;1107;0;0,1,2,3,4,5,6,7,8,9,10,11,12,13,14,15,16,17,18,19,20,21,22,23,24,25,26,31,33,34,35,36,37,47,48,49,54,55,56,57,63,64,66,102,107,108,112,113,114,115,116,117,118,119,120,121,122,123,127,128,129,130,141,142,143,144,145,162,163,164,165,166,167,168,169,170,205,206,207,208,
72;0;1107;1141;0;0,1,2,3,4,5,6,7,8,9,10,11,12,13,14,15,16,17,18,19,20,21,22,23,24,25,26,31,33,34,35,36,37,47,48,49,54,55,56,57,63,64,66,102,107,108,112,113,114,115,116,117,118,119,120,121,122,123,127,128,129,130,141,142,143,144,145,162,163,164,165,166,167,168,169,170,205,206,207,208,
72;1;1141;1246;0;0,1,2,3,4,5,6,7,8,9,10,11,12,13,14,15,16,17,18,19,20,21,22,23,24,25,26,31,33,34,35,36,37,47,48,49,54,55,56,57,63,64,66,102,107,108,112,113,114,115,116,117,118,119,120,121,122,123,127,128,129,130,141,142,143,144,145,162,163,164,165,166,167,168,169,170,205,206,207,208,
103;0;1246;1351;1;0,1,2,3,4,5,6,7,8,9,10,11,12,13,14,15,16,17,18,19,20,21,22,23,24,25,26,31,33,34,35,36,37,47,48,49,54,55,56,57,63,64,66,102,107,108,112,113,114,115,116,117,118,119,120,121,122,123,127,128,129,130,141,142,143,144,145,162,163,164,165,166,167,168,169,170,205,206,207,208,
85;0;1351;1482;0;0,1,2,3,4,5,6,7,8,9,10,11,12,13,14,15,16,17,18,19,20,21,22,23,24,25,26,31,33,34,35,36,37,47,48,49,54,55,56,57,63,64,66,102,107,108,112,113,114,115,116,117,118,119,120,121,122,123,127,128,129,130,141,142,143,144,145,162,163,164,165,166,167,168,169,170,205,206,207,208,
22;0;1482;1565;0;0,1,2,3,4,5,6,7,8,9,10,11,12,13,14,15,16,17,18,19,20,21,22,23,24,25,26,31,33,34,35,36,37,47,48,49,54,55,56,57,63,64,66,102,107,108,112,113,114,115,116,117,118,119,120,121,122,123,127,128,129,130,141,142,143,144,145,162,163,164,165,166,167,168,169,170,205,206,207,208,
22;1;1565;1692;0;0,1,2,3,4,5,6,7,8,9,10,11,12,13,14,15,16,17,18,19,20,21,22,23,24,25,26,31,33,34,35,36,37,47,48,49,54,55,56,57,63,64,66,102,107,108,112,113,114,115,116,117,118,119,120,121,122,123,127,128,129,130,141,142,143,144,145,162,163,164,165,166,167,168,169,170,205,206,207,208,
86;0;1692;1729;0;0,1,2,3,4,5,6,7,8,9,10,11,12,13,14,15,16,17,18,19,20,21,22,23,24,25,26,31,33,34,35,36,37,47,48,49,54,55,56,57,63,64,66,102,107,108,112,113,114,115,116,117,118,119,120,121,122,123,127,128,129,130,141,142,143,144,145,162,163,164,165,166,167,168,169,170,205,206,207,208,
30;0;1729;1737;1;0,1,2,3,4,5,6,7,8,9,10,11,12,13,14,15,16,17,18,19,20,21,22,23,24,25,26,31,33,34,35,36,37,47,48,49,54,55,56,57,63,64,66,102,107,108,112,113,114,115,116,117,118,119,120,121,122,123,127,128,129,130,141,142,143,144,145,162,163,164,165,166,167,168,169,170,205,206,207,208,
35;0;1737;1915;0;0,1,2,3,4,5,6,7,8,9,10,11,12,13,14,15,16,17,18,19,20,21,22,23,24,25,26,31,33,34,35,36,37,47,48,49,54,55,56,57,63,64,66,102,107,108,112,113,114,115,116,117,118,119,120,121,122,123,127,128,129,130,141,142,143,144,145,162,163,164,165,166,167,168,169,170,205,206,207,208,
4;0;1915;2090;1;0,1,2,3,4,5,6,7,8,9,10,11,12,13,14,15,16,17,18,19,20,21,22,23,24,25,26,31,33,34,35,36,37,47,48,49,54,55,56,57,63,64,66,102,107,108,112,113,114,115,116,117,118,119,120,121,122,123,127,128,129,130,141,142,143,144,145,162,163,164,165,166,167,168,169,170,205,206,207,208,
4;1;2090;2187;1;0,1,2,3,4,5,6,7,8,9,10,11,12,13,14,15,16,17,18,19,20,21,22,23,24,25,26,31,33,34,35,36,37,47,48,49,54,55,56,57,63,64,66,102,107,108,112,113,114,115,116,117,118,119,120,121,122,123,127,128,129,130,141,142,143,144,145,162,163,164,165,166,167,168,169,170,205,206,207,208,
41;0;2187;2231;1;0,1,2,3,4,5,6,7,8,9,10,11,12,13,14,15,16,17,18,19,20,21,22,23,24,25,26,31,33,34,35,36,37,47,48,49,54,55,56,57,63,64,66,102,107,108,112,113,114,115,116,117,118,119,120,121,122,123,127,128,129,130,141,142,143,144,145,162,163,164,165,166,167,168,169,170,205,206,207,208,
67;0;2231;2318;1;0,1,2,3,4,5,6,7,8,9,10,11,12,13,14,15,16,17,18,19,20,21,22,23,24,25,26,31,33,34,35,36,37,47,48,49,54,55,56,57,63,64,66,102,107,108,112,113,114,115,116,117,118,119,120,121,122,123,127,128,129,130,141,142,143,144,145,162,163,164,165,166,167,168,169,170,205,206,207,208,
67;1;2318;2343;1;0,1,2,3,4,5,6,7,8,9,10,11,12,13,14,15,16,17,18,19,20,21,22,23,24,25,26,31,33,34,35,36,37,47,48,49,54,55,56,57,63,64,66,102,107,108,112,113,114,115,116,117,118,119,120,121,122,123,127,128,129,130,141,142,143,144,145,162,163,164,165,166,167,168,169,170,205,206,207,208,
33;0;2343;2506;1;0,1,2,3,4,5,6,7,8,9,10,11,12,13,14,15,16,17,18,19,20,21,22,23,24,25,26,31,33,34,35,36,37,47,48,49,54,55,56,57,63,64,66,102,107,108,112,113,114,115,116,117,118,119,120,121,122,123,127,128,129,130,141,142,143,144,145,162,163,164,165,166,167,168,169,170,205,206,207,208,
32;0;2506;2555;0;0,1,2,3,4,5,6,7,8,9,10,11,12,13,14,15,16,17,18,19,20,21,22,23,24,25,26,31,33,34,35,36,37,47,48,49,54,55,56,57,63,64,66,102,107,108,112,113,114,115,116,117,118,119,120,121,122,123,127,128,129,130,141,142,143,144,145,162,163,164,165,166,167,168,169,170,205,206,207,208,
32;1;2555;2623;0;0,1,2,3,4,5,6,7,8,9,10,11,12,13,14,15,16,17,18,19,20,21,22,23,24,25,26,31,33,34,35,36,37,47,48,49,54,55,56,57,63,64,66,102,107,108,112,113,114,115,116,117,118,119,120,121,122,123,127,128,129,130,141,142,143,144,145,162,163,164,165,166,167,168,169,170,205,206,207,208,
Machine: 3
100;0;0;119;1;0,1,2,3,4,5,6,7,8,9,10,11,12,13,14,15,16,17,18,19,20,21,22,23,24,25,26,27,29,30,31,36,40,41,42,43,44,45,46,47,49,64,65,66,67,68,69,77,107,108,109,110,111,118,119,120,121,123,124,125,126,129,130,131,132,133,141,142,171,172,174,175,180,182,189,194,195,196,197,198,
3;0;119;168;1;0,1,2,3,4,5,6,7,8,9,10,11,12,13,14,15,16,17,18,19,20,21,22,23,24,25,26,27,29,30,31,36,40,41,42,43,44,45,46,47,49,64,65,66,67,68,69,77,107,108,109,110,111,118,119,120,121,123,124,125,126,129,130,131,132,133,141,142,171,172,174,175,180,182,189,194,195,196,197,198,
27;0;168;307;1;0,1,2,3,4,5,6,7,8,9,10,11,12,13,14,15,16,17,18,19,20,21,22,23,24,25,26,27,29,30,31,36,40,41,42,43,44,45,46,47,49,64,65,66,67,68,69,77,107,108,109,110,111,118,119,120,121,123,124,125,126,129,130,131,132,133,141,142,171,172,174,175,180,182,189,194,195,196,197,198,
27;1;307;337;1;0,1,2,3,4,5,6,7,8,9,10,11,12,13,14,15,16,17,18,19,20,21,22,23,24,25,26,27,29,30,31,36,40,41,42,43,44,45,46,47,49,64,65,66,67,68,69,77,107,108,109,110,111,118,119,120,121,123,124,125,126,129,130,131,132,133,141,142,171,172,174,175,180,182,189,194,195,196,197,198,
140;0;337;452;1;0,1,2,3,4,5,6,7,8,9,10,11,12,13,14,15,16,17,18,19,20,21,22,23,24,25,26,27,29,30,31,36,40,41,42,43,44,45,46,47,49,64,65,66,67,68,69,77,107,108,109,110,111,118,119,120,121,123,124,125,126,129,130,131,132,133,141,142,171,172,174,175,180,182,189,194,195,196,197,198,
117;0;452;507;1;0,1,2,3,4,5,6,7,8,9,10,11,12,13,14,15,16,17,18,19,20,21,22,23,24,25,26,27,29,30,31,36,40,41,42,43,44,45,46,47,49,64,65,66,67,68,69,77,107,108,109,110,111,118,119,120,121,123,124,125,126,129,130,131,132,133,141,142,171,172,174,175,180,182,189,194,195,196,197,198,
117;1;507;642;1;0,1,2,3,4,5,6,7,8,9,10,11,12,13,14,15,16,17,18,19,20,21,22,23,24,25,26,27,29,30,31,36,40,41,42,43,44,45,46,47,49,64,65,66,67,68,69,77,107,108,109,110,111,118,119,120,121,123,124,125,126,129,130,131,132,133,141,142,171,172,174,175,180,182,189,194,195,196,197,198,
92;0;642;683;0;0,1,2,3,4,5,6,7,8,9,10,11,12,13,14,15,16,17,18,19,20,21,22,23,24,25,26,27,29,30,31,36,40,41,42,43,44,45,46,47,49,64,65,66,67,68,69,77,107,108,109,110,111,118,119,120,121,123,124,125,126,129,130,131,132,133,141,142,171,172,174,175,180,182,189,194,195,196,197,198,
92;1;683;691;0;0,1,2,3,4,5,6,7,8,9,10,11,12,13,14,15,16,17,18,19,20,21,22,23,24,25,26,27,29,30,31,36,40,41,42,43,44,45,46,47,49,64,65,66,67,68,69,77,107,108,109,110,111,118,119,120,121,123,124,125,126,129,130,131,132,133,141,142,171,172,174,175,180,182,189,194,195,196,197,198,
134;0;691;753;1;0,1,2,3,4,5,6,7,8,9,10,11,12,13,14,15,16,17,18,19,20,21,22,23,24,25,26,27,29,30,31,36,40,41,42,43,44,45,46,47,49,64,65,66,67,68,69,77,107,108,109,110,111,118,119,120,121,123,124,125,126,129,130,131,132,133,141,142,171,172,174,175,180,182,189,194,195,196,197,198,
134;1;753;864;1;0,1,2,3,4,5,6,7,8,9,10,11,12,13,14,15,16,17,18,19,20,21,22,23,24,25,26,27,29,30,31,36,40,41,42,43,44,45,46,47,49,64,65,66,67,68,69,77,107,108,109,110,111,118,119,120,121,123,124,125,126,129,130,131,132,133,141,142,171,172,174,175,180,182,189,194,195,196,197,198,
99;0;864;937;0;0,1,2,3,4,5,6,7,8,9,10,11,12,13,14,15,16,17,18,19,20,21,22,23,24,25,26,27,29,30,31,36,40,41,42,43,44,45,46,47,49,64,65,66,67,68,69,77,107,108,109,110,111,118,119,120,121,123,124,125,126,129,130,131,132,133,141,142,171,172,174,175,180,182,189,194,195,196,197,198,
99;1;937;982;0;0,1,2,3,4,5,6,7,8,9,10,11,12,13,14,15,16,17,18,19,20,21,22,23,24,25,26,27,29,30,31,36,40,41,42,43,44,45,46,47,49,64,65,66,67,68,69,77,107,108,109,110,111,118,119,120,121,123,124,125,126,129,130,131,132,133,141,142,171,172,174,175,180,182,189,194,195,196,197,198,
115;0;982;1002;0;0,1,2,3,4,5,6,7,8,9,10,11,12,13,14,15,16,17,18,19,20,21,22,23,24,25,26,27,29,30,31,36,40,41,42,43,44,45,46,47,49,64,65,66,67,68,69,77,107,108,109,110,111,118,119,120,121,123,124,125,126,129,130,131,132,133,141,142,171,172,174,175,180,182,189,194,195,196,197,198,
1;0;1002;1149;0;0,1,2,3,4,5,6,7,8,9,10,11,12,13,14,15,16,17,18,19,20,21,22,23,24,25,26,27,29,30,31,36,40,41,42,43,44,45,46,47,49,64,65,66,67,68,69,77,107,108,109,110,111,118,119,120,121,123,124,125,126,129,130,131,132,133,141,142,171,172,174,175,180,182,189,194,195,196,197,198,
121;0;1149;1314;1;0,1,2,3,4,5,6,7,8,9,10,11,12,13,14,15,16,17,18,19,20,21,22,23,24,25,26,27,29,30,31,36,40,41,42,43,44,45,46,47,49,64,65,66,67,68,69,77,107,108,109,110,111,118,119,120,121,123,124,125,126,129,130,131,132,133,141,142,171,172,174,175,180,182,189,194,195,196,197,198,
5;0;1314;1343;0;0,1,2,3,4,5,6,7,8,9,10,11,12,13,14,15,16,17,18,19,20,21,22,23,24,25,26,27,29,30,31,36,40,41,42,43,44,45,46,47,49,64,65,66,67,68,69,77,107,108,109,110,111,118,119,120,121,123,124,125,126,129,130,131,132,133,141,142,171,172,174,175,180,182,189,194,195,196,197,198,
40;0;1343;1372;1;0,1,2,3,4,5,6,7,8,9,10,11,12,13,14,15,16,17,18,19,20,21,22,23,24,25,26,27,29,30,31,36,40,41,42,43,44,45,46,47,49,64,65,66,67,68,69,77,107,108,109,110,111,118,119,120,121,123,124,125,126,129,130,131,132,133,141,142,171,172,174,175,180,182,189,194,195,196,197,198,
104;0;1372;1535;1;0,1,2,3,4,5,6,7,8,9,10,11,12,13,14,15,16,17,18,19,20,21,22,23,24,25,26,27,29,30,31,36,40,41,42,43,44,45,46,47,49,64,65,66,67,68,69,77,107,108,109,110,111,118,119,120,121,123,124,125,126,129,130,131,132,133,141,142,171,172,174,175,180,182,189,194,195,196,197,198,
104;1;1535;1676;1;0,1,2,3,4,5,6,7,8,9,10,11,12,13,14,15,16,17,18,19,20,21,22,23,24,25,26,27,29,30,31,36,40,41,42,43,44,45,46,47,49,64,65,66,67,68,69,77,107,108,109,110,111,118,119,120,121,123,124,125,126,129,130,131,132,133,141,142,171,172,174,175,180,182,189,194,195,196,197,198,
25;0;1676;1702;0;0,1,2,3,4,5,6,7,8,9,10,11,12,13,14,15,16,17,18,19,20,21,22,23,24,25,26,27,29,30,31,36,40,41,42,43,44,45,46,47,49,64,65,66,67,68,69,77,107,108,109,110,111,118,119,120,121,123,124,125,126,129,130,131,132,133,141,142,171,172,174,175,180,182,189,194,195,196,197,198,
15;0;1702;1726;0;0,1,2,3,4,5,6,7,8,9,10,11,12,13,14,15,16,17,18,19,20,21,22,23,24,25,26,27,29,30,31,36,40,41,42,43,44,45,46,47,49,64,65,66,67,68,69,77,107,108,109,110,111,118,119,120,121,123,124,125,126,129,130,131,132,133,141,142,171,172,174,175,180,182,189,194,195,196,197,198,
43;0;1726;1802;1;0,1,2,3,4,5,6,7,8,9,10,11,12,13,14,15,16,17,18,19,20,21,22,23,24,25,26,27,29,30,31,36,40,41,42,43,44,45,46,47,49,64,65,66,67,68,69,77,107,108,109,110,111,118,119,120,121,123,124,125,126,129,130,131,132,133,141,142,171,172,174,175,180,182,189,194,195,196,197,198,
66;0;1802;1928;0;0,1,2,3,4,5,6,7,8,9,10,11,12,13,14,15,16,17,18,19,20,21,22,23,24,25,26,27,29,30,31,36,40,41,42,43,44,45,46,47,49,64,65,66,67,68,69,77,107,108,109,110,111,118,119,120,121,123,124,125,126,129,130,131,132,133,141,142,171,172,174,175,180,182,189,194,195,196,197,198,
131;0;1928;1936;1;0,1,2,3,4,5,6,7,8,9,10,11,12,13,14,15,16,17,18,19,20,21,22,23,24,25,26,27,29,30,31,36,40,41,42,43,44,45,46,47,49,64,65,66,67,68,69,77,107,108,109,110,111,118,119,120,121,123,124,125,126,129,130,131,132,133,141,142,171,172,174,175,180,182,189,194,195,196,197,198,
101;0;1936;2039;1;0,1,2,3,4,5,6,7,8,9,10,11,12,13,14,15,16,17,18,19,20,21,22,23,24,25,26,27,29,30,31,36,40,41,42,43,44,45,46,47,49,64,65,66,67,68,69,77,107,108,109,110,111,118,119,120,121,123,124,125,126,129,130,131,132,133,141,142,171,172,174,175,180,182,189,194,195,196,197,198,
88;0;2039;2211;0;0,1,2,3,4,5,6,7,8,9,10,11,12,13,14,15,16,17,18,19,20,21,22,23,24,25,26,27,29,30,31,36,40,41,42,43,44,45,46,47,49,64,65,66,67,68,69,77,107,108,109,110,111,118,119,120,121,123,124,125,126,129,130,131,132,133,141,142,171,172,174,175,180,182,189,194,195,196,197,198,
108;0;2211;2325;0;0,1,2,3,4,5,6,7,8,9,10,11,12,13,14,15,16,17,18,19,20,21,22,23,24,25,26,27,29,30,31,36,40,41,42,43,44,45,46,47,49,64,65,66,67,68,69,77,107,108,109,110,111,118,119,120,121,123,124,125,126,129,130,131,132,133,141,142,171,172,174,175,180,182,189,194,195,196,197,198,
28;0;2325;2500;0;0,1,2,3,4,5,6,7,8,9,10,11,12,13,14,15,16,17,18,19,20,21,22,23,24,25,26,27,29,30,31,36,40,41,42,43,44,45,46,47,49,64,65,66,67,68,69,77,107,108,109,110,111,118,119,120,121,123,124,125,126,129,130,131,132,133,141,142,171,172,174,175,180,182,189,194,195,196,197,198,
93;0;2500;2594;1;0,1,2,3,4,5,6,7,8,9,10,11,12,13,14,15,16,17,18,19,20,21,22,23,24,25,26,27,29,30,31,36,40,41,42,43,44,45,46,47,49,64,65,66,67,68,69,77,107,108,109,110,111,118,119,120,121,123,124,125,126,129,130,131,132,133,141,142,171,172,174,175,180,182,189,194,195,196,197,198,
23;0;2594;2767;1;0,1,2,3,4,5,6,7,8,9,10,11,12,13,14,15,16,17,18,19,20,21,22,23,24,25,26,27,29,30,31,36,40,41,42,43,44,45,46,47,49,64,65,66,67,68,69,77,107,108,109,110,111,118,119,120,121,123,124,125,126,129,130,131,132,133,141,142,171,172,174,175,180,182,189,194,195,196,197,198,
Machine: 4
97;0;0;5;1;0,1,2,3,4,5,6,7,8,9,10,11,12,13,14,15,16,17,18,19,20,21,22,23,24,25,26,32,33,34,35,36,37,40,41,49,50,51,52,53,58,59,60,61,62,64,65,74,102,109,118,119,120,121,123,124,125,126,142,144,146,152,153,154,155,156,157,158,159,160,161,171,172,173,188,199,200,201,202,203,
97;1;5;169;1;0,1,2,3,4,5,6,7,8,9,10,11,12,13,14,15,16,17,18,19,20,21,22,23,24,25,26,32,33,34,35,36,37,40,41,49,50,51,52,53,58,59,60,61,62,64,65,74,102,109,118,119,120,121,123,124,125,126,142,144,146,152,153,154,155,156,157,158,159,160,161,171,172,173,188,199,200,201,202,203,
31;0;169;325;1;0,1,2,3,4,5,6,7,8,9,10,11,12,13,14,15,16,17,18,19,20,21,22,23,24,25,26,32,33,34,35,36,37,40,41,49,50,51,52,53,58,59,60,61,62,64,65,74,102,109,118,119,120,121,123,124,125,126,142,144,146,152,153,154,155,156,157,158,159,160,161,171,172,173,188,199,200,201,202,203,
75;0;325;385;0;0,1,2,3,4,5,6,7,8,9,10,11,12,13,14,15,16,17,18,19,20,21,22,23,24,25,26,32,33,34,35,36,37,40,41,49,50,51,52,53,58,59,60,61,62,64,65,74,102,109,118,119,120,121,123,124,125,126,142,144,146,152,153,154,155,156,157,158,159,160,161,171,172,173,188,199,200,201,202,203,
78;0;385;472;0;0,1,2,3,4,5,6,7,8,9,10,11,12,13,14,15,16,17,18,19,20,21,22,23,24,25,26,32,33,34,35,36,37,40,41,49,50,51,52,53,58,59,60,61,62,64,65,74,102,109,118,119,120,121,123,124,125,126,142,144,146,152,153,154,155,156,157,158,159,160,161,171,172,173,188,199,200,201,202,203,
7;0;472;511;1;0,1,2,3,4,5,6,7,8,9,10,11,12,13,14,15,16,17,18,19,20,21,22,23,24,25,26,32,33,34,35,36,37,40,41,49,50,51,52,53,58,59,60,61,62,64,65,74,102,109,118,119,120,121,123,124,125,126,142,144,146,152,153,154,155,156,157,158,159,160,161,171,172,173,188,199,200,201,202,203,
7;1;511;685;1;0,1,2,3,4,5,6,7,8,9,10,11,12,13,14,15,16,17,18,19,20,21,22,23,24,25,26,32,33,34,35,36,37,40,41,49,50,51,52,53,58,59,60,61,62,64,65,74,102,109,118,119,120,121,123,124,125,126,142,144,146,152,153,154,155,156,157,158,159,160,161,171,172,173,188,199,200,201,202,203,
60;0;685;722;1;0,1,2,3,4,5,6,7,8,9,10,11,12,13,14,15,16,17,18,19,20,21,22,23,24,25,26,32,33,34,35,36,37,40,41,49,50,51,52,53,58,59,60,61,62,64,65,74,102,109,118,119,120,121,123,124,125,126,142,144,146,152,153,154,155,156,157,158,159,160,161,171,172,173,188,199,200,201,202,203,
113;0;722;799;1;0,1,2,3,4,5,6,7,8,9,10,11,12,13,14,15,16,17,18,19,20,21,22,23,24,25,26,32,33,34,35,36,37,40,41,49,50,51,52,53,58,59,60,61,62,64,65,74,102,109,118,119,120,121,123,124,125,126,142,144,146,152,153,154,155,156,157,158,159,160,161,171,172,173,188,199,200,201,202,203,
65;0;799;973;0;0,1,2,3,4,5,6,7,8,9,10,11,12,13,14,15,16,17,18,19,20,21,22,23,24,25,26,32,33,34,35,36,37,40,41,49,50,51,52,53,58,59,60,61,62,64,65,74,102,109,118,119,120,121,123,124,125,126,142,144,146,152,153,154,155,156,157,158,159,160,161,171,172,173,188,199,200,201,202,203,
138;0;973;1130;0;0,1,2,3,4,5,6,7,8,9,10,11,12,13,14,15,16,17,18,19,20,21,22,23,24,25,26,32,33,34,35,36,37,40,41,49,50,51,52,53,58,59,60,61,62,64,65,74,102,109,118,119,120,121,123,124,125,126,142,144,146,152,153,154,155,156,157,158,159,160,161,171,172,173,188,199,200,201,202,203,
125;0;1130;1272;0;0,1,2,3,4,5,6,7,8,9,10,11,12,13,14,15,16,17,18,19,20,21,22,23,24,25,26,32,33,34,35,36,37,40,41,49,50,51,52,53,58,59,60,61,62,64,65,74,102,109,118,119,120,121,123,124,125,126,142,144,146,152,153,154,155,156,157,158,159,160,161,171,172,173,188,199,200,201,202,203,
47;0;1272;1413;1;0,1,2,3,4,5,6,7,8,9,10,11,12,13,14,15,16,17,18,19,20,21,22,23,24,25,26,32,33,34,35,36,37,40,41,49,50,51,52,53,58,59,60,61,62,64,65,74,102,109,118,119,120,121,123,124,125,126,142,144,146,152,153,154,155,156,157,158,159,160,161,171,172,173,188,199,200,201,202,203,
47;1;1413;1509;1;0,1,2,3,4,5,6,7,8,9,10,11,12,13,14,15,16,17,18,19,20,21,22,23,24,25,26,32,33,34,35,36,37,40,41,49,50,51,52,53,58,59,60,61,62,64,65,74,102,109,118,119,120,121,123,124,125,126,142,144,146,152,153,154,155,156,157,158,159,160,161,171,172,173,188,199,200,201,202,203,
39;0;1509;1556;0;0,1,2,3,4,5,6,7,8,9,10,11,12,13,14,15,16,17,18,19,20,21,22,23,24,25,26,32,33,34,35,36,37,40,41,49,50,51,52,53,58,59,60,61,62,64,65,74,102,109,118,119,120,121,123,124,125,126,142,144,146,152,153,154,155,156,157,158,159,160,161,171,172,173,188,199,200,201,202,203,
39;1;1556;1676;0;0,1,2,3,4,5,6,7,8,9,10,11,12,13,14,15,16,17,18,19,20,21,22,23,24,25,26,32,33,34,35,36,37,40,41,49,50,51,52,53,58,59,60,61,62,64,65,74,102,109,118,119,120,121,123,124,125,126,142,144,146,152,153,154,155,156,157,158,159,160,161,171,172,173,188,199,200,201,202,203,
148;0;1676;1777;0;0,1,2,3,4,5,6,7,8,9,10,11,12,13,14,15,16,17,18,19,20,21,22,23,24,25,26,32,33,34,35,36,37,40,41,49,50,51,52,53,58,59,60,61,62,64,65,74,102,109,118,119,120,121,123,124,125,126,142,144,146,152,153,154,155,156,157,158,159,160,161,171,172,173,188,199,200,201,202,203,
114;0;1777;1865;1;0,1,2,3,4,5,6,7,8,9,10,11,12,13,14,15,16,17,18,19,20,21,22,23,24,25,26,32,33,34,35,36,37,40,41,49,50,51,52,53,58,59,60,61,62,64,65,74,102,109,118,119,120,121,123,124,125,126,142,144,146,152,153,154,155,156,157,158,159,160,161,171,172,173,188,199,200,201,202,203,
114;1;1865;1951;1;0,1,2,3,4,5,6,7,8,9,10,11,12,13,14,15,16,17,18,19,20,21,22,23,24,25,26,32,33,34,35,36,37,40,41,49,50,51,52,53,58,59,60,61,62,64,65,74,102,109,118,119,120,121,123,124,125,126,142,144,146,152,153,154,155,156,157,158,159,160,161,171,172,173,188,199,200,201,202,203,
106;0;1951;2031;0;0,1,2,3,4,5,6,7,8,9,10,11,12,13,14,15,16,17,18,19,20,21,22,23,24,25,26,32,33,34,35,36,37,40,41,49,50,51,52,53,58,59,60,61,62,64,65,74,102,109,118,119,120,121,123,124,125,126,142,144,146,152,153,154,155,156,157,158,159,160,161,171,172,173,188,199,200,201,202,203,
56;0;2031;2048;0;0,1,2,3,4,5,6,7,8,9,10,11,12,13,14,15,16,17,18,19,20,21,22,23,24,25,26,32,33,34,35,36,37,40,41,49,50,51,52,53,58,59,60,61,62,64,65,74,102,109,118,119,120,121,123,124,125,126,142,144,146,152,153,154,155,156,157,158,159,160,161,171,172,173,188,199,200,201,202,203,
19;0;2048;2205;0;0,1,2,3,4,5,6,7,8,9,10,11,12,13,14,15,16,17,18,19,20,21,22,23,24,25,26,32,33,34,35,36,37,40,41,49,50,51,52,53,58,59,60,61,62,64,65,74,102,109,118,119,120,121,123,124,125,126,142,144,146,152,153,154,155,156,157,158,159,160,161,171,172,173,188,199,200,201,202,203,
19;1;2205;2279;0;0,1,2,3,4,5,6,7,8,9,10,11,12,13,14,15,16,17,18,19,20,21,22,23,24,25,26,32,33,34,35,36,37,40,41,49,50,51,52,53,58,59,60,61,62,64,65,74,102,109,118,119,120,121,123,124,125,126,142,144,146,152,153,154,155,156,157,158,159,160,161,171,172,173,188,199,200,201,202,203,
29;0;2279;2300;0;0,1,2,3,4,5,6,7,8,9,10,11,12,13,14,15,16,17,18,19,20,21,22,23,24,25,26,32,33,34,35,36,37,40,41,49,50,51,52,53,58,59,60,61,62,64,65,74,102,109,118,119,120,121,123,124,125,126,142,144,146,152,153,154,155,156,157,158,159,160,161,171,172,173,188,199,200,201,202,203,
29;1;2300;2460;0;0,1,2,3,4,5,6,7,8,9,10,11,12,13,14,15,16,17,18,19,20,21,22,23,24,25,26,32,33,34,35,36,37,40,41,49,50,51,52,53,58,59,60,61,62,64,65,74,102,109,118,119,120,121,123,124,125,126,142,144,146,152,153,154,155,156,157,158,159,160,161,171,172,173,188,199,200,201,202,203,
137;0;2460;2636;1;0,1,2,3,4,5,6,7,8,9,10,11,12,13,14,15,16,17,18,19,20,21,22,23,24,25,26,32,33,34,35,36,37,40,41,49,50,51,52,53,58,59,60,61,62,64,65,74,102,109,118,119,120,121,123,124,125,126,142,144,146,152,153,154,155,156,157,158,159,160,161,171,172,173,188,199,200,201,202,203,
137;1;2636;2765;1;0,1,2,3,4,5,6,7,8,9,10,11,12,13,14,15,16,17,18,19,20,21,22,23,24,25,26,32,33,34,35,36,37,40,41,49,50,51,52,53,58,59,60,61,62,64,65,74,102,109,118,119,120,121,123,124,125,126,142,144,146,152,153,154,155,156,157,158,159,160,161,171,172,173,188,199,200,201,202,203,
0;0;2765;2909;1;0,1,2,3,4,5,6,7,8,9,10,11,12,13,14,15,16,17,18,19,20,21,22,23,24,25,26,32,33,34,35,36,37,40,41,49,50,51,52,53,58,59,60,61,62,64,65,74,102,109,118,119,120,121,123,124,125,126,142,144,146,152,153,154,155,156,157,158,159,160,161,171,172,173,188,199,200,201,202,203,
0;1;2909;2955;1;0,1,2,3,4,5,6,7,8,9,10,11,12,13,14,15,16,17,18,19,20,21,22,23,24,25,26,32,33,34,35,36,37,40,41,49,50,51,52,53,58,59,60,61,62,64,65,74,102,109,118,119,120,121,123,124,125,126,142,144,146,152,153,154,155,156,157,158,159,160,161,171,172,173,188,199,200,201,202,203,
68;0;2955;3114;0;0,1,2,3,4,5,6,7,8,9,10,11,12,13,14,15,16,17,18,19,20,21,22,23,24,25,26,32,33,34,35,36,37,40,41,49,50,51,52,53,58,59,60,61,62,64,65,74,102,109,118,119,120,121,123,124,125,126,142,144,146,152,153,154,155,156,157,158,159,160,161,171,172,173,188,199,200,201,202,203,
76;0;3114;3124;0;0,1,2,3,4,5,6,7,8,9,10,11,12,13,14,15,16,17,18,19,20,21,22,23,24,25,26,32,33,34,35,36,37,40,41,49,50,51,52,53,58,59,60,61,62,64,65,74,102,109,118,119,120,121,123,124,125,126,142,144,146,152,153,154,155,156,157,158,159,160,161,171,172,173,188,199,200,201,202,203,
61;0;3124;3176;1;0,1,2,3,4,5,6,7,8,9,10,11,12,13,14,15,16,17,18,19,20,21,22,23,24,25,26,32,33,34,35,36,37,40,41,49,50,51,52,53,58,59,60,61,62,64,65,74,102,109,118,119,120,121,123,124,125,126,142,144,146,152,153,154,155,156,157,158,159,160,161,171,172,173,188,199,200,201,202,203,
109;0;3176;3188;0;0,1,2,3,4,5,6,7,8,9,10,11,12,13,14,15,16,17,18,19,20,21,22,23,24,25,26,32,33,34,35,36,37,40,41,49,50,51,52,53,58,59,60,61,62,64,65,74,102,109,118,119,120,121,123,124,125,126,142,144,146,152,153,154,155,156,157,158,159,160,161,171,172,173,188,199,200,201,202,203,
109;1;3188;3353;0;0,1,2,3,4,5,6,7,8,9,10,11,12,13,14,15,16,17,18,19,20,21,22,23,24,25,26,32,33,34,35,36,37,40,41,49,50,51,52,53,58,59,60,61,62,64,65,74,102,109,118,119,120,121,123,124,125,126,142,144,146,152,153,154,155,156,157,158,159,160,161,171,172,173,188,199,200,201,202,203,
21;0;3353;3387;1;0,1,2,3,4,5,6,7,8,9,10,11,12,13,14,15,16,17,18,19,20,21,22,23,24,25,26,32,33,34,35,36,37,40,41,49,50,51,52,53,58,59,60,61,62,64,65,74,102,109,118,119,120,121,123,124,125,126,142,144,146,152,153,154,155,156,157,158,159,160,161,171,172,173,188,199,200,201,202,203,
Machine: 5
145;0;0;98;0;0,1,2,3,4,5,6,7,8,9,10,11,12,13,14,15,16,17,18,19,20,21,22,23,24,25,26,27,28,29,30,31,32,33,34,35,36,37,38,39,40,41,42,43,44,45,49,50,63,64,65,74,102,103,104,105,106,118,119,120,121,122,130,131,132,133,138,139,140,147,148,149,150,151,181,204,205,206,207,208,
53;0;98;116;1;0,1,2,3,4,5,6,7,8,9,10,11,12,13,14,15,16,17,18,19,20,21,22,23,24,25,26,27,28,29,30,31,32,33,34,35,36,37,38,39,40,41,42,43,44,45,49,50,63,64,65,74,102,103,104,105,106,118,119,120,121,122,130,131,132,133,138,139,140,147,148,149,150,151,181,204,205,206,207,208,
46;0;116;267;0;0,1,2,3,4,5,6,7,8,9,10,11,12,13,14,15,16,17,18,19,20,21,22,23,24,25,26,27,28,29,30,31,32,33,34,35,36,37,38,39,40,41,42,43,44,45,49,50,63,64,65,74,102,103,104,105,106,118,119,120,121,122,130,131,132,133,138,139,140,147,148,149,150,151,181,204,205,206,207,208,
70;0;267;343;1;0,1,2,3,4,5,6,7,8,9,10,11,12,13,14,15,16,17,18,19,20,21,22,23,24,25,26,27,28,29,30,31,32,33,34,35,36,37,38,39,40,41,42,43,44,45,49,50,63,64,65,74,102,103,104,105,106,118,119,120,121,122,130,131,132,133,138,139,140,147,148,149,150,151,181,204,205,206,207,208,
11;0;343;409;1;0,1,2,3,4,5,6,7,8,9,10,11,12,13,14,15,16,17,18,19,20,21,22,23,24,25,26,27,28,29,30,31,32,33,34,35,36,37,38,39,40,41,42,43,44,45,49,50,63,64,65,74,102,103,104,105,106,118,119,120,121,122,130,131,132,133,138,139,140,147,148,149,150,151,181,204,205,206,207,208,
118;0;409;505;0;0,1,2,3,4,5,6,7,8,9,10,11,12,13,14,15,16,17,18,19,20,21,22,23,24,25,26,27,28,29,30,31,32,33,34,35,36,37,38,39,40,41,42,43,44,45,49,50,63,64,65,74,102,103,104,105,106,118,119,120,121,122,130,131,132,133,138,139,140,147,148,149,150,151,181,204,205,206,207,208,
107;0;505;674;1;0,1,2,3,4,5,6,7,8,9,10,11,12,13,14,15,16,17,18,19,20,21,22,23,24,25,26,27,28,29,30,31,32,33,34,35,36,37,38,39,40,41,42,43,44,45,49,50,63,64,65,74,102,103,104,105,106,118,119,120,121,122,130,131,132,133,138,139,140,147,148,149,150,151,181,204,205,206,207,208,
107;1;674;784;1;0,1,2,3,4,5,6,7,8,9,10,11,12,13,14,15,16,17,18,19,20,21,22,23,24,25,26,27,28,29,30,31,32,33,34,35,36,37,38,39,40,41,42,43,44,45,49,50,63,64,65,74,102,103,104,105,106,118,119,120,121,122,130,131,132,133,138,139,140,147,148,149,150,151,181,204,205,206,207,208,
77;0;784;809;1;0,1,2,3,4,5,6,7,8,9,10,11,12,13,14,15,16,17,18,19,20,21,22,23,24,25,26,27,28,29,30,31,32,33,34,35,36,37,38,39,40,41,42,43,44,45,49,50,63,64,65,74,102,103,104,105,106,118,119,120,121,122,130,131,132,133,138,139,140,147,148,149,150,151,181,204,205,206,207,208,
77;1;809;896;1;0,1,2,3,4,5,6,7,8,9,10,11,12,13,14,15,16,17,18,19,20,21,22,23,24,25,26,27,28,29,30,31,32,33,34,35,36,37,38,39,40,41,42,43,44,45,49,50,63,64,65,74,102,103,104,105,106,118,119,120,121,122,130,131,132,133,138,139,140,147,148,149,150,151,181,204,205,206,207,208,
26;0;896;940;0;0,1,2,3,4,5,6,7,8,9,10,11,12,13,14,15,16,17,18,19,20,21,22,23,24,25,26,27,28,29,30,31,32,33,34,35,36,37,38,39,40,41,42,43,44,45,49,50,63,64,65,74,102,103,104,105,106,118,119,120,121,122,130,131,132,133,138,139,140,147,148,149,150,151,181,204,205,206,207,208,
69;0;940;1110;0;0,1,2,3,4,5,6,7,8,9,10,11,12,13,14,15,16,17,18,19,20,21,22,23,24,25,26,27,28,29,30,31,32,33,34,35,36,37,38,39,40,41,42,43,44,45,49,50,63,64,65,74,102,103,104,105,106,118,119,120,121,122,130,131,132,133,138,139,140,147,148,149,150,151,181,204,205,206,207,208,
69;1;1110;1279;0;0,1,2,3,4,5,6,7,8,9,10,11,12,13,14,15,16,17,18,19,20,21,22,23,24,25,26,27,28,29,30,31,32,33,34,35,36,37,38,39,40,41,42,43,44,45,49,50,63,64,65,74,102,103,104,105,106,118,119,120,121,122,130,131,132,133,138,139,140,147,148,149,150,151,181,204,205,206,207,208,
133;0;1279;1365;1;0,1,2,3,4,5,6,7,8,9,10,11,12,13,14,15,16,17,18,19,20,21,22,23,24,25,26,27,28,29,30,31,32,33,34,35,36,37,38,39,40,41,42,43,44,45,49,50,63,64,65,74,102,103,104,105,106,118,119,120,121,122,130,131,132,133,138,139,140,147,148,149,150,151,181,204,205,206,207,208,
144;0;1365;1397;1;0,1,2,3,4,5,6,7,8,9,10,11,12,13,14,15,16,17,18,19,20,21,22,23,24,25,26,27,28,29,30,31,32,33,34,35,36,37,38,39,40,41,42,43,44,45,49,50,63,64,65,74,102,103,104,105,106,118,119,120,121,122,130,131,132,133,138,139,140,147,148,149,150,151,181,204,205,206,207,208,
144;1;1397;1506;1;0,1,2,3,4,5,6,7,8,9,10,11,12,13,14,15,16,17,18,19,20,21,22,23,24,25,26,27,28,29,30,31,32,33,34,35,36,37,38,39,40,41,42,43,44,45,49,50,63,64,65,74,102,103,104,105,106,118,119,120,121,122,130,131,132,133,138,139,140,147,148,149,150,151,181,204,205,206,207,208,
136;0;1506;1579;0;0,1,2,3,4,5,6,7,8,9,10,11,12,13,14,15,16,17,18,19,20,21,22,23,24,25,26,27,28,29,30,31,32,33,34,35,36,37,38,39,40,41,42,43,44,45,49,50,63,64,65,74,102,103,104,105,106,118,119,120,121,122,130,131,132,133,138,139,140,147,148,149,150,151,181,204,205,206,207,208,
9;0;1579;1716;0;0,1,2,3,4,5,6,7,8,9,10,11,12,13,14,15,16,17,18,19,20,21,22,23,24,25,26,27,28,29,30,31,32,33,34,35,36,37,38,39,40,41,42,43,44,45,49,50,63,64,65,74,102,103,104,105,106,118,119,120,121,122,130,131,132,133,138,139,140,147,148,149,150,151,181,204,205,206,207,208,
9;1;1716;1776;0;0,1,2,3,4,5,6,7,8,9,10,11,12,13,14,15,16,17,18,19,20,21,22,23,24,25,26,27,28,29,30,31,32,33,34,35,36,37,38,39,40,41,42,43,44,45,49,50,63,64,65,74,102,103,104,105,106,118,119,120,121,122,130,131,132,133,138,139,140,147,148,149,150,151,181,204,205,206,207,208,
119;0;1776;1947;0;0,1,2,3,4,5,6,7,8,9,10,11,12,13,14,15,16,17,18,19,20,21,22,23,24,25,26,27,28,29,30,31,32,33,34,35,36,37,38,39,40,41,42,43,44,45,49,50,63,64,65,74,102,103,104,105,106,118,119,120,121,122,130,131,132,133,138,139,140,147,148,149,150,151,181,204,205,206,207,208,
119;1;1947;2092;0;0,1,2,3,4,5,6,7,8,9,10,11,12,13,14,15,16,17,18,19,20,21,22,23,24,25,26,27,28,29,30,31,32,33,34,35,36,37,38,39,40,41,42,43,44,45,49,50,63,64,65,74,102,103,104,105,106,118,119,120,121,122,130,131,132,133,138,139,140,147,148,149,150,151,181,204,205,206,207,208,
8;0;2092;2169;0;0,1,2,3,4,5,6,7,8,9,10,11,12,13,14,15,16,17,18,19,20,21,22,23,24,25,26,27,28,29,30,31,32,33,34,35,36,37,38,39,40,41,42,43,44,45,49,50,63,64,65,74,102,103,104,105,106,118,119,120,121,122,130,131,132,133,138,139,140,147,148,149,150,151,181,204,205,206,207,208,
37;0;2169;2319;1;0,1,2,3,4,5,6,7,8,9,10,11,12,13,14,15,16,17,18,19,20,21,22,23,24,25,26,27,28,29,30,31,32,33,34,35,36,37,38,39,40,41,42,43,44,45,49,50,63,64,65,74,102,103,104,105,106,118,119,120,121,122,130,131,132,133,138,139,140,147,148,149,150,151,181,204,205,206,207,208,
37;1;2319;2370;1;0,1,2,3,4,5,6,7,8,9,10,11,12,13,14,15,16,17,18,19,20,21,22,23,24,25,26,27,28,29,30,31,32,33,34,35,36,37,38,39,40,41,42,43,44,45,49,50,63,64,65,74,102,103,104,105,106,118,119,120,121,122,130,131,132,133,138,139,140,147,148,149,150,151,181,204,205,206,207,208,
111;0;2370;2442;1;0,1,2,3,4,5,6,7,8,9,10,11,12,13,14,15,16,17,18,19,20,21,22,23,24,25,26,27,28,29,30,31,32,33,34,35,36,37,38,39,40,41,42,43,44,45,49,50,63,64,65,74,102,103,104,105,106,118,119,120,121,122,130,131,132,133,138,139,140,147,148,149,150,151,181,204,205,206,207,208,
89;0;2442;2491;0;0,1,2,3,4,5,6,7,8,9,10,11,12,13,14,15,16,17,18,19,20,21,22,23,24,25,26,27,28,29,30,31,32,33,34,35,36,37,38,39,40,41,42,43,44,45,49,50,63,64,65,74,102,103,104,105,106,118,119,120,121,122,130,131,132,133,138,139,140,147,148,149,150,151,181,204,205,206,207,208,
89;1;2491;2669;0;0,1,2,3,4,5,6,7,8,9,10,11,12,13,14,15,16,17,18,19,20,21,22,23,24,25,26,27,28,29,30,31,32,33,34,35,36,37,38,39,40,41,42,43,44,45,49,50,63,64,65,74,102,103,104,105,106,118,119,120,121,122,130,131,132,133,138,139,140,147,148,149,150,151,181,204,205,206,207,208,
120;0;2669;2737;1;0,1,2,3,4,5,6,7,8,9,10,11,12,13,14,15,16,17,18,19,20,21,22,23,24,25,26,27,28,29,30,31,32,33,34,35,36,37,38,39,40,41,42,43,44,45,49,50,63,64,65,74,102,103,104,105,106,118,119,120,121,122,130,131,132,133,138,139,140,147,148,149,150,151,181,204,205,206,207,208,
34;0;2737;2912;1;0,1,2,3,4,5,6,7,8,9,10,11,12,13,14,15,16,17,18,19,20,21,22,23,24,25,26,27,28,29,30,31,32,33,34,35,36,37,38,39,40,41,42,43,44,45,49,50,63,64,65,74,102,103,104,105,106,118,119,120,121,122,130,131,132,133,138,139,140,147,148,149,150,151,181,204,205,206,207,208,
34;1;2912;3056;1;0,1,2,3,4,5,6,7,8,9,10,11,12,13,14,15,16,17,18,19,20,21,22,23,24,25,26,27,28,29,30,31,32,33,34,35,36,37,38,39,40,41,42,43,44,45,49,50,63,64,65,74,102,103,104,105,106,118,119,120,121,122,130,131,132,133,138,139,140,147,148,149,150,151,181,204,205,206,207,208,
105;0;3056;3203;0;0,1,2,3,4,5,6,7,8,9,10,11,12,13,14,15,16,17,18,19,20,21,22,23,24,25,26,27,28,29,30,31,32,33,34,35,36,37,38,39,40,41,42,43,44,45,49,50,63,64,65,74,102,103,104,105,106,118,119,120,121,122,130,131,132,133,138,139,140,147,148,149,150,151,181,204,205,206,207,208,
87;0;3203;3231;1;0,1,2,3,4,5,6,7,8,9,10,11,12,13,14,15,16,17,18,19,20,21,22,23,24,25,26,27,28,29,30,31,32,33,34,35,36,37,38,39,40,41,42,43,44,45,49,50,63,64,65,74,102,103,104,105,106,118,119,120,121,122,130,131,132,133,138,139,140,147,148,149,150,151,181,204,205,206,207,208,
87;1;3231;3336;1;0,1,2,3,4,5,6,7,8,9,10,11,12,13,14,15,16,17,18,19,20,21,22,23,24,25,26,27,28,29,30,31,32,33,34,35,36,37,38,39,40,41,42,43,44,45,49,50,63,64,65,74,102,103,104,105,106,118,119,120,121,122,130,131,132,133,138,139,140,147,148,149,150,151,181,204,205,206,207,208,
52;0;3336;3417;0;0,1,2,3,4,5,6,7,8,9,10,11,12,13,14,15,16,17,18,19,20,21,22,23,24,25,26,27,28,29,30,31,32,33,34,35,36,37,38,39,40,41,42,43,44,45,49,50,63,64,65,74,102,103,104,105,106,118,119,120,121,122,130,131,132,133,138,139,140,147,148,149,150,151,181,204,205,206,207,208,
52;1;3417;3453;0;0,1,2,3,4,5,6,7,8,9,10,11,12,13,14,15,16,17,18,19,20,21,22,23,24,25,26,27,28,29,30,31,32,33,34,35,36,37,38,39,40,41,42,43,44,45,49,50,63,64,65,74,102,103,104,105,106,118,119,120,121,122,130,131,132,133,138,139,140,147,148,149,150,151,181,204,205,206,207,208,
END
fineshedJobsCount: 209
switchs: 0
switchsInstances: 0
unfineshedPriorityCount: 0
totalUnfineshed: 0
criticalMachineSwitchs: 0
criticalMachineTime: 3561
Final Solution: 6270
Time: 255838
PTL: 0
MCMC: 267
Best Initial: 6245
Mean Initial: 6217.18
